1016979584
1014811897
1019067763
1016985234
1039413398
1021010509
1016711287
1038877140
1020474730
1043733147
1014696903
1010570133
1075345717
1015776058
1013066260
1045734380
1044971828
987100907
1020667105
1018063268
986876806
1052603757
1025117187
1016341634
1013225549
1018138816
1044095756
1064613909
1020133670
990798504
1014293252
1045718180
1044469150
1017605392
1039652572
1018090272
1016867889
1065781947
1018770324
1027817043
1058284262
1037255145
1027651364
1015960157
1048882119
1030564766
1026764299
994019563
1025239017
1021664292
1028648803
1022811038
1018820798
1039824981
1080217907
1101458207
1037694958
1019524948
1016886881
1040128364
1074695190
1033499556
1073553177
1023388258
1051296399
1032730611
1015264414
1032734199
1073686906
1051819594
1013690345
1026225185
1034137411
1051373311
1000410411
1018074876
1038770004
1017359951
1045636236
1042060516
1079070104
1097785435
1069463722
1076532965
1047527940
1078679025
1069141565
1051556893
1046966423
1038209462
1059316989
1058599241
1044024570
1105813601
1021516587
1075452778
1015377955
1080648548
1070966600
1044284747
1079803431
1099513836
1045493103
1043243696
1048566855
1044351408
1044224751
1023008012
1044088231
1067261548
1050572870
1052224199
1070740544
1048785130
1023726418
1026217271
1051970022
1048273017
1014793170
1085212024
1053589002
1071483603
1089041826
1048488697
1068207469
1069044145
1081806872
1069185085
1028006763
1049906393
1032394890
1069207208
1042419656
1076327742
1036493647
1065587640
1012728729
1020948086
1044743618
1042269380
1046489988
1020268075
1043761260
1109594315
1018951814
1039661267
1042894415
1070818996
1042140022
1074435286
1079096975
1049739921
1038457320
1045499372
1043121290
1096381783
1046737886
1096729465
1071476181
1064398492
1082221364
1048699045
1046047284
1025752544
1048028219
1019057329
1051072907
1043509137
1103726342
1040005490
1004185375
992644868
1053531494
1029354523
1055387099
1023298462
1008013325
1048186735
994303932
1086399240
1030982712
1028756616
1040449366
1053064763
1066483013
1024839757
1048731787
1060173043
1022596384
1020295149
1067053049
1045793748
1018598462
1046366535
992938943
992586364
1016938307
1020544355
1080259308
1055350166
1018464424
1032820204
1022907748
1029935885
1063834122
1061650252
1075544690
1040110598
1066648743
1001911473
1073673707
1026842763
1032721951
1056412293
1023530883
1031282082
1062290561
1072301269
1053455873
987780310
1096293634
1073715932
1070571171
1013527069
1070133323
1047089957
1040592890
1044317908
1108641711
1082204212
1047045889
1108022879
1051420415
1074986454
1046665588
1022525434
1060646782
993071279
1030734544
1061456657
1037667150
1025407771
1050042024
1047721087
1076056808
1048693355
1071027168
1069987520
1051951839
1020449121
1097615780
1051198062
1074144978
1046809755
1057571233
1072358102
1098490926
1043091202
1074120427
1072668428
1072970779
996833420
1051620748
1026122525
1073950216
1001361991
1031705544
1064393321
1074120911
1075475909
1066748679
1041695536
1077173487
1073445557
1042583332
1019933348
1047677942
1043033503
1054044114
1074923598
1040966799
1078919879
1045189142
1021392625
993282120
1032795384
1022178333
1077743261
1031125129
1003054337
1041356033
1058193349
1046877542
1086510423
1027492179
991968726
1045126129
1041115151
1044360202
1072389044
1069858278
1048156357
1099594992
1043306314
1042880803
1043937804
1077760598
1050675515
1008795459
1022919652
1015006311
994617985
1021593261
1055653987
1031671704
1023598582
1016918621
1027085252
1024157075
1052812365
994731049
1029376076
1018886964
1053452385
1038137727
1005658109
996620012
1058436832
1029728602
1021580642
1001764381
1019598390
1019202576
1046604639
1018060211
1014149477
1020049870
1018722811
1015978335
986532909
991583912
1030021603
1047008487
1045270719
1013101332
1045806615
1037812062
1041879920
985315744
1016662930
1016507018
1039169788
1046528224
1017867357
1013471185
1019857248
1016956018
1015063486
1047180124
1019024270
1014966753
1013878424
992966089
1046007101
1012664876
1072997305
1068563419
1011521732
1046110193
1015193398
1065511066
1047854913
1044235659
1068401913
1075822119
1073898367
1041217596
985012151
1045798666
1068465647
1013585451
1044609966
1067520761
1063792023
1046961839
1073172967
1038150195
1009218460
1043907015
1043632775
985719546
1045933017
1016664476
1041039600
1020239117
1017649883
1041691232
1046361208
1018106416
1018900364
1012800792
1019711259
1042184794
1038198750
1018967001
991594941
1039872039
1046133325
1018598959
1016262503
1011943836
1046149405
989463720
1039162812
1046154472
1044547830
960258301
1020356244
1045332290
1015257052
993374611
1045864577
1044859589
984832143
992436440
1014007801
994806806
992304038
988764687
1021757802
999649593
1012719337
1045958194
1044589064
1069464985
1040171304
1019989167
1017215863
1042813846
1019081210
1017143144
1015602099
1047504348
1044903273
1042436202
1013039241
1019076489
1042316345
1019275711
993624133
1017171835
986237342
1045415872
1016796948
1043875292
1010962636
1045489165
1014667541
1013195006
1046109017
1019781249
1041706018
992746208
1069508463
987186775
992712496
1017909533
962005899
1019503727
1018751188
987781967
1020195268
1044649234
1014411355
1019568623
1017223829
1015408337
1011846435
1017731206
1018302460
1012674881
1045118227
1017284297
988380566
1019044391
1075955613
1013753095
993758315
1045009647
1014266188
1010515233
1018175508
1016134526
1038259650
1019425017
1017976131
1066350219
1020559402
1069954482
1015413227
996751442
1070322769
1070843485
1067267795
1039625502
1069582461
1015264039
1039810341
1019871569
1043088433
1012826085
1046542610
1043115284
1041429043
986070372
1018140332
1068523598
1014646913
1045417674
991522850
1013458981
1045930569
1043026351
1013853340
1019441798
1020140812
1042221340
1012976936
1018342429
1043010375
986751714
1019138864
1061837025
1007914393
1043583148
1043674050
1076914367
1046932006
1072019296
1046294202
1039160614
995137692
1027367258
1014148707
1073572813
1018824840
1016146688
1039328466
1019679324
1035258051
1050160073
1050193520
1070861695
1066788248
1047149857
1043865848
1014923379
1046136829
1048396426
1095061266
1065641413
1071953872
1042788255
1010144152
1069922293
1065613617
986171403
1019479786
992221527
987033005
1021664253
1017595713
1048101524
983952246
1048290160
1016614883
1011582341
992172350
1015295502
1011009781
1022439038
1016155150
1039685798
994214200
1044069065
1040375838
1048505116
992803044
1016706904
1027060690
1062808775
1027759799
1055381172
997534349
1023164837
1018045932
1048751864
1055150603
1014720344
1000416277
1055084231
1028255272
1004273457
996152326
964299702
1025133679
1056941570
1045543025
1020582399
1072415972
1032071400
1025086276
1055589994
1044304456
1067779899
1022738740
1043886520
1010225041
1133193186
1048701273
1070726308
1105129558
1048004026
1019097922
1043266563
1050937953
1071847734
1068115440
1073742082
1076161631
1043824212
1032377146
1047836568
1016017171
1052211657
1060342696
1004671666
1040667095
1021936860
1047217651
1013207155
1023662952
1072154975
1012993432
1078986174
1080991813
1042621972
1078306801
1077554979
993795169
1067011509
1075135769
1047133424
1042922398
1079398037
1069731249
1065212724
1064360692
1073399842
1068272213
1092203296
1071601889
1049436395
1072797303
1044543397
1076780441
1047103793
1069254895
1079518018
1020072121
1045015373
997638562
1046602328
1042462640
1077095452
1076806111
1042817560
1036505178
1047854322
1073518123
1069921649
1076275000
1074282306
1013489128
1105266171
1076531740
1044580424
1044257255
1046098671
1046186540
1068725645
1071939434
1044498876
1042755850
1064702341
1066470195
1017973522
1019524497
1050344036
995746930
1023878447
1057335946
1067232737
1070892182
1067458624
1078080916
1047942976
1067277688
1074277684
1073721677
1096286291
1040792600
1078376969
1013844680
1068398138
1049685266
1018309303
1068090038
1077782811
1069539377
1047176613
1049077787
1027683714
1022991899
987317776
1053902728
1056162222
968465558
1049803131
1050042051
1049113385
1015220331
1021272715
1045626270
1041992990
995909638
1019620180
1042296827
1079528988
995019616
1020554229
1015002116
969428666
1021648696
1027825775
1033133786
1010628613
1038503658
1045523207
964529710
1047808250
1048145471
1044238495
1012775560
1019776032
1017423556
987278990
1021254959
1017800320
1016055080
1073175841
1048629623
1014101347
1011671542
1018932584
1015475944
1010916236
1019169666
1017226333
1013621123
994933872
1017547325
987074972
1044213251
1043313585
960383202
1044915905
990971458
1039776588
1073910683
1045244249
1016394877
1012623752
1020592490
1017662264
1065234975
1045490420
1017424410
1015740810
1039162070
1045846260
989112671
985260729
1019849616
1016457103
1013129517
1045221995
1042880732
1039899525
1013010061
1045046789
1043035721
1011914159
1047187807
1024225752
1012236750
1045980000
1016836964
1016011487
1037409377
1018094271
1043562104
1013235895
1071908979
1045018571
1014756446
1019826382
1073287384
1047544503
1040241018
1022798799
1044849677
1135331217
1644592003
1020151489
1046070390
1041867557
995340624
1044461118
1014708813
1021623231
1021481762
1047119658
987733829
1020790571
965352880
1048879314
1019049974
1041633032
1038816010
1045015657
1074829967
1049059723
1017724374
993200140
988345160
1065799200
1045839306
991124739
985822424
1020412518
1016345576
1021999143
1056595482
1003525813
1025290982
1030678351
1054196239
997747687
1085737176
1022344762
1023516342
1078089040
1005569719
1054371329
1017691628
996187156
1019786819
1015794985
1021922767
1020004923
1084679533
1038609623
1081343903
1013119534
1015536475
1047469771
1019632470
1065898206
1040498732
1021131458
1017867365
995126457
994627060
1048664379
986930104
1020390626
1026357760
1023939502
1004290160
1025221195
990468124
992435423
1014543569
957918968
1046471444
1040433692
1013100109
1018441612
1043351327
1013466765
1020355834
1043419229
1069330150
1040118144
992632862
1041362460
1012799737
1045405735
991534201
1014179806
1020939558
1045693177
962367884
1046375265
1047494589
1069058957
1012787502
1045650626
992089305
1017392169
1047160228
1018020479
997416624
1020921877
1071737854
1018085127
1015485204
1046419283
1019073788
1014759287
1047904706
1016912740
1039903720
1021496629
1046145808
1017666258
1013772275
1020860136
1044425394
1014823419
1025473440
1017428433
1015970247
1022025397
1018714784
1039492980
993069411
1016007249
1040888911
1020084133
1020314883
1016872729
1016239269
1047438361
992107672
1041491119
1021212840
996520384
1043409173
995788380
1079494128
988792398
1075240571
1020314413
1017011230
1013420227
1018065708
1043117763
988794795
1074021657
1044782636
1068993016
985520194
1019058129
990030620
985837693
1020091342
1076965357
1041201814
994857703
990656974
987539078
1019179581
1044175353
1016040537
1020289867
992458731
1014130382
1021398360
1018874185
1017220642
1021512062
993063284
1013667572
994260308
991958117
1015460611
1048325717
1044458678
