11
27
16
15
8
11
34
9
14
5
7
18
3
22
8
6
38
5
24
8
15
27
3
8
56
27
21
15
42
22
10
10
19
5
12
11
23
13
1
28
37
5
21
11
5
1
12
64
5
20
13
14
3
23
11
7
9
6
4
15
1
19
8
3
19
19
14
25
1
19
21
2
26
14
32
19
22
8
7
6
18
3
96
5
3
12
6
14
10
8
5
54
18
3
18
1
24
8
13
11
4
3
22
8
4
3
24
4
9
5
1
7
16
45
7
1
1
11
4
10
8
22
19
23
7
7
17
7
29
11
18
7
19
17
2
3
5
48
9
22
13
7
6
9
16
4
16
9
17
22
1
3
24
35
55
27
29
1
18
34
7
9
6
27
87
10
32
6
5
4
26
17
6
12
45
41
2
2
1
13
76
16
10
37
8
34
15
3
4
3
11
4
2
12
53
19
14
39
13
16
18
39
39
2
68
28
6
13
13
5
2
13
2
5
59
30
9
1
2
2
9
25
14
3
13
16
22
21
17
1
8
18
18
17
25
14
1
1
28
9
11
14
26
20
2
22
16
8
22
16
7
29
14
1
8
10
15
1
13
6
7
31
21
11
6
17
26
5
11
8
3
13
3
28
8
51
1
21
43
5
10
28
33
59
6
48
13
1
3
4
18
48
22
8
10
36
31
15
6
9
5
1
1
48
16
42
6
4
13
35
16
12
11
37
3
23
2
20
7
3
6
16
27
1
11
8
5
8
36
4
20
3
47
12
9
6
19
13
4
2
22
16
20
21
10
3
5
12
7
12
26
6
25
19
53
1
31
9
12
7
16
26
7
50
28
12
5
21
7
9
16
14
7
16
3
55
5
39
14
11
3
4
11
4
10
4
21
3
9
2
9
3
13
5
59
5
28
13
3
16
11
56
1
25
30
44
4
21
13
6
5
8
8
22
6
3
10
1
39
17
38
32
12
15
19
12
8
15
20
26
9
44
4
47
23
6
23
36
16
8
11
10
1
35
9
7
6
12
10
3
1
1
25
11
9
9
117
1
48
10
18
21
4
9
4
5
11
1
8
8
28
8
11
27
32
19
24
8
6
5
3
23
8
5
2
11
5
18
10
10
13
4
5
1
15
10
10
4
6
11
5
29
3
11
6
19
1
18
7
14
41
1
9
1
16
7
3
23
2
27
14
26
31
33
4
20
10
5
8
8
14
3
51
10
1
18
7
15
5
5
15
6
21
32
6
13
3
2
7
4
44
15
13
58
13
6
36
23
6
13
41
3
19
30
1
39
6
29
12
30
16
9
26
26
25
50
28
31
4
49
1
2
3
1
7
1
26
4
2
14
24
11
8
6
15
9
24
1
15
29
2
3
6
7
2
15
20
5
21
61
23
8
1
2
27
2
3
51
42
42
21
11
7
16
30
7
10
20
13
16
2
3
12
16
6
11
61
2
21
22
6
10
35
10
2
26
10
34
25
9
12
38
53
8
72
11
6
3
28
65
3
22
16
19
1
2
13
8
5
7
9
11
44
5
6
62
9
15
3
45
16
10
14
18
29
8
27
1
11
1
9
26
11
8
12
21
32
22
3
17
6
9
2
26
12
19
69
11
5
7
15
25
17
16
27
10
2
11
1
18
16
17
50
3
39
7
29
23
28
18
21
9
5
24
1
14
17
20
13
18
25
33
3
4
24
8
5
21
19
16
29
22
3
24
6
10
9
5
33
44
22
5
15
1
7
5
6
14
17
20
14
40
6
1
1
21
26
20
17
22
25
4
17
15
17
30
40
103
3
2
3
20
14
19
7
22
12
5
40
16
36
6
6
2
3
14
2
15
2
14
1
39
8
3
12
11
21
5
2
1
4
4
51
20
18
5
33
10
29
12
11
8
8
39
8
4
12
21
3
14
11
16
6
4
2
1
62
6
13
6
18
24
11
11
5
20
35
23
1
8
10
15
3
12
11
6
10
5
68
3
1
11
1
9
15
4
17
13
19
11
17
1
6
11
27
46
42
8
5
10
8
10
3
32
30
6
40
12
20
16
16
20
17
6
8
28
8
11
20
3
18
35
6
6
24
5
35
29
7
1
4
28
6
11
13
2
8
14
5
28
2
11
35
9
20
28
10
3
9
8
6
1
7
36
7
5
34
25
32
3
10
5
2
42
31
24
7
11
4
30
8
5
16
18
22
1
2
15
20
43
4
1
24
4
8
2
32
3
17
27
12
15
13
8
8
31
4
5
3
16
19
6
1
2
10
15
38
12
3
2
