7
7
3
4
2
8
4
3
4
1
2
2
7
2
2
2
16
5
20
7
9
13
7
3
2
1
7
1
3
23
4
10
4
6
2
14
4
5
20
6
15
14
8
13
14
11
17
3
11
13
8
1
5
7
13
15
2
10
4
9
3
4
9
14
2
6
3
20
6
10
2
2
15
33
29
3
4
1
3
6
20
4
4
12
4
1
12
14
30
1
4
10
11
1
1
2
3
32
17
3
30
15
2
10
2
6
10
14
2
2
3
4
3
1
2
9
6
2
5
10
1
13
4
2
6
9
3
2
15
4
5
2
13
6
8
6
6
6
3
9
2
2
13
6
1
4
6
6
1
7
13
4
3
2
3
9
1
10
12
5
3
2
7
13
2
4
1
5
1
8
2
11
2
5
5
7
2
4
1
12
2
3
3
2
13
2
4
4
7
31
3
3
8
3
1
8
4
11
17
5
8
4
6
3
4
22
8
5
1
8
4
2
3
3
1
12
2
1
13
12
10
7
10
1
10
9
2
1
4
20
7
12
10
3
2
15
7
6
7
8
2
1
15
6
7
11
3
3
5
12
8
10
2
3
1
3
1
4
6
15
20
1
10
5
4
12
1
1
1
8
9
6
1
2
4
11
3
3
1
2
9
1
2
10
5
10
10
2
17
6
5
6
1
4
2
11
7
1
2
4
2
2
3
2
1
6
4
8
4
3
21
3
2
4
6
1
2
2
3
2
6
6
4
18
5
5
1
4
6
11
2
22
1
2
9
13
3
10
3
4
4
2
5
10
4
2
2
8
12
12
5
6
8
5
2
1
11
4
1
23
3
4
5
4
5
15
1
2
6
1
9
5
7
2
30
19
2
1
6
7
6
5
6
1
9
2
7
10
5
1
2
4
23
3
1
5
8
2
5
8
20
2
1
16
3
3
18
9
5
2
2
2
2
1
7
5
2
2
16
2
33
1
15
1
2
6
6
6
3
3
2
4
5
4
21
11
25
10
3
5
3
3
4
4
1
14
3
2
3
3
10
14
9
6
1
2
1
13
23
3
2
2
12
6
23
18
1
9
6
1
8
11
1
8
2
2
1
3
2
1
3
6
2
11
3
3
8
13
3
10
12
4
9
9
2
1
2
1
13
5
9
1
5
7
3
13
8
6
3
11
1
7
9
4
3
4
8
1
12
22
1
3
4
6
4
2
6
2
7
1
1
14
4
13
6
5
5
1
19
1
3
16
10
15
4
5
3
8
2
19
3
1
1
7
6
16
9
7
1
38
6
16
1
1
4
6
5
9
3
1
13
7
1
4
23
7
6
1
13
2
26
14
2
9
5
9
9
15
3
2
8
15
13
29
10
2
6
5
21
3
3
10
11
6
1
3
2
3
1
3
12
15
1
4
13
8
14
18
12
10
4
10
6
11
3
3
4
1
32
1
11
3
5
19
4
11
20
13
9
1
24
21
7
3
3
2
7
2
2
9
1
6
7
9
3
2
18
7
4
3
13
13
7
4
1
1
6
4
3
3
12
8
9
6
5
19
8
4
21
8
22
6
13
4
3
11
1
2
1
14
17
9
4
12
2
4
12
5
6
2
2
3
5
8
4
1
7
6
2
12
2
24
15
1
11
2
1
11
11
10
10
5
2
1
9
10
12
16
3
3
15
6
2
11
5
8
1
2
1
8
19
9
3
4
6
3
6
6
8
3
31
14
3
6
5
5
6
5
8
2
2
5
2
3
9
6
15
15
3
5
5
20
3
18
3
15
1
17
9
5
17
1
18
8
14
7
4
2
25
6
4
12
5
4
14
1
5
5
2
3
1
8
2
2
2
13
6
9
4
13
1
5
6
2
1
1
1
15
3
1
1
1
13
35
2
9
9
21
4
3
17
1
11
1
6
3
2
2
3
5
10
15
8
3
8
12
2
4
18
5
3
9
1
5
18
10
1
3
1
5
2
4
2
16
4
16
3
6
2
9
2
3
6
3
5
1
14
5
9
11
5
5
10
7
10
5
8
8
6
2
4
4
4
6
7
12
3
4
4
5
3
4
2
7
23
2
2
17
14
4
9
35
1
17
6
23
5
4
11
10
8
5
41
4
11
4
1
5
3
2
22
2
3
4
1
11
9
7
1
5
1
8
10
14
4
6
5
9
3
5
2
8
4
6
3
12
4
6
1
5
4
4
17
2
1
1
8
2
20
6
4
4
3
3
4
8
7
17
4
4
1
14
20
8
6
30
3
4
9
6
3
10
33
11
1
2
25
14
4
20
