71089321
71489278
71044645
71463776
71606136
71128476
71222002
71079744
70868810
71507424
71417371
71374490
71179125
71111504
71237777
70999971
71520212
70998930
71004618
70895111
70902796
71229717
71049285
71039248
71005115
71065913
70978622
70896620
72176049
70914102
71177615
70925747
71075491
70929091
71123799
71256053
70966337
71096316
71005705
70954543
71164284
71879536
71056249
70987820
70904086
70848515
71437928
71040341
71082736
71108332
71127427
70798091
71007385
71671794
71014403
71316436
71002937
71011744
71146630
70894042
71058423
71145222
70997402
71012261
70854701
71826567
71014784
70875478
70992808
71012550
70923344
70905446
71053888
71199920
71027897
71117747
71577820
70811439
71475405
71381813
70916976
71147034
71427050
71015961
70802621
71121776
70916652
71195246
71051336
71036627
71524226
71667610
71140006
70906884
70824093
70956641
70994012
71179805
71347475
70976990
71148720
71138896
72313373
72319969
72211106
72389816
72203254
72311385
72402651
72350065
72203549
72178456
72157539
72024346
72943617
72462265
72497999
72101314
72713317
72282519
72582612
72150124
72371698
72470401
72303819
72794090
72294606
73387027
72281451
72398368
72089260
72316339
72789643
72437554
72157146
72614361
72358747
72469843
72131767
73014575
72280227
72327002
72634269
72213401
72390396
72187849
72558261
72174564
72366486
72455510
72293535
72968485
72604956
72536919
72301942
72620667
72142537
72166129
72459415
72237517
72267681
72524259
72653895
72281381
73003931
72444455
72111820
72201081
72404280
72535810
72264206
72151038
72228037
72269594
72320274
72485328
73432314
72603218
72420456
72915113
72454463
72351390
72393622
72432347
72288633
71995050
72290339
72562302
73031375
72404279
72332212
72544758
72240540
72243716
72307826
72156206
72842409
72245850
72554042
72373179
72188392
73193417
72090403
72433086
72255590
72159544
72201067
72554163
72127694
72134875
72456062
72203271
72262031
73354587
72527144
72227137
72537770
72657025
72704846
72746082
72473386
72267228
72564800
72273029
72745887
73029764
72396218
72122492
72251204
72518871
72299125
72322531
72162377
72210747
72530525
72394997
72217932
73598276
72488523
72235780
72628636
72478512
72634710
72411679
72612005
72372724
72363796
72354768
72164860
72228937
72990350
72256514
72583804
72247940
72355087
72823434
72137897
72280291
72692183
72021035
72178535
72466478
73194620
72297079
72312447
72343517
72338294
72298172
72363717
72012463
72839803
72346478
72133701
72174660
73085444
72632621
72507633
72705171
72366981
72654940
72524485
72327765
72365122
72419506
72430396
72517372
72536039
73104701
72543014
72307020
72140653
72180410
72226911
72157998
72224208
72439096
72415909
72589782
72138681
73553535
72315142
72323671
72625036
72155624
72686926
73250981
73085722
72676195
72646571
72106331
72254241
73561416
72591033
72257949
72569984
72303128
72371148
72246830
72089395
72125736
72098913
72475595
72081470
72940040
72443284
72557519
72114806
72130154
72332621
72236955
72211750
72204593
72446905
72350659
72592316
72271446
72968268
72548818
72145041
72324332
72580208
72514188
72327589
72191719
72373300
72159773
72224453
72398215
73420136
72692730
72341464
72425985
72196934
72189041
72283259
73126967
73021487
72906839
73028312
72463814
73087068
72602401
72621374
72166842
72217171
72327192
72226482
72266573
72179015
72270578
72406311
72197598
72195955
73178357
72128802
72421311
72308382
72413511
72409286
72318298
72479993
72235646
72314289
72377630
72122423
73244360
72797089
72397914
72139175
72469741
72301909
72155169
72120526
72292767
72066838
72346815
72156662
73033951
72670415
72400892
72179786
72368850
72162014
72761478
72224240
72614491
72172266
72331018
72393339
72438567
73032318
72159973
72232364
72558948
72253708
72377319
72384977
72245378
72166880
72460620
72127459
72095590
73036258
72632853
72348450
72196566
72310880
72234133
72249960
72168736
72253290
72636657
72166225
72322165
73417784
72319782
72090813
72645936
72299908
72372121
72548234
72328552
72160055
72261969
72181032
72472200
72940399
72505209
72230343
73038658
72546887
72209386
72345194
72273745
72370309
72446137
72665646
72272150
72527685
73337426
72690183
72430366
72338793
72428882
72498624
72398744
72524609
72314724
72330149
72218410
72067790
72992660
72525329
72423074
72471629
72129505
72467140
72153777
72606079
72201064
72298410
72636405
72453110
73394940
72576531
72709855
72358631
72653666
72418187
72520270
72807292
72455152
72295550
73423313
73011408
73020043
73083441
72211848
72198872
72057314
72615695
72348802
72307602
72388253
72590891
72115799
72155902
72297526
72966101
72375770
72330112
72491315
72234533
72464359
72503864
72159678
72401864
72184418
72268400
72570510
73510864
72440278
72337574
72462880
72193672
72222477
72538112
72469916
72481179
72165587
72291383
72370959
72287781
73030193
72354999
72333151
72419115
72796173
72481214
72183851
72410983
72412661
72141713
72058464
72043672
73080384
72263541
72130061
72311378
72557197
72340418
72445055
72562619
72537622
72636877
72342564
72498228
73308236
72458318
72505954
72426126
72452901
72455712
72257331
72322702
72874558
72364388
72355556
72892187
73502380
72580320
72624272
72450089
72509344
72408551
72389830
72473864
72615824
72643047
72366409
72718409
72439738
73573317
72520139
72457996
72386873
72444254
72596577
72571094
72585052
72331747
72305286
72730178
72353272
73189831
72555323
72243946
72210025
72353213
72184558
72279916
72264974
72745866
72436772
72372495
72700921
73101897
72633445
72264914
72267267
72460751
72239961
72214124
72734458
72213293
72281902
72610484
72242351
72176190
73283317
72282037
72174053
72720074
72311902
72431223
72311034
72353514
72141024
72855765
72428532
72092348
73238960
72374032
72256223
72545761
72579878
72202943
72266918
72325751
72175829
72143755
72281871
72384072
73044230
72436790
72499240
72319142
72170331
72149492
72118074
72150883
72264334
72336019
72545982
72066463
72455550
73126712
72582316
72253810
72402595
72470501
72356659
72667288
72497039
72709716
72123111
72265237
72180594
73103886
72761665
72446111
72283209
72783594
72341382
72329152
72185140
72313502
72179498
72054857
72530003
73122633
72576928
72363918
72694583
72072509
72161554
72344056
72165423
72129110
72173599
72665234
72458413
73403809
72641994
72254281
72437533
72295607
72447978
72520138
72354323
72399215
72275511
72431905
72316164
72183969
73244161
72545777
72448948
72093512
72347943
72206774
72144092
72299744
72298207
72281779
72599416
72903291
73346327
72334248
72310341
72577089
72351397
72284688
72408590
72503139
72317215
72230808
72400948
72325330
73243664
72582514
72403333
72033132
72495385
72242837
72366755
72200444
72245432
72478909
72300687
72471717
72228082
72999864
72175421
72726594
72339391
72159141
72270968
72322673
72252096
72303920
72319551
72097000
72254761
72953768
72231770
72299972
72327867
72190348
72412292
72234457
72755541
72208604
72313993
72199705
72334727
73136292
72567540
72207745
72175649
72317607
72598428
72491017
72370704
72533645
72221726
72330418
72394142
72194057
73045104
72139963
72437397
72151146
72203286
72445741
72194529
72181237
72189174
72327435
72700521
72242828
73257914
72863863
72038218
72198814
72504245
72235129
72300582
72475662
72760375
72345726
72251278
72000447
73316319
72512751
72358057
72227204
72947382
72391624
72176844
72212762
72261462
72292858
72583169
72531687
72995519
72504105
72208815
72246575
72133902
72332326
72300219
72230571
72395500
72541346
72319281
72189619
72068810
73005004
72221620
72110925
72502279
72625792
72220411
72383723
72228088
72564332
72230194
72341594
72488711
73023519
72937668
72332310
72667139
71988958
72337489
72214390
72223346
72573569
72491898
72161651
72513851
72974941
72802060
72405290
72300621
72327027
72044872
72621984
72157051
72426463
72398809
72552513
72179567
72352523
72889733
72189044
72234864
72381958
72669442
72128012
72440770
72364485
72079996
72471500
72171806
72251959
73203882
72515734
72045884
72201136
72330665
72226270
71957519
72386756
72283062
72063033
71293200
71512138
72130769
71402444
71493928
71629547
71594704
71678177
72180261
71861324
71569720
71592033
71664374
71914948
72120317
71388894
71659523
71612498
71366035
71453463
71607590
71393447
71478215
71548715
71457826
71694605
71516403
72647554
71501113
71415651
73128442
71372723
71592471
71282809
71427625
71467225
71805933
71566868
71368130
72126061
71450575
71693944
71490939
71629317
71269435
71519787
71543449
71499927
71630114
71759939
71544688
72071806
71460338
71962763
71469944
71795055
71391631
71506026
71637144
71768882
71595172
71558289
71530693
71873636
72060240
71709599
71832104
71491955
71415236
71907488
71600683
71566907
71401321
71621950
71533205
71354978
72193396
71456446
71465348
71424791
71412542
71672485
71521750
71644138
72139803
71327786
71476282
71827494
72180952
71528428
71842160
71437471
71541707
71673816
71435568
71619051
71578415
71815854
71584921
72217957
71789321
71785376
71461301
71445059
71434249
71605717
71771554
71523527
71610599
71591734
71453149
71779824
71531509
