23
3
4
21
7
3
15
8
10
2
3
1
7
12
42
5
1
13
15
7
4
2
4
7
6
18
21
2
1
1
6
4
2
12
4
4
7
6
9
1
7
12
15
10
16
24
39
2
6
2
7
10
12
20
16
20
3
4
7
3
6
3
24
17
1
12
1
2
4
6
18
2
2
4
11
3
15
18
7
9
17
3
1
2
1
25
5
7
7
1
7
3
14
3
5
3
3
24
35
4
2
26
1
3
7
7
2
2
2
36
1
13
3
1
11
5
5
3
4
1
1
1
5
3
8
4
2
3
6
3
31
14
6
1
2
4
20
48
8
4
2
6
4
5
2
9
41
7
17
11
13
9
1
3
12
14
11
4
2
8
20
1
3
9
6
10
1
1
1
8
4
19
4
8
20
3
2
1
13
18
9
18
7
6
11
11
21
2
12
5
3
11
4
7
3
7
1
18
24
1
4
9
8
8
4
22
3
9
14
24
1
13
7
5
4
7
2
1
6
1
5
4
10
4
6
4
7
20
3
3
10
3
9
7
6
2
6
24
6
16
4
10
4
8
1
16
5
1
1
5
1
29
5
3
11
11
3
9
6
3
6
18
12
4
2
1
7
5
1
7
1
18
14
5
2
10
4
6
6
2
10
12
12
9
1
2
1
3
6
4
18
2
25
1
10
3
22
3
15
22
5
3
8
1
11
17
3
10
9
18
11
7
7
13
5
3
2
9
6
1
1
4
1
9
22
1
4
7
6
28
16
2
2
3
3
6
13
4
4
14
26
6
10
11
7
7
18
8
6
2
3
4
6
11
12
6
8
21
1
7
7
5
6
6
12
5
19
1
10
4
8
3
11
7
12
2
9
14
2
13
3
2
5
11
1
2
10
8
8
8
4
2
2
2
9
5
1
1
7
2
3
6
1
3
6
2
3
11
8
12
3
2
7
1
6
4
3
18
14
2
17
4
4
17
2
3
3
1
11
16
7
2
4
19
5
1
2
14
11
2
11
6
3
12
1
12
5
5
1
5
11
3
2
5
6
1
15
14
6
2
8
8
23
2
6
5
20
10
12
8
4
11
8
3
1
1
14
9
3
1
10
6
40
12
9
15
1
4
4
3
3
7
18
21
12
14
7
10
29
2
1
9
26
4
4
12
5
3
4
5
10
3
7
5
24
1
1
5
10
8
8
2
16
6
2
5
3
2
3
14
1
14
32
9
4
1
5
5
15
3
19
1
3
5
30
15
11
4
17
21
8
2
4
2
1
14
7
2
2
2
1
5
4
5
2
1
13
3
45
10
2
10
26
27
10
16
13
9
2
7
8
3
3
1
10
1
6
8
12
6
6
2
6
3
2
1
23
8
11
4
14
10
2
2
3
8
37
3
6
3
2
2
14
3
2
15
5
12
2
2
1
8
7
9
14
2
11
5
12
9
3
2
24
5
9
3
6
1
15
3
3
1
15
20
6
12
25
8
2
10
8
4
8
6
5
3
13
5
9
26
2
9
7
2
7
6
11
4
6
1
1
2
10
43
20
1
1
4
13
11
2
4
5
3
3
2
4
4
10
1
6
3
1
2
23
12
24
8
5
4
5
7
4
3
5
4
10
49
13
1
13
2
5
5
1
3
12
15
6
5
30
4
5
5
4
3
4
13
16
17
13
2
16
5
9
20
2
19
14
17
11
10
17
3
1
5
1
2
11
10
2
3
5
1
20
3
1
1
2
24
19
14
3
3
6
3
4
6
2
10
1
1
10
6
2
2
6
3
3
4
5
6
36
1
16
1
6
1
17
1
4
1
1
4
4
24
13
6
7
8
4
11
3
11
5
11
5
12
3
8
3
7
10
14
3
1
5
1
21
22
9
2
15
1
1
8
5
5
1
1
1
21
5
7
12
2
9
2
3
4
14
1
12
1
6
6
5
2
2
1
3
11
7
9
7
2
22
11
12
8
6
1
12
2
2
1
12
8
2
2
2
15
5
1
28
4
1
7
3
1
25
16
13
4
2
3
1
8
3
2
1
12
4
9
1
1
5
5
16
21
1
1
25
6
5
4
7
2
1
11
8
12
22
4
14
2
3
7
2
7
2
12
6
18
3
3
1
9
8
11
4
8
1
2
7
1
13
3
1
27
3
7
14
16
9
1
6
3
7
11
6
4
5
13
4
8
4
6
1
1
8
5
2
2
2
6
3
10
15
2
1
21
1
7
29
23
9
42
10
4
14
6
1
6
14
16
8
3
4
7
4
2
17
4
11
2
10
9
1
1
