1
5
9
23
38
10
1
68
28
19
5
5
13
24
15
7
6
31
6
36
36
8
15
19
13
9
22
1
3
2
25
14
21
18
9
5
5
24
3
25
16
6
15
35
7
24
5
9
2
6
1
1
30
9
15
16
8
16
9
2
8
13
9
2
7
7
3
28
16
23
3
32
75
12
3
16
7
26
23
2
20
26
24
6
70
50
26
21
3
5
14
17
49
2
5
6
1
19
19
23
5
69
18
16
6
3
17
22
3
5
52
14
9
7
19
6
3
3
22
7
5
10
8
18
15
5
2
1
4
6
5
4
13
28
19
6
9
72
19
7
7
27
8
11
22
1
5
20
5
34
9
14
7
17
13
58
26
33
2
2
2
13
14
9
18
18
22
16
16
69
10
2
15
23
4
8
17
11
4
49
6
8
2
6
4
2
4
11
18
16
3
6
49
6
4
1
14
11
6
2
24
2
7
8
19
22
12
4
8
7
50
47
9
29
17
21
8
16
2
21
18
8
14
49
1
22
7
10
22
11
10
15
7
51
25
12
63
44
6
6
5
15
9
8
8
11
6
5
1
7
22
22
11
6
12
3
9
16
3
33
6
2
18
11
20
22
3
9
4
17
19
8
1
3
13
9
13
36
5
14
13
2
42
11
12
3
34
10
27
7
2
12
42
1
21
53
10
2
16
14
16
21
13
33
57
8
6
6
15
14
35
4
24
39
3
2
2
17
40
1
13
18
9
42
10
27
6
3
19
20
6
12
3
1
10
4
2
59
15
19
14
3
1
17
5
25
14
27
23
36
12
5
2
6
12
8
71
1
30
5
25
5
2
12
5
10
5
3
30
17
1
8
1
4
10
6
4
17
2
23
5
21
3
11
9
6
5
20
13
23
20
78
4
9
1
33
17
1
1
9
7
33
44
3
4
1
2
8
38
15
27
31
57
12
32
7
2
11
43
31
9
10
2
19
46
25
12
5
24
5
4
28
4
5
2
4
4
9
4
1
19
20
9
46
7
38
5
58
21
13
5
39
3
2
17
20
11
11
14
51
3
34
28
13
21
20
8
5
12
1
15
2
34
2
1
8
2
1
38
6
1
8
14
59
6
13
4
2
33
15
10
13
31
19
17
4
23
5
5
16
5
5
23
12
1
14
2
5
1
7
28
49
48
7
35
13
63
8
5
9
2
15
5
9
4
2
8
13
21
1
6
1
2
23
23
10
14
14
17
45
31
14
25
1
8
23
17
34
33
10
26
1
9
12
22
11
9
17
2
17
62
14
34
14
7
20
17
3
13
10
15
25
14
12
9
2
60
28
8
38
1
4
19
29
16
1
4
61
16
25
3
3
46
18
24
33
1
2
2
22
11
8
9
15
3
28
2
12
10
5
21
4
28
22
17
1
1
9
19
9
19
9
14
21
28
10
6
31
10
24
5
1
5
28
9
9
18
7
18
27
6
34
23
17
7
1
31
52
10
7
9
8
9
6
5
25
4
19
5
2
5
7
2
49
14
7
1
6
2
1
10
9
15
5
7
33
66
3
8
5
50
6
5
1
66
18
2
32
29
24
19
69
25
3
16
2
15
42
27
60
22
58
19
4
2
8
29
9
5
4
20
23
10
12
1
3
9
23
22
22
3
5
21
14
62
5
1
6
8
13
4
11
94
16
10
2
1
27
38
12
4
6
10
14
7
6
13
4
2
7
67
29
66
13
8
98
74
5
2
47
7
22
11
43
21
14
10
25
19
42
23
17
4
7
3
14
13
21
3
14
1
1
2
39
21
25
6
10
2
2
1
25
3
39
20
5
8
2
8
20
7
4
65
59
1
65
9
7
11
27
25
13
7
14
15
25
9
17
10
17
7
83
2
6
22
13
10
10
6
63
25
13
3
6
10
17
18
2
10
43
16
8
18
8
5
13
33
1
2
8
7
1
7
20
28
49
5
6
18
26
9
41
4
3
25
55
16
12
2
7
4
36
2
10
3
13
8
6
45
2
3
23
9
11
1
7
8
1
19
37
49
9
5
2
9
27
31
11
3
12
16
5
2
2
13
1
15
16
31
16
3
32
1
10
38
17
4
28
3
14
1
18
23
23
3
4
28
91
4
12
21
11
7
27
19
5
52
7
10
2
8
13
81
16
1
2
5
11
14
6
8
4
7
29
19
5
14
3
4
4
9
6
5
9
5
51
23
26
1
25
17
49
10
23
12
5
24
4
25
3
32
3
42
1
19
8
35
1
22
17
76
2
28
1
20
30
6
8
10
4
