826974
859030
871149
835440
863893
853331
860053
847329
840483
768405
759802
878800
740882
777558
840290
857598
987167
852975
856535
874483
852416
855636
758433
773697
836226
853077
983854
856044
841330
837134
872114
880414
829721
748614
868801
887617
743568
867401
877670
851745
745311
869880
875788
861833
873298
1051037
745369
854421
730998
872218
847504
859795
835878
861407
847759
758628
854307
734830
863820
852057
868919
852754
789139
865313
975352
740767
861509
852547
854359
850292
865707
740686
859425
874680
862823
866090
840778
840492
845219
846351
762539
765305
758947
738224
851388
750736
868306
876440
860364
859397
741393
848521
867333
821291
867273
842576
861540
850491
873301
858020
861163
1035843
863167
860940
767531
820956
735443
879320
859067
845454
739054
888898
1024331
870076
879503
781017
764146
887841
873243
980863
746543
841950
871282
871509
754379
740604
742426
773397
725306
882461
1053823
767729
843886
864129
865715
748225
731179
747988
730604
844698
877487
785317
923357
848351
841274
780981
847344
890091
872171
866011
848350
751639
855882
852334
860322
865237
863762
749423
852223
853685
717817
844807
860580
960939
854339
875623
847381
855732
746114
860926
858146
762458
861131
849594
760604
876907
859072
857936
740158
845107
848109
736932
831397
860485
729131
742205
727140
861969
754986
870838
862086
850797
859318
752735
854305
851044
749486
876997
879728
859923
858262
733291
739411
755234
842310
858476
966665
845521
881134
864232
874937
893165
779315
1091589
868122
850453
749389
892088
860632
857988
736942
877728
733799
876166
880221
867605
838687
717473
869821
756116
854057
857232
867471
733522
951153
971552
866982
851108
846378
870274
831750
860149
852249
863478
858499
870968
775576
857014
852032
749662
868752
735638
875746
758074
863827
850691
778226
871916
967320
759952
745266
858221
863322
860654
890690
860716
774997
721660
843564
845200
762799
833755
755439
873521
851478
867966
847785
854464
748551
877008
878925
926948
774103
739606
800378
846998
739080
755106
786616
849439
752338
832022
863008
855187
872547
871064
853148
865740
855063
848640
887504
1025361
880751
845701
966037
878583
1021940
862884
859450
782511
861933
758285
840143
755594
766354
858082
751828
850866
848137
978989
842790
750833
868898
717593
975121
836779
845436
751401
855177
865957
883672
735245
745673
761876
863291
863874
843899
764288
846990
745798
838748
882437
831806
759534
891933
797219
723666
866362
865974
766450
879035
765273
866807
857071
856582
869079
860972
745238
743402
892863
854118
843375
889589
874313
867725
889413
886939
769065
861575
749667
848023
841621
882425
726118
876061
885803
828213
829389
742748
736559
839810
881943
864654
853329
861697
727869
865082
852545
871390
749616
872216
846623
844732
842642
862264
760639
840354
852673
954167
863426
970168
767465
861056
862601
869253
870134
847855
883705
853579
861705
741009
779671
863688
862108
857867
732215
850009
855250
848576
859670
864274
732845
761784
869492
840670
789115
880692
763015
859737
878800
884979
868155
854807
741388
746483
871668
875538
985985
962736
858041
869474
865288
880067
850872
736620
861812
860071
759564
850423
829412
853513
737754
779774
851566
847742
869514
841333
851407
853685
867325
783277
871999
876823
852666
843654
868354
878810
862165
852526
866473
862661
843523
856343
752340
757184
1360093
853587
887558
863659
900345
876098
768701
883432
872760
877935
753946
974920
859328
869088
844114
866795
751429
843222
755379
865187
858485
775355
850972
1047952
865082
871614
848464
851455
850741
867052
877656
862261
865092
745469
843240
762555
966194
839246
891979
851348
869533
877936
888127
914748
894129
937890
735115
864975
875302
1063121
837227
757595
855862
1049845
855868
1061826
737844
858136
1027076
914024
1018286
748186
756587
729232
855248
869976
840018
744126
830594
854247
856989
730145
845076
739523
855609
896585
859164
874788
881197
932299
846711
844958
861239
762531
860812
870096
841142
863551
847396
867537
752194
848299
746516
879956
864878
856664
878240
864105
962439
764232
757265
891547
855397
864325
1054583
816101
864234
892451
750029
883654
771715
883462
880110
770937
724585
869410
740282
768026
799440
860170
847042
733717
755167
849893
730157
862281
846401
841135
860519
910559
864599
860285
772018
872490
748769
720708
853028
727787
963776
838632
862361
858974
861070
865209
860836
874859
850863
866421
851459
960709
744753
878348
880965
964991
978659
755802
857358
858862
855083
856089
749631
860107
838595
846830
724927
865689
855104
887385
844721
741204
970373
862124
838462
872471
840079
885602
875920
855169
849729
838033
879130
850683
852313
838215
880234
760081
895967
879999
869001
1036999
890398
749483
876493
882056
901093
775887
906112
1097823
877366
858734
1088975
974878
842736
741333
1077048
846130
870397
756625
864183
864282
846334
860772
872878
850959
853220
755295
758131
952996
896569
764079
863966
767657
865676
862625
853338
743739
859782
840935
871819
1039326
852522
883359
838694
764997
858852
864785
876611
732605
837790
854998
848955
869252
876679
841571
861302
752819
870366
848547
851361
755935
837941
1018151
877942
855904
875073
868438
866636
841324
722118
865367
852427
850615
843784
856709
745096
964300
855218
854927
853899
743084
862369
844623
891425
839308
873379
854378
843139
846429
757984
849924
859400
730909
853743
744151
975847
854348
870674
857517
849879
839987
842226
847279
861838
780252
1046949
847964
887799
850333
848954
853278
734341
854260
777868
832833
754448
861785
771168
885968
776506
1079845
772074
837735
771812
714785
854173
881804
761335
879663
730549
751341
849194
879651
955432
737344
785624
920602
871972
880518
895484
843760
863122
849245
858014
755970
875727
871655
854421
872743
865844
868881
741637
860094
863236
753968
853380
1062812
836763
857431
875738
703602
847865
878426
863052
863778
760566
853302
1027254
938171
986476
858241
745283
843095
871661
844438
755544
866662
745861
845693
877528
856042
748711
858819
751881
903570
843022
859868
856906
750375
859479
874306
846154
849709
852350
852515
853593
993240
746083
876315
859246
752093
769276
843341
843927
861405
869068
975721
994533
872364
864214
759881
892311
865587
760832
834129
856539
862325
740082
758042
864993
757646
863886
745129
844431
861978
863255
890678
845954
877219
858519
876440
840270
844325
851275
866930
737845
731098
841221
747678
872808
791233
776113
850024
748293
850036
872642
857212
767096
764485
872271
849839
856559
784604
1047431
841940
848396
838476
860555
776637
851972
864270
870616
842856
759700
850452
766308
852873
867200
834244
841542
848061
863226
859373
906413
922696
850228
740498
738895
846787
733637
1045554
964940
847836
826272
742988
866711
845805
761500
877397
866631
749942
842230
869057
731793
861852
751219
757548
754586
1053144
765289
870376
855456
864841
883438
1017815
729161
749112
842736
847817
869671
851812
731667
744174
859498
762963
840876
847384
738923
849710
850817
851108
758094
848186
846820
759843
867448
886106
895060
782067
874103
830375
863972
761966
879342
862156
748912
842409
853910
849686
846996
763242
867113
837096
738221
835771
808206
868436
856108
752760
743503
861939
853507
852786
873334
867673
850046
741502
870622
853704
847615
866916
735750
823905
851071
865810
850625
865678
777309
856661
833587
869112
863041
764928
899476
1025402
872460
889483
862861
854182
871373
772691
866655
866218
871966
866074
750546
873175
847895
772237
865061
856529
861601
839832
755402
854998
979589
846368
871858
843082
837300
863516
889496
844638
853248
975931
875028
874503
867634
958845
977564
764415
873213
728605
909363
1040120
950902
850513
839171
737370
877600
969876
863426
873373
860087
756577
867841
755435
860018
857779
737103
870961
884427
738982
721284
843916
969677
880416
859876
866164
866603
856282
742464
766282
858157
739139
874103
851624
847679
853702
768391
848247
868801
875355
877450
848676
722627
847246
860818
847351
840895
845076
855266
746542
861509
846794
854335
862389
1053526
874034
774721
870567
1029386
877794
770019
765262
866081
769541
879220
863013
799818
924733
756295
860679
768834
835673
854131
850212
845603
770251
871724
860243
858628
762516
748707
870950
853111
870423
862553
946880
872129
764981
864746
885698
761658
874881
858651
779279
849852
734863
856029
770278
774779
838381
1051262
730694
863148
1047491
775233
855723
1062335
901011
832087
741547
727639
753876
852322
877528
1051680
853076
851349
862749
861766
840237
733769
863810
742733
757426
739157
864485
862108
1054735
851694
748204
866150
855335
860949
871357
850486
865630
1049896
827134
748959
749174
864884
846091
850036
763728
746759
799278
874625
864434
863343
847995
865890
851658
869491
765776
771673
842179
874141
878069
853057
856023
862447
873823
1043780
856250
864461
773655
861605
865430
744576
756026
855238
864559
960646
912420
1017010
844057
881977
875902
725825
883175
731252
754234
838399
882147
737954
864803
855641
959274
958551
967851
867614
864331
855251
870659
738101
880331
858056
845732
889913
861394
746701
846344
864165
863718
833521
831127
828562
876664
862024
752669
854164
849503
785837
1033644
859252
846077
868384
856778
855055
865919
736564
852011
844961
747541
768915
747871
767877
931008
964582
863752
851383
771751
752595
841765
871385
768669
839952
874140
736243
765227
875997
852564
878143
874827
843802
864462
858250
785921
841035
936553
867420
844676
771734
861604
846746
852216
850335
855885
779821
855752
758394
841507
863048
850662
776833
829465
850818
844118
858038
1053624
843028
769167
752578
888242
859091
744644
848109
857654
853063
856205
755957
846493
1049437
766553
841331
846601
881663
868780
839433
850052
873999
729595
723011
828578
850753
956283
765156
830448
854173
857632
864825
863392
846786
871261
869863
840164
882116
866985
855773
785188
842334
880580
861193
754890
970282
862145
848271
849058
972446
749754
879754
890084
741717
855254
854375
862208
1030132
882496
849202
857298
848998
858368
854169
858715
894465
734099
841082
867551
841719
836231
850659
760648
869369
873356
750944
853269
878834
862413
851863
865057
849066
862104
783995
851123
850849
865217
956837
765374
756107
762692
842637
865944
868223
867934
750900
865455
863812
739270
743522
828794
830003
766444
725652
739174
990217
930681
835804
797446
860894
856418
848275
744184
865970
850149
740431
852362
1046839
760860
745893
743063
871854
840582
861534
983995
865303
865624
886489
746509
853234
773191
747147
866598
848396
875370
869440
863646
865561
762153
840265
863178
874094
880934
874225
861826
743301
961479
877256
781067
858944
764485
877831
834704
837985
873080
975379
838441
979407
840194
794789
855919
857948
837036
860412
851520
851656
878761
878572
844576
744653
981427
852873
754193
801164
768341
761528
835108
856079
872009
875760
889881
989299
732221
755104
750481
869117
853198
758878
769055
849740
757526
869657
880545
1011016
749318
755365
878389
847369
845800
838304
780174
758117
861883
757312
743966
732837
860231
850890
746752
854370
758881
766788
747337
869414
866267
757995
777900
847150
726360
756767
884300
875341
876929
855339
865078
869838
852716
844172
851229
745390
836219
857172
847234
862881
875585
865050
863905
851263
777219
838667
848427
782367
864876
878436
855479
861279
841530
877538
872579
849675
830018
865769
845825
996915
772381
841161
758204
869071
793490
841720
760278
843921
857425
860163
865601
739156
859977
875430
1091566
853829
862221
879492
764612
778492
859891
886090
1045421
859418
857016
949892
747341
752495
765985
878229
749614
971842
890168
836452
859458
967303
879030
868469
1068437
853068
852777
745695
889972
883210
1066227
855467
878046
856391
901234
1040452
757550
765217
856093
859098
859646
854674
1060752
731062
856316
845241
847358
756917
1085347
751576
856340
964629
969296
772871
848994
851128
850790
872076
744709
750236
846183
877949
909395
854651
886775
737667
860009
784610
863449
841508
882184
863555
842237
857479
884206
873785
876996
785899
897932
868830
848903
1066519
849357
863033
1066979
878877
879881
864636
730018
848751
867469
866230
747602
879097
840919
852764
828585
872985
851301
867500
859396
856825
745951
854970
765337
843008
748188
880382
836973
754707
848373
864840
878353
865648
736610
865631
876539
854591
1090751
861639
720100
747770
863734
886406
855255
856915
761624
884242
764341
747550
856739
864425
844567
867865
856404
739633
887109
881841
867104
733056
743702
768876
849752
889488
767491
867817
885507
857818
892543
727655
852265
815421
1072589
893575
1065079
747265
899142
868146
830961
863196
852077
974651
1087070
855699
850937
739493
853487
769015
771965
1045167
857797
925802
856979
893791
857577
739133
1199854
891365
851082
877723
753984
862126
859401
801791
853884
735025
897586
786695
865120
870408
752671
880179
875507
768492
753138
764313
1109104
871404
847216
725930
844620
766484
861118
873781
857114
848122
774005
887966
873877
843942
843450
954837
896864
912497
890953
854950
868682
772436
874480
737177
741281
866111
788591
959976
759591
760407
882636
871014
841301
852416
963071
767898
856724
859047
940764
899918
878684
777757
1057448
1061972
874305
920333
729216
848410
1079850
856008
853970
741932
736846
737106
867774
843312
856505
847072
751357
867716
1018464
773647
997192
768346
846600
884396
876684
912455
842777
836302
849644
855563
853229
727498
858928
845283
751211
853219
775050
866828
815750
861899
850601
757046
870023
866721
874814
862130
738505
848837
848252
860423
870086
858102
956516
888710
842626
866024
872587
873947
878524
1030313
903359
912972
884448
769492
801292
879654
890141
889771
886849
741596
870309
899685
774704
881825
743011
886146
848070
877585
843660
897364
1020908
862365
867608
854940
854495
761608
866008
853932
860615
756168
1060991
857285
850664
856367
847551
766938
744449
849852
843604
845432
841126
833165
880560
847338
859741
879066
847511
739180
848635
738931
773272
740960
867418
778930
842796
854996
858855
835061
762228
859590
852611
862085
868906
869637
842949
851967
855338
840104
864730
846371
872268
757451
830391
712179
745038
827062
785909
899588
906350
885335
1086700
867930
887921
873950
875286
1074163
865635
842688
859396
860179
865137
961578
861788
964482
856259
963558
876781
757642
763456
739718
1041319
876394
1045364
894795
858699
865225
865371
871905
867776
746702
878857
853048
865483
838422
854364
877353
765192
888946
705970
1062323
880539
857365
833491
772872
848779
873763
855386
863172
897752
871951
862281
860463
853272
862511
1072104
864144
868601
863661
749427
876782
849646
870237
970479
907767
858881
852477
997398
857942
751492
811224
860576
858872
907398
875569
744733
865217
888265
1051495
839209
872209
857441
840206
758529
867660
1093786
758484
846920
1067034
879462
891225
771730
860367
758355
857551
887859
859915
871987
847079
743753
865557
878828
857967
860894
858443
965778
867964
747027
854445
737685
863617
840544
847177
849441
746487
1067487
878765
871471
780857
750616
871454
876180
764029
745219
874706
861858
871451
858134
1064597
1037874
858178
801553
840779
890378
747178
867167
865969
859004
863620
920598
830970
776041
748963
862536
743227
1076600
855733
855067
739284
756698
1068108
756222
737332
908049
780286
773377
944732
877032
769508
888814
863491
1052214
853372
853711
857116
899115
749425
724710
740228
853601
865517
849681
858492
836907
848696
967305
855724
748468
863977
773695
850020
730114
979273
845490
855620
848507
727311
864929
882693
864293
896636
842731
869344
850999
870285
730148
853321
871756
864237
849803
777394
825659
868031
841142
776251
959306
765093
855064
968762
1039370
750738
975281
863726
875903
787133
740048
852160
743134
856385
875159
853315
845618
771005
859515
864240
744902
855427
855975
749102
757773
844963
754446
849544
845483
766905
866066
873302
886428
886162
872691
848595
893556
779781
789205
869486
856635
750769
844202
746729
873497
850021
1071193
771464
831748
853899
747259
771775
978725
868001
863382
734557
741668
872119
884057
868864
796489
1040819
852158
867763
741129
905299
996831
886262
852870
736955
852592
859114
837372
843790
835784
895326
1008792
873226
864982
874504
881683
1009403
914931
761802
894812
1018553
1084625
764771
901910
746840
895027
901043
852775
879723
877749
894338
886966
1084820
882905
881512
874444
751026
738626
874964
875789
875568
884710
871782
771867
865253
783103
889763
891831
858667
875153
856874
880963
882173
873638
864784
774302
842126
978392
987120
759039
843976
770226
861458
984701
852969
854263
852586
752261
873960
871741
863186
785821
849866
868364
854770
847056
848566
857703
860161
755636
744682
764555
779186
852602
877363
857024
869560
861834
856086
841921
860542
848231
856448
834749
862600
857902
764729
864509
852136
757140
867609
754500
850030
840668
746408
842281
772496
853428
889124
854650
865701
871292
853851
1482964
850035
870984
849731
860576
841665
739443
859942
843599
872073
862401
850543
771534
878431
764999
844358
850701
843733
879759
858285
990380
868974
747858
882040
708549
984339
874359
850716
711416
846975
770518
773630
859229
887122
860074
867829
838304
959570
776005
857898
847331
867344
732129
837857
866564
933420
752943
846231
836183
843806
746183
866270
755633
877555
1064725
726166
840843
760741
859326
837317
746322
1045396
893260
738250
1072797
844537
854049
855059
758070
736376
872463
879116
788308
853565
855752
861263
1077594
876588
756358
830449
737054
833551
777039
859643
719015
744584
757963
865041
1091471
960291
1080639
1063195
851794
869377
881082
1064515
885378
745027
839625
734270
770239
838052
830674
884566
767375
990284
731583
741172
857038
806477
756201
869609
801979
887988
780543
878066
782802
901701
862076
783957
892515
871240
846900
898591
841363
861282
771558
834877
766141
1001564
860570
863322
743657
768570
728214
846893
867259
893912
865122
880663
870691
1069868
899697
862493
870841
849687
907801
748328
909556
894023
903197
907051
740061
847851
863514
888794
856541
868300
836708
855329
742320
860720
872779
788529
737977
751504
964252
895431
839491
776428
1058612
893240
1058994
762661
1170848
909257
755719
865386
1075476
746021
875112
881455
1078445
858961
967838
859049
734935
855568
854546
873522
849624
864411
773666
838980
1056503
956283
891936
877716
744522
740970
837477
866772
1075683
890140
844433
755572
986278
826784
824939
859342
847885
865513
842532
843926
1064488
736347
1068081
866789
725201
864549
835250
868492
746479
850941
891569
851355
763931
875765
864583
857965
849565
866166
760789
774807
884110
848417
871302
746934
839277
850746
767711
867612
844049
868168
846189
865015
1005325
777578
876212
847356
872835
786840
747536
1046156
825576
906343
860904
888080
969810
761604
853960
870140
856842
878023
837882
861538
867186
777251
869278
870496
970756
870570
753825
846470
874609
859399
746627
858820
758272
880617
753745
857671
856482
890004
867117
877429
768914
749620
940414
877898
734949
790780
779305
859898
758328
866690
901889
1043983
851693
860476
740076
866459
753566
731668
968988
742885
863610
862648
869200
1068471
877501
847302
882267
874785
862809
885151
756224
827678
786083
771422
713486
867108
848689
864461
972958
732022
850820
757627
846356
855453
861938
892269
822331
760529
863507
877089
873099
873099
897165
897927
765200
843334
880713
993299
879105
736907
720611
853251
874130
781646
865198
865312
885383
850858
870913
1044264
836788
762292
841308
859730
880592
983704
870745
860796
859394
878462
853306
836845
876321
854200
871493
845184
884232
784106
854998
1077751
854927
851869
850725
742488
745511
836054
710581
883814
875665
732548
755056
860071
850846
1089164
867251
841510
879365
1023052
842394
866694
840683
739598
884412
845564
859940
838543
863873
749213
781494
855103
858498
851590
746654
836364
760069
867944
855369
896310
865735
783713
866487
860671
869211
760877
896646
1181813
852423
841799
862743
861168
838385
863983
854590
880061
891778
868251
854233
865862
845200
742130
855548
893351
1054980
745458
844011
757472
847464
858678
866075
847354
869712
856221
789767
845885
766322
883060
860761
754074
855780
760642
757661
865147
840497
887048
843692
856774
856131
1083984
862523
871449
854898
758423
867008
867257
888017
859563
847882
1094582
875453
858372
855899
852106
861598
731809
873055
871690
745432
871769
975379
862134
833179
873861
859439
891043
780193
1045569
865643
840299
869385
850497
943659
846081
744071
864074
861289
840961
853163
725209
851803
746478
769060
847535
838217
850955
863209
853619
851628
868197
886824
779323
840979
874958
878546
758940
932266
758131
866202
748399
740976
859478
861253
871499
870564
872527
845190
973135
849513
843353
890805
845959
849373
741637
863713
1073606
885689
846971
862868
877054
846241
869809
841894
751274
853044
737836
841292
756021
849738
863322
741517
762030
963783
870487
855084
866208
755331
847025
865962
842312
869937
761716
752689
855381
885763
852223
841303
745631
860113
874199
876168
839514
862144
837685
871935
863349
864021
745614
869899
767318
851671
873955
865309
847711
859113
859788
841211
874507
1054257
856444
848011
869408
759868
823677
977488
845505
898850
852474
781523
863104
850381
729347
841774
869395
883086
858548
733664
853425
848248
837935
856255
848336
879388
762305
853511
865334
736216
855935
849772
848072
847396
847781
861771
747377
856688
897748
862083
849903
849152
862590
861601
858706
1068998
854929
732343
734566
843522
757172
827924
771522
865623
878354
897807
739623
880021
855748
840776
751303
857527
855862
873469
875936
852220
755362
892023
866241
731463
834479
860493
733060
879129
850080
858705
874312
843515
858988
849823
851945
889569
884789
855720
865439
865887
1077429
1081670
854598
769315
843094
856161
736881
846439
873894
858106
947925
947353
844114
917023
744307
761223
864785
755287
959418
740625
965301
880800
733434
848386
866701
866622
896695
777160
885219
876451
884019
865250
747900
850935
850478
861412
847158
983003
893066
1076310
850189
867918
847555
852298
894002
848663
889979
848708
861158
777644
974319
841959
795273
866259
770637
882224
845836
740642
847677
852615
860371
842917
878968
847365
768087
772419
1012652
1002129
737701
748116
1058472
733935
1079177
872952
741364
770617
730333
839501
863598
781434
740422
863498
744233
733978
944589
857166
846100
754020
1057690
755699
979969
788109
872477
847360
761955
840365
858920
955419
886787
887457
864773
1050216
739291
855675
771494
855992
859634
867887
843590
865318
853828
863354
862470
873199
850051
844864
962247
738411
897690
843171
840115
853614
985751
840127
786711
748387
854243
852480
860766
848389
874341
865062
862625
750289
736859
863491
854548
862191
882044
851537
857111
845492
872370
747964
740169
843783
834155
743574
759345
861385
764353
866234
753294
881591
884782
738337
717922
748456
854408
841545
838385
771357
764659
906484
751146
848382
859182
848178
856184
858587
875114
852763
824800
883369
781443
779605
866021
765419
952738
851633
862260
858491
750561
855715
754280
867712
839773
870771
741484
844210
850709
859184
763930
1060776
837986
876282
888309
857785
764019
884038
801793
825543
853168
859857
857948
854425
859539
840979
846760
835998
883938
849475
873896
757593
860111
873920
859072
752918
866563
745546
841666
836658
856769
865206
865789
749253
856239
872501
932893
866896
724599
858733
838220
1090468
740090
1083588
846103
849225
852548
852000
833643
870954
826420
854015
729408
852043
854471
855349
745584
844100
878653
880322
865269
853503
854905
1070789
735145
872906
948301
935268
822231
847329
732003
736816
761249
848501
868068
859799
736040
838339
762339
747638
848527
773938
761356
847890
860452
860967
743446
864325
745188
737103
748376
982932
751388
851381
738612
860164
848204
869001
973582
820129
860358
897692
880795
772300
850146
862096
867973
847067
721652
846748
843623
868787
770333
726269
883440
856011
858522
869286
891645
746021
839640
871039
746486
849519
862680
876585
862221
863312
759144
746664
863665
832122
871883
877011
1056748
766180
857544
883571
866580
862619
861507
842898
859549
858261
740462
732694
886055
860768
878642
832356
866059
765684
1057165
866731
843493
845245
857598
847352
851877
855483
856256
852129
756783
865673
972883
936524
776351
742351
734736
857907
745603
877855
853197
864564
849748
976896
760644
738874
858694
853434
837566
766274
854349
884849
860075
873051
776116
749915
854160
863240
851488
850760
857975
862306
862164
863788
861091
918776
737060
870806
826309
742077
759539
865651
877527
747967
846912
888741
845657
845447
859635
893668
857597
882757
886712
739982
860202
849093
741769
852365
885734
873815
859181
843423
862311
867310
854484
856301
876075
875492
806390
733202
1058173
846782
869027
848778
842803
737129
1049595
864497
864473
736719
867427
856110
728832
865079
951661
875829
909738
855837
859109
766648
860780
853182
854193
768528
880537
866713
854173
864122
752950
882207
1046841
867158
1035657
871533
852692
740025
865543
851862
852850
856648
867488
842763
854754
784095
871901
758422
858890
868642
843647
857121
850677
856889
789113
1054864
864883
732365
880911
732878
870478
863128
877610
756525
862697
854751
863522
710750
858803
844783
751936
841875
847409
863547
1055196
965132
876769
757513
865532
867989
994554
741680
866497
765084
886855
771292
861352
856052
878844
740420
844761
967579
964674
863554
759468
1008165
856822
863967
860367
869590
881732
869599
868791
958493
887701
871211
957628
851377
862516
977340
849279
1001743
761993
844198
859156
850740
855453
859007
842955
853433
848339
848778
838971
872669
865714
856885
850804
890154
743640
863103
844648
856096
733941
849929
770752
759949
783888
736347
779501
882111
743239
738670
892608
835633
870514
851943
742719
858267
964014
869028
835928
878543
860069
864451
737236
868592
740849
856329
843596
843040
834469
1055742
851352
1000336
722519
736855
736592
758235
770948
759079
1049154
872576
751150
745275
835384
847590
748891
850967
850732
875978
754273
879298
741792
980858
880405
873601
751873
849417
852049
730442
844367
776337
740121
766540
863756
861335
856771
867962
876332
838184
879133
743910
735023
856130
865064
837358
839742
880035
865707
841066
759748
763386
754348
840902
883002
754461
780596
1041215
774459
860047
853988
836807
749303
860607
837540
876488
875241
864136
871133
749342
852870
851412
994258
862627
1054788
864667
738826
730323
848675
855422
865158
894103
871574
863997
863296
860014
748864
835692
862197
886815
742969
854167
834986
862865
860998
1069829
843061
734304
891048
843261
850302
885754
840867
865821
854219
779225
774995
849550
751112
853904
852477
862492
856501
751934
858744
743045
761625
882566
883003
875923
766027
730821
855686
858035
989198
893907
756375
873975
846235
855781
920699
971787
860009
880032
736633
862817
1058961
859500
843846
761089
979608
784873
754812
782247
861165
853650
851086
771580
837818
768718
864332
889667
883614
890033
746149
867667
846695
876552
874465
756173
844705
751815
839034
854371
738161
860931
740671
750314
741306
859697
860845
739284
772703
863244
872862
1050181
843299
890919
879073
1050643
871390
887521
848651
850973
742260
756554
847014
878741
851048
849500
760260
851746
853992
768889
848114
867048
872202
853496
752845
741992
877660
727393
854771
738193
861847
749193
832011
854736
881794
856195
872051
766245
866491
849661
868169
764042
880231
848856
750994
852982
858642
765055
869671
857399
857406
838600
754168
743498
844717
858201
863477
869005
861512
866596
847358
854324
890482
875959
743627
771744
877728
1055434
871137
892329
884665
873555
887409
874354
738596
883431
732440
887296
898803
883168
885359
777026
894797
779451
768451
874407
895814
870382
882184
886869
807225
880393
865241
891471
966517
900154
858498
861367
789375
877860
764861
774072
1003834
782474
865915
947273
799552
1055020
885112
898277
900647
869802
857654
882736
872103
872445
877437
765085
764616
892807
1018341
890308
886686
885374
883837
894394
885136
784479
881193
887025
889887
765404
774941
771194
772751
871077
868135
878130
866699
881527
861922
799186
883461
757779
780232
871872
865860
886980
877524
792754
759255
796642
847746
769704
886101
888380
768878
754112
762568
875189
807063
887950
892404
861486
905764
891938
860304
869415
881436
884071
1056555
880014
889399
877284
874448
886193
894862
902447
760198
870937
878779
885552
993384
791289
868106
919760
945717
894021
969967
894561
893238
875340
870012
868556
1064191
892530
886773
1197318
895546
858128
870719
886439
888303
886781
799518
753885
844789
758432
799466
761465
1048996
1045776
888078
904522
878009
1062143
788659
888009
770938
916169
891384
763148
861053
737799
766145
759885
720677
848201
875493
757395
882105
1058459
845554
855004
852648
851892
860817
745369
838501
766591
860531
760942
730896
854861
860398
740355
874785
862004
758360
857394
853925
973579
987775
876313
1077021
761481
830206
862779
839766
838985
844627
855410
869942
891282
852579
882732
885801
892647
864584
876212
855953
895187
889508
753933
783208
864316
881069
882216
857545
898423
866189
878757
786586
758800
781596
884454
872762
770920
879622
934272
1097328
903868
1016252
863620
792012
1088923
883814
884871
883713
851442
785205
868513
876970
863911
887051
842646
964960
883456
872679
890816
869970
889183
892070
887137
859509
871797
874398
842781
775414
747235
893370
900490
874748
896765
850360
896431
892097
876325
747863
878516
766456
899034
876668
849262
860459
894579
879084
890961
941148
901263
893141
871705
881236
873948
1144462
925157
866885
879970
875723
893697
770127
884598
791160
891221
947401
874245
867597
883888
1065688
788100
901699
876033
894659
886954
893001
1060114
873974
868944
893893
875956
922790
1023636
877757
875809
900258
896678
900765
856565
877834
850394
802604
862832
1059423
861069
1070034
738132
906816
870169
1098902
861227
779546
876968
756683
874599
779425
895109
882067
935823
919768
883356
894648
898330
880051
898705
1060250
880578
892213
889440
880847
795078
856053
868636
764547
875523
886041
1097889
993533
906754
788976
883424
758565
851226
771478
893529
877112
887668
869230
871227
887813
907339
781513
924305
783893
1067280
883627
748532
873057
849435
868364
776535
878083
887087
756194
885005
929635
874446
881442
859554
788583
897672
768175
1066978
870578
1078280
883261
869573
874753
953927
849132
879160
859892
870591
877443
925851
749793
1489184
855313
732595
724259
863125
726338
866567
846798
864077
732677
860480
865217
953242
854743
858998
779010
820870
831397
842233
862849
840884
845393
850269
864947
851959
741607
750469
725872
872587
868371
777960
957978
740614
871274
748657
955636
871557
841552
726191
740502
971431
736970
855421
862096
866257
753244
865525
1014281
861411
870974
866860
736084
867049
887168
741383
881786
763617
889563
874521
860314
831058
855651
858523
857283
872248
862987
858938
864860
770824
848666
862362
878691
854658
837790
850627
864155
869118
761555
769671
761820
862711
859377
861306
769436
756788
846902
860734
862488
842538
861961
868443
750237
849861
848879
855549
771916
847364
766647
760991
873502
882468
846893
748035
851872
847111
754488
858671
759057
881001
1056356
739850
845457
864743
860068
743952
850675
842212
751904
864054
848759
852666
855669
769936
864153
839463
844930
874103
846484
859441
841471
758229
731896
866433
753221
871292
874527
869680
846059
891489
839663
846647
882691
860981
897924
872154
862479
931298
741810
868284
846667
839860
856664
945047
855487
1048755
777101
867930
913264
865190
746372
791231
840310
877691
872997
854390
832200
861087
1018324
751657
844536
718122
859091
858519
736228
881000
864730
852837
867979
844364
861334
869696
863485
873303
882073
1009364
1039133
874673
917693
848911
874367
848133
849478
850270
864209
724325
754729
855663
871433
841309
842591
850377
846426
856391
855981
866135
1105599
963437
760954
849365
847275
849091
854057
850963
856841
769117
859832
858323
862783
832366
849021
856488
751289
846520
730161
732137
859411
862215
887840
846764
751606
980657
751118
892815
852828
867604
858095
879476
842631
1073175
863346
790556
727763
855511
847541
724379
861396
848882
870615
1046146
772953
994904
841561
762145
842060
854357
880636
884887
842141
843914
739096
846419
867852
890390
861533
869859
867335
881471
838268
876471
777309
875251
960030
867092
856419
862645
963760
755863
887600
769664
764906
861402
836329
877054
761682
867065
865513
876166
867527
851845
863867
761825
867974
857754
1064033
866597
849182
864853
855469
836143
824476
768330
853413
842150
890533
799581
855529
770081
872327
859883
838163
869361
854853
758130
863504
882128
925352
858531
847384
881315
760319
868591
726337
844952
852969
871568
853075
857843
930649
1200347
876245
882248
883500
743218
769144
735536
868782
851448
860227
861008
868987
851381
871005
872778
860637
713090
856678
740315
968647
846239
851649
883138
858375
706129
852526
852181
951800
861295
944876
837253
872007
860192
734808
872036
863372
778639
864223
744636
839826
734310
888107
843230
850138
868257
850772
883004
860558
842803
857214
873731
850977
957318
867510
863659
847259
878430
840399
872026
851421
845981
850860
960953
833731
857081
863991
862850
841659
859149
859790
839827
851910
884163
861323
875645
888828
767132
866011
872029
858732
847996
767760
984048
781509
863306
850324
837484
829757
853655
830115
848861
858978
877848
1047862
744582
747454
761709
830383
734230
865358
855428
975049
873373
850080
860001
851704
745475
837967
857423
725462
849495
853052
867144
854673
853860
740205
856500
851698
866950
749402
964869
765299
858144
861511
872018
865179
848000
753036
874141
870607
847473
852038
769213
952331
754594
839622
850615
848163
766489
753808
848720
860630
738121
858454
732823
836723
750917
837844
710706
875508
853395
845060
888639
864543
1048603
895332
785324
876080
774816
890539
886872
887293
871374
767752
873062
896104
861137
965371
863430
842731
748900
846858
870180
840737
712236
838376
848838
845682
874915
988074
870285
845099
841524
839568
750464
854309
739709
860583
776778
985568
800486
863900
890602
867076
843984
863567
768067
853976
1059039
766878
761107
853768
844342
848523
843267
753805
861016
753543
847123
854219
734054
753487
855439
870399
860095
857245
875063
823273
848014
887874
758891
862556
873272
744058
727621
772532
845065
836619
782873
717750
948222
852445
846533
861252
859216
870695
864250
747132
857382
846351
859147
856960
852905
847656
838193
869151
855904
740292
858472
743856
850974
865009
759404
849794
785839
849516
871406
769620
856130
875962
737275
1058137
740689
861106
864599
856818
838338
871425
759653
850514
846057
853630
750322
843092
744783
770814
848882
882986
852676
848320
864922
1051695
879349
770191
752012
844710
859279
858333
765843
763961
849067
867032
724905
837988
850896
805283
944595
840310
844233
866264
772602
860454
865118
856014
972223
852242
869803
858432
850942
740496
758818
783364
864620
749830
858686
836039
863059
872620
751867
769674
852721
874930
854689
893821
862423
840905
953154
757938
851871
851465
862384
757692
848966
739876
855686
863494
859199
857082
742958
1073959
867971
860284
864402
866690
730130
889156
1051345
784065
894646
1040679
1047542
878159
1052978
897209
881838
862623
794112
766251
879927
870527
884997
892322
874107
898074
882479
955122
881699
762867
882145
881556
762655
927271
748681
899448
875324
890928
904009
876291
895929
875724
883450
872210
874136
774946
765672
1040774
861328
887756
883553
881734
901546
895192
780534
939290
869976
891974
773934
892676
877298
901008
768371
1169055
883663
1069494
840115
885228
873735
866812
863138
759972
874396
898633
803223
878124
801247
775193
762850
1043231
877647
880108
804388
852297
768300
872464
779841
935527
1005159
906501
780685
953208
739206
885173
902860
883709
864437
898297
895811
885160
904354
913185
872533
906395
909583
874290
785550
778754
889862
998686
900240
839843
871300
900653
787885
862462
898418
763703
889251
876996
873714
1022061
784387
783839
853312
937153
983320
903933
891375
797959
782270
868311
853871
857099
841815
724388
881319
784842
868454
867826
838567
863832
851023
856107
874562
769183
857656
870330
859824
777751
900786
875475
904195
862839
908166
762701
765843
771668
884338
789219
869320
862888
961819
894559
860354
876034
901652
747891
1066331
872376
900686
867799
872789
889293
943507
888651
881111
865283
1075508
867023
911762
773083
872262
882495
1065118
762907
896371
861272
868590
879575
865838
910446
777803
868125
889829
890828
911335
876649
846683
777197
858252
862867
870504
844032
839976
873302
878982
1060595
1043264
849847
1062396
881248
758454
868539
882493
881292
899000
1050736
878450
857799
863038
794603
871902
880641
774249
860449
896301
770647
763494
860272
767283
882195
770420
866146
881934
860757
907619
881225
884877
1173481
880859
877065
790726
863718
881024
881558
997130
888736
884206
883621
794450
900708
897867
904691
883612
795195
784385
1086870
856312
1073123
786941
1086241
877876
978966
863942
780252
885939
778445
889998
892978
787564
870651
879753
739559
884737
890484
765667
901826
938345
854627
898571
768384
877173
898689
902537
895052
1071445
766731
862044
896947
1052980
931944
855730
782016
750488
868047
873498
899329
881866
1052140
857360
872642
874224
888089
884885
867052
791269
890450
1001456
912600
894081
898509
912941
853930
898187
812019
875183
875012
885682
786573
1087169
757406
871321
863813
882910
880852
801727
1063127
842050
775154
879840
889942
875691
764909
890275
951207
1009500
921706
870233
1045688
880345
864745
880153
877835
874555
867532
792699
879822
888541
756672
1061869
873280
896147
879734
850011
884581
1041169
765098
895582
873228
859251
864876
886596
878549
863154
948817
874467
883672
854655
990380
769868
898021
877731
919554
921110
889999
872835
880218
878101
879348
885797
881709
978253
872774
759414
1081284
762723
742814
881888
890096
861441
877585
767731
790391
873584
793105
885184
866270
877064
735605
761194
876808
871338
882106
763932
871024
759991
854875
782099
932626
898015
805812
795140
871281
1062264
885362
754733
873441
874546
776506
777067
867971
802027
871906
857963
949908
865984
1050517
745591
877403
783052
903585
889265
878975
859097
848763
855976
863285
851294
872652
751543
891437
776743
886888
893322
983928
1060225
873394
867954
864512
886471
757844
889183
748685
796797
773622
818652
874668
888073
898036
868343
885134
885927
890283
879453
889814
871266
968366
766712
886842
876001
780725
872909
892807
888690
893564
872825
900297
887501
871402
872633
866239
895757
966456
846015
777847
797515
873489
1010899
899570
876075
852241
871113
874957
896161
1054251
891067
784945
751341
882624
889560
768714
1036607
870703
900467
787123
990359
899169
871504
779530
874625
866198
892613
858483
762436
874974
869227
870653
882164
865092
770599
870957
1004424
880832
901681
799190
770374
929771
765779
877543
775620
1070064
862515
883291
985275
1035024
765982
883080
886808
882869
784423
870172
866594
851703
1044095
872833
889800
867698
773402
774800
852728
898887
882839
755751
876981
754672
851686
771104
866803
797548
885321
871685
797578
890943
868200
886346
859824
779551
779446
782867
935605
885443
788561
867635
893615
900408
870111
1033650
882749
973688
859387
881169
925511
783791
870488
882291
892164
784546
888950
765187
901186
765807
891204
877538
885435
880935
759213
757478
780361
881101
779408
896201
1059760
887810
771501
864093
866501
883309
892610
896015
775920
764599
1056376
874381
868557
882740
889921
895462
897204
996954
899022
881562
1055190
883290
754339
870028
765730
875671
887119
878600
1044599
793850
1021073
896889
802399
863326
772621
753141
862271
1039645
873993
766490
875223
905075
994658
794507
879994
873090
868519
905244
875237
762246
857310
876227
871394
1054871
778363
1048663
882137
879132
1045966
785865
759775
783605
866158
881331
869623
1019208
883267
1009511
759530
761345
780934
868540
905600
857064
1033116
997182
870202
758713
873963
867961
1001882
1059512
889083
886833
964116
855207
891245
897965
1018123
921247
992756
1064489
806631
873224
877077
891730
873376
885571
876066
779514
769286
903606
872235
863356
866982
871750
859244
757537
851198
861801
858967
850142
732035
863948
869369
854065
831162
993618
875387
852517
835726
861541
862310
856798
732896
847514
859805
861489
761589
870235
881615
755516
776366
867762
858521
755875
747829
851324
757487
865902
855723
869486
839390
758494
846646
867385
759273
849656
856484
858556
736119
833025
882689
867500
853985
844787
852240
746502
734351
862239
856530
859082
856694
864041
741554
874236
829307
847260
860112
873150
766548
831683
752716
757325
763221
762076
882527
768516
859381
847448
863432
1042978
741050
856636
864207
852607
954261
862969
771546
758269
844413
836412
853437
864412
744337
873843
860494
970444
856167
848517
873601
850022
867492
750255
749768
848132
844459
1045114
858033
866666
879017
754449
868765
763143
965109
867057
857538
967385
862262
872138
868871
850648
852277
860107
861914
769194
758229
860703
881694
837734
862969
874179
855948
982042
849916
752505
864648
855419
843266
846432
738029
730871
870058
859676
852677
877801
767808
873460
850522
863612
854363
836308
873894
890979
857926
861916
734048
871102
872231
862381
870067
869495
754074
733517
871340
729141
864723
857855
883445
933459
949408
865719
851169
865340
858795
852230
975721
877281
864125
857038
742984
732125
757344
835978
857854
871971
978380
874193
768211
768645
851368
856768
854965
853818
728797
873562
760769
757186
848442
865457
743376
856500
860533
863099
861259
863134
875891
883605
871851
873829
861836
864447
917665
862738
870445
745497
720579
833219
867568
858572
846405
866844
846962
862000
866105
841139
956543
877725
751293
734842
877976
857736
843550
747611
856564
838452
874989
756980
866169
859884
846118
862349
865439
856224
874573
1051181
727885
857433
853475
1039574
853791
855037
836461
737734
738368
860263
855126
879142
849077
878726
849002
749924
850849
871133
761099
734866
791229
765475
849477
752965
864776
847006
878771
777017
980313
865996
842325
727073
837826
864426
885879
864998
964291
972342
859712
847835
859069
830948
861269
832118
852399
752275
852001
761499
765415
935377
862831
861991
757240
738231
773224
866621
863514
859850
845937
737864
734973
763545
860765
853726
840310
855792
766743
866705
889270
871754
753385
843105
842207
836531
849318
869869
721484
850731
943937
1024352
782740
858018
869512
857862
971098
855447
860328
868794
959848
744638
853819
869354
859193
764158
827463
751633
860908
738393
839056
779720
871423
1083492
847583
957990
874443
864844
857207
834073
849244
848756
844088
863540
857236
858549
731817
752543
827022
863624
863891
866708
864501
748904
853312
849230
857733
860227
870923
740718
865022
845828
868422
888396
767070
903352
846341
855270
725438
734939
739008
768559
740842
863523
870249
733405
870303
849563
957578
866617
858730
983507
749742
833282
835516
879176
874117
861993
862292
857501
866264
800962
757555
864522
853098
880384
878678
873312
735373
863432
755027
874420
865771
856981
869577
887234
862174
852188
881395
852506
1071113
763192
979994
871292
866120
732516
894402
865524
971212
751931
843613
842697
866421
765897
835496
857934
842188
792962
864723
866016
849413
878566
895077
888853
868350
846157
848155
845927
860327
875723
744245
871576
766846
853429
737836
855395
848754
862286
870340
878044
864013
848030
758772
996823
853495
970308
864153
736121
848926
843250
764131
752635
850371
899366
864163
854010
856469
852094
856108
841815
852717
956875
977172
902347
978963
852440
866587
849991
970109
855154
733312
856034
954428
841018
860762
841602
746636
865999
855068
877540
874242
870513
873821
894767
730271
856533
876417
840082
753844
879684
839031
870114
858858
866460
875846
758028
940663
844491
852556
849188
736320
836706
845965
862761
1310102
740314
841950
903403
755982
868133
832634
877933
771000
862487
855831
850733
736936
855161
841373
839251
859698
754538
848974
769009
764888
838529
866100
870990
876474
885973
797037
741922
774860
904328
715456
824416
858936
744107
874713
890478
854142
844966
889980
778111
880262
852897
846097
737708
840635
765312
869875
850712
851504
965517
863074
858216
794110
730500
734535
846773
955881
854254
732649
853641
763606
847059
846756
1036886
765398
985121
872679
866902
846500
897329
836089
748863
773067
869205
849666
968265
868471
876072
859932
1059696
856631
842607
846545
843881
851191
849964
855592
857441
883036
885886
1055633
852201
864796
760441
869487
739706
753304
720368
853668
912276
895314
865291
836867
736714
861039
873069
855042
758262
836683
842305
832019
769632
849978
869228
1024099
857615
851889
707536
838602
876588
1035849
769468
754796
852579
858175
750523
858983
860778
976440
858023
741726
860630
846131
856655
856112
754976
854012
871580
864115
857406
891947
755319
868878
842046
867847
770195
770959
864691
864903
746285
840760
852310
733024
858021
757873
855242
749996
850023
838824
860704
862293
742558
834082
888838
856992
864879
767306
871930
871755
860268
766225
760124
858986
872443
1190398
850964
850170
860461
857550
863050
752239
855673
857005
886896
738292
853016
737119
871117
886055
860908
850681
890502
864864
776020
851237
857777
849918
859714
930248
862933
874321
877137
850638
782208
874789
864380
870429
869971
872799
741586
859474
849039
842292
727785
845307
866264
831325
718200
856111
851432
861857
753728
880684
996611
895640
763366
989159
866475
890726
872853
907296
932154
1000106
864190
839818
873466
735007
760501
744728
873822
736955
850602
748941
858216
868611
749107
860748
850123
839451
867990
1052163
857309
763498
870751
773003
858607
861727
859949
849842
863854
754083
722981
834668
853830
869182
862308
764373
860007
849101
758170
753981
749213
869887
736890
740986
941100
853299
875961
972633
852479
845828
883812
876075
729584
968230
846443
851082
751224
964111
754475
866354
876876
865843
876232
1052434
862799
861259
918761
867990
877014
729291
760822
845565
847681
886011
833938
852754
872984
861406
731286
841288
740873
864279
835265
865755
864660
865664
880357
859529
769922
849033
767041
854671
863590
742502
832183
981666
769242
839359
864212
841893
864184
847823
871093
756561
745366
866270
842410
844527
864388
1031767
866198
827186
847237
872291
870243
881832
856864
746868
848838
873631
764649
824880
854952
853582
737768
740326
862087
867909
840179
770815
754899
719235
854304
847951
857315
859053
863619
852448
871529
865639
746477
865593
892624
866555
864425
955552
963187
847532
721790
772556
867686
859350
750983
877356
869346
852317
865010
1026997
869791
864600
856041
774046
879234
852372
837302
874407
863421
848696
844085
874727
747235
864077
735986
762744
867022
869846
849809
736567
830982
739658
886322
868533
857353
760614
848624
753976
870349
749693
860552
869303
860724
854821
733757
862391
721147
867781
996130
879205
847185
854705
988624
829536
867994
859593
740693
756747
852173
754189
838330
857129
857120
858339
863389
883327
864623
868886
842104
850186
856082
888487
873023
766491
869164
755857
866723
767194
870550
877258
866739
853412
857290
890077
872093
989458
864854
726707
897750
840297
746206
876311
853148
738029
849306
863435
747140
868563
745929
751707
866494
839276
848766
857121
849635
873945
745240
769385
847622
852727
867238
851284
851253
858968
750777
1041774
888952
853809
766760
731478
748235
867294
854876
735279
866980
863410
739921
853963
884350
861685
850930
861170
860145
858754
851087
874785
857823
938700
753898
753878
744916
873019
875390
758713
866570
748830
854113
757672
850303
759104
734998
730633
775398
740368
773455
963884
870848
857186
870649
875660
859415
854474
850283
750119
866824
862776
867503
873980
863080
962115
880049
1038032
858830
854576
859566
862135
876004
874411
866858
857205
868155
717578
857015
862448
854306
848572
859969
855931
825156
843797
859177
857997
869185
871291
767089
732494
858988
853355
980048
859250
857312
863480
744775
871752
849189
743627
869750
744453
844198
716921
889360
747149
746562
751229
752187
873066
897752
935457
767682
752769
1035845
854125
756372
985524
839489
855949
851414
863820
872249
849360
852818
830324
874300
859011
851956
753541
778299
848871
875638
847870
745405
848623
878063
972817
854420
847822
840666
797508
736768
861290
864934
865889
850912
890364
862928
849096
781223
745629
847459
829615
739931
735387
776770
733209
737379
843779
747120
1011213
853937
838969
865025
843117
859687
741005
814693
853971
736017
729010
847864
837153
847937
841389
974291
746495
768929
860955
868141
871538
742816
876102
867565
877660
879892
764307
734897
853461
851787
962867
852357
867975
763439
844934
860973
880878
761437
873820
847721
856148
840205
868266
857132
751504
741095
879033
782610
857369
851313
872372
741560
754704
835798
868735
853994
853538
852869
881275
771379
889593
1062316
770923
862524
906458
772988
865027
853998
871693
873635
751667
845370
865721
859063
883488
867964
865649
879822
860734
857631
862963
842669
840446
789306
867315
863542
738027
755134
871299
843746
884696
861388
770317
730854
781239
756877
736538
855536
859995
859397
888417
857099
836864
868857
843517
859348
855521
748414
848031
842317
854551
765452
774484
957942
845542
882885
738622
999389
774889
887707
869297
880264
833342
851714
855427
893351
892915
883140
766504
874920
751572
866540
858676
877750
864486
862171
746530
752621
858861
888291
770403
819521
846147
821179
857293
747988
869362
858240
873062
872708
851698
865363
844649
742953
848138
783378
889894
772301
850192
760870
849568
845182
853562
734404
866422
873246
923566
848124
860102
754963
759604
1040651
845856
878460
878273
847923
857151
856872
743702
864303
863398
847682
856895
845748
835203
855806
860917
844059
962910
858826
865624
848120
852962
856798
859341
869630
726191
765229
756574
842607
855941
839595
865334
853059
967726
863333
883657
884326
882744
792699
759310
768836
883964
891850
868750
873796
896485
726811
834365
861272
854983
741868
838057
843504
740690
850466
761413
743074
874782
862210
853851
834833
833846
734199
771271
837697
761570
840219
980275
761769
852392
772355
842382
877982
779313
834526
853352
837113
978974
848535
865911
852751
741113
1077320
755736
729671
757107
784936
856467
899497
1043040
867677
871010
894492
840475
836722
847992
848279
829339
850947
751835
849472
860232
855161
852708
862909
841032
833465
863068
723534
884259
743375
839700
741262
750311
761056
867016
852292
767756
1012265
910809
869139
854473
866510
843900
867773
868460
856813
853115
761564
860878
967502
743122
864761
747427
747849
852421
743177
754880
983218
767582
751007
847030
880852
749287
865683
847083
982010
875467
865269
850063
866448
864380
851072
852225
752219
872398
878041
751290
870097
744680
866214
756739
870312
758642
854506
876803
861145
753506
841290
869105
1043133
833849
880014
861913
863304
849276
727232
880875
741917
857451
849416
860179
846360
881721
849516
770423
881174
719551
827061
847406
771299
863494
968481
762138
785653
756739
854134
839089
864936
842583
872673
732084
856663
844180
859713
847335
739618
762842
852319
844894
975641
860624
854383
852612
859081
867059
860908
767589
837530
861986
1049099
992720
869644
844141
850046
864387
846805
867743
847774
853888
758983
852650
878246
859283
747726
735216
756350
866959
859477
850447
859169
854278
766734
840925
743432
865680
857660
849855
761066
747157
762533
841702
840000
851336
882289
873488
856611
876881
901052
868702
876491
853447
777805
994971
755306
850306
762685
861569
768518
858617
866877
867938
849746
743006
874499
836783
852622
764596
846415
867019
736863
877782
856690
878880
945775
852141
774350
768380
973690
712604
967432
858179
727761
747472
752444
746870
777928
839952
858748
850708
877759
841616
742756
742108
878804
846014
741916
864257
882244
755053
763036
838586
854638
843157
845598
760879
839979
836339
968755
754422
1058908
872822
885161
1076284
845013
865739
741434
854171
738779
764598
879364
877973
877770
783387
858954
860164
847437
850079
866501
872185
880429
737834
854006
981923
837567
741457
1098910
857158
827949
852649
854354
763379
871941
739660
841858
708853
764008
835679
847627
754845
850674
848302
843112
854599
868938
1038122
874180
741675
841499
764815
787748
726971
859361
791052
860419
838182
750435
765434
868410
846065
829115
851575
845823
879188
846789
741710
847195
750891
727531
1050619
878384
892031
889297
844071
742511
884477
846501
854549
842529
844347
754932
854938
855171
841209
843342
863486
839927
730013
848045
856021
858327
870450
761490
867977
834644
778112
948264
764809
848699
767556
859073
723657
760049
854980
857631
715840
886754
852512
977721
739679
739071
845645
878501
870903
850164
878504
847811
848611
747876
883265
841526
848848
856500
857941
846861
892348
901733
850262
838771
863058
859446
867015
855656
747723
841553
766366
847380
854275
824874
843926
856710
862399
768611
879584
857233
739147
752433
883440
868793
1055293
845497
850108
876749
849551
861922
858949
842861
851199
867603
880405
867518
739158
847296
852125
860198
851356
852119
877784
867258
870242
843665
850699
865310
738142
1075806
844189
866501
745675
846580
775051
852918
877475
1078000
857071
864698
860214
752486
880147
753465
838639
865043
855663
773132
852692
744411
856471
850636
731884
1018188
758196
889755
861964
879266
846022
893161
844022
872895
865727
860431
859472
874091
878053
890084
875910
751902
741164
839299
747622
847565
748236
745379
859133
766159
851811
777068
775115
840998
793759
764149
756697
780606
864409
767915
869442
861564
747981
873721
848698
856779
858247
778964
730745
849133
863042
851241
867979
772449
859989
842854
855905
863215
882703
764299
854796
744047
864085
856994
768343
851413
871739
870182
780734
859689
847420
765164
861447
857510
707639
844336
866986
877007
860870
712649
841595
865675
774629
853142
859695
877004
781482
900876
841960
865663
855469
859568
737363
871604
859789
736460
739144
869165
841196
729055
836127
875447
846155
731044
859052
867191
753947
873140
867336
875296
892467
740974
752734
871974
853791
962516
747517
763191
839691
765785
842194
856006
745354
963694
848115
739428
737419
863541
881620
866679
876100
852561
868889
853408
861155
744218
969256
841825
755019
742914
876423
838178
773339
867468
843291
866012
868031
861303
749995
863587
1020921
868623
870866
851161
871256
737789
822751
747982
860631
878480
858003
856153
855724
862691
849174
740865
870317
872279
862761
833237
837468
870650
848436
851330
843367
853732
975094
876878
851910
858427
874931
842743
757507
846633
868995
867792
736416
881575
842009
863402
847325
850365
874052
762006
858446
851191
739177
850751
828289
854086
865057
1046166
857527
878440
857913
838029
837745
880198
849155
868055
822689
856506
1085073
862844
853748
759710
868749
835301
857169
864978
730055
845003
830263
710753
848834
743166
847777
743768
855926
841952
862091
859613
760079
852888
865110
1067077
866905
861435
857468
876157
883529
1045636
860883
840893
741182
866068
869634
870523
970090
854102
766673
859521
853624
873300
848801
852606
861333
869559
843009
850819
1080163
738006
856111
773329
776978
733476
857878
861222
840625
752035
739905
852266
869031
879153
852978
877865
851438
849515
874486
736957
975765
860075
740271
834343
873165
1055343
839878
855099
747523
887649
844628
863253
856741
849428
851855
855299
740394
741727
848119
845684
835450
734705
758784
769120
864535
1061129
834410
840517
739624
890618
850169
737838
733884
851943
1181062
880311
844114
963650
983510
778167
852939
853814
747310
789711
849315
853664
857518
834619
855069
747896
981259
875690
849717
748724
847582
848566
866689
865179
881702
880528
861312
865310
1020704
818156
853018
874719
832858
850312
859952
759523
857551
850347
846188
846650
746165
865098
850832
883721
878720
869559
880912
861134
783588
855176
857724
866047
861783
854015
849289
849189
843823
863741
1028046
853400
857744
854800
878885
845734
825102
847326
728065
753553
858154
858536
952284
770882
849228
860074
862749
855243
852970
866908
769175
859681
739542
858222
742777
838017
846857
879103
857735
746912
724375
890206
859035
847449
841091
832448
867774
862464
878949
845906
761967
876739
866735
846413
749368
855100
755625
766325
846097
751996
758251
852332
876043
851026
1059515
762062
868291
855671
848819
725325
759367
830637
762467
874418
854657
743014
735565
846267
849907
880419
992326
889382
866977
751907
769092
860735
849639
753679
863823
767962
755693
859710
984233
885017
838580
855265
1051058
853590
853712
958715
861254
768735
867076
753781
720423
856204
742465
764212
913139
848459
844105
858034
855868
862942
726092
964641
731806
849661
857404
1079908
860795
1057172
984868
865686
854802
869434
853045
871160
1046910
730157
835033
764846
838553
869612
854604
835454
988930
875894
868696
853332
865620
991009
865918
842399
755590
875291
843011
863421
854176
854199
736926
856336
732580
874122
860067
707472
742533
870217
869732
874559
768963
857022
862164
766120
884186
871041
747538
874190
737207
766382
856949
752986
852041
884012
969929
760749
950782
891656
773656
756491
1047682
746729
898821
1070566
883198
900536
870268
867976
878157
984209
892528
862794
761322
888447
780577
956006
767628
756810
869246
768063
740962
872047
875899
889247
959404
736510
858902
862892
780604
1581495
775950
891542
874312
968942
1011009
889771
897765
872200
884428
875177
889798
868135
889569
993671
872225
957930
792750
880153
765854
739352
889658
875441
853033
771722
900111
1103278
1009304
857444
1032264
861938
717242
865019
865277
835646
861123
863557
850376
873938
732139
848790
866612
833476
758060
858974
771372
735530
878876
750110
786203
862309
758680
886812
872028
857250
742488
752070
776764
844621
1050747
871020
861605
765410
771627
755290
864786
852358
750454
865681
851666
759768
718345
831692
857117
838367
859027
863451
836051
877078
866625
849378
846500
959257
846961
859070
746149
846501
851299
743536
856130
854163
817045
857725
835522
769598
846357
862295
738234
756567
852043
865147
773160
1051109
861011
874513
754853
893783
843863
831800
853727
861236
762263
843638
738376
861819
728510
849970
850431
859273
738664
752381
845443
863383
869345
862794
886228
866378
856823
846168
865533
843477
843238
851264
762163
855227
868427
838580
859746
836450
755771
855614
749412
875704
850148
750813
774105
967514
856967
730132
771343
850745
769034
842599
745295
848189
870398
842352
775210
873945
865178
839522
772205
839868
865987
870604
766173
893991
874617
864986
859568
845561
876013
850005
751050
730073
869183
859581
749378
760586
867025
868374
858950
859505
849475
750896
890572
860837
857030
882875
1006224
873281
942725
743268
860388
859139
857191
844385
860315
741430
736962
868044
968102
846659
854993
776221
868895
854689
846310
774004
864794
970663
738813
853082
1064868
862995
885937
740047
860917
864624
861285
868634
869624
850814
851059
853226
847010
855700
850540
873444
845686
758616
755699
845294
748154
853724
742789
735932
882211
824125
847917
756109
844060
876164
851332
862283
841884
858840
852872
720034
852696
772750
883375
863414
849739
847325
845222
752579
864572
867034
848658
869346
709736
989423
865869
863379
740156
874769
855181
877578
873425
868274
863713
832206
728199
767544
853095
841843
745877
861139
730114
850512
739881
766991
875557
750106
864959
856137
865081
853274
747277
850162
994687
847176
868594
879726
870613
878256
866741
848580
718103
842372
838285
844401
767474
982111
855266
740724
753103
848134
872905
740232
867795
854906
885627
854538
844457
870505
778135
750186
859191
877582
769986
744854
865424
856628
883055
772350
854668
856546
868641
1057392
877704
887853
843015
870200
757426
852701
863518
851927
870516
740491
857780
750607
857604
861157
862100
858148
750949
857359
900538
743941
897794
746219
776407
858255
875585
836793
741295
880353
867144
1065374
855679
858429
909724
854620
831997
845658
856041
872318
866044
866236
858271
855932
870668
851130
846757
881071
840028
835014
863635
755636
746334
850645
776761
859895
852368
860586
845125
855583
747129
860516
761036
867334
858212
845249
878171
731388
853460
853088
853372
855941
972505
852787
843581
849565
767206
870705
854650
875929
844692
871993
745375
854583
833821
864001
735566
883895
865504
875164
1052724
737386
762702
944672
882193
747887
848968
971901
826447
862195
855279
858852
864929
739632
870139
856746
873349
1049563
867031
869469
880176
949225
856599
852747
1054730
747738
832664
849636
855466
840324
721542
849698
849446
984771
859289
851245
733943
876135
741956
855250
856691
758812
863333
780023
734376
874584
886402
838916
854706
846830
846392
849207
845836
860517
782674
986240
747678
859247
772396
855222
863408
762616
856542
848708
767978
766935
740654
768466
824331
855620
770385
839520
744699
741825
754484
840485
862698
854573
758663
859753
854646
758352
843741
756290
842594
860879
887647
868662
766957
861556
1029849
843618
778412
870596
854416
880225
1078638
844788
865619
745030
870107
1054922
777850
849075
846603
710492
734721
984180
966033
863402
957785
896390
863534
845542
750641
1054104
750014
858942
751319
888336
865878
869799
763077
748913
858186
875020
975949
861321
743487
850727
860468
865661
764032
834424
857319
766909
851132
851245
761308
850568
751452
982104
853383
842923
850463
721499
854609
897092
970668
877690
872120
843799
727649
729770
865169
849385
858895
862185
962228
857108
845083
863553
855617
861472
854763
841881
862664
842693
854920
790390
760953
850885
846091
863672
830777
855887
772575
860970
844235
757531
843576
761647
978884
828733
868005
850096
861544
846334
970798
782205
875340
847958
856462
845172
760222
855139
847916
850579
867423
765167
771352
858390
839872
852516
848508
753087
835250
851530
843924
857028
869231
875374
874941
886210
846379
763272
731370
733387
849619
883031
851414
835283
849439
852613
731561
853690
867621
729839
843694
846043
776313
990248
779272
748421
865104
774140
872445
866016
844420
743187
738696
836736
858940
742723
846368
859948
843099
749107
724410
888737
725356
739332
846233
748298
845065
842530
840003
846790
862518
770816
880412
750165
870014
760499
879782
852785
736265
861996
745035
857944
890083
862576
840180
860987
863475
762756
729550
864422
850134
724609
869738
1070110
741995
729171
748545
858021
861407
757581
849773
874120
717260
882086
871201
860329
770874
858534
859785
841254
870070
860521
863261
905133
853844
851519
755138
873712
765208
895507
781928
861472
836419
844671
846659
777373
891706
837106
756931
837689
855928
826515
841153
738492
853760
869981
861810
861414
755188
737781
873281
878062
860245
757571
870404
962490
734814
961608
741773
858928
1051129
861082
751209
769671
850137
752983
843481
717736
744257
844410
863840
852393
744876
841044
878027
858417
740599
767183
866778
858048
855378
764577
733959
868102
866541
867107
874945
859723
887523
879232
981639
853562
860564
847426
898464
873268
791773
902316
739324
841722
865687
855954
849043
776783
751177
845858
764011
856630
861566
858079
975535
743647
782331
866838
841052
865422
862868
868449
844904
765501
744307
850733
758264
852355
743479
854725
871624
851949
769697
875116
855843
862271
970276
841347
764703
936627
887582
845219
885441
862287
748372
838464
889648
872788
760566
840323
755256
898902
752113
887944
851447
855649
742341
864854
843287
885450
854990
860679
864055
973366
866728
826184
855948
734171
849664
846676
966217
844972
862459
856488
738106
853861
744660
856105
840443
833516
778955
1003818
879207
843289
866016
854349
780340
872884
962952
875994
846729
863278
872488
853401
863474
833742
854582
873590
874257
869638
856304
838165
838403
856381
867005
880540
861790
866103
775533
882190
884604
724576
746538
954048
847705
860670
860820
841922
846347
840318
866696
876411
839440
871407
847010
859990
871443
835555
869122
868526
886790
871495
868582
766370
856006
736370
833426
883520
854794
864975
787711
855861
740088
851502
976386
774662
846639
1082225
869197
862971
864301
880095
854528
880548
854289
858651
837938
863333
989071
871039
869873
843217
860957
845579
827986
774122
769295
838521
746464
836887
862070
855459
849117
869779
836262
821617
845667
854751
854157
765642
848654
870524
736147
740085
842498
871436
755408
867754
845061
852795
731354
844887
861702
775689
846918
754100
858003
846496
860234
860220
839459
759785
841831
843075
852803
857703
966091
773596
868263
770988
760090
750273
840352
851806
853478
746784
851400
890037
865007
842643
778277
867273
840735
843288
844962
740937
749960
752195
836346
826633
862181
768656
862923
950422
742831
879672
871343
954467
783974
995554
743186
868423
870080
744065
861981
847864
847190
856732
878258
1050875
727466
855820
837463
850009
854633
738810
755031
843859
847213
846492
762511
733749
751467
740299
878421
863163
985987
853103
763148
887607
773884
843048
1064468
1057515
966216
879491
875685
875857
841922
868155
964017
839726
761811
889126
860728
867362
835831
873280
855068
892576
845012
751649
869300
757879
853662
846483
878264
843224
850814
834559
847569
836834
753036
851920
733595
719909
858743
847087
856430
859236
741437
850162
855828
866538
760515
762043
858787
847977
882495
859420
846844
730852
848938
839426
882976
893227
1009395
1023633
959904
779630
844135
735886
864677
862597
872047
749028
751524
869480
844793
747760
849003
759520
862007
844893
829620
850623
865420
753866
867880
834314
873198
759384
826117
861323
866363
854447
858623
737586
856088
860311
722022
755560
859898
870548
842205
858691
851220
880672
775467
828924
748389
857268
856472
865478
837890
844068
1041874
726345
742696
835611
763517
867635
843472
850107
749477
959516
850964
972604
764569
846660
749213
738845
763121
865104
856956
844004
775446
755252
853006
864139
965167
962162
774351
748095
738866
847661
877832
728598
952130
722574
733322
865610
857811
775380
860088
779032
842059
853223
852313
849324
860996
848683
871151
883671
750924
873075
850256
866835
771747
740645
845304
873410
726820
863352
859146
862939
858290
867590
760669
873392
745044
908519
875995
844494
763268
765474
787153
857132
862536
840480
864230
845093
880318
1046115
860410
748722
866521
861192
873221
867786
857717
766224
751067
851337
832647
858167
863516
872971
871358
1023104
909105
855139
867280
879593
871955
767425
859851
1073836
854227
754479
841049
861831
863040
841395
851860
742036
852042
758238
837759
852792
830160
834708
868991
847123
856607
976159
850962
752895
845879
837782
716727
861275
856293
873519
848504
968931
864353
854973
783900
767550
882095
852082
836448
885587
837498
848389
853103
752312
879887
764762
829237
749620
851579
986018
861625
838948
865115
848886
838620
967783
756355
778569
867506
774746
766516
882802
873357
872031
763443
1015616
908570
878275
880291
882128
852105
858702
844255
861383
876524
852963
849729
767044
863320
853054
855731
744557
869178
731672
748872
726511
859320
729677
872523
828814
866371
847917
844886
859275
846488
840773
788218
1033022
775419
733602
864901
990473
900276
831634
774115
868121
860968
742811
730793
723542
834444
840311
858881
852232
850757
865541
886266
894164
863087
849973
983999
867930
865882
736023
868382
723201
864950
854857
745120
888979
853994
985330
745733
740815
854380
890078
733981
761099
755833
730904
761864
854053
866688
883683
844980
872350
736797
740988
868740
860412
848953
866723
887196
845631
742378
857266
858472
848105
868914
875311
749321
888085
727443
866056
848794
852059
857260
883361
750030
846552
732233
839258
880758
845986
755509
829651
852168
864308
746467
869277
855431
856669
851962
839998
773167
877646
854496
833858
765996
858784
846210
838804
744434
860010
852757
857330
732040
782473
857569
746410
849647
857658
850046
844182
841394
857983
738165
871280
862867
875213
749346
851968
852973
861441
858875
891745
1054878
771510
854700
845207
862088
980405
974663
854868
884422
843678
841854
846903
849056
864887
852386
858539
854631
761555
760107
869566
706220
750676
1053307
746521
853426
781664
768051
879097
839323
848894
866701
990154
772867
864581
846944
753462
744139
856172
869002
872012
853384
866153
978437
836757
837741
755349
850004
755519
852444
858447
841396
839163
769881
748164
1062420
766048
773094
884781
860511
751094
830459
847854
754569
744707
876765
757810
861401
738862
767041
964647
757129
820277
792730
849123
973011
735025
840053
849365
766850
751698
846293
849737
853585
864710
868886
766868
852713
836363
860758
836127
861564
868772
861288
873386
855917
987848
837740
869203
861474
858071
874776
733773
857530
739299
840663
860106
857530
746769
846426
856903
866190
856040
758188
854551
858233
758392
862734
850188
733955
789797
873543
882999
844082
871079
857508
756731
869297
859039
830556
843932
852129
780913
837582
855978
847301
860295
881192
766464
833059
850774
849314
852646
871614
861411
881777
886319
763471
852124
926484
863327
717216
851104
843886
875842
731090
852127
849667
864654
853329
840850
865619
857611
855861
864550
752126
856202
844856
737030
843628
862655
869172
858738
869226
853347
778492
861086
745244
912264
871677
871418
844537
857330
1078695
851363
845360
860161
853611
755634
703412
847718
779896
846259
863175
885517
858931
862530
857189
838156
1085244
860363
848952
847619
766957
841235
850943
833789
865418
850764
878243
846922
893075
856842
862491
854351
844015
872737
873644
862341
854351
767836
845298
855922
863840
871706
780768
751217
849584
833796
870256
1056745
880361
769841
969907
976197
864027
982250
845815
843881
844636
859277
845079
879195
868631
791256
870837
857052
838693
860511
762916
863738
855193
872024
872833
872448
842073
849433
876912
856480
757761
877210
857419
878039
859007
784611
755097
850869
742477
1084909
824575
853985
749429
865358
841067
879692
963853
868140
731542
855289
860522
885746
848314
757235
849218
908948
739803
876588
870504
745882
847521
871898
849817
869942
858160
858764
866962
736011
868685
741929
727692
847846
854815
848359
853970
856150
854972
754698
727053
835227
773410
889422
908438
851458
854205
866336
781596
851257
863730
857136
859174
745034
754356
852676
843838
839126
861499
840798
746335
833675
848082
853628
854770
741356
746564
859945
777441
857212
732157
767567
873410
757580
835819
871011
859638
860186
861273
869532
835741
841640
742361
850014
746377
745781
859996
853328
859364
874628
874252
763403
735706
898008
1048771
891552
845067
758940
744608
855767
840140
862242
851812
721844
863407
828918
860356
834505
855903
759382
829018
870100
845863
851913
849263
845608
859199
861672
865024
810592
732641
847605
860705
1048495
895311
828621
866274
748179
864540
885081
862273
865055
866096
868246
855451
748301
844696
838648
742461
866596
855403
864592
855242
745777
866796
726969
849004
857220
863623
845736
879903
760004
1499151
1094102
843509
870319
845315
768594
772785
859149
868316
878977
767492
856814
869102
858363
870749
850463
851283
729614
741003
857539
851207
856817
856171
869879
840516
860087
845271
886032
778164
838151
