401
1001
1648
1037
1572
1869
1520
995
2362
2272
2967
2954
3340
394
4556
2524
4428
3899
2070
4957
4565
5107
3888
3610
5342
3828
3247
3793
6343
5285
7717
5995
8621
9004
7239
8751
7201
7446
7627
8316
6931
10260
2326
482
1701
11362
7505
10410
4540
10133
8715
2836
11755
11299
9677
4126
11609
12335
6634
12463
956
6874
11516
3449
5814
6139
5428
11972
4565
7374
10272
13309
134
205
737
450
485
939
1350
1380
1648
1022
1039
2080
1264
2179
2328
667
2673
3525
4296
4730
4760
4060
50
3759
1266
3708
6092
685
6933
5913
3825
7536
7713
6768
7244
3972
8210
5865
9165
3310
7774
6091
5596
6411
8829
9333
606
5802
10605
11118
9267
11064
9774
7084
7422
11420
10979
6853
12031
12623
13291
8297
13675
6355
9800
5190
4867
14084
8676
7757
13623
6672
10580
8023
11463
2314
793
13581
9183
4749
4044
14213
12588
4649
15199
13079
12436
6357
1726
12408
18557
18478
1965
3247
15228
17455
10315
11212
17602
9611
12954
19346
4315
7618
20895
16344
7614
16621
4124
12876
3314
20821
2299
15985
483
8749
2826
16712
16815
2546
20761
19114
16735
5750
10054
22749
14129
653
1628
23642
22631
22026
22955
6123
79
3940
25916
15856
12015
21408
25499
15611
21666
119
169
18635
25796
25125
16373
7088
723
25501
24534
2208
6240
16652
14999
2980
6341
20233
8780
19933
20706
16081
2822
12069
22596
16847
16772
253
15526
19779
19203
13212
27100
13445
9074
1990
15190
2884
875
6495
6715
17226
6351
45
20698
12482
999
221
11787
9699
6033
10321
11666
2243
28632
3442
23696
3058
6231
7117
3392
14265
21609
353
6140
16994
4788
17506
29697
29985
22805
20236
16259
6184
3405
14569
2730
20430
22437
877
20450
16048
11991
32594
19750
8656
2314
31616
1934
17356
10573
2911
28282
29592
2503
477
959
12980
4839
993
16601
24375
22758
10988
2117
18126
19469
31521
30464
31411
35199
7605
18976
7789
24766
25267
7456
526
20562
2677
13611
23604
24533
13510
10428
608
33266
4439
10369
11211
6341
23731
25526
5084
37006
2398
13923
24666
17998
12332
2599
20795
9115
23936
1917
9042
17012
9415
4786
15363
34290
6970
28741
23481
8270
10154
1665
28309
5344
23862
14983
2847
483
34681
22667
18187
10967
8683
30851
28643
17615
18633
7961
39047
22214
9156
3490
8671
2139
7084
31838
13911
9041
36958
15902
29447
1370
77
11389
11233
13585
25151
114
10671
42683
5951
31684
43131
8349
24733
8245
369
38277
10420
5045
25958
14411
322
4092
36013
844
38513
10396
14840
27099
2509
6847
44171
28874
28540
20683
2204
7640
15494
2657
40303
35814
33698
40312
9343
12797
22234
5845
32479
2611
15347
33041
45644
1237
24956
5410
32718
22476
13849
37445
290
3723
23601
29744
16344
14732
6592
333
12868
20865
10083
15849
12924
30907
23351
20299
47244
47365
2801
26351
15067
33556
25000
7564
17404
6116
30883
37292
3764
27448
8697
19723
41862
1182
552
5239
1256
14440
23187
44370
454
5535
5932
15035
35330
14589
14278
35176
11833
21147
16088
16025
565
15146
7731
29531
15848
6926
11103
24103
1471
2571
11752
29382
8190
9829
9698
26964
10438
13843
39520
17341
11923
11797
31942
2811
1067
14240
25185
27286
16190
3510
8319
2338
35928
5012
13851
11361
25431
12522
9874
50414
38298
11548
18622
4347
14882
8646
15980
13512
38434
16969
14471
8532
21577
7558
10904
47077
1962
8500
17932
41180
5781
6393
6839
9640
3119
9718
6091
22370
2845
29161
34093
53696
33921
28245
6836
6545
8746
21699
15293
1666
18751
6589
17110
2332
20789
45605
32455
8448
10360
1268
12229
13010
23857
10251
24417
30034
4144
6027
6454
14770
803
22130
8786
10685
13135
18125
12214
12447
6422
1236
38619
3607
20210
31918
13719
18820
5683
8439
19457
12524
4947
36432
11290
14865
19664
11014
3891
10157
9038
27008
15775
715
2082
4593
28703
5693
9839
32357
23225
2556
10780
20907
1081
10367
22242
15494
20454
19652
18716
15951
29524
34816
2425
2216
3232
893
49193
39195
6174
4206
40974
19652
48648
20229
15067
23270
8953
9491
3235
2111
16416
5395
41726
16862
17094
42220
3966
37087
22707
16654
12619
11741
27674
2322
17954
2938
26075
403
23887
54219
15930
8213
15178
4485
1977
15494
19735
48841
31059
32611
33785
20096
10609
13599
41257
24441
867
50953
20609
22502
7900
15133
6071
1698
5362
28097
11450
10583
20563
8255
42024
3348
9719
22641
23797
20275
30197
18085
1595
32511
20778
12550
19368
2539
2768
27311
9253
9352
9470
7831
35221
13463
16510
4465
2961
28623
6319
39312
32229
15342
30622
27421
2607
14258
4376
3118
18182
1553
1047
47557
3166
47755
2436
23424
30895
24246
8104
3109
29571
14578
6281
18190
2581
22644
4952
29810
22147
31637
20473
2696
7881
12506
9647
24507
3694
15872
7798
3812
4697
9111
17496
18585
52791
31054
8420
12728
23416
37017
31462
17816
8896
49753
61403
17633
18903
716
27488
13605
11699
37325
2642
70283
2480
19615
31531
2029
15387
31988
27677
2986
19651
20647
8976
19416
6240
43711
22525
40
19516
2457
21757
5322
15727
8565
16050
55650
62645
14324
15500
1776
5912
40346
8894
24937
16538
6544
29091
5607
11125
26915
16824
13435
18665
4620
3505
7271
29221
26268
67228
23421
12323
39281
10513
15099
30130
30828
22308
31171
2098
43922
15686
4417
1527
8931
5653
9017
11225
5189
3991
31476
5655
17675
14861
18933
21543
26291
21838
19114
5870
15681
8440
1077
16023
22803
7503
1771
32772
12792
9952
30402
26867
56974
17511
27053
6078
46167
306
686
10536
13075
16013
38195
31373
10246
1013
1608
7901
41328
10458
60
2401
37488
673
9421
46063
4011
19980
5888
15243
15616
9219
62041
54602
38961
42756
33513
12452
15640
11058
24466
5817
13949
3374
64021
20531
667
31252
65261
2314
19170
31460
3355
9289
8087
33312
279
32037
12145
21495
208
3423
13227
31673
24583
16616
21520
19646
38741
7530
9195
14417
40332
19694
33075
44341
17741
4505
9088
39314
5571
12028
14179
18583
39765
5395
781
12437
39503
31200
3142
17368
9397
15626
1521
11892
28186
32934
17054
4223
30391
5156
12230
1059
24925
25038
6230
15285
680
3159
22558
4271
8874
4760
6506
11766
18833
8764
4368
20704
78710
49133
3274
3645
10867
7147
917
1662
6393
1522
1418
4821
43831
28870
10901
3156
12196
2301
19079
11061
7465
6790
12151
4971
14021
5168
16643
27718
11570
17275
15909
12936
27779
25600
25419
5403
24291
28147
4679
4993
34959
12925
37
106
446
611
692
771
1405
1528
885
2012
2072
2591
2629
3058
1199
1546
3408
1576
3974
3863
1871
4573
5052
1904
261
6342
2529
3372
7167
3980
3063
3809
2947
4411
8269
8333
4933
3353
6170
6387
5985
9568
1897
7543
8182
8430
3169
10685
9861
2555
10062
4192
2925
3054
9339
11628
11783
8039
4835
464
886
10808
10574
12079
11451
12179
671
13132
11421
13088
13565
2470
12346
11749
10541
7865
13779
14746
3454
1453
9467
8232
7219
508
6997
8985
13914
14018
253
143
8321
15258
14336
10861
4926
16242
6727
6768
5823
17178
6968
16692
9788
11762
10193
168
8192
12684
14038
407
1524
10263
7153
17630
15702
9220
5332
8649
8404
9891
13100
18428
20376
20408
3943
20876
11306
12073
11339
10612
12500
1679
20407
12679
14192
19401
9860
14286
19243
7235
1040
5205
8045
11280
2709
16574
19704
416
20673
3340
4073
18170
8118
17171
23500
9541
7230
13327
16031
14348
25668
25823
25342
11646
8897
1646
7423
26747
2362
5867
5866
9431
2181
27932
11523
11898
20219
225
18154
20932
2643
5549
837
26194
4901
3389
1758
9714
6876
5720
27889
3383
2333
5938
8301
8801
23806
12011
27804
11438
1754
9277
29215
13891
11618
29013
14978
17609
15554
5633
539
4950
8529
14253
24326
2963
30792
14274
22802
530
10726
9324
32558
26455
24547
3214
6248
19881
2274
31968
27403
8420
15767
14491
31996
11222
30024
33611
32872
1995
6539
10224
1826
34403
2642
6735
8259
1616
24183
14015
14449
15293
1013
33528
18555
21897
15764
16751
11082
24918
31147
2145
13427
36537
5920
14496
8374
6052
906
9240
3167
37434
31740
18778
20311
6208
37287
21962
1754
13321
13280
27506
11471
17767
9618
27694
1956
13052
19799
35271
5190
21651
1353
5713
23745
20799
6401
22442
28453
5055
38511
30890
6378
5893
27878
17274
37565
1363
21359
23554
7263
15789
15459
10583
26464
15448
33045
13691
20100
12189
20495
40896
451
10344
41402
11299
1090
39765
16376
1700
11337
14180
10488
21632
28144
8282
332
11877
1071
1249
10007
4079
1948
1727
8272
8666
17242
15835
10165
2905
29599
2090
7824
7195
506
3473
8430
9974
10667
38632
19342
4548
16988
11436
14034
5794
11286
1476
20145
10705
11001
13852
11050
4332
2393
25319
10679
7303
10013
9556
9045
8171
18084
3687
32912
44156
6012
24160
31270
18001
4971
13434
6696
19318
19928
6321
16213
3337
29
20718
40032
12060
5392
35265
24662
18455
6603
11779
24832
27632
19753
11119
17571
17316
15998
9782
9282
4713
15018
8441
21586
26371
34004
28824
3457
8877
19283
6887
7712
18225
3581
10146
35259
1532
47339
42066
10555
2221
12200
13167
39200
40084
21921
10828
70
40801
1195
9564
7700
1932
246
4360
7701
46622
20438
2895
8971
12823
7834
30205
3290
5420
10937
48159
20806
3776
6691
4294
5284
11130
172
13406
14020
11435
15486
28582
1000
15993
8189
2320
730
46392
23207
1900
18386
26515
7215
40366
6604
8422
50864
5549
53427
377
20410
5997
5388
19660
6107
12501
3806
35451
30267
3852
37726
29620
8142
1146
49384
11910
2109
3491
26007
10427
31990
14689
26310
18172
2320
14427
45886
10176
2866
7008
10967
37440
5441
17438
28259
13533
15719
29872
7765
20095
28173
30414
41149
44650
19086
49963
8083
2536
488
10795
16373
12719
37733
460
1424
3812
15893
206
31772
6968
8491
17284
3865
42725
11383
5814
20179
14036
28679
10476
23439
20588
12356
15668
38629
23405
7862
3631
22363
32038
20004
34986
4648
10782
1667
14006
26889
23859
4406
9087
39098
53508
7377
15772
35954
20725
21805
19792
10060
44961
36002
23816
29020
5139
36413
9557
7667
18845
3245
24433
10011
41745
17553
399
2004
34155
31810
8108
6034
3837
41107
10459
39141
557
23179
14701
4855
1748
6732
9166
4619
5426
1556
50187
11866
61562
39476
16731
888
2699
384
2458
25355
10253
50005
35
11378
13965
47555
2085
12717
18084
309
14002
47169
12513
4373
16980
59120
43159
1320
3687
25831
57806
6085
15526
4397
2999
35462
4522
23038
48062
5991
49964
7576
1662
10523
4521
1649
25046
25482
2473
40037
23705
8274
4303
2967
7360
7026
43283
8115
438
46638
26537
22378
27674
45831
9231
12612
8016
8117
9937
15005
34604
39185
13390
5467
3029
980
50953
10052
42198
38382
11838
1337
3354
530
5127
8135
782
9346
12151
7711
10061
14412
7257
13351
8200
18638
20804
2268
10885
16342
7463
7972
7585
19588
43071
1573
7576
10087
453
11076
34679
13545
279
56494
3536
13522
9991
26228
22236
6112
2592
1593
14631
34980
54688
38830
5354
12187
19324
4141
4100
10317
382
18216
1878
4005
20887
16475
19928
39358
6294
56002
24951
5262
8650
18775
21840
10875
62377
37175
36984
4144
45788
37247
8103
19376
8696
28499
5674
44648
802
9845
22835
24286
48542
11302
40640
4037
19780
21637
405
39350
20945
38281
11349
1044
10013
31293
4754
13106
11801
14453
14788
15389
19568
3035
21551
15519
27928
15587
2750
9949
7005
11996
958
14496
1531
5579
315
3190
26897
3357
36877
24672
47475
6455
5930
9016
3131
14426
2059
223
2010
20956
22661
24821
5975
12484
3566
10945
32445
7777
23873
405
12632
32138
28956
28384
15290
29724
9096
27293
40365
3393
5283
30985
27804
316
47583
29296
2486
35866
13096
9175
19416
2632
2145
7782
25092
28697
12400
30882
9361
6309
15876
5093
2698
31894
15213
3498
17589
524
17343
27690
15640
7531
1932
44116
17051
17752
19188
19772
11778
17356
14862
9709
13227
14624
366
120
363
3826
22757
36252
1672
64020
14466
8017
8443
19577
22314
34743
48598
32521
5059
16800
44012
22270
14653
357
44592
37533
68713
10514
14389
5014
20486
57922
13972
852
41374
12491
57485
5793
12194
637
563
36611
50
11034
1493
15738
23593
9739
4066
7859
3835
4243
8842
41330
6641
23442
8040
6300
10355
20946
17536
20886
18278
5486
1149
49865
5734
5085
26099
11536
455
12104
47605
6588
47954
47418
14873
2636
18031
50885
14208
8377
33001
21172
7625
3549
58318
8198
13061
16529
3890
37383
11605
6062
2023
24494
5341
