2
466
1342
1054
577
439
2305
1736
105
98
561
2071
658
3165
784
1125
717
87
144
1254
13
750
186
554
4
711
1653
1419
671
1036
1173
1380
153
665
1986
570
277
1946
2587
235
925
1573
202
1766
174
2002
925
2146
358
540
1455
662
320
510
310
364
220
1
1129
145
116
395
452
225
2318
82
1204
1049
991
1816
475
3453
592
791
577
430
300
1230
624
115
146
708
583
1414
5
942
85
954
1112
2438
762
194
648
89
1119
495
237
1895
630
259
405
2604
262
3501
96
667
607
240
459
1120
1664
717
161
434
434
157
183
1577
3282
489
911
1509
260
340
896
799
2926
373
269
1191
1021
676
567
672
1178
350
101
1034
1535
189
994
277
246
1486
707
67
751
613
447
463
895
879
3022
333
627
2532
1445
101
24
837
94
3967
675
279
473
310
129
8
2475
647
1333
300
87
667
423
323
344
37
472
572
2529
2633
13
497
765
1091
2459
467
310
913
437
98
822
797
1091
684
1175
911
2174
4291
3335
1601
3057
2975
1586
1340
847
553
9
560
2328
740
1694
168
1573
1398
395
1508
308
293
2762
890
377
1434
499
2263
508
268
479
1834
549
343
340
1862
960
34
1075
618
1161
333
708
2171
1927
399
2093
555
938
818
177
394
304
681
924
1521
117
674
109
244
1169
35
1476
326
210
1282
845
1378
516
1340
2062
631
692
7
756
626
1032
664
1306
420
213
209
2493
984
80
606
644
1459
308
130
54
553
84
1024
1905
536
328
463
815
5215
580
1684
380
86
321
54
268
1445
52
1281
276
637
3092
1438
2605
420
1058
395
7
1007
945
601
2438
226
2110
2063
133
647
157
1561
801
2199
133
908
923
562
3
239
897
2048
485
2320
416
208
35
432
277
168
1960
2553
1130
443
92
395
632
253
329
413
267
4993
987
779
407
932
1005
750
392
563
729
1335
2749
555
503
424
1042
923
199
714
365
625
1027
1793
2428
687
878
2958
632
788
3
406
1057
1184
946
1701
393
18
2
119
1115
4160
3396
2024
323
223
2241
854
670
828
146
3427
923
289
3372
826
1092
6373
2524
440
747
285
1943
1330
3654
1633
2086
1436
938
1677
61
1498
101
37
905
322
453
6049
2337
53
56
436
936
228
255
540
2949
607
257
724
651
2034
786
518
131
675
21
128
2159
692
1537
2121
2078
63
1489
130
440
447
1079
1658
701
922
1071
366
153
876
11
4238
1870
1681
1864
1104
1427
1817
70
1026
800
49
224
2866
61
1823
617
204
284
1158
3123
980
603
1537
426
1315
343
478
4266
89
27
1083
982
349
383
319
2803
1872
360
5203
1161
261
128
513
139
2574
964
773
749
387
1528
281
638
95
329
505
129
235
4349
226
500
53
134
1030
332
3864
2363
1472
1117
1867
905
174
928
787
1425
1220
1007
397
983
758
133
687
674
1845
837
9
151
184
1326
13
24
193
615
2351
347
206
236
658
5298
1029
927
77
1185
363
29
397
901
379
892
1357
467
359
244
1540
923
886
2381
1105
85
480
754
3282
1808
1427
178
504
4821
935
2876
1490
717
523
863
28
489
841
399
2071
79
993
1071
2568
1258
186
1347
14
2339
1000
1009
1441
20
2750
444
1821
97
176
1503
167
1017
764
68
225
378
259
907
98
312
793
937
532
247
822
1092
854
132
61
717
239
1284
345
1191
217
780
18
718
2545
664
2996
3124
1459
394
456
366
1670
789
634
2072
71
564
1822
451
3745
89
868
770
272
1140
461
285
2059
569
1095
772
1363
722
192
1562
452
783
1380
877
142
1090
392
166
537
2428
902
901
2697
2391
560
1678
402
364
353
4459
333
434
1326
58
281
1084
106
336
1663
27
937
411
960
201
315
242
1811
707
592
2188
71
2545
522
1201
1882
1392
1101
701
817
805
768
720
950
692
757
445
76
40
201
1030
530
356
717
1001
2019
1028
823
97
609
1664
561
1035
437
183
1848
2524
1100
106
425
405
3226
2732
858
431
2699
556
564
45
152
403
369
1012
5474
48
1338
2140
666
2529
577
197
342
242
2650
1555
1114
118
614
155
8
1677
1197
1020
838
1609
372
598
186
1539
2940
1246
2815
437
232
1539
1012
4649
476
2515
67
2487
1690
958
1046
70
55
243
2473
3008
218
866
5063
368
293
820
21
533
2171
1208
343
1529
140
449
553
668
908
542
840
657
2772
1199
1470
2324
868
1222
175
405
307
3161
1144
1398
4
1861
6953
1490
3120
679
766
2425
1047
516
1029
619
120
563
108
1012
419
158
844
594
25
598
273
1473
353
490
1062
393
508
2131
859
201
151
74
1430
411
55
357
751
1038
12
490
16
160
87
1379
528
58
638
576
436
1178
1143
1651
583
704
1413
79
1307
141
417
1237
7356
486
308
671
1634
831
1969
507
56
389
157
659
562
2
173
582
388
944
1038
255
227
249
312
1014
2035
1761
125
693
1059
647
348
4082
686
2965
810
1596
17
2166
726
869
1090
396
50
2400
2789
937
789
708
4
564
808
264
776
3291
121
838
271
1816
694
1967
46
43
161
389
174
2924
302
1701
1737
81
362
616
1270
2657
503
596
325
294
1658
620
481
441
230
433
855
149
13
1148
138
1138
240
1123
332
604
218
308
707
127
723
2129
1901
1835
413
482
129
3857
372
2186
371
2095
756
926
2077
196
453
361
254
470
14
48
1208
67
716
34
439
517
319
2669
459
518
17
1948
1966
1470
182
310
122
888
1231
816
2749
688
468
339
333
2339
425
2370
309
1752
1181
1135
314
412
389
935
974
1520
268
536
1494
157
592
356
307
532
219
988
704
55
207
2244
258
2649
250
1030
71
643
2284
405
864
2753
256
367
936
583
289
236
554
117
1864
954
1211
1227
462
1454
361
1094
774
828
2329
2695
396
1178
191
709
482
809
677
864
593
1503
1671
568
1502
2726
796
1190
662
165
525
1072
75
227
658
621
1881
4555
718
1688
922
675
287
298
1072
540
4089
332
610
49
536
3162
2625
491
3749
1413
1193
832
493
1082
567
292
395
1547
891
23
34
558
1139
98
1239
2062
457
383
105
790
1306
493
576
301
352
1187
2702
721
90
514
835
659
84
711
611
1811
3004
986
783
344
696
1027
716
594
839
1329
1072
426
1210
1255
63
2732
112
1688
148
204
1891
1090
495
282
2312
4170
801
773
115
1986
2252
1330
480
624
762
1481
974
227
181
153
685
1051
2336
185
1564
1090
34
1066
597
215
2621
108
2677
169
451
751
397
2202
1244
849
107
1215
2222
752
368
657
2509
560
1000
58
347
927
385
950
132
596
56
1397
168
505
1178
75
759
508
477
550
444
50
1233
21
2388
804
2
1618
920
237
885
311
20
66
700
2904
160
369
2382
1414
252
1487
1038
69
116
259
139
2147
151
211
1246
114
241
2455
3071
18
153
174
92
379
71
770
543
2795
254
1229
534
795
2848
151
1096
2527
298
396
225
3607
1130
241
545
192
32
2249
1690
380
230
1499
3518
372
144
389
1513
405
1677
1038
1085
244
801
488
1057
465
310
1092
2
766
351
284
6022
2639
416
822
92
47
2392
1621
4061
312
690
1027
1683
757
521
562
100
1332
2430
1475
1799
755
597
225
136
181
1712
389
119
599
800
135
647
3245
141
945
249
1151
843
1565
674
1173
559
307
1471
304
192
649
1155
2014
3949
996
1247
1143
882
562
1363
906
1
3192
382
1837
145
206
1870
137
546
1187
609
249
2421
73
693
858
133
124
928
507
200
706
1189
2812
2037
732
568
432
107
342
631
1845
2406
601
844
1616
469
2283
140
732
1077
383
4195
944
654
875
851
950
656
798
1430
1447
1217
1347
141
192
906
709
2479
410
2990
344
425
84
246
512
1521
777
2067
645
2190
190
1287
270
1573
254
923
378
555
450
2
462
1728
1941
272
473
161
1156
48
103
44
2241
548
5244
1135
549
1130
100
864
649
22
190
266
87
108
1255
69
408
1345
2223
87
1034
835
1017
456
701
119
1237
99
1649
1188
4211
82
3299
965
1820
560
461
70
1010
539
1390
344
3490
950
1716
1283
1636
359
1105
832
390
453
777
163
2214
762
2079
592
656
266
902
2354
516
265
807
33
717
124
1453
1030
4507
643
1459
2424
433
534
2037
2013
268
1466
55
1629
1537
448
2836
226
60
814
1567
2729
400
51
2525
2205
3181
537
1013
633
427
5018
2557
231
83
3554
760
1141
106
42
1047
428
1744
2463
482
114
22
685
4689
40
302
916
5190
46
260
212
1583
638
1262
632
1199
262
3299
674
650
1347
1395
440
246
3085
687
75
160
3450
1323
1493
277
816
211
1742
321
1399
89
67
1390
1134
3585
172
537
1248
1419
2137
849
374
105
420
292
1570
666
1192
1833
1297
118
499
266
1170
1733
700
659
74
567
1293
345
240
819
207
1389
800
3089
877
872
1062
246
38
2080
565
2520
115
1402
3705
357
2094
298
118
7
1046
144
1362
6439
1908
1455
1036
431
562
380
3641
2194
219
113
604
989
139
219
1108
683
139
2091
125
1632
286
125
3270
291
382
250
757
1669
1742
2890
112
806
1589
264
233
185
1018
672
1869
1424
1892
1100
243
373
589
440
1819
506
2451
933
619
1057
466
1040
221
1820
2037
1636
261
301
224
1577
2357
624
4691
80
199
7491
1618
1371
2045
859
984
504
1342
628
341
137
101
633
1952
358
922
176
386
1170
380
630
810
57
130
1023
353
2985
291
310
1240
2494
477
881
4074
815
79
2003
335
942
1403
698
237
1585
1692
1291
1702
1400
1810
461
40
779
3484
269
1052
256
15
1156
460
534
645
155
340
526
492
825
139
1194
305
1205
145
653
1367
2804
1060
2065
11
615
63
972
2235
472
566
2029
44
830
1662
656
181
292
2081
725
1196
1208
586
4854
1336
315
554
3086
401
27
955
383
1463
87
890
331
1136
1908
948
88
780
176
398
114
376
2505
105
457
556
4192
458
1543
582
596
49
1703
1199
475
44
332
22
18
594
78
2638
1354
67
161
536
3657
361
516
480
740
91
863
2556
711
967
353
293
1982
293
1842
510
58
936
234
458
1646
192
560
1690
785
37
429
1364
1349
190
3418
505
205
2171
669
105
360
1520
911
455
1452
421
720
2761
560
496
124
469
734
482
1739
180
864
1157
285
1514
207
236
1660
102
809
355
176
685
870
172
305
1382
26
173
448
1097
1114
632
610
79
1167
30
1067
1505
724
961
2551
2026
363
588
1479
1939
1758
376
2337
434
1084
2210
1874
466
587
115
36
1225
236
355
2801
512
3088
830
1113
504
353
307
801
422
223
109
2008
2223
207
589
610
919
4319
694
1562
695
1009
877
87
1272
550
740
1282
1262
301
89
193
425
971
113
95
679
710
242
326
367
1763
44
757
1617
108
176
545
312
1157
1768
1249
557
856
305
957
715
521
215
263
290
382
743
1103
2208
41
263
2804
1454
3538
378
1968
196
638
722
299
4894
789
623
340
231
47
609
228
556
318
401
129
1368
37
263
2955
33
890
762
823
412
154
1046
970
2692
951
359
223
91
1717
701
1049
1151
2376
196
86
353
583
580
2043
556
1340
250
443
656
309
257
560
57
1215
643
32
1327
1256
133
41
696
564
1653
2044
786
436
1671
437
457
193
2829
1
419
331
21
5
462
346
200
1025
362
167
47
621
1701
616
1527
398
323
323
45
752
2808
2142
386
583
589
707
486
213
217
116
566
1246
219
465
268
83
505
1463
148
1258
544
1759
390
553
1682
261
1658
1751
260
796
538
1749
1461
887
434
367
1225
321
592
6615
71
1648
219
586
1264
3255
1379
2420
1786
2432
731
3511
18
2008
1151
2324
7
203
637
269
364
2398
878
104
768
2513
1310
686
1952
1395
205
1
3058
301
941
358
426
263
57
2469
194
5884
546
1436
565
112
3605
398
238
560
672
532
3241
319
1182
249
1740
488
1349
490
3114
148
823
4169
993
416
701
1155
256
644
5692
747
980
166
7
159
1020
690
365
1875
218
95
526
2867
1266
583
906
3015
440
159
255
474
102
18
341
2249
177
873
2103
2585
408
297
2168
620
494
79
296
514
586
2302
41
704
731
259
550
328
2530
1245
1685
320
765
439
579
315
1727
752
665
197
245
2248
1830
999
604
796
1618
377
524
236
1695
124
2901
99
1052
152
329
1243
880
557
298
889
215
2446
54
2246
1141
11
582
689
12
1323
232
2208
3882
285
313
2550
861
3821
74
1709
674
4434
21
139
2972
1077
84
1468
488
659
3906
1043
176
963
451
2592
489
1769
1509
1051
747
674
601
972
462
526
113
786
306
1217
2130
40
3514
1382
126
1674
822
1302
408
240
205
1996
771
260
61
1286
2516
1877
1078
134
738
249
252
3053
6976
1007
284
700
444
1731
2089
884
2374
574
233
1892
153
1323
342
119
96
2163
414
1453
413
611
1016
2686
1300
2604
1589
759
402
370
1687
483
5
2636
1755
938
377
119
1279
22
3592
261
1551
4
977
921
1557
739
332
59
645
1307
344
961
298
478
412
1447
550
4390
170
351
1028
284
27
653
85
222
1263
292
6254
1173
469
1735
1435
149
3309
237
40
49
2337
844
401
1219
1635
1070
1202
867
875
1757
631
154
490
203
1329
133
1341
1611
965
1235
840
682
532
945
131
190
8
44
1351
2072
80
342
2620
136
1001
1619
77
47
1790
1224
197
983
115
1206
5085
1218
23
1042
3022
507
513
808
64
427
849
186
815
346
36
350
499
90
1606
1263
1796
358
1020
842
2088
1271
272
241
717
861
2160
973
358
279
896
597
1485
1759
37
800
1284
1106
65
1414
968
169
88
300
2253
179
413
1599
1478
2204
343
3336
30
1292
337
938
996
2323
164
778
1197
1449
1017
3920
263
1525
1692
383
1518
115
870
192
64
9
439
1055
290
1578
695
2294
104
1312
678
1341
101
70
56
517
605
928
227
576
1308
80
349
980
1004
628
1815
428
129
2376
3857
299
249
613
301
2331
1699
108
3168
982
2484
942
239
1129
1272
1612
844
435
1468
2241
435
1323
59
1188
849
956
172
1794
625
87
16
1618
1305
158
9
1158
794
205
930
42
224
571
414
311
1221
828
323
1112
1420
479
2352
1271
1977
175
2610
655
1110
443
102
1886
36
770
1708
494
187
321
874
713
533
1011
1630
1020
613
645
2325
469
1118
146
1010
566
1737
805
180
3371
247
63
195
692
213
520
587
932
637
1406
840
415
564
68
443
203
415
566
587
447
603
369
1087
353
1472
133
55
1395
846
662
399
961
1852
47
1060
2083
688
163
1141
2730
2934
333
770
1697
1208
686
273
495
201
1349
549
315
765
84
1300
104
312
863
2632
29
213
1110
283
555
778
705
2049
1301
518
1877
556
1738
740
360
1118
216
2118
126
963
219
1847
224
2958
2741
661
524
164
158
934
1261
2180
479
3887
1238
2003
228
2702
4667
708
1551
670
61
1854
563
277
51
1738
785
346
1546
28
448
701
809
486
349
604
103
1818
814
910
629
386
596
687
556
1567
1150
690
1199
1253
328
416
985
170
825
354
292
861
1117
2551
285
2524
1288
205
999
357
1561
1108
1492
18
411
297
212
319
174
235
936
300
414
396
64
405
2159
404
538
829
148
1821
951
319
516
959
886
607
626
344
296
1882
12
2547
234
70
398
32
238
296
492
459
2881
75
661
1466
961
149
2009
116
292
696
147
2426
323
2308
679
1512
52
48
1161
560
1202
1298
24
327
646
382
807
96
1255
220
78
488
360
1997
6
46
32
781
915
997
1519
638
570
712
371
1087
303
1383
368
703
535
302
321
363
264
373
499
391
350
3494
570
506
750
1311
644
4315
428
265
276
30
2231
635
1552
75
1991
857
467
725
1067
774
1089
187
656
2853
2676
844
468
879
1982
617
188
21
16
1180
1458
934
760
3415
291
748
28
193
44
1354
703
1440
383
1208
1242
195
1159
65
278
89
222
237
1516
247
1172
128
1913
3671
569
1117
1515
907
229
90
2030
596
1489
1565
498
989
1136
443
401
2210
138
2901
748
148
88
1222
1575
94
3414
143
148
1806
2854
1664
860
3
838
952
707
1484
1980
2149
939
579
174
657
2366
602
1131
667
1110
227
686
254
2369
690
2069
1763
437
1038
526
1459
619
1256
65
140
144
69
230
5961
2596
2220
1758
177
209
262
3649
1445
574
357
2617
304
2830
225
46
1627
1189
950
547
562
941
673
10
197
1025
84
1656
284
12
1538
33
2731
1723
477
1170
953
1913
2066
141
137
1397
758
4262
1094
1136
831
187
1631
1569
285
1126
590
863
349
1199
16
167
3596
1407
141
147
31
266
1154
223
883
404
186
119
127
1170
794
1677
1350
3146
2464
524
354
435
40
443
1200
119
3136
767
517
778
503
339
4656
321
1425
267
112
145
1018
380
81
59
2292
142
1308
612
2322
193
561
747
50
56
1424
134
2760
1698
474
2227
3094
422
407
465
1243
2226
262
335
27
118
184
147
1202
355
1003
1339
273
1825
785
4057
237
27
334
1273
407
722
901
64
660
1186
1442
415
289
2816
3284
241
4627
381
596
281
291
394
359
88
1414
424
577
121
1129
3267
28
238
162
32
434
230
30
94
1092
2894
1284
36
778
129
15
556
943
21
413
49
147
1315
2264
538
173
1413
683
17
1827
260
19
445
354
3702
474
2660
369
81
3294
525
469
26
336
35
776
2823
556
95
678
239
403
83
1305
1138
476
294
234
3349
1252
1549
1209
1003
830
784
378
40
233
853
143
1707
1398
446
221
623
983
236
2143
3741
234
1
2623
674
639
1215
263
1492
2351
855
318
357
264
301
309
911
1619
234
517
150
1935
1259
1281
2000
273
3516
3178
132
424
290
405
285
710
64
627
331
821
213
378
923
782
961
955
954
424
1314
1158
1430
1911
665
273
867
1646
404
482
842
2875
205
3815
361
183
770
281
630
444
257
124
935
456
3093
960
762
1353
2812
3118
1239
242
2104
705
1270
664
1327
22
524
1021
804
1261
1960
317
109
140
1686
319
1675
320
1373
2400
3657
316
444
1317
189
72
1130
618
357
3785
1
173
490
538
1742
1237
463
1312
535
480
1656
315
1468
2492
1886
455
1352
713
2026
2889
898
2475
972
1
1578
168
8
1009
2359
322
1061
3608
558
2041
665
3646
966
239
902
1453
414
403
158
1950
147
2128
189
1433
6
335
393
66
305
3
359
407
2091
219
425
448
1644
54
282
1190
740
620
674
362
220
424
934
1176
1659
868
990
370
5
952
490
283
1124
814
327
1819
2127
882
852
832
420
756
586
523
206
1579
1136
653
226
24
172
1065
1113
167
1522
432
625
534
1682
1412
477
638
426
796
635
99
533
216
21
107
171
178
135
1233
3910
1209
231
358
1114
67
1140
267
1323
1055
1148
10
713
2115
1275
640
136
1733
867
2157
1992
1881
53
408
144
1483
1136
1416
1634
844
4292
308
652
981
109
728
712
83
247
859
366
160
1458
767
172
197
357
350
677
1379
565
245
1608
698
279
21
59
1305
612
1011
901
1432
1540
456
163
830
1037
2595
381
1903
1717
815
1214
784
248
1608
1904
606
1146
2028
1037
370
76
1216
90
37
3008
5
418
2000
1121
1318
355
527
1330
3241
2969
217
46
1050
1691
1354
813
1264
99
217
483
9
284
665
1517
1491
961
401
745
397
668
2393
1463
2725
1201
525
61
1790
1014
1320
112
189
1032
2730
1198
719
1019
2672
391
459
1338
42
2074
799
742
472
1923
1018
110
841
2049
23
1422
2950
888
91
175
355
2234
226
799
386
483
1848
71
505
170
762
89
174
311
885
1714
630
1227
302
900
992
229
2304
593
234
697
1364
607
443
4260
1711
1436
121
3754
2054
714
2038
624
990
494
78
2911
3326
1287
1059
49
201
1247
295
2259
142
60
629
1191
329
1958
2166
269
452
2963
1116
911
308
1138
516
828
506
1233
25
920
3534
582
508
2995
834
124
2459
1230
711
164
259
211
554
1364
306
3492
612
31
69
306
3498
1128
1050
360
83
4016
1002
166
453
592
175
4314
2642
722
1083
44
187
383
54
1306
240
663
1756
229
437
968
324
2979
832
591
951
194
169
554
1904
1227
539
680
914
480
860
6201
2196
1947
604
63
486
63
1706
84
2184
1511
1991
172
1368
1300
601
1184
475
465
632
451
555
835
1155
1230
754
929
511
54
335
1324
1230
1103
330
559
756
294
2288
1752
1752
435
831
1247
11
598
326
590
1677
33
177
824
1708
525
121
403
1855
241
1132
263
1036
693
765
1304
2106
260
102
706
2668
431
701
495
588
187
2305
243
52
1660
546
153
543
114
2122
2105
185
208
1304
576
3177
730
660
1912
1571
311
17
945
17
2682
237
103
7
1984
431
123
398
1573
542
773
244
1066
2412
972
370
52
501
109
62
1205
2162
1168
269
969
59
44
355
245
211
103
93
486
160
1363
316
1442
574
4973
2084
2355
1194
376
1866
231
948
761
1308
251
858
1499
5188
526
554
503
1046
2064
2255
2096
368
1753
345
1711
611
6103
527
1639
186
623
2403
2760
308
1686
289
1681
2148
1338
1148
1149
768
1608
2580
554
411
252
3845
684
180
2263
877
353
228
1515
526
156
155
152
533
905
161
742
2400
2542
50
945
851
676
358
1134
459
1615
475
1755
83
322
25
16
335
4032
18
316
5425
1078
615
591
251
541
2072
58
1068
1451
217
2355
164
568
801
1220
2514
1747
558
3914
751
1438
138
1509
2107
46
24
68
205
1659
153
2962
3532
562
189
3159
303
3157
26
2340
226
225
2240
647
649
156
961
578
118
342
1354
528
442
384
71
162
131
129
857
244
626
68
1195
741
3067
512
564
537
1873
1985
120
446
1285
556
570
974
1068
67
681
149
127
1300
2378
526
890
1119
587
264
241
190
88
1833
149
232
380
318
1268
1027
1379
1365
5002
1270
190
1155
1116
607
92
146
703
263
2149
1494
331
719
586
1735
120
382
425
114
1054
92
479
2657
141
534
139
3
310
952
2808
944
371
1681
1760
1855
260
1586
1411
2393
892
788
50
170
1131
3787
219
833
1373
299
159
1799
979
1255
77
310
36
3382
913
248
1063
864
1350
804
836
547
637
687
829
968
241
1424
2442
541
311
330
3736
2648
2856
754
3133
1130
385
2874
1346
2194
2100
2620
2492
4206
602
2184
1373
1938
2838
1020
227
718
524
1810
591
309
1848
789
175
3147
1709
634
2336
814
123
583
1145
361
937
173
1927
312
1151
792
327
570
118
1550
390
886
1796
103
292
740
1282
663
682
365
782
1581
2070
403
382
5501
44
964
2426
886
1904
1181
3063
931
1012
1911
350
1914
660
1187
584
3227
142
105
463
546
124
122
3416
1375
867
3802
1437
606
216
89
593
1053
1066
211
771
1016
30
830
312
445
490
1580
303
430
505
329
2000
489
898
976
1524
372
76
593
346
656
1319
1227
90
1022
2160
305
572
1338
27
1241
43
1568
385
1562
1015
1225
287
4344
4412
4113
23
719
149
316
959
997
3185
796
1370
2954
96
522
2525
351
3736
52
3336
577
535
261
173
876
2878
924
11
815
481
1218
463
779
1039
447
1598
1324
739
100
150
936
269
55
1913
1055
512
3221
1362
520
1042
220
1948
811
2134
467
204
39
1406
720
61
531
168
1162
194
229
1453
4
1463
39
639
621
3183
498
974
65
715
388
93
1450
584
459
244
1253
851
251
1896
902
1968
17
1175
698
1082
878
244
1189
127
192
739
977
987
1500
383
44
2198
394
504
2178
356
69
183
1300
1429
188
2758
1479
114
467
170
470
562
180
606
673
1226
1057
646
171
2158
541
727
239
210
776
908
842
52
1065
759
25
34
593
272
69
1057
739
913
415
804
685
2207
48
253
1120
2081
408
294
483
550
301
1508
1435
680
2024
919
702
473
5550
452
1158
52
7434
2506
4380
505
293
695
1977
348
419
1504
3316
509
1801
507
26
1373
589
3234
462
261
781
28
144
7
647
209
492
87
465
884
2854
787
446
2030
199
1030
12
79
508
374
1820
338
236
597
1660
651
29
435
391
287
5552
66
981
67
60
946
1047
936
1359
115
767
573
438
618
484
636
873
213
1757
334
1473
340
653
1885
131
1335
568
87
1313
97
932
2206
1015
520
1551
1109
990
3439
455
1840
374
2538
626
3844
440
317
1082
799
2929
3504
480
28
1496
87
1111
1135
992
1165
482
3973
757
82
201
181
178
628
50
400
505
294
930
1073
752
1964
900
194
388
1012
523
304
70
134
1495
399
770
154
342
469
20
10
282
1814
682
2561
1128
454
34
836
751
1153
244
374
988
242
532
58
369
213
431
112
530
172
33
839
946
65
730
1177
554
179
777
1245
519
907
23
301
231
232
21
1971
226
734
4914
286
151
941
650
104
736
1387
604
630
786
602
441
1311
115
712
2358
506
2188
449
1602
432
416
289
1008
154
1586
1331
502
437
1825
2086
656
329
452
89
1587
650
1837
577
1038
344
274
295
1625
626
682
291
759
1723
1820
1341
348
704
1197
670
297
711
1604
2958
530
1500
2625
282
561
747
20
476
531
145
754
398
1599
222
213
808
108
476
496
504
1466
839
391
80
3100
1874
601
450
1439
2178
38
82
886
466
850
3349
306
647
909
140
424
127
2104
793
2042
1750
507
322
1064
88
1732
4
108
339
1237
315
850
1479
677
922
1389
13
400
113
3060
427
1064
233
3707
503
34
3777
138
449
461
443
959
1015
881
385
2955
4188
1762
2521
48
1003
247
188
725
178
4
942
15
768
929
735
334
1776
1494
983
2234
2590
503
18
40
83
320
405
156
111
1050
26
241
394
91
999
1615
579
155
1310
774
344
103
153
3176
2377
3
178
898
159
311
1494
2964
436
2194
735
2672
738
78
8
88
668
26
205
217
147
55
290
227
1033
857
810
683
228
24
1154
5
320
3
235
1128
326
1022
111
365
23
636
621
386
2209
790
1017
138
215
269
107
503
427
266
8
817
301
24
29
57
250
139
640
727
538
236
193
843
839
1810
661
873
137
183
596
283
1087
1238
122
65
240
600
128
468
421
1341
14
100
2970
312
446
846
75
24
965
42
150
357
537
277
225
52
71
45
64
207
1690
881
358
388
2626
110
57
123
161
21
450
792
199
879
123
757
7
288
208
549
5
639
909
280
69
1221
70
278
3563
106
110
356
446
979
441
83
253
272
399
170
1155
135
285
135
142
712
531
270
171
193
160
755
86
256
36
849
118
186
60
790
52
746
432
11
198
209
885
409
666
15
553
539
21
429
97
216
128
10
97
565
665
689
569
2131
119
301
416
772
1014
167
42
205
381
427
321
2115
645
1949
275
341
331
121
86
219
7
646
678
265
2202
88
463
364
132
1571
832
717
492
946
45
923
664
330
691
167
330
926
498
254
312
424
25
485
30
278
81
346
255
309
452
83
260
222
233
591
567
328
273
1352
49
409
375
180
1495
25
117
579
22
30
478
1484
441
148
525
207
1222
487
780
838
629
412
259
183
28
1081
92
377
479
77
5
364
323
388
1433
354
345
618
848
268
298
620
286
78
864
57
427
243
424
305
86
1796
270
138
910
684
375
149
587
23
309
1067
23
753
845
31
768
1045
373
98
708
436
46
593
923
665
351
76
1200
185
3093
216
654
334
425
584
214
43
269
38
264
539
149
214
191
77
537
645
1519
149
310
742
883
404
258
2042
30
792
488
908
610
1129
155
104
438
565
247
24
369
42
580
174
729
386
154
218
883
1204
863
1425
38
6
236
961
570
73
2038
146
36
442
177
1063
810
286
572
738
20
382
333
48
597
516
188
321
337
168
1488
239
1119
195
1360
366
61
1787
455
195
1541
767
109
112
154
803
1099
431
297
160
2092
1161
617
641
470
538
217
234
49
160
1192
389
213
789
189
61
758
584
92
35
811
857
236
315
20
280
154
512
422
157
733
2484
346
352
238
473
668
136
355
225
979
427
19
150
793
1161
248
366
934
365
619
279
97
5
574
398
256
73
464
185
11
109
293
563
477
167
539
559
191
54
272
275
691
101
13
8
1434
1830
962
339
1027
26
1109
128
218
303
1151
131
49
222
1851
1155
935
740
163
101
961
1138
414
909
325
681
354
266
99
864
322
944
431
824
198
2
146
1312
125
739
263
973
987
58
497
374
125
428
234
200
44
135
238
972
149
1265
578
176
83
207
614
72
507
96
61
150
315
29
68
252
432
53
59
1965
488
958
134
160
503
190
1036
303
938
57
1048
294
797
284
49
309
55
82
767
919
70
30
50
1015
208
23
817
672
778
204
139
405
210
190
151
609
79
1694
812
962
101
711
1545
1929
325
491
203
423
60
404
633
249
101
89
782
33
147
312
378
70
1005
189
1337
115
1621
210
176
180
1886
419
77
354
727
330
274
943
362
91
15
282
156
815
976
155
47
1054
97
109
77
112
179
719
807
189
277
249
14
781
319
178
36
330
261
40
1602
373
297
4
9
988
923
147
350
34
624
655
900
126
50
475
417
361
518
19
334
632
2105
561
907
151
275
3
1440
159
146
303
461
643
150
667
8
245
86
121
460
61
445
470
181
272
701
468
123
512
246
887
422
31
335
729
1336
233
502
126
134
85
680
96
46
406
246
108
333
360
359
66
163
392
615
8
568
496
399
61
16
523
105
435
33
43
1315
33
376
928
64
1093
511
71
304
284
544
250
673
344
1164
273
78
565
557
25
25
297
503
216
953
129
53
144
631
116
166
154
306
491
133
5
597
382
1166
409
53
77
761
208
2052
291
624
9
1179
128
404
269
35
599
281
633
174
239
544
183
93
896
242
417
681
169
49
663
175
25
226
702
60
542
159
303
23
791
368
301
365
13
1006
957
220
51
250
1228
485
286
738
121
576
37
2764
343
545
246
56
182
30
238
580
191
215
979
190
166
593
2
129
586
10
1249
1615
192
578
20
140
135
1179
199
732
320
338
1190
857
302
210
316
151
299
280
147
1185
23
545
51
609
319
812
1054
188
2172
733
156
229
282
95
401
154
205
35
61
1345
898
787
251
248
725
195
486
82
104
141
890
411
1107
124
98
53
1040
247
235
624
681
198
290
133
982
68
629
629
751
1126
604
129
19
146
249
1318
44
178
250
11
112
245
654
384
444
377
534
146
21
106
310
170
1359
385
122
112
568
33
371
23
1243
44
498
38
883
20
139
394
451
18
98
139
52
234
18
18
58
819
53
124
560
76
938
164
22
670
88
148
600
573
534
398
193
128
52
41
1000
553
167
336
395
529
683
1241
85
182
2623
191
1101
326
236
379
481
538
253
757
160
395
1447
4
329
671
959
160
809
467
845
346
633
33
67
52
213
230
169
306
32
248
1366
242
624
2595
1198
496
160
696
98
1094
59
2775
532
96
376
158
1928
299
397
244
57
67
148
3
417
442
252
646
1145
311
19
250
173
369
903
1464
563
387
106
100
63
88
97
977
107
69
254
2020
55
1626
152
231
96
1713
786
469
105
607
559
132
28
125
978
263
196
134
371
118
6
470
21
1594
1130
349
495
609
679
1786
141
478
1394
1093
164
84
700
694
228
2065
32
728
198
295
809
34
523
363
44
929
827
792
454
199
144
67
164
525
1251
1848
200
919
176
1186
70
13
612
726
989
672
377
98
327
58
252
221
820
84
2097
5
1492
62
733
557
374
129
341
498
185
550
131
195
115
383
24
313
489
94
146
142
37
744
417
239
91
137
1609
200
283
333
699
1389
170
271
163
1054
157
1
1198
102
314
492
1796
308
1119
816
213
785
279
90
363
134
11
3
7
56
114
903
805
119
538
61
542
638
259
103
495
1028
793
697
360
651
1321
16
20
180
67
299
426
219
372
1288
40
19
771
520
51
1814
202
53
439
16
12
868
114
321
546
198
110
179
296
586
44
168
466
765
165
449
283
224
472
1084
237
38
639
310
52
372
156
1934
1728
33
740
131
92
2291
504
413
301
86
731
272
1346
270
779
37
650
78
190
251
247
9
605
733
389
36
601
63
1195
857
1203
507
96
388
96
194
202
633
175
366
800
208
702
284
355
30
201
480
892
334
245
362
442
1464
235
1351
417
1167
75
361
369
1823
313
348
901
692
397
75
77
467
75
69
434
34
811
1411
34
627
150
796
272
642
353
414
611
420
630
315
840
459
554
357
320
195
553
72
1581
682
287
35
590
826
434
395
954
441
268
167
19
541
185
238
155
83
274
61
195
68
829
375
657
282
907
385
171
74
81
833
134
329
857
239
157
605
176
652
192
402
1517
620
151
941
936
376
121
172
59
763
46
118
519
97
431
744
2
366
368
288
578
269
378
184
1241
309
76
1207
72
1
211
48
739
3
178
283
463
51
1228
651
136
321
2136
391
235
860
48
854
129
580
578
254
271
376
334
366
1385
68
925
985
1093
408
146
692
249
69
270
954
648
213
1634
186
6
458
766
222
1270
154
27
9
402
77
314
408
406
341
301
415
484
619
257
36
302
166
50
677
29
242
178
86
78
8
80
58
306
624
1120
375
236
357
464
542
197
322
297
79
342
54
102
610
51
659
721
477
331
43
330
159
225
162
535
1325
94
701
97
753
88
241
225
524
23
336
151
1176
58
386
1790
248
1039
469
1092
3
78
371
1538
133
693
39
777
943
68
432
446
1250
268
309
327
471
150
248
641
818
304
154
962
2728
112
1383
126
49
1130
118
164
1189
74
69
126
454
66
112
642
464
129
242
1307
52
289
149
1503
123
32
2
97
1215
638
478
961
365
761
263
567
915
40
94
893
397
297
1075
228
375
186
180
100
1822
909
117
121
1129
96
83
156
66
580
225
850
298
1208
106
193
738
287
14
94
221
239
3
423
1116
377
173
1169
234
5
2493
410
249
658
71
433
7
403
323
2442
556
185
266
40
603
577
1361
159
90
370
265
1883
245
130
109
464
713
219
85
70
549
1248
246
439
53
331
1128
185
935
259
359
106
159
383
7
167
10
2425
924
615
8
476
340
29
928
902
189
144
858
519
4
440
221
702
338
175
63
152
666
203
1924
123
121
1523
611
42
28
248
466
436
273
394
1128
254
716
686
46
385
236
12
147
582
428
316
995
567
112
615
32
865
176
245
683
19
157
786
483
785
318
844
166
727
958
573
508
909
967
339
187
817
18
1565
121
6
556
355
497
587
1025
699
262
490
165
14
1608
204
153
2047
452
1505
46
551
1146
1106
492
428
766
1237
278
1549
875
95
112
98
438
37
286
998
236
187
162
43
1264
1099
289
516
272
537
317
262
934
120
463
774
21
1064
33
614
79
211
659
485
46
13
192
331
895
4
56
400
882
91
662
8
152
199
336
971
531
657
1050
440
507
115
526
19
761
62
138
479
106
451
358
364
1234
21
170
184
755
297
1767
1691
738
1605
329
218
412
314
647
195
224
244
525
201
334
311
202
220
964
326
107
1664
76
112
47
238
1634
588
61
536
732
56
393
166
318
244
31
145
1215
60
476
2
155
693
195
794
296
57
778
543
93
473
252
156
81
396
841
108
411
1416
131
20
62
124
864
1506
141
666
119
217
15
372
54
3
395
322
79
115
29
61
598
9
407
12
454
535
231
54
892
482
618
26
267
404
581
536
461
840
808
447
385
709
643
95
122
312
231
826
78
116
1924
490
342
18
333
123
230
291
1430
189
416
33
117
876
198
97
1019
329
137
832
65
713
837
583
123
1453
65
1141
355
1679
908
373
67
287
104
1843
690
1198
1623
1
37
381
85
768
812
78
176
52
227
705
179
1042
4
64
396
910
41
623
236
91
23
685
220
656
266
209
48
107
39
236
619
6
130
161
136
427
7
709
9
618
271
422
1222
139
42
387
1020
673
305
161
1
1075
399
438
779
816
146
205
349
49
469
1261
784
235
635
29
19
1034
292
651
550
52
708
696
302
578
1090
657
208
333
252
467
1271
172
162
156
299
1241
15
40
11
1185
45
584
1027
82
18
649
532
1039
357
101
351
99
202
258
408
275
37
229
229
550
49
63
365
840
2693
46
78
122
221
154
380
527
147
157
99
1546
462
225
452
321
632
75
194
905
978
287
3
42
331
564
1091
4
133
1097
289
191
204
33
238
442
238
1359
1039
212
701
56
1281
753
155
372
1101
775
619
135
480
353
281
182
38
224
744
12
383
740
31
1343
206
332
239
223
1
715
2245
629
72
275
645
1033
815
59
809
141
19
169
623
9
329
101
188
254
650
36
168
22
1373
283
337
201
77
389
591
415
78
582
139
534
196
634
361
170
1542
873
82
420
153
481
89
89
160
971
472
1013
430
98
173
72
523
139
29
652
78
443
479
116
94
1036
163
366
209
965
1283
495
250
197
170
979
325
556
302
99
616
536
327
671
669
246
551
204
531
10
841
174
266
375
156
332
353
343
837
242
927
28
484
107
429
522
1154
171
91
92
368
178
468
74
973
199
66
326
340
606
167
89
528
552
398
223
487
892
507
396
325
934
164
513
328
16
2225
274
798
131
40
78
142
593
1369
219
22
67
860
274
490
282
298
261
228
251
410
98
171
1127
580
457
360
615
119
1381
206
1181
102
835
514
578
815
205
284
1507
51
1048
314
490
62
416
268
315
979
1173
359
306
131
351
246
438
2145
49
17
220
36
296
875
418
728
551
102
179
51
48
699
2309
42
455
2863
213
2
113
43
34
165
173
928
24
131
687
439
242
22
178
466
179
475
901
254
15
128
865
415
164
226
1095
237
1
102
1233
48
57
540
125
399
61
162
624
548
508
314
311
5
1205
1079
359
682
211
90
201
291
228
884
73
199
233
58
116
1490
967
191
293
75
44
155
117
83
1999
656
86
695
334
94
252
70
421
234
242
9
707
1001
257
710
823
1123
688
451
1021
193
469
823
1327
564
53
419
1267
579
35
258
992
36
374
1429
108
258
173
486
237
767
1112
127
72
651
395
95
91
534
636
317
181
500
443
23
826
414
408
366
48
747
307
259
90
332
6
82
591
289
193
303
760
1826
754
607
309
1032
141
661
154
313
546
328
72
938
225
582
9
127
172
94
25
20
154
1721
208
148
131
321
31
1295
1576
44
132
709
2
666
658
337
166
506
1686
1463
387
212
45
245
673
38
268
74
6
622
1072
31
535
1658
164
123
526
261
383
7
58
1170
329
209
1319
923
305
349
392
41
908
383
40
225
541
417
372
528
363
52
562
461
465
100
17
271
748
251
336
58
424
185
527
251
65
1261
239
307
57
221
672
399
1290
333
1042
1449
64
394
1371
309
1189
258
644
128
541
83
163
157
96
132
528
794
1736
68
614
83
67
864
364
902
69
714
519
430
268
608
360
390
762
139
848
498
1740
961
271
125
1206
812
650
3015
112
467
103
745
244
308
143
1100
288
499
339
4
89
498
70
742
33
4
13
546
971
60
66
530
123
179
631
118
235
236
100
184
599
85
368
212
722
968
176
41
165
1650
250
128
252
119
161
889
325
424
242
40
207
123
468
10
448
72
680
343
148
299
54
532
47
495
92
740
207
376
352
840
238
273
99
15
465
2037
449
146
487
882
1608
31
76
24
654
456
331
302
805
452
517
848
511
1074
84
77
42
98
75
220
721
51
182
513
63
99
115
392
1900
399
1066
394
550
289
339
28
666
195
1170
1305
478
385
299
1100
380
1110
481
92
161
357
1187
1024
142
1115
144
1369
893
891
72
523
24
107
1107
53
580
784
119
298
977
148
677
65
653
1852
472
247
654
311
112
34
347
180
478
444
843
935
1913
1599
569
644
1628
1246
278
168
147
69
197
170
78
1760
746
89
551
485
637
466
508
37
304
1662
1051
230
665
1211
259
1131
290
512
274
1287
265
585
47
405
202
387
522
80
1023
52
319
552
225
693
296
280
1327
333
28
105
45
773
98
43
564
109
168
2977
293
1012
430
224
204
74
569
106
194
205
87
519
252
1084
583
761
436
358
648
61
108
1233
607
88
223
1143
274
1139
517
318
1134
51
718
744
378
1325
2552
2
351
304
123
1270
134
319
285
46
129
65
35
144
454
1697
356
906
52
49
80
641
1462
1760
145
136
477
124
59
1218
330
372
73
1037
296
282
591
397
352
171
822
512
183
596
1000
16
494
468
390
73
488
486
7
423
291
291
479
116
97
735
515
387
398
218
138
81
323
1325
685
244
1745
175
581
911
362
123
313
159
761
81
32
247
806
498
175
1346
136
599
211
25
285
106
218
86
255
85
29
940
466
17
11
2380
404
380
222
161
330
838
558
130
329
250
1364
741
1326
1626
310
774
89
277
280
57
222
163
1545
494
444
106
331
495
168
387
325
1412
386
16
358
2463
553
247
122
816
283
616
499
230
1263
182
924
288
192
201
1583
139
243
2096
2025
331
460
563
1231
447
45
836
1192
207
1854
331
49
203
492
464
122
217
278
15
173
97
147
1228
40
50
757
235
1147
256
2009
626
520
660
598
503
316
370
305
385
751
321
881
346
985
962
228
313
52
755
49
791
624
1492
113
138
501
272
106
1002
2420
501
417
228
187
104
278
56
397
1228
1003
251
267
15
1142
341
165
992
240
80
163
43
704
407
229
8
141
589
95
74
124
70
913
1448
76
621
312
116
278
62
9
1313
441
111
1047
127
1064
177
460
551
346
183
505
228
2469
1019
15
993
1
99
51
280
2808
279
137
99
332
2480
2052
225
228
739
106
1585
491
30
53
6
377
417
490
562
102
438
275
124
368
238
133
728
387
491
1461
536
414
87
46
171
273
278
296
441
603
924
486
1626
957
314
26
828
190
136
1421
1062
68
222
172
471
724
566
205
208
1415
122
96
283
807
350
375
1004
395
390
1178
57
756
140
1026
415
679
130
46
596
1954
44
64
624
341
683
1434
212
180
652
637
1090
339
208
657
84
1220
858
147
186
252
323
175
54
78
380
553
801
381
145
654
802
252
335
1346
930
17
350
1355
641
25
1093
113
3
47
105
995
78
23
144
183
173
389
154
327
306
433
122
1165
256
141
655
74
165
277
787
86
176
160
939
695
549
175
36
869
53
17
427
129
6
486
4
422
123
406
168
240
811
625
287
1744
156
129
554
224
119
112
974
131
355
559
375
206
726
1635
537
49
286
38
278
984
524
2283
909
543
118
132
646
330
237
139
232
292
231
34
868
61
251
662
28
530
103
248
29
1567
99
417
349
302
190
615
108
330
302
442
261
414
287
118
100
363
77
48
286
1236
744
422
92
120
237
713
560
223
1194
827
513
2681
2011
2
907
120
350
56
1273
777
1860
513
357
133
933
1059
288
312
50
441
75
48
232
25
3
309
1158
185
36
542
552
101
101
166
273
180
1690
1019
1309
265
391
644
294
1532
120
78
319
336
149
228
916
248
1209
357
205
132
362
367
3070
428
403
254
224
569
280
262
9
191
1655
256
590
1165
1172
249
585
1835
299
412
302
1088
80
429
128
28
25
90
14
391
18
352
13
192
421
1087
311
228
890
586
493
124
736
882
245
141
793
36
67
317
283
653
263
1006
634
364
768
84
654
6
6
910
461
1911
225
1388
532
717
88
352
376
22
568
129
264
1320
459
25
309
161
549
107
869
371
175
217
264
222
435
962
2526
656
886
180
682
1448
146
31
8
181
15
674
229
4
376
175
122
149
363
183
639
930
257
253
554
397
166
369
230
79
27
1229
29
336
111
76
1277
1835
1029
110
657
906
281
374
22
103
554
383
52
468
425
157
1201
129
354
109
246
739
195
117
76
48
602
345
534
244
38
130
99
48
1160
737
223
458
235
993
186
1581
143
99
420
2186
124
86
422
403
469
246
634
1280
1460
461
333
49
298
1296
515
30
395
497
653
94
53
1283
769
770
41
123
169
427
40
631
41
129
8
369
170
665
1160
278
293
758
127
171
653
261
37
273
336
343
203
1019
126
179
121
1083
45
14
650
406
715
93
851
87
249
123
31
1730
193
249
251
1072
391
182
459
84
149
411
217
437
619
504
69
93
503
14
236
255
692
322
527
238
1057
140
654
262
80
46
799
505
967
108
113
183
577
19
1261
14
48
294
245
55
452
71
87
132
160
426
46
377
1042
70
613
103
113
127
739
84
1004
60
92
47
73
103
493
455
734
85
187
193
725
174
163
154
915
16
498
314
770
693
788
471
321
561
249
12
1913
514
725
263
53
1790
789
966
123
437
35
499
94
214
122
430
83
458
58
302
80
33
314
772
567
144
418
396
31
450
745
315
137
1125
20
707
32
1
242
1058
454
19
169
207
47
909
11
61
694
1194
622
22
158
402
2556
800
1124
510
74
820
184
1065
487
409
613
211
455
113
110
484
361
2
296
8
1290
111
74
329
606
36
350
598
192
435
1250
166
652
688
177
340
962
428
12
615
667
200
1060
785
560
2240
383
52
482
1407
620
257
1222
678
539
1552
321
122
916
34
675
150
457
398
131
182
33
654
174
81
834
381
54
451
204
21
165
214
1404
552
208
158
454
251
869
328
108
581
207
1754
150
437
44
66
608
399
181
255
64
867
611
533
725
322
792
21
2
1203
626
515
1469
516
590
134
52
576
856
161
42
1131
186
67
248
264
696
687
353
460
440
1090
317
128
1398
971
35
860
122
2
501
1138
208
363
863
975
297
225
462
50
85
299
380
678
1783
716
197
412
1367
369
223
982
30
266
113
112
880
248
378
212
143
464
158
179
462
77
163
178
197
705
155
709
163
20
88
212
10
519
45
556
499
577
1690
636
911
611
228
434
57
436
1165
614
128
826
229
5
177
330
213
1212
15
49
345
146
27
124
32
104
1107
146
253
258
513
612
124
420
355
425
362
585
102
618
1109
350
1469
579
40
104
157
330
1063
401
207
1110
119
169
224
86
168
312
4
493
1651
288
138
290
247
1357
171
145
603
238
943
723
139
58
575
142
551
1653
821
424
339
362
1115
1063
69
286
60
1037
255
120
93
33
790
1787
517
741
563
491
162
426
1044
193
25
481
51
170
715
1830
34
1827
260
1910
958
568
1856
183
909
216
669
174
885
194
111
64
330
838
865
379
525
398
2120
673
463
287
1201
57
423
178
976
912
581
57
29
1690
12
1291
118
205
2001
587
25
18
473
1538
1413
128
742
83
112
680
424
392
566
441
19
685
399
69
930
551
60
678
20
166
753
236
2284
572
481
292
85
1490
458
1108
465
1363
245
533
90
1288
658
182
1305
70
484
311
368
85
332
5
102
594
464
8
321
766
91
518
159
422
983
2191
495
906
326
294
161
97
1297
134
175
1761
658
153
1438
427
370
14
373
251
183
251
339
149
133
5
431
47
550
86
81
202
199
1261
211
172
637
248
109
501
397
227
541
29
987
407
1579
95
159
6
547
653
141
144
916
112
167
618
41
159
865
271
1315
772
736
686
310
92
29
321
37
677
324
682
933
489
202
766
134
68
450
167
747
685
312
796
249
12
397
1242
89
73
280
149
352
1524
470
538
233
514
99
287
807
875
127
649
345
45
236
948
410
106
350
466
23
1336
75
57
523
1063
686
206
715
445
1620
300
165
501
321
372
321
264
129
511
183
182
2842
1744
125
822
62
27
246
283
756
239
357
118
1980
73
698
1267
457
9
354
45
13
2040
161
268
193
284
731
1031
313
761
1810
1893
228
1395
835
286
780
63
1052
171
613
498
47
237
109
31
539
507
221
175
732
75
476
645
710
254
447
20
58
4
387
207
935
1372
146
21
857
4
337
1173
46
11
1136
1373
43
1
1026
1281
995
289
5
342
779
131
316
1
149
293
261
58
305
935
297
302
228
803
1952
230
56
1361
144
395
397
704
21
200
210
38
436
411
42
206
869
96
174
1327
251
483
1350
277
352
170
512
289
124
158
214
136
404
738
30
91
164
331
495
580
1019
11
204
181
881
612
448
100
1205
36
338
62
2553
31
193
112
749
46
485
619
1298
596
220
344
203
129
1482
174
158
10
111
860
497
509
112
1134
57
613
2110
7
1017
264
149
118
291
2082
291
948
1446
139
233
663
126
248
144
270
739
21
1060
140
212
456
208
219
945
50
50
167
147
257
232
231
1639
910
79
329
610
411
513
326
155
808
143
443
78
262
547
262
1300
15
758
344
1077
89
346
1178
199
251
13
529
7
1006
528
1535
103
92
157
290
16
742
397
118
342
498
146
192
884
325
15
542
360
439
38
1024
489
1378
421
469
291
181
291
718
58
52
1195
44
14
61
21
699
646
182
299
345
1028
250
249
55
237
457
174
1167
1059
627
21
507
587
69
1900
540
100
656
411
146
947
245
133
1831
119
303
135
143
1784
802
1346
80
1044
499
275
477
301
320
203
52
640
138
195
362
307
29
129
355
355
1182
944
342
125
16
309
629
1961
236
736
417
151
685
304
815
482
300
988
287
153
994
322
707
1211
146
676
22
288
600
459
177
1237
358
265
132
355
433
275
519
49
12
171
511
182
622
120
105
1490
341
535
386
1158
66
61
8
27
84
542
972
117
208
160
51
541
440
29
254
896
586
248
928
286
547
79
585
1224
368
73
456
32
943
226
201
526
114
146
161
63
653
117
183
82
528
174
540
67
137
175
117
503
121
331
312
1135
139
36
247
1894
1043
363
629
350
112
353
297
93
1156
165
473
737
575
53
561
360
616
359
71
168
42
390
911
443
273
301
172
510
51
863
462
416
775
254
1282
321
1118
229
533
53
33
371
403
573
577
162
506
195
170
388
380
413
156
9
499
380
950
550
675
107
