182
5253
8737
8851
12393
11760
876
19699
15943
1995
2500
6060
10976
16027
24826
2669
2085
9926
4301
9409
8059
27
12883
14379
2750
1853
91
4960
2019
6450
14079
5868
42414
12760
3267
12053
19248
9864
24914
6230
22272
6310
2253
9639
1373
8187
12530
12043
20571
6566
5552
1312
9792
777
6088
1567
18148
2750
7895
3797
4159
20861
17009
17268
5133
7836
11266
5889
23587
16248
15476
4613
4891
21144
7402
32434
12353
13899
8239
5158
5279
27459
1191
2256
1873
2028
3034
303
59
1539
10404
2080
23867
7205
22862
8566
10442
6952
8825
3636
2815
3840
8901
2718
6053
13547
21210
3201
33677
27888
1208
2946
969
6503
3167
3654
11785
13362
23980
4195
4567
6433
3045
35457
14492
1567
4429
3732
222
1504
2138
6965
12488
62837
9182
1065
15845
5443
2177
6547
8691
28476
4858
786
3780
2804
20405
6221
1021
15063
7033
15652
1233
77
1578
18128
20
6692
12648
16072
9345
9122
16777
8891
3000
9153
11004
5797
592
12190
1276
11036
8658
5492
4206
4653
4306
5054
3470
4635
9137
12619
2963
1148
476
2722
5724
35770
2470
4612
694
2746
9182
1455
4375
979
4919
12450
5232
6151
7934
2781
49
3941
6159
3773
13488
1506
8026
6625
994
6619
6564
423
2699
5236
1398
7150
13861
2280
8234
31066
22
29575
933
21577
9603
16900
2371
9036
5580
3222
5500
18229
5502
10436
14499
10084
6027
9226
7580
9061
67
15349
3121
28524
1227
10937
3075
4204
7395
10766
891
2820
108
202
12926
2118
8865
19665
4814
5139
7342
2806
16016
2065
9984
2498
6018
18398
14853
112
22997
3633
7848
3381
12424
1946
10289
1560
12754
1766
6401
6286
8336
6370
3598
22547
9690
16122
20134
1151
2830
7378
15947
1019
948
18661
7568
4069
8285
10042
5723
20419
1928
5848
4028
4098
4619
23689
305
19555
2830
711
3949
9207
4515
10328
4057
1277
179
17034
9843
2447
6946
8741
5274
1223
4094
17632
24980
26554
8433
4944
3515
2106
8793
3391
1075
1433
754
443
15014
99
8925
3773
13846
3891
8207
1367
3122
2107
2913
21747
25450
10840
1814
4425
7785
14456
7232
10971
10677
3122
27343
566
12130
1553
12053
6679
8921
10313
1874
6898
1423
7357
6334
4983
7520
17550
7167
1620
13310
16883
2565
6140
3282
11849
3364
17402
8020
3960
1791
4717
4786
14155
3698
4142
3957
13891
1558
3501
2790
11602
14666
32577
18713
7235
2459
2259
25176
2785
1016
10201
538
15774
3317
3168
5570
12392
13073
19558
576
17407
186
2939
2501
9878
1345
9844
5877
10712
11571
2983
5453
31644
8708
2214
13255
3327
833
10302
480
3852
6197
1437
28270
9048
9625
5992
17135
2454
14129
24695
12158
1236
21459
6218
1021
3452
13093
3731
16256
4875
1725
3122
22757
6011
7698
15461
16790
83
211
5599
1046
9961
6641
6839
12478
6816
12401
1479
932
1715
9522
10250
13164
2253
6787
13247
7248
12110
9793
16177
10951
12410
5077
9117
1752
5978
9197
4072
20216
2265
5819
16677
9119
23289
12528
1392
1115
89
12579
1371
1442
9706
2794
18690
5962
7771
1861
23429
8490
44912
7205
4470
17080
1771
253
20008
12393
11
3148
2606
2321
337
1405
21040
16391
1109
17242
350
4792
15119
2185
1482
307
6978
5860
33957
15799
7270
10271
6750
190
9359
5877
2796
7401
3993
14799
6274
658
9210
313
3277
12905
8273
1612
20898
7600
5937
12742
957
14129
3005
4562
4501
19845
1122
7415
7007
161
6778
2202
1765
7110
6861
9079
6739
588
341
1024
247
9640
1303
135
5995
10040
27960
2274
18611
10072
2704
6668
7699
8491
1355
2689
6402
1207
638
1091
12209
9335
18006
10141
157
7841
5643
3703
3951
6610
7162
2794
4414
6852
1323
9654
667
6520
3996
9312
9955
2675
1850
4588
429
2589
6153
4866
2067
11801
1862
8959
28579
6918
3385
2618
11782
13076
4563
8688
7948
15789
975
1773
3676
6114
8263
5589
26662
1201
8431
11755
6406
1403
1458
8609
4880
19644
9551
16022
4438
9378
11575
464
47063
131
1577
1901
7441
7027
5213
6122
2927
274
7782
12259
134
7993
3639
938
657
2150
1724
39542
1238
12573
2125
7444
9280
1599
6846
15693
18686
3402
12848
5166
8945
5250
1470
25689
5750
20879
9552
4130
1830
20099
7024
17676
16056
6503
5901
9793
12459
4523
2799
5775
3476
387
10213
8592
3736
6330
7866
6980
2138
12251
2312
633
330
87
3366
2942
15399
3335
1063
2444
7984
5182
9526
1508
5300
2930
7729
3493
9251
5660
23922
7388
1282
1630
3190
4529
7
2221
15316
8106
2454
4403
10476
9354
2310
649
8518
3240
10013
15386
1583
17194
12777
22255
6983
8421
22098
1094
11169
481
4850
1000
5729
3201
8009
4932
80
23687
3259
4413
5804
5343
5113
9030
2778
2365
1720
1092
2977
62596
9316
7694
15851
5420
17553
735
1633
1657
2239
1118
4086
13795
1040
748
20576
10130
262
6672
10317
25100
9231
8682
5517
795
1761
28110
1317
3607
3843
6343
12151
9098
19653
7180
41673
10097
34727
14228
20631
28546
26938
3440
971
5363
4668
7100
41911
13081
1251
11156
13584
10961
3395
2689
17979
6692
2007
9324
1221
1770
787
28944
10861
13920
13136
2790
12455
16416
2355
5390
2371
3954
16867
405
8560
5879
7669
18002
20798
1006
6831
5995
927
2419
1644
6096
2254
36313
3192
15191
12958
20737
1144
1148
1187
18302
142
3610
587
2451
25848
4748
6019
8359
1219
4039
636
4287
1264
835
10209
8529
319
7134
3498
3049
1617
25329
857
10079
12728
8874
6674
13574
18560
522
101
14648
935
33989
10648
28397
37969
3989
2610
2827
7492
6920
958
343
13755
3894
5847
12073
7694
5372
4208
8552
1639
5785
5502
1566
27944
2890
3897
6924
1415
865
11977
2678
5972
101
10575
17627
9140
6948
2557
18276
22586
13362
3947
8110
10821
5116
5558
6020
1173
6557
10938
3214
202
816
7781
17907
4211
789
1448
30585
708
27202
2002
7737
5694
4532
23424
28463
1054
3430
6005
21207
3238
1805
20068
15666
1621
7449
334
16186
1408
12557
27202
1056
19797
3539
11820
21971
14420
225
15570
474
18745
2077
10754
7767
5751
4708
3569
28208
4917
818
14116
15541
5976
12246
5636
22713
3195
6367
12735
617
2285
22584
9319
132
8944
8725
1389
15279
2655
2067
7132
10759
7909
15050
474
22362
3252
20524
145
5331
5213
3694
4115
4802
3275
33653
4210
9488
15498
17396
1230
7138
8174
8885
2078
18955
6067
16451
6312
9225
1958
1451
5221
7706
15406
13
10054
2876
21515
53
5366
6067
1421
18207
1633
19667
594
1760
95
5795
630
18158
12975
18980
13317
14260
15245
1142
3141
751
15412
574
1131
5366
991
2402
8057
7400
771
9842
2671
10104
2982
1717
4742
3220
7242
6776
18929
21637
2501
767
1125
1600
2427
5020
6914
22660
6945
5186
8374
1803
18698
6319
1195
35270
35763
8123
1983
12
10498
11025
1754
8377
6824
12175
19385
10283
11512
11771
8272
5915
905
103
3926
3936
496
15191
10536
16349
12096
5938
36813
5119
4857
1780
297
8401
6782
5820
12604
9798
27645
8732
448
964
6759
5113
4470
6406
4143
17660
216
2195
1568
4273
6695
753
6528
5428
595
1490
4924
11132
890
5813
2069
7483
10180
5928
10536
14035
2596
3957
18819
725
2321
1330
9518
2542
1317
9583
7109
15918
1312
6170
3321
17732
11941
28704
3056
2371
1804
8330
1302
19005
18024
8266
1189
8363
17885
12223
2533
5016
193
6305
805
30846
16926
2610
7211
14957
4600
11762
913
2908
3759
1973
30441
3738
1755
2702
19087
5015
715
4058
5524
4162
1798
12136
19593
6649
1426
4876
20315
1445
12075
8178
481
1820
3254
3634
408
12159
9278
6675
2229
5410
7810
228
8908
18903
9713
22672
951
27915
9765
3853
1734
47
6558
12748
2241
3357
17364
19512
824
22822
24069
21887
1160
1585
10608
1839
5320
8210
38787
2544
6307
881
829
1612
1435
17697
16567
24193
11486
1437
911
8544
486
1960
3523
6397
7405
6619
4124
10534
16425
1698
8559
9681
5559
825
3470
3227
17846
1978
23476
10886
1558
5235
23806
596
10742
1942
24239
53969
4915
803
2099
181
3642
16412
6969
1380
3413
1729
3797
1290
833
2505
11946
3738
3061
730
2960
458
5251
19963
13524
5827
8486
6675
722
2983
11203
349
1489
11231
20170
15963
3571
582
5165
10007
1354
8085
13835
35351
3901
16079
27457
2158
24316
16333
17735
13118
6953
22431
2409
10184
5321
4377
12045
2297
16189
4135
495
11834
2601
7804
6296
2828
10725
6046
9607
11961
24483
10980
7165
7414
7487
18142
1553
437
1339
11607
1916
14829
10308
19370
7391
3083
4687
20064
5961
9485
6114
907
3755
8560
1326
7837
8044
76
15004
4487
8381
12254
4356
21890
8198
19234
3360
4359
1601
569
994
25230
1399
14354
2574
31787
5549
5940
2612
3848
12570
1612
17155
7565
9492
8545
1574
1442
5453
11722
18003
4906
4925
12000
7613
5175
3744
7822
11563
6047
3644
5642
4758
6274
26
10895
9368
72
12005
461
6438
15509
22391
947
10542
1670
13167
16117
23931
11689
5277
921
27618
7173
9924
1680
24957
14406
6276
17896
5017
2022
7026
9560
1492
6749
4288
12164
5019
3592
6827
1262
9880
22439
301
17708
26838
6240
17852
11194
4982
508
7967
25318
9548
45
140
883
10853
13083
5260
4821
523
4464
4760
6016
11197
23031
2940
2088
22083
917
2113
12743
583
1395
3497
28178
13585
12827
26335
2336
465
2457
4411
2743
16267
1767
4793
4636
4141
254
7330
2364
3304
26564
4357
518
1161
20645
6389
4848
3904
19742
5813
2901
1482
7375
8724
11603
158
13393
294
16335
9459
257
3701
9092
12886
1106
1988
430
2798
12162
2086
21031
2210
8445
24247
6134
510
10412
5535
2160
53976
4177
3423
13209
4107
2082
2198
2388
14916
6674
16733
14275
15275
7658
26198
3335
5307
35021
9691
3634
5468
3359
7357
9487
5205
6947
3045
45700
11515
16641
21791
6843
1204
4449
4336
8468
7764
5371
1906
2870
4191
10034
351
6327
19865
11463
3315
174
12286
684
29937
130
8044
8834
19138
5477
4995
3613
23386
13805
12335
6537
4821
5221
28502
22635
1024
3053
20277
1227
19553
12504
1914
5042
4794
13015
34595
5651
49916
1736
18667
4265
13583
1440
1133
16192
14940
5844
21692
9374
22557
2551
30238
276
14101
19222
1575
9323
6100
21046
6573
727
13627
2808
17748
3378
1432
5559
10537
12928
2543
1461
12228
25669
1677
8290
18947
2014
14776
31698
19507
3304
20455
2510
5598
1385
6645
12797
636
3711
5742
11200
4349
12043
16047
9837
1908
10115
7132
11682
3585
11339
2356
1237
3064
13092
2178
30763
1154
2970
1300
4495
4423
10507
4980
6502
6914
5790
13955
3651
6838
216
415
13992
1309
13504
618
51
11495
958
1928
7180
11006
237
2546
1687
32271
4159
3184
2514
8088
10544
4745
9614
4121
3106
629
20402
11891
1493
7165
5798
500
26373
18564
72
898
1801
2848
7060
16453
4290
10508
2043
28796
1408
21215
7337
345
14974
2385
3362
6318
14530
4357
6814
38770
5055
1592
20178
9945
6155
1183
898
685
8396
1185
3299
1076
4673
4929
1969
1958
3556
1834
748
6677
4991
11720
1691
10189
2929
4359
1358
5502
21544
7153
1665
1944
592
4758
264
4700
3196
4355
12221
8937
3896
3453
1316
7826
1132
262
3020
26069
10413
219
6442
1066
2310
3303
9192
20295
1029
23331
10075
1405
14400
12477
3261
502
1466
5837
26002
22693
11282
20126
43068
28555
2438
3456
8041
4448
10605
3724
461
3866
1549
20708
10810
8186
23346
8219
3667
2597
2939
13461
11926
19275
17155
12529
1108
48405
1324
23410
2574
1787
4844
1268
4394
100
7497
8124
4534
11214
7397
7716
5954
2888
6451
6309
6777
8775
3897
3756
38232
1541
4508
5437
27224
634
5197
5276
4811
8522
22419
17414
3243
7554
7514
6569
11670
1981
3491
4135
2836
3421
33279
24482
1114
5879
622
1648
2563
4712
13522
1605
9994
3192
1437
1986
5420
896
16252
191
5753
6693
1973
18880
6205
2473
495
26864
12748
986
14026
5096
1852
2436
6607
3965
11501
3321
8765
8843
5664
20609
24994
12960
5454
15586
1197
60
6955
2251
14376
19009
8042
738
3023
1714
3926
5594
2826
6232
1399
8304
10352
6770
5413
4618
5894
10252
1768
6850
23177
2845
26969
2453
5194
13435
5648
10877
3030
20679
11977
509
14231
14621
6025
1329
8669
5726
12238
3932
10906
6153
9849
320
298
29138
7524
8818
5066
19482
1112
1783
173
81
10895
1955
53175
2581
5346
475
11601
5072
25196
6638
4696
926
5406
14551
1195
162
15263
2493
4178
177
6976
8029
665
4403
9561
449
8770
6278
91
3885
352
29803
10536
8381
10821
932
24107
2647
2114
4494
23315
18784
2170
8815
20733
22782
3453
508
1894
4609
181
371
7323
11144
5134
9397
12915
1199
2602
7295
5547
39436
15058
506
12133
5643
62
3183
24758
17057
657
6595
24969
8565
463
1128
7483
4243
7381
473
5395
2412
2487
10422
1674
2240
21139
16378
2325
6876
9971
605
14245
6479
1078
1594
15570
3171
27191
31964
11486
4726
4324
9396
7087
1966
34816
6607
1290
967
14810
2165
26131
2727
6390
18876
17049
3177
63128
4245
4258
3297
15655
1543
5102
769
1861
3250
3690
1890
6383
6016
15756
13573
6497
11669
7015
33451
7252
482
30441
1642
7168
9202
258
1683
14515
5049
19583
3400
325
7046
3814
2912
20032
1724
20258
8701
10573
4012
40709
35637
18277
1451
11528
5745
44
1428
2530
731
15069
5973
1657
41879
7486
566
23634
7077
287
22000
23868
7253
8753
2670
10576
4582
7577
2048
5293
11536
17439
499
339
9691
15810
4858
7415
16720
2247
3674
15329
11048
11212
6013
15453
27493
3258
4931
4329
11650
552
23049
9847
4712
2414
15570
1469
5883
5944
17071
1386
4395
14295
19070
11830
1682
6713
2226
2048
15963
10482
13382
3880
5477
12058
16244
4571
2599
1995
4190
14137
1854
10474
36237
143
26405
37765
8422
4388
18608
2583
23645
2959
10844
12371
1821
2444
10804
713
5260
6820
10216
1004
2903
11255
6045
8280
6388
2596
4407
6670
2033
9491
14710
9174
2408
1323
12230
6256
15830
1208
11014
9453
3683
331
2715
7167
1668
4085
3324
4916
566
27851
1853
10022
2988
12584
1253
1941
1326
14927
8238
3870
14089
5986
21271
33664
2458
5066
14070
269
6161
1170
15607
13778
3721
6586
4331
13549
13481
4179
825
12979
7895
6047
8320
6726
2977
9884
4734
12908
1100
4166
17434
6512
21099
1633
21132
6470
1040
9031
13289
1029
24538
27125
8480
4439
4101
2135
3563
4919
12843
12294
14466
595
1940
2323
3261
3595
1359
29350
9519
3844
567
8202
4700
3789
371
2433
319
8234
7056
8928
2192
3338
5986
8151
9312
19313
37897
1039
26394
17010
3479
17275
2260
8654
8260
8981
3472
516
43170
5054
3569
4571
7650
765
5699
2320
2782
480
14519
4172
5076
13577
53744
14847
11960
4870
4505
26998
11514
5063
9573
7328
173
22491
642
4563
4276
10449
9255
10321
11154
5942
8981
2254
7567
672
9355
4612
6206
3997
17029
2631
11400
2394
16901
6327
4587
1710
661
6670
7879
16440
767
4825
2310
642
9760
9279
6453
6584
6791
13859
211
3290
528
14985
3630
8804
2143
3665
5278
29423
3788
1449
6784
11590
1048
1047
13780
3274
6025
17066
8181
6131
1698
7765
6635
14773
185
500
13187
1649
121
7607
24236
8280
3451
7148
245
17628
10355
823
4182
1307
7067
3325
6240
7565
8379
10482
24380
4939
7275
2389
4671
13668
2666
1626
6241
3303
20469
14649
19938
23740
5402
17765
16472
4497
826
176
7894
15870
13828
12966
17240
18285
8444
14589
10644
1446
628
19411
4507
4825
2026
12234
997
4310
4164
20096
18254
39927
10586
10129
10683
12201
105
5350
3693
13155
4887
509
10510
10731
8226
14832
24315
784
4665
5465
6914
1422
8895
603
17141
23854
4913
783
13309
2661
10363
3753
9735
8246
650
11678
4196
2787
22532
2607
17178
11021
5534
5182
1848
26581
9741
24951
130
1930
16594
1303
2295
17148
2149
6261
13273
9011
23251
16134
3141
2295
10532
2853
4213
10171
20285
13717
5752
4664
25591
4539
7039
1343
4565
81
3534
4956
4842
2724
1824
7302
2753
7266
1930
144
6263
15984
10506
3477
5358
8630
8189
714
5940
2576
3422
214
11168
1700
18618
6106
378
6952
507
25191
3409
7459
25183
2713
1933
4239
770
5192
13124
906
3017
5861
870
4616
3252
1110
31
1932
3749
13001
5948
1782
1434
3948
111
28904
10715
9750
1535
10564
29130
5756
13826
1561
4158
18593
3281
345
335
4800
21816
3970
10235
793
7280
11748
2702
1811
5046
20150
693
10149
2217
11581
34495
14933
6121
7538
2073
10376
5860
18480
17100
2936
10190
15790
3024
11918
4884
42685
6841
1941
3909
955
11011
1145
6239
3652
8415
3939
1349
128
6305
8991
272
1969
1053
3483
5166
9071
669
7772
968
48
4596
525
546
3414
1456
1770
5771
3932
3938
9196
5490
13565
21197
2035
25145
524
11017
5621
3081
8429
2376
8359
6622
2214
3964
14791
4335
20
669
6632
8504
2993
2560
80
10654
42393
13541
5575
7279
16131
7871
650
4085
7831
23621
14713
5393
12582
9036
479
6371
8012
15004
44227
6035
2441
3650
472
5994
9057
8187
10127
6328
3618
12068
13354
7783
1275
7539
2404
11781
9830
4247
11067
1766
3284
2974
1818
6669
622
4530
45075
10369
2897
5422
559
5220
695
22950
7980
826
2230
8503
16547
18731
488
1384
19304
5348
17943
19248
7348
10197
10135
1633
791
18751
2880
2718
7718
13170
5905
6867
2950
5147
227
926
5365
6955
8688
756
12366
3800
10916
9258
8436
22812
622
20882
8919
6734
585
1874
1333
2866
13753
3547
2143
25321
14414
4898
708
13644
5806
5960
413
2245
2090
2566
2710
3587
1968
9691
3798
2805
10678
3752
11877
9274
9824
956
13931
516
14731
603
9448
2216
1553
1175
8965
3148
15961
5515
117
20547
10500
3621
15373
23563
3239
3482
16231
846
10490
16284
7998
20165
18388
7128
522
5284
2027
5967
5963
2108
21023
5756
10814
9861
337
522
25351
1740
1883
10892
3232
2130
11601
2010
12980
3271
44899
1630
17333
5951
4315
6766
14136
3656
11704
4216
14318
1222
1439
2572
2799
1485
9741
797
2020
5928
213
9924
20778
11027
33946
9095
2266
2987
7805
31505
10192
5954
12549
280
6797
9799
4011
7451
19074
17042
538
15865
9077
1390
13336
2926
7806
1077
136
10121
503
11648
15959
2361
15666
2828
5265
4209
6711
24233
10668
4612
3177
20286
16584
5768
5504
12746
19378
4250
11312
10383
540
12977
12538
1414
647
13214
4737
10619
30663
3674
4722
7972
1331
14898
4432
6630
7407
12606
14081
8146
827
1921
15949
7028
3801
5461
1235
7521
2015
2156
1992
10017
8574
6273
3503
4029
22017
4085
28654
1457
2409
3384
2717
7985
6180
17067
3098
10275
1382
6406
10003
17844
2358
5178
15254
1135
2884
2954
4989
2823
1359
4306
7668
349
760
15665
3967
623
13095
215
12058
13532
17672
1771
21849
13753
2468
31896
10695
1210
8176
1838
619
13757
4801
54176
2526
23373
9359
21379
16993
2357
331
12157
1590
2137
1636
1022
8465
18329
10234
4012
1602
2360
4384
212
27029
2216
74
34115
9840
14692
41215
3072
4866
17887
22220
2607
2661
2480
412
2808
5388
6951
2308
20727
2441
20381
10631
624
23445
8653
37151
7925
7390
10938
1502
10484
2442
1724
2386
26525
394
1685
1424
1976
9009
1193
6708
6588
3077
2895
14405
4324
11241
535
3597
20418
16605
26072
6645
3894
8907
10784
28563
4359
4154
1333
1344
5462
20947
24196
18885
19041
765
3981
39233
4493
11184
7413
5018
4698
16197
3582
1606
1725
7082
6816
3965
8675
9771
12428
4171
182
6614
170
2740
155
13053
3088
367
8810
20083
1417
7776
4085
16322
6383
7659
15805
10802
1984
914
206
7578
728
5220
14811
5262
1151
106
10869
7937
13358
13786
6664
18200
25800
8542
12138
1065
3389
1303
749
3243
2852
10187
302
1778
13010
2880
4563
15772
31337
5853
253
9321
183
1602
3307
5220
1212
3224
2217
2760
3765
22194
7305
155
10059
2029
13916
7840
1827
789
888
8892
4733
5520
2474
18673
821
16270
8919
7348
4168
779
4068
3308
3575
4859
16949
2323
6492
7377
5639
14988
40682
4143
11818
8549
1577
2256
10047
12653
6832
5466
21888
4462
4946
6036
23197
3222
7751
4705
1302
17935
71421
14798
4582
11537
18869
18464
14597
22944
180
10852
519
9322
2719
1639
10779
29951
2215
6456
238
620
1784
13490
23112
14562
8957
7524
1558
4748
6775
6435
8296
391
4104
36237
5249
15217
5599
14593
13737
5285
6757
1051
32685
564
12973
45765
13992
21117
10261
5689
771
2851
9058
10544
9159
17181
2602
7544
210
7397
4148
3905
14327
10726
9150
7951
5576
1069
9069
2974
3768
12071
8847
752
7765
1532
32670
899
7332
1632
26923
9753
18570
14220
977
30402
6560
22359
17103
5612
12881
30284
15861
27295
476
1317
3002
14250
16558
5129
4495
31074
2054
15881
4539
27334
20427
4761
8069
11029
6096
6573
5065
2257
21252
8762
3891
5163
9979
1358
11866
13024
25078
6063
2485
9329
4231
12662
23773
6216
16564
10665
6279
8161
17944
3693
3386
4976
2638
313
17422
2427
159
12748
10858
3193
2693
20153
31430
2509
23242
2725
6657
2802
2908
6308
117
908
11686
2948
1739
5519
2211
2170
1864
6883
4917
37226
15093
10755
2021
8748
17056
7364
24790
4268
7882
2460
580
8243
12412
13722
375
2844
16886
3598
12513
1618
1697
1180
1399
16824
5608
8604
8725
9991
641
1201
3574
1221
16301
12048
472
4473
32650
13463
22045
9337
2765
19477
4684
9365
5342
719
57295
1998
5881
31643
3847
4603
10379
2685
12262
5917
12198
264
6519
18097
27177
8658
17755
4696
5403
19798
154
2979
9255
1249
2171
225
16375
7548
2271
2729
16941
4986
10211
1546
1399
7265
8848
17916
20082
906
8207
3554
18154
18374
1676
8731
15519
18757
3732
16817
6589
11970
2383
13808
12092
3534
14611
3957
9303
22060
710
15979
6275
740
899
1664
11516
7634
521
6170
2656
1302
791
72
13222
8278
1122
5413
10337
21092
5207
19526
4065
43648
24074
16340
2030
48
526
5362
1778
1927
10958
7195
519
8820
9001
12093
2492
4090
905
9773
8829
9130
5483
5253
7803
2367
22239
4230
7109
86
18648
15
6771
7526
11414
4689
9942
8716
3669
5876
9066
2193
2360
27289
238
12992
2684
14707
2954
423
31683
18906
2605
929
6319
523
44115
7454
8735
1719
14955
15585
7703
5966
4593
4752
6519
1769
1596
2109
1859
13200
814
5595
3667
1670
1671
2596
531
19341
589
13634
8821
7754
623
1308
3120
2919
71
18419
4377
1811
5999
7738
6965
1473
2950
3378
336
2641
2773
2038
9794
2961
15219
2777
6767
609
4880
14932
1807
9547
18081
2413
10736
4215
787
22068
13228
6094
7855
703
13958
268
853
1377
1962
26583
28695
7014
19999
5901
22346
11468
301
8021
1103
3672
4328
17416
14102
14861
139
2214
31361
18
9239
1615
2100
908
14636
26962
11170
60
2264
818
1047
12833
16509
19122
270
31646
19792
1788
17576
8886
2854
1655
11622
2232
2737
1451
6470
9573
5703
1353
12308
8648
17591
520
1755
67
12370
700
500
4633
1020
11496
1562
3788
14316
4279
4253
3741
3359
3150
4288
319
8274
36348
35203
5311
7256
2967
1674
6907
35834
7999
340
2101
7097
1198
9321
29739
8225
414
9344
3914
29889
6426
12962
2608
22137
1553
4527
19190
2789
4279
10855
8300
601
4713
12591
8973
9781
8174
4743
3080
3457
6891
2367
26253
4443
2038
828
171
1473
11441
2116
9455
41991
12609
6067
5953
20360
14372
10379
17806
10419
29032
14808
773
3410
14436
21592
775
85
15864
943
500
7758
22030
9593
15223
14999
8751
9861
9937
3406
3647
14506
15403
3222
18415
10275
2047
8636
4279
344
9205
803
4947
6389
642
523
617
18363
15466
283
4068
1713
1189
347
22091
834
3043
5456
6521
2713
1636
11208
9343
9749
9371
548
5705
16572
2218
12286
14849
15864
3081
25516
18441
5418
10186
9439
140
9204
3854
32331
9509
10988
6287
11308
8585
1347
15960
3791
11548
6637
431
2404
2324
3401
7763
7236
10417
8189
2772
32655
4154
37934
3656
3683
6364
1665
15908
5620
1990
3304
1244
10636
1634
6019
1176
5300
18092
3787
10
3016
1764
14636
11561
2552
6545
14428
13520
14339
559
6011
4895
7918
1939
6193
16547
11454
1687
14535
17434
6984
1832
34929
4752
3821
6774
3506
11305
13916
33975
908
18276
1358
6370
9822
2000
22014
12122
4253
27909
5295
14401
6549
13879
6368
2785
870
18809
18183
1397
3299
7489
24339
22421
6087
5574
15546
6841
1797
4757
6791
3359
14063
3893
1118
36457
18184
13543
6457
4298
9786
10881
8324
16986
8517
2481
865
2733
4347
1100
15870
6122
2949
5142
9575
8707
3508
8537
1186
898
14919
6434
5407
1665
2238
475
17917
7450
1752
1964
28913
5654
5683
10241
407
12886
1038
3252
3558
4333
782
22121
7453
2167
16019
9670
3988
6637
17220
4135
15418
4802
10179
17307
1152
877
1428
9302
108
34840
5539
25887
27084
7263
705
5848
6684
1614
12102
6166
15042
7825
484
462
15477
610
5556
8418
1091
6560
4430
4079
7270
2889
309
20414
10381
12434
3265
7498
2214
24121
11043
5148
1084
12502
10344
8447
14874
16553
6005
6285
519
10718
15539
2118
4289
12241
13083
3017
1916
1810
7417
213
6392
2787
10596
21729
4589
2223
8505
1615
10077
10062
9067
7076
6509
502
8314
10004
16323
9690
8674
3215
2370
14704
7750
36271
4899
249
3545
2022
2884
4074
16487
4770
11946
1931
4973
8085
2084
664
30
26222
3440
12805
18010
3578
868
860
17143
27920
6335
1123
8059
39049
7137
1263
9003
14699
3378
1809
11616
6861
759
17443
3596
336
10173
3876
11501
18826
70
5695
27141
1650
1644
12079
7068
6613
10061
2483
26371
7416
15007
28131
2052
1134
4055
2832
20270
1010
10178
3459
11579
4021
9071
15683
4224
31497
19833
1349
2036
19535
46
9310
6649
20919
2104
8830
7292
2425
3979
480
15793
14393
10958
7597
18140
3631
2341
8353
13764
38779
9367
12510
7842
2482
2125
3187
17711
1993
5518
1999
14296
19099
5372
9672
737
6963
10866
5607
1733
6838
52379
3185
2557
11176
14771
3940
11855
562
7584
22214
3159
18889
3356
14874
5297
1204
1481
12897
17319
24517
1393
5248
10837
1742
4519
18239
11999
1768
15450
13096
12241
4216
4223
9970
5219
1950
1169
2875
3103
10778
11241
20160
40484
5301
15708
1094
9982
14613
12051
3700
8228
5262
20
3141
1094
3030
30897
4046
8219
4596
14543
5469
8343
10886
15965
12381
3237
16757
23231
53
16564
11818
9546
13589
7315
22823
1168
1239
5311
428
48186
7087
11229
1419
27414
6382
4247
11754
2015
7982
2682
1191
22006
2507
8685
1411
661
5310
539
111
17513
9470
1764
4897
9051
17175
17551
826
921
5907
17217
6515
6831
9797
7733
6828
25279
6259
2149
883
221
20612
195
6297
4609
8552
337
16217
324
36410
1860
9593
8379
7418
12206
2893
8652
38102
530
20258
3230
1076
259
2504
8581
16909
10763
61440
6743
16
13558
7676
5022
7193
4021
5335
1848
9715
321
6100
16641
16363
3906
5647
659
24183
10104
280
2133
5613
6832
15259
2520
2114
11587
13012
7625
3136
8493
8479
11241
13694
25029
2286
381
3929
12128
13831
1712
4356
7014
3548
1868
5276
1137
3527
17661
9969
1745
14538
3518
1710
15955
1304
2969
10051
8732
15438
18783
3932
1511
4652
6503
12666
1238
10187
9360
7048
32398
12876
4256
310
6559
8241
2682
13765
2489
1869
2805
2729
26258
17106
3300
13439
1227
768
8358
4443
18748
9651
23453
2278
694
7316
655
1565
37247
9113
1661
41284
28679
2665
19260
3872
11444
9267
4177
632
6323
6133
8686
10217
11963
12127
20682
3999
3622
6477
14639
1683
6259
19460
8342
4781
1101
8884
20530
556
9468
7148
21336
2770
405
13250
30774
5195
4969
953
1911
12676
10309
9200
9297
2924
174
1404
4553
1020
4355
10943
5263
7285
8774
2846
7201
3983
7822
1662
8950
19843
4771
5669
8315
1878
10243
1987
28162
20863
1288
1045
11633
12902
11259
4068
2845
15145
14599
10635
19185
10578
53311
6461
5559
9367
4649
4861
7095
192
12881
13361
10753
18292
12304
17379
17780
8815
5142
6996
1198
19998
775
20965
1606
9396
5208
2387
3006
5418
5321
2746
824
12922
3605
21884
1314
13262
6136
12747
7031
1440
21389
2975
1097
6343
1081
7915
10767
9782
5285
19360
4061
2738
8357
15189
3176
11252
472
3369
8190
4806
2371
26573
69997
32718
8725
8060
4148
12258
2112
7267
1516
14676
9535
17190
515
1475
6319
3579
70211
24779
15127
1558
16975
9073
8571
4242
15217
8173
4566
1765
4482
14801
150
10816
6479
2749
10646
4462
6458
1549
8200
4138
2915
561
943
931
1412
7635
3938
2996
21573
3967
12891
7002
15837
5498
3834
3461
8508
5990
7517
6241
9158
7027
232
4309
20997
24887
56
5734
4324
813
4293
4522
2931
11319
9299
8728
8014
2392
12
4759
15160
5903
22422
7300
16068
18536
4382
3447
12057
1593
10045
3244
4512
349
5345
5125
2913
8066
14688
24032
1519
48
6606
8248
3430
4615
3664
3132
7283
14010
241
3348
707
55
785
17891
5604
13787
9466
6816
411
27226
58
2246
4304
11391
16587
15593
1815
16922
13016
1013
4349
11686
13441
3090
19279
18314
96
14220
17978
16419
2599
1743
16662
20265
16816
5226
13798
1345
16565
2559
7697
1563
207
11457
4755
7254
2355
6187
8764
9649
1182
7843
6333
764
3353
16772
7399
2699
2948
4713
2446
2253
3678
11614
5285
12441
18563
8719
7079
25896
942
460
7117
564
254
1136
942
2504
19
781
1980
2842
233
6927
832
3011
2949
2983
2499
3563
2831
8169
752
5611
3226
7600
1874
4610
1995
733
2280
1469
3805
1564
319
5747
8406
5657
220
5338
368
1143
4448
2931
988
325
4327
331
2471
2815
944
203
10106
6289
1590
258
2559
5558
2888
309
5144
671
642
70
4443
1544
2204
5296
4566
411
1827
2610
3923
1926
73
3604
807
1791
7207
36
2026
224
1990
4230
6665
918
4211
6453
2684
2010
2409
959
1547
13976
2141
1287
5573
5350
8584
5887
8929
505
385
1317
3126
1699
4436
4959
5194
36
565
5538
454
1432
5672
966
352
8274
2505
9429
1108
4363
1241
615
656
1633
16985
3175
3921
321
329
2065
463
133
1571
811
1533
3396
428
704
254
4722
3459
1982
9891
3655
1756
4140
192
4024
3393
549
191
48
6647
841
10117
1776
94
2760
1601
4978
402
1871
449
71
1043
6660
708
513
1233
4723
6822
7622
840
512
230
2054
6361
5785
2231
258
4900
2435
73
2079
3879
4783
1987
1574
1137
2630
4049
206
5624
1264
3748
1304
1725
3512
9364
1213
2173
2783
1959
1011
1841
844
2322
7782
1708
119
1024
3066
958
1296
183
2140
7425
74
1637
3977
901
3215
5637
577
5603
5703
871
66
5652
1340
5736
3463
1486
2990
2271
1162
2924
1421
2613
5929
1179
3923
836
2485
1057
120
4416
1556
1884
3391
665
2105
51
359
3864
2331
484
1415
5647
7036
1011
11455
2934
263
5575
786
8469
1201
1679
4357
1828
3530
1178
181
1840
162
1749
2416
6434
2487
2203
363
5436
593
1440
361
1744
3924
2476
13
1097
1227
6761
2257
2593
5886
2340
172
1255
613
1884
288
7679
2225
3464
2945
91
1036
2179
3582
2585
900
78
801
1236
4514
435
7191
4304
1934
611
3186
1341
899
299
686
1128
835
1750
1989
365
2549
3399
1670
4258
5102
290
3156
500
5564
687
5466
2565
1489
1682
2124
5682
271
5727
7536
6188
3724
942
6112
3579
1089
2462
5387
5345
2918
3310
259
1728
5368
263
8823
996
1124
627
4027
4909
243
4699
477
752
3844
651
2791
1337
265
508
948
3008
1661
3286
3946
2353
616
2749
2073
7019
3608
528
101
8537
723
2670
620
4818
4910
1784
7798
550
1628
195
2469
172
7007
217
5224
34
5952
930
2807
585
3317
1425
2245
6146
148
1777
1026
5613
3537
5595
4923
1407
3565
1562
2252
1603
521
4282
1260
3164
572
1440
194
1273
950
439
5130
22
2544
1765
3641
2110
6163
3212
1472
6780
1770
2049
1551
400
2001
1411
203
4841
22
876
2143
3688
116
5862
1858
10599
2986
2093
1961
23
3684
1088
740
3269
6345
3024
74
1210
1409
1085
270
129
674
4576
5051
890
5588
232
2916
874
1470
843
4063
463
15981
625
95
3323
1656
424
13154
2363
5199
1729
5058
1214
1208
3449
7556
464
9943
1211
3581
6391
1981
243
2337
2164
3884
5316
3665
3139
1166
251
6239
1180
135
4676
3827
753
1355
1178
4378
568
1468
6133
625
2280
1569
3626
2068
2643
1472
152
2166
10068
155
1139
328
1832
1426
2337
190
6466
2029
968
1837
7164
635
883
2466
5208
3092
1784
2483
3287
5954
2312
3272
1722
1640
1722
792
1980
2468
676
3556
752
925
213
711
3017
1635
7243
1477
3621
7891
3449
1857
903
153
1155
3933
1991
7372
2056
637
6468
3980
9179
3552
10173
100
909
5029
3477
1425
587
4826
1546
6179
3519
5229
1911
2573
1743
10458
283
3974
2183
7412
2745
1195
1186
2681
6394
2568
9
414
677
3669
2302
5342
4673
801
2093
589
2207
10463
6056
29
1105
6593
2330
25
194
1461
5502
7199
5116
1891
2380
4433
3364
45
162
10525
54
874
6990
5107
4264
10018
2428
2574
1629
1941
5632
6186
4635
1045
9757
1560
247
1847
3757
818
58
6476
1240
1964
1112
368
4354
41
2328
2919
4798
2537
640
426
795
2486
1804
1475
2682
493
8809
3070
8586
9232
1778
10395
32
1583
1042
3652
2472
2186
184
1759
515
1020
766
1821
1054
488
1136
3659
3678
4404
1028
3234
6552
4041
55
519
1457
63
28
3905
586
2422
713
863
1729
2549
525
41
828
3055
873
5085
6099
1817
193
1341
3963
5184
3670
1981
707
1654
4682
343
57
9
1332
1006
6994
3396
2339
2383
6717
1044
528
1893
98
2065
3579
6449
4757
805
1883
11039
1080
3527
4457
3642
919
2879
624
16762
1403
1259
546
3639
6872
4117
8730
5698
5128
3386
1965
3595
1703
4969
757
1867
2834
1416
3900
3371
4449
238
1568
3319
3962
511
422
1888
6065
5044
2499
367
1640
1282
1783
1446
706
4880
278
1039
1119
7530
169
108
967
13605
656
6466
480
4911
1120
1641
454
3693
14021
414
303
1996
3225
3026
5505
278
3011
1302
86
764
3650
5239
1026
4566
9119
2309
719
65
401
2073
2857
352
8932
1506
9666
5336
2169
1439
1080
1706
287
3669
4073
5158
2204
3124
697
2283
2585
696
5742
4050
3879
3074
737
3952
118
92
1258
5104
2893
3251
716
4751
11281
1637
5
362
1346
740
1784
1946
3248
1793
1184
2222
1241
2172
9757
9552
213
2712
527
3064
4845
578
1741
1152
4843
3477
2866
539
539
579
1044
565
4918
7666
2557
1860
7720
2341
1794
7036
3250
1966
751
2994
1990
1339
245
5072
4809
970
1571
849
821
342
5312
14164
5727
5092
2707
3746
1862
1643
3323
2713
1921
3263
3587
1336
611
2309
1254
3671
724
6583
5857
1442
4125
805
3070
1564
1544
3591
2756
1626
4413
9419
3926
2310
3162
413
6303
12220
631
160
2324
800
1057
4841
1013
7798
3173
104
5351
3415
1127
4131
1848
1169
4395
3379
5206
3
2283
1486
3170
6384
3512
856
5335
2816
4974
4656
665
881
4372
918
1181
5813
5269
713
2235
4899
3659
149
2548
1594
99
553
1068
1791
943
5822
566
8149
1076
3160
6697
3114
639
1131
4597
3938
3698
3080
3781
3308
2410
2509
4243
3731
5440
1874
2296
1150
3771
993
3258
214
1838
3301
5607
326
210
3088
2210
2106
2879
876
312
3237
8591
2367
952
393
3110
7811
7494
1210
709
4647
300
3522
1027
5162
842
1663
617
5310
360
5682
946
880
1334
3924
1378
2866
677
1929
8401
6726
1641
152
4082
2973
6072
3665
11837
4952
2626
161
7747
2497
4168
1597
919
1198
2840
1218
7457
15060
5661
3866
3179
2566
1815
921
7041
3383
1272
231
2776
1745
1582
761
4015
8768
914
1222
2086
8966
597
967
5584
1999
6981
2349
530
1960
752
905
932
4345
623
406
510
3086
5097
35
986
1573
329
805
912
52
5528
1714
908
684
2411
8966
7553
364
2750
2519
4976
2900
5675
2665
6047
727
2129
440
436
7377
1713
271
2616
205
1412
1207
668
1730
3064
2538
2843
66
1688
6678
888
494
1008
837
6642
1088
2603
3604
2342
630
7606
760
2126
5747
1154
905
1297
4954
3253
1870
81
5575
1076
2365
1564
5813
6400
343
2857
2458
10955
1085
1073
10009
3324
873
2935
1127
2783
958
7112
1546
1089
3725
4130
417
741
2241
718
3673
1660
9051
1912
529
5276
3282
1356
1489
481
2764
4572
2879
962
3093
1333
924
2128
44
1047
1159
3406
789
1363
4099
1358
182
3980
1843
10441
147
17616
3546
209
8656
616
2940
12838
1456
1503
3818
325
2246
1627
4457
1524
382
1558
1922
880
484
1657
2961
7858
1725
1409
1418
3278
2033
2439
302
5565
1204
5733
1103
2921
959
1564
123
3160
8590
4565
106
3487
204
6501
872
2921
502
5345
4035
360
1277
2849
1662
22
65
222
7654
1507
3023
2294
8510
7761
4813
3797
1907
2382
1265
3911
3483
2624
8521
2646
12978
111
3137
2769
7716
1566
2978
770
3783
8071
1127
534
311
4193
1433
3356
3534
5206
1228
3010
799
1659
1554
813
363
1988
1836
290
171
865
1659
3241
1184
3631
1744
11940
1523
1897
1370
276
1916
329
6169
3774
8873
39
1293
4968
2146
10425
1684
10934
383
1179
114
2985
4541
785
15
1311
35
3471
5009
3475
933
5868
193
455
1763
2691
16
2123
3457
4377
972
5120
611
2640
706
705
38
343
3836
1947
3258
695
9498
2446
1600
996
7571
527
614
1545
6473
772
6345
2151
3047
4537
8819
3974
571
2283
5356
31
254
278
8193
563
1766
117
1796
6598
2036
754
2715
1163
1434
9906
4421
312
1745
1933
3966
711
2483
654
8245
27
3722
1344
1356
293
23
1543
3562
135
14017
2724
163
2247
37
663
1876
747
5934
3044
7480
6639
2576
4304
946
2711
2747
1072
780
1207
3924
593
5873
860
3006
1468
1637
2656
1443
129
6870
219
8513
795
4705
2358
3937
2938
2722
1362
7801
1809
5484
1111
738
199
2061
1430
998
1386
5695
958
7555
867
186
279
825
1673
5029
4185
4117
5939
460
2895
8650
1495
3677
805
1115
81
204
95
5161
8721
5218
5444
1144
1665
4952
3759
3651
3214
4962
776
2261
2161
338
4864
131
885
1034
1751
341
435
531
2596
1027
1396
6270
665
614
1390
87
7
1108
3482
638
9444
190
2503
833
3643
34
2967
3051
5512
2521
1093
1864
1027
331
9
3388
1728
3825
3092
1771
1006
4509
185
4556
2578
12656
6235
1241
1261
1888
1305
566
1809
7640
1974
5541
7106
265
12554
448
6141
1177
17597
897
6988
5377
165
2524
3223
1886
5043
4847
5047
3066
467
1319
4330
8813
437
918
6732
4102
1624
3245
2276
614
4562
3939
3220
7155
3909
898
2123
337
1682
435
78
3275
1608
7118
780
1056
437
265
3552
9453
713
941
2227
453
6469
369
5085
634
2797
9842
3872
3349
2534
3656
196
3451
2557
853
3886
1903
117
3270
1471
1736
4799
803
3862
193
5322
164
463
6526
1215
1862
2408
4447
1470
8
3241
1873
6313
1605
4749
1801
1657
225
2349
569
1896
733
3390
9488
1925
4307
8072
7856
437
1293
1039
1510
4619
1739
254
2911
3830
4442
3888
1866
3400
4774
31
5502
3872
3450
336
183
2233
1650
4395
592
2108
1978
102
10961
9697
9541
1745
401
4829
14181
1913
713
4394
1230
2369
5287
1644
395
2272
422
1344
647
2309
11433
436
5733
2113
5384
3255
1896
3712
1528
2912
615
3632
2175
2828
3737
238
2131
1404
688
903
5779
9531
3118
3399
374
2160
715
5139
1158
4660
6260
1545
229
1419
1573
4313
1394
4517
4702
5228
1673
3681
3218
18
5863
2384
1550
6429
3908
4192
2983
2262
303
34
2690
1047
138
1606
861
271
308
776
398
2702
7902
231
3707
1513
3462
112
4459
3405
2179
4224
1964
3010
3263
139
1283
3028
6768
5042
652
7378
22267
257
3967
370
7440
295
1014
2857
3341
51
2143
2268
1931
5370
8100
505
2561
3965
3016
45
1491
737
633
1269
2911
721
981
4079
5031
2970
3856
1840
333
4424
2449
1650
5624
573
1640
1533
5325
735
4408
1574
2238
143
12
1828
6452
322
595
7389
5817
5168
1358
179
1172
20
513
4778
787
1678
913
1332
713
794
12754
2959
3030
1203
2290
10308
1510
998
143
2950
1112
838
908
12240
1697
1051
53
1014
5724
1699
1317
1379
491
5438
933
264
1435
2003
1923
640
5042
12855
3262
3821
1566
2320
4349
2767
3558
1079
4704
1966
3676
1140
3192
882
159
4723
1233
941
296
11
7373
1538
920
527
8133
20
8536
1893
3815
3388
1172
955
129
5824
1675
1999
6380
2781
2624
1191
2507
4511
2934
1179
2178
3505
7818
1650
5735
10523
9639
675
2549
1065
445
100
3769
3853
629
115
2311
272
954
11650
2634
129
3641
4450
794
2712
3550
1171
1788
1004
2247
4407
281
996
2332
3724
22
3543
3164
399
57
2702
366
3656
768
2391
851
5391
2601
2655
814
1227
313
3772
6097
191
1833
9871
1748
1814
6046
1035
4824
2434
1842
1530
1996
591
757
360
1496
3417
1486
2723
177
9037
370
1585
3471
4654
5527
2117
188
12703
276
745
312
1285
2174
5046
2306
5886
5049
28
1856
8900
2611
990
572
5277
1888
6606
1268
2970
1149
1447
2112
2795
130
3149
319
2501
4626
2385
4285
8107
9357
3610
7571
1553
41
8121
774
1225
179
10767
519
3861
9110
5342
2750
724
1153
2123
62
6760
4166
4141
3500
3334
9809
4513
2406
5206
3630
6500
2662
2339
3693
1213
8339
787
328
1115
1117
1882
676
240
1873
1616
157
2521
2296
8410
4151
1608
5048
4823
1756
979
1138
4553
2636
2265
5255
15280
1174
8397
8309
3526
5060
1204
2490
749
3558
420
692
2511
57
4372
4325
270
5907
1851
3396
8295
5662
389
4180
11523
119
172
64
8299
2080
1457
30
735
4540
527
66
4175
4960
4951
6903
1491
4008
375
518
3816
5702
5820
565
638
875
1625
4681
466
3291
4908
86
1710
2462
3940
651
566
761
1389
3804
1008
7845
1208
6953
3500
3430
1852
4051
1954
9772
580
3265
19146
1894
1484
146
1190
5994
1039
592
5437
1919
175
4155
6249
6462
6923
2732
1128
2214
1727
2949
1831
720
171
6471
1849
1771
3905
2641
1906
1274
4260
6453
1132
3883
5713
1148
1270
5101
538
8728
228
843
904
2852
2984
4083
6970
103
479
8657
3605
152
65
1985
6
46
244
2654
503
980
2326
602
800
4353
1039
995
1933
999
109
1395
361
280
1463
793
602
8639
1552
3560
1547
3319
447
2456
2917
565
1950
5094
643
34
88
713
4616
1816
370
1324
2398
1107
2871
1632
2205
880
147
1480
571
1794
9116
485
16039
247
1100
470
1452
630
1987
1150
1114
2818
5005
4982
661
3475
146
2937
436
3933
1816
4190
765
902
226
568
2633
3676
12881
2631
2139
1848
96
6887
3215
374
4697
16044
2019
5452
447
693
183
1060
1059
6470
2171
407
6713
3833
551
7286
2943
13
115
1593
3261
8573
478
6064
1091
1638
3905
4313
77
524
727
17553
3741
1119
4833
1338
744
4758
1752
3864
3443
1113
256
2203
349
645
459
3
1387
7126
3913
606
5630
450
911
4861
7790
6084
1415
1305
1227
144
948
2959
3256
87
534
2342
660
9216
1037
162
3166
664
1321
8363
2027
5714
2703
953
221
2764
2377
503
1697
313
1525
12156
8123
3167
179
7808
1040
2991
2630
2387
1230
706
5660
2140
1304
4634
6491
1175
194
230
1258
258
2180
11135
5390
959
110
667
115
4007
2972
362
162
112
2838
467
2605
1238
170
4831
2660
1771
2125
2346
3259
2004
1842
4509
197
1093
14310
4663
2734
4239
2955
843
718
1106
1401
4490
1121
2418
4879
757
461
3498
1016
937
127
722
10880
1357
3183
1064
2632
3186
1055
3578
965
634
2146
4495
1700
784
3969
4166
4031
2356
1951
712
2058
1330
7748
7216
3175
7748
2472
11536
2640
4602
1641
1645
612
887
4718
697
4713
3591
2630
694
280
2338
3718
4948
4331
1735
13190
1317
616
7976
6475
1055
3730
264
705
2804
2943
3755
5312
6655
1093
939
4908
2942
2407
964
216
3917
1009
1952
2988
1429
4382
385
4443
5998
749
359
2078
6661
1521
398
221
296
2219
75
4360
2664
160
1986
666
4025
4794
239
6338
2348
283
10670
922
5462
8597
8547
3004
301
1810
1250
119
45
6337
16
2230
620
932
2072
1609
3817
702
5322
3020
2719
3258
459
1857
1665
2671
411
304
6671
3522
8914
5443
1929
267
3871
1877
2363
3888
551
677
6329
626
1857
7509
1414
221
4840
6333
2111
1231
2224
2119
79
1832
768
4092
419
6495
3742
6735
6230
10596
10
5331
42
4300
526
4375
3477
4030
2067
3033
1948
734
1544
4037
2769
833
333
541
2755
1991
859
1506
1972
3219
2553
1347
830
687
3647
3652
2275
220
1946
1868
4329
1517
3044
625
721
1456
214
1724
7233
623
210
327
2320
2454
62
5049
938
1312
2870
1557
6885
1148
426
4180
99
3438
5576
4980
4682
18036
487
2865
5545
1209
3182
1956
1723
3360
4769
1100
6390
2131
3631
2961
1205
12309
1950
3269
2396
2140
560
483
2545
7116
10855
2537
13654
7819
3699
730
6523
325
2826
27
2304
1825
5271
7831
3218
2097
87
27
14329
2100
7585
12668
52
919
83
3193
572
460
5393
124
703
2261
4742
7211
4119
1686
1199
1353
5185
1365
28
781
6541
2029
859
4763
6091
355
173
882
17
6863
2169
189
790
125
1487
1326
433
438
1388
2203
2505
2088
2379
2570
3958
1951
6109
1313
2247
3903
3640
362
4485
5500
166
4387
3681
141
1925
260
3429
101
323
5735
7375
4058
3301
3615
368
5390
1623
1084
2980
483
6889
11653
4067
423
1109
7724
1619
2380
4003
744
82
637
680
6997
9156
5480
1095
677
1466
3477
741
1343
7375
217
1725
930
2739
381
125
4880
3512
2587
471
3618
448
1118
161
1970
5022
1346
3600
4850
7179
3000
640
332
1379
4875
4714
2831
4159
514
2428
2454
12276
6649
3049
641
3594
1725
4781
3292
158
29
172
2876
3097
951
2876
37
7241
1137
3786
2627
541
114
9403
5404
137
1203
5447
1756
11563
8411
240
3566
634
532
5715
3557
1219
278
2010
3378
1490
2840
871
6757
13126
1090
9503
38
8215
1035
3671
817
3065
1248
9727
1521
3078
4099
67
534
1071
1087
845
3367
1976
126
1273
2070
1801
2619
3175
1315
943
4290
3256
3664
332
1029
684
3935
6657
3725
5158
2186
5443
378
988
4786
1863
4076
1385
3409
1879
3731
4171
4340
215
1944
989
4411
2093
3171
881
139
524
1520
33
8532
1008
1999
3683
981
15
688
198
831
2043
1621
784
754
5742
243
5734
12369
865
45
16518
1130
6221
1047
5261
5045
837
605
4995
422
1955
717
2499
7677
5797
109
1718
1427
2581
490
2483
2864
227
1648
5037
3141
7483
229
4024
1580
2298
4291
431
6061
2625
682
4424
1307
2531
17
797
2184
910
2177
6130
2076
1034
3282
935
1766
3235
2175
1929
1246
1054
8014
102
980
3831
11406
758
726
1098
2735
3340
1332
7506
842
4134
1699
1596
843
241
552
7575
2370
3839
4153
10042
6025
20
7680
14
9076
4109
5420
5949
5767
4797
979
3484
1529
42
1110
6381
653
1345
7000
1849
4952
2154
3001
7459
2802
3075
8523
737
8377
1598
12538
281
829
2713
1633
451
194
4721
3949
1237
2222
154
6736
452
788
1918
169
270
343
629
2865
1064
4901
385
2449
2900
1413
2671
2485
124
1187
298
3559
3029
231
2950
1145
611
3356
347
216
782
2174
6863
3095
2567
7329
2728
1349
5739
2865
1896
764
4739
4543
4094
4707
2059
9274
10174
1813
5605
2031
1973
2351
1104
413
8369
958
4278
7536
408
8345
4769
916
1066
517
2909
1909
1480
4143
2314
7482
893
3646
2775
2145
1036
606
1911
770
1553
15946
1028
10486
5022
907
374
1061
6681
4323
3556
3497
1815
2278
3421
6339
1168
3502
2243
253
867
4270
2761
2690
5413
1160
451
1550
80
3684
474
5953
618
281
1888
4306
2056
2111
1442
12906
2370
1369
930
522
1491
1583
7513
5779
1264
1421
848
9495
4590
4172
7311
2526
970
1738
489
2274
4232
593
3742
6060
3825
710
242
2366
4034
149
11474
2191
7456
1013
65
4375
1004
4415
2471
3061
2341
3332
126
1363
2854
2053
2156
1704
927
260
404
1834
8368
1169
1424
717
8409
211
2250
4074
1305
6443
2801
542
574
3702
2870
1596
180
4908
968
4727
786
18
4253
1545
526
620
3308
2827
3091
659
5282
199
556
3162
1245
10430
526
668
109
411
124
489
1131
5780
1623
4968
5807
279
625
2553
272
3983
1586
9360
91
127
3555
1020
476
214
4226
2293
21091
9253
237
4124
542
9331
3902
126
865
4977
2097
3238
3171
86
458
411
6395
11711
1081
163
958
128
2751
1481
2413
1824
1616
12543
838
769
1014
10413
6914
5816
4253
5486
2580
3998
7109
592
583
2311
3229
5224
7929
636
904
1380
18
6708
5422
1321
1000
1637
8644
5258
4609
3997
1405
2127
767
693
193
1394
14022
968
2026
7187
852
2529
1243
4003
977
519
4422
5643
747
1210
2211
1870
1324
2852
544
2630
1870
4267
1045
1418
3846
4133
3479
935
176
4835
3998
70
273
16180
3714
376
3522
1668
1163
5196
2269
1000
3003
3717
3497
1182
1998
3223
683
1504
4016
1880
1123
2198
8588
190
6882
869
35
3626
604
369
4435
249
8145
6138
1289
4581
1465
1219
1843
8086
4816
1793
2149
1438
1653
687
2303
2861
912
322
152
1102
805
1855
4164
5152
314
3157
3441
689
610
227
1113
1537
3729
640
2523
1990
1134
3621
3283
9915
1729
1724
3371
7406
451
1763
10039
457
79
5306
1494
3975
2116
1991
6150
970
427
2221
2114
1380
2328
187
11095
1915
449
2797
1483
1070
539
7553
681
5271
12515
174
2859
2065
2615
7934
9560
2477
899
898
3696
3494
3426
4072
3964
9821
707
6913
1682
2114
1552
4793
487
9040
27
4163
553
1964
1458
4661
368
540
2166
2642
2219
1110
4261
1365
2176
1218
13858
3745
2038
1045
1660
3764
5838
1771
1465
7237
8093
3236
7479
471
104
1690
274
244
2846
321
39
726
3151
3621
4727
3840
4201
744
7056
3553
2440
14698
4707
3638
4890
4829
1023
3030
1660
3995
5594
3966
130
1767
2910
3611
454
1686
2335
686
991
57
3003
1793
848
5053
1914
4463
2759
3312
7820
569
2802
1705
6574
1470
4513
1293
4457
277
3257
200
9869
5850
3571
246
3855
1178
155
12912
3848
1426
866
1320
1034
1403
1722
1257
1934
1657
10856
6703
892
4009
15170
3428
2895
233
974
10511
1280
2738
308
1471
119
4027
1050
11313
2491
486
4356
6355
1174
65
4039
1024
2387
18661
5903
5239
3716
4071
1273
1255
3918
4756
359
1371
3163
1494
5349
10580
4159
593
1920
4599
471
2453
6376
1906
1061
81
2109
5664
6009
2133
3267
2777
2193
387
1542
3589
984
5190
1812
2211
2902
608
1853
3459
295
731
3
3259
1997
1487
2170
6344
306
1517
1144
2763
7488
12291
1853
1170
18971
2436
3218
331
1578
286
5752
2773
6853
1524
3019
2165
1088
399
1077
7067
2913
4354
750
3211
1806
15752
3133
364
2858
1011
1960
4825
3310
17
1564
5638
4317
3881
829
4137
4042
6730
2532
2699
79
5565
2405
4167
3632
948
3963
2041
1496
1536
5646
4300
2764
1560
2026
1113
1768
1113
4609
7314
125
215
1851
1298
1935
2597
1612
2517
859
2770
4827
419
445
1671
3948
5440
3219
1933
766
2154
1519
1529
5761
305
5540
2803
785
5940
7641
3450
4172
3338
63
1890
1352
4210
2868
2563
1215
2972
11087
2138
612
6261
820
1683
521
11094
1629
814
554
1198
2601
2519
2472
625
3463
472
1228
778
3434
3992
1293
7092
7528
3940
8831
7292
7802
600
421
135
1658
1162
837
949
509
420
1101
386
6468
4618
6047
523
5294
2767
7653
235
20927
1013
103
1464
169
3281
8030
7091
2150
2555
3661
521
493
789
277
936
1476
2055
5522
8339
2201
2637
14980
1964
2439
8193
2835
4446
248
130
329
1829
3106
3227
3128
953
219
3232
1052
335
1075
3139
1282
2294
418
439
62
2289
902
3427
5315
1607
650
2826
17
1932
291
2739
753
5972
3099
1723
1498
841
4897
738
5930
261
3895
2471
4780
8392
2315
1458
1119
3812
615
841
4737
2501
2813
563
2623
504
1659
3412
518
827
3358
3424
1867
1947
914
2726
54
444
6646
393
20389
1673
2569
3473
337
191
776
4733
9935
752
3335
4188
5950
799
967
134
6110
1678
3998
5766
7481
1787
888
7565
7894
3855
991
1101
677
478
7589
633
3799
5215
5445
351
1540
179
290
420
939
3402
6306
869
597
5771
1615
4346
193
1493
8508
310
672
1589
1084
750
3918
1955
2895
269
273
722
6990
161
533
3191
1215
8756
326
867
6780
896
447
2192
259
2840
3362
221
5458
1269
1651
207
9531
4090
2736
2969
940
3569
4180
4699
3032
2135
1068
3397
8127
4764
1448
2619
3446
12825
6224
4081
2862
2285
2279
7222
2421
1525
78
766
2665
189
3081
3168
1468
3044
1187
5293
884
6101
3661
554
4033
3872
7273
3950
533
1222
2397
755
412
101
2424
1389
257
2853
4132
2153
1978
3344
827
2754
911
276
375
1232
6111
445
1669
2075
952
538
21
2979
2556
1943
5452
430
1172
2355
5171
6118
1286
1069
10586
1458
2649
233
108
942
467
4874
305
1822
2435
1878
77
1231
4489
2336
2473
2733
1302
1880
1722
2977
5959
1080
1351
5463
928
1033
3190
35
3526
2047
404
854
2022
904
1036
78
1484
4102
7285
2771
2399
414
954
630
1851
312
13323
3138
249
9361
2340
418
2595
2435
1092
2254
904
773
1106
2847
4306
1600
1869
731
3844
1299
3192
2003
9933
1362
9150
919
872
3464
2745
5017
5087
3210
1105
7959
292
3650
5410
1361
203
13887
630
438
6799
1551
3423
3154
2871
358
3682
2621
518
654
5267
1056
8172
1712
4372
956
363
235
834
394
7775
1073
8308
2410
3421
1029
6438
3223
1897
2190
1108
3453
1622
2964
1090
5065
951
2940
7031
11335
925
3464
3702
4820
2904
640
2326
1504
1116
3238
817
3222
7654
2455
3261
6707
3403
2923
2277
117
10879
5713
1667
739
6294
8627
744
194
3149
3115
292
4008
1708
6284
4974
486
1336
2561
1220
287
3155
91
2256
5226
1014
2819
7151
984
1266
7762
3576
323
9561
1132
7162
3383
4947
8754
5199
3486
3087
378
2686
1689
2334
5341
2911
1829
4596
8257
5275
1741
2562
3584
4989
1524
2006
1612
1860
4268
3069
800
5341
1079
7548
9695
1643
1440
223
780
1087
1626
80
9545
2846
5745
4939
2940
5499
2802
825
352
9731
2799
111
1981
5000
612
1107
3315
306
6681
529
5491
798
5002
8183
293
363
5848
4822
6105
1101
3191
2720
1484
2944
841
440
5544
3502
367
3781
1034
938
684
1739
1622
938
6663
74
4561
2632
1291
4092
1335
594
3035
512
857
894
375
1943
437
1495
232
9646
4134
941
1002
2609
336
722
3028
7073
451
11800
4091
1651
2396
2907
1640
5530
7268
548
2580
571
4874
25
155
114
4289
113
2248
260
8571
1171
4368
14422
2803
5328
4051
7500
5595
6227
812
5085
932
3298
2774
5687
1993
3930
780
1479
2784
6364
484
2897
680
1381
925
709
5526
6218
2470
1846
1530
2704
1372
1414
373
494
3908
4568
1675
1641
1826
9909
625
16
3638
12476
553
3500
1596
5487
59
1842
4525
2450
3173
5456
6833
10076
5424
8384
2031
5740
7610
2118
6086
3735
1235
548
67
226
165
5234
1488
615
540
11131
24
1359
8055
2962
11918
3528
1932
822
366
5044
5464
2129
5108
417
3990
6062
4313
3259
2361
2976
2096
6309
234
2556
1376
4985
582
675
846
7089
6620
1113
118
4282
5061
18
5167
8471
3357
936
6075
1063
386
592
4079
180
2326
132
9507
103
2878
2819
665
991
1871
6006
732
1422
5349
808
141
10968
536
973
149
2670
1946
1354
8191
444
347
1047
2323
5307
10044
555
2960
9698
249
2903
802
1171
5879
4474
11639
2614
75
1579
8426
1211
555
1398
6
6543
1920
144
356
465
279
2646
2595
747
2132
81
223
2868
75
2933
10690
3545
860
536
2463
4060
274
2213
851
8748
4025
3020
1820
10280
9020
2397
69
847
1259
5313
244
1548
2519
2203
10025
382
16867
419
6117
1608
1161
359
1927
1800
6644
1810
3211
585
1883
1694
1418
3123
1090
561
93
305
2142
1098
139
6642
1701
1241
21704
5029
4310
734
1931
4387
1139
3268
5695
1934
6602
6009
1445
2271
2271
59
2651
75
455
1251
2368
4556
9609
1114
2164
1599
2338
928
2337
1700
1331
1515
10799
4146
11734
1438
700
2625
128
2496
1178
5351
530
1884
6802
3740
1618
2209
3736
6204
967
4554
782
2756
1257
2870
1483
364
3464
1264
5084
4264
439
2167
2708
2467
3215
2151
612
2839
3556
994
2282
4628
2908
8811
5260
3364
681
835
2283
1352
3628
4303
351
3632
5226
1524
3277
3472
1944
2996
2399
1529
4992
483
11558
6321
1440
856
4832
2906
5561
3388
60
3458
10395
37
1035
5524
1238
3211
27
8113
9315
7667
2482
998
4104
852
4617
5767
11336
6133
2303
299
1557
12058
529
4861
1984
11675
199
6127
3853
1059
1242
1987
80
316
2152
2778
649
6560
7561
1086
1596
8132
2687
2735
2608
995
2303
2639
2141
6084
187
3836
1397
12256
4151
1685
1466
1855
158
8893
4335
5035
585
3482
976
6730
4
1088
3833
1382
5710
2023
3550
2713
8492
