1094800
1084400
1084500
1083300
1083000
1083000
1097400
1090400
1079700
1082400
1092200
1087600
1080300
1082400
1087500
1088500
1080900
1113800
1084000
1086200
1094700
1082900
1085200
1089500
1099800
1085900
1082900
1080200
1084400
1092700
1081900
1080400
1083600
1098100
1081900
1084700
1085800
1085700
1095700
1112500
1079800
1088200
1094400
1111800
1093800
1111500
1096100
1097000
1097400
1095400
1083200
1083600
1082500
1097900
1079100
1089900
1073900
1078900
1082600
1102100
1084200
1089900
1085500
1092000
1081600
1085200
1100000
1089700
1086800
1082000
1090000
1090500
1089700
1094600
1101400
1092200
1081700
1084100
1097700
1099900
1088800
1083300
1126300
1084500
1079100
1089500
1112400
1087900
1095900
1082500
1094500
1098500
1117400
1251400
1086200
1077000
1079500
1079600
1083900
1073600
1071500
1079500
1205100
1100900
1078900
1091600
1093500
1084600
1086700
1091300
1087600
1098600
1094200
1082900
1080200
1096700
1086100
1087900
1082800
1103100
1099200
1089400
1082700
1091000
1088400
1100300
1093600
1162800
1089900
1082700
1092100
1089700
1089000
1088200
1097800
1092400
1101300
1144300
1089400
1090000
1090400
1099300
1080300
1098400
1087300
1088000
1095000
1095400
1087800
1082300
1080200
1078800
1095900
1091000
1092700
1084500
1080600
1109900
1096200
1081000
1104100
1091700
1083400
1078800
1096400
1089400
1091600
1135500
1081200
1077400
1080700
1083400
1079800
1077700
1215800
1079700
1090600
1085400
1087600
1077800
1091600
1095000
1090500
1085800
1090300
1099900
1070300
1079700
1139800
1082400
1078400
1079100
1080100
1095000
1083400
1101500
1108500
1107700
1084400
1091700
1106800
1084900
1086100
1103100
1110000
1090900
1091200
1091200
1086900
1115200
1096200
1092700
1092700
1093800
1146500
1091500
1088600
1075500
1071800
1127800
1087600
1085400
1094100
1086900
1089100
1098900
1154200
1084300
1108100
1119700
1094200
1098700
1089600
1087700
1101700
1087700
1076900
1080700
1083600
1090100
1088100
1077500
1095000
1096800
1087800
1082600
1086700
1145400
1093200
1074900
1087400
1075400
1085400
1075200
1080000
1079700
1077900
1083200
1086400
1090100
1088300
1096400
1077600
1079600
1085500
1089600
1086800
1097000
1079700
1083300
1082800
1084700
1109600
1096600
1077100
1088700
1091000
1109300
1092800
1168000
1088200
1077200
1075800
1089900
1120700
1089600
1088000
1095000
1084000
1090800
1088200
1092400
1085500
1093000
1092300
1093300
1085700
1088800
1085600
1095800
1087700
1085000
1110300
1084000
1090400
1091500
1083000
1092200
1096100
1089400
1088500
1099900
1098000
1085400
1091800
1086600
1081800
1126000
1107100
2896000
1128600
1098300
1086200
1096800
1090100
1089900
1097300
1085500
1104100
1077300
1080600
1084300
1138500
1085500
1081300
1080600
1085200
1081900
1099900
1103500
1126400
1183700
1844500
1179100
1173100
1150400
1142900
1151800
1162900
1157400
1111600
1151100
1100900
1101900
1092200
1089600
1098900
1091600
1095100
1089400
1133800
1084200
1086700
1085700
1092500
1078900
1079300
1090300
1098000
1095000
1085100
1089300
1091700
1085100
1083800
1147200
1104000
1090000
1097800
1081300
1085600
1092200
1096800
1083900
1082800
1112100
1090300
1089500
1080600
1092200
1089100
1079500
1086300
1089600
1083300
1083300
1112500
1084400
1090600
1085400
1085300
1090500
1078600
1085900
1092700
1087600
1086800
1081000
1112000
1086500
1090600
1083300
1098100
1087400
1082200
1101600
1091300
1090500
1084000
1086100
1087000
1092300
1118200
1090300
1092600
1099100
1088900
1138500
1095900
1085000
1103600
1095500
1085600
1089100
1084900
1090500
1091500
1087600
1095100
1074500
1073800
1094100
1077600
1084100
1080300
1096000
1075600
1081500
1077200
1078500
1098700
1096500
1088900
1083100
1382900
1402100
1390700
1401700
1397100
1429600
1402700
1423800
1421600
1230000
1093000
1088300
1091200
1076000
1078800
1083000
1078400
1089400
1079300
1080700
1083800
1070900
1080500
1077400
1086600
1083400
1094600
1082300
1110300
1090500
1081100
1076000
1083800
1086400
1088900
1102200
1083200
1111100
1084800
1087400
1124900
1128800
1080600
1111900
1107300
1096400
1077300
1087400
1097400
1097000
1095800
1098700
1090500
1089400
1131200
1089300
1097600
1087600
1096500
1087500
1093000
1146300
1272000
1090700
1183700
1111300
1098300
1086100
1091500
1087800
1091000
1107300
1127000
1090700
1085600
1147200
1094300
1111600
1090400
1095800
1104200
1088800
1091600
1093100
1113200
1113600
1103200
1119900
1099600
1074500
1092400
1090700
1077900
1142100
1085100
1081600
1082400
1074100
1089800
1078100
6108200
1077900
4282800
1423200
1420300
1481200
1409100
1415400
1401000
1410100
1123100
1084500
1096900
6573300
1092000
1089400
1087700
1095200
7290700
1503200
1401500
1426500
1441900
1458500
1087800
1085900
1125300
1079200
1090200
1096300
1317700
3993400
1614900
1089700
1083800
1101100
1085800
1088200
1082200
1090900
1083400
1082500
1083100
1088600
1087900
1093900
1092800
1083200
1085800
1095500
1085100
1087800
1501800
1827500
1084700
1137100
2642700
4483500
1495000
1084000
1124400
1101200
1076700
1082200
1086900
1098400
1096000
1087100
1102000
1082100
1087400
1480000
1459300
1431500
1416100
1454900
1348400
1110400
1096000
1089000
1245700
1318700
2615000
1118700
1085400
1084300
1092300
1084000
1090600
1087300
1086600
1117700
7800100
1095900
1086200
4275800
1991900
1932400
1875100
1884600
1899700
1855000
1899500
1619800
1489900
1431700
1403400
1345700
1193500
1147700
1110300
1096800
1089800
1089300
1088000
1132900
1091600
1091200
1093500
1095400
1452800
1415500
1410000
1459200
1406200
1425000
1405900
1406500
1416700
1508400
1432700
1453000
1409200
1422600
1403500
1405800
1401300
1406700
1442200
1395800
1429600
1512100
1418800
1412200
1401600
1414800
1258500
1121000
1076700
1090500
1087000
1089100
1073900
1078300
1085700
1083100
1088400
1123400
1083600
1081300
1084700
1102500
1085900
1081600
1081200
1087700
1082500
1088000
1108500
1089000
1131800
1083300
1092000
1086100
1110700
1088000
1091700
1075200
1075400
1085600
1110800
1085000
1093200
1083500
1090300
1089300
1092700
1095200
1089700
1089300
1083200
1115800
1086700
1084000
1127900
1088800
1100500
1087800
1105800
1084500
1092200
1093900
1130200
1085700
1090600
1085500
1088200
1093300
1104700
1089000
1096800
1091800
1078900
1088000
1086300
1107100
1087300
1083000
1079800
1085000
1076300
1081600
1078900
1081000
1095400
1098300
1090300
1093900
1087500
1081300
1214400
1104700
1090300
1093400
1146100
1086600
1092100
1078800
1405300
1422200
1435600
1418500
1445700
1413200
1478900
1434900
1416000
1130500
1120000
1148300
1117300
1145600
1129300
1119700
1086600
1094800
1088700
1126300
1334600
1086300
1081800
1160300
1106700
1082500
1093000
1087300
1084200
1100700
1093600
1108200
1085000
1095100
1266700
1111200
1101300
1088400
1118500
1097500
1173600
1148200
1095900
1087500
1090800
1091200
1083300
1102300
1086100
1082900
1094200
1088500
1093000
1084400
1086800
1089000
1082700
1084500
1106400
1092200
1086700
1080400
1085300
1081900
1103100
1113800
1082600
1086500
1086000
1176800
1087300
1098300
1088600
1092300
1082500
1085400
1086900
1096500
1085700
1090500
1109400
1091300
1135100
1102200
1097700
1087900
1123300
1263900
1098300
1085300
1094700
1097600
1103900
1089900
1153400
1078100
1072700
1086600
1087300
1075500
1128300
1101300
1087800
1087500
1113200
1085800
1088000
1091100
1146900
1131500
1102700
1086000
1088000
1092100
1082200
1094600
1093000
1086800
1092000
1081500
1092500
1084200
1084400
1084300
1094300
1084000
1086900
1095100
1086800
1080400
1086500
1082800
1082400
1114100
1094200
1085900
1086700
1083300
1085600
1086500
1092400
1089400
1089300
1086300
1084000
1092200
1091600
1082600
1084200
1089700
1082200
1091700
1085300
1085500
1086600
1090900
1105700
1093600
1084700
1088800
1087400
1090500
1086100
1111400
1076600
1075300
1082500
1091500
1088700
1078700
1096100
1082500
1100800
1081500
1087200
1090500
1086900
1086000
1089800
1084700
1092900
1073400
1078100
1077000
1076200
1090900
1082000
1093800
1082700
1095300
1081500
1129900
1082800
1082000
1100700
1088700
1087300
1083700
1083500
1083600
1086500
1084100
1107300
1084600
1083600
1081200
1088700
1081100
1087400
1083600
1092500
1085500
1082000
1096100
1081200
1082900
1085000
1084300
1095400
1085000
1094500
1083100
1130000
1099100
1085700
1083300
1088100
1117500
1081600
1088700
1083700
1086800
1091800
1099400
1086400
1107800
1088600
1093900
1084700
1092900
1101700
1089800
1104000
1103000
1094600
1079000
1094900
1110300
1083700
1101200
1100100
1086500
1080200
1086200
1090500
1103300
1101700
1095500
1083400
1094800
1093300
1083900
1079200
1090000
1098200
1077200
1085200
1077000
1078800
1087000
1100700
1081500
1080600
1075400
1083300
1085300
1099200
1078000
1082100
1073800
1106900
1080500
1082900
1076400
1079200
1079200
1076300
1083600
1079000
1086100
1097500
1104800
1095800
1089500
1090200
1086300
1087900
1096400
1098200
1091500
1085200
1090500
1094700
1086000
1091400
1087900
1104100
1083600
1108700
1084700
1075000
1079800
1083000
1080200
1098000
1082800
1116500
1102200
1082700
1080800
1084900
1087800
1090700
1094600
1104900
1078500
1079800
1074500
1072300
1082600
1089000
1090100
1075800
1079500
1079900
1091400
1108100
1087700
1088000
1089600
1075800
1070500
1080400
1075100
1076300
1074200
1074800
1092100
1085100
1078200
1072400
1083400
1082500
1128500
1075500
1085400
1081800
1069200
1100900
1078800
1153600
1081200
1080100
1075800
1086500
1080400
1096000
1088300
1106400
1083600
1079800
1083300
1084200
1092400
1098300
1086700
1075900
1084200
1084100
1078300
1086500
1086300
1079900
1079600
1079400
1074900
1083100
1078900
1095700
1118300
1084300
1097600
1091700
1091100
1089900
1071900
1081000
1087600
1076000
1087000
1078400
1077400
1074800
1089300
1073400
1078900
1090700
1105200
1131500
1096100
1079000
1074300
1085300
1086100
1130500
1104100
1092500
1082900
1094600
1080000
1092900
1098400
1086700
1080800
1076100
1085700
1080600
1079600
1081400
1092400
1082800
1079900
1138300
1093600
1095900
1103900
1102000
1100700
1088000
1094500
1074400
1083300
1078500
1077400
1095300
1083900
1085300
1086100
1098100
1085400
1075800
1081100
1083200
1074900
1077500
1088600
1084400
1077700
1093700
1088400
1098500
1089100
1084500
1086500
1085700
1072600
1076600
1080000
1097100
1081200
1091700
1082500
1078900
1080400
1093900
1089200
1087800
1079100
1074600
1096300
1088400
1101900
1091900
1110400
1091800
1075700
1078800
1079300
1104700
1083200
1087100
1077700
1092800
1080000
1075600
1077700
1080000
1073500
1082000
1114500
1116400
1089600
1087600
1084200
1088600
1076700
1100800
1089400
1090700
1095500
1089500
1088800
1091800
1086000
1085800
1083000
1091200
1080600
1081200
1090000
1073700
1084700
1077400
1074900
1096700
1093500
1109600
1081400
1102300
1095500
1097600
1095900
1084200
1085800
1090000
1089000
1082400
1094000
1091100
1086300
1154900
1104000
1089200
1079700
1092900
1078500
1074700
1081800
1085600
1097300
1104300
1152700
1423600
1073300
1093800
1093900
1075000
1098300
1213600
1114900
1073200
1088700
1082600
1075100
1077100
1077900
1081400
1090400
1109200
1082100
1087600
1087700
1072000
1095700
1084600
1090900
1439100
2601500
12048100
1229200
1097600
1088100
1095500
1097500
1079100
1088200
1088000
1110300
1090600
1099000
1094400
1089900
1747300
1084700
1085900
1087600
1083800
1096900
1106000
1092800
1077000
1102500
1093500
1092700
1089900
1084900
1083900
1089300
1108400
1282100
1120200
1103000
1096600
1096900
6507800
1489500
1407700
1420700
1411800
1436000
1408500
1375800
1099900
1241300
1099000
1114500
1094900
1088500
1097500
1087100
1097900
1132000
1105600
1091700
1112400
1098300
1084700
1097200
1090200
1089300
1092900
1089400
1224000
1438000
1099900
1100700
1088800
1081900
1092100
1090200
1081900
1083100
1124100
1080800
1084500
1084800
1089400
1092000
1093500
1078900
1085700
1100600
1098200
1115400
1075200
1078100
1181100
5255800
1451400
1411900
1452800
1408200
1405900
1401000
1427700
1426000
1414700
3557300
1107300
1082300
1121500
1086500
1101200
1085700
1093000
1090200
1081500
1077100
1083800
1078700
1081700
1074900
1095100
1098300
1090000
1075200
1091300
1092000
1439000
1406000
1415500
1100200
1104300
1086100
1090600
1089500
1082500
1092000
1086400
1088100
1082000
1102500
1084300
1172800
1093000
1084200
1085100
1087200
1113400
1086700
1097300
1090500
1104500
1083400
1093100
1108400
1077400
1081900
1077500
1082500
1098200
1087200
1093800
1075100
1084500
1083300
1086700
1080600
1085100
1075100
1080400
1078500
1086300
1083900
1081800
1080700
1076600
1076700
1076500
1079600
1087200
1087400
1102100
1091000
1096400
1092600
1090400
1086900
1088500
1082600
1082400
1082600
1095000
1095300
1087000
1072700
1143400
1084900
1078600
1079200
1079500
1077600
1104700
1086400
1095800
1084800
1096400
1095500
1082200
1089300
1103100
1082500
1089200
1090300
1086100
1093200
1133400
1077600
1102300
1089300
1082500
1083600
1089000
1093700
1090800
1085600
1099700
1098300
1087000
1088000
1090100
1086200
1077800
1094000
1099000
1133900
1088600
1085100
1091800
1101300
1088500
1089400
1098300
1092300
1104000
1088900
1087200
1075800
1078600
1082200
1090300
1078100
1080800
1072200
1081900
1089200
1146200
1090700
1089100
1074100
1106100
1090200
1087000
1093300
1081000
1073200
1080300
1111000
1118300
1084800
1092000
1095300
1075000
1088500
1084900
1095000
1092500
1092000
1078300
1097600
1107800
1085500
1080400
1079700
1081900
1072600
1123500
1089100
1097700
1090100
1099400
1078400
1095000
1107100
1098200
1143100
1094300
1102000
1084000
1102300
1089900
1084000
1086300
1135200
1083200
1087200
1085100
1086600
1089400
1097300
1088900
1101200
1110600
1096900
1090000
1098800
1085200
1089000
1087600
1085200
1080800
1080400
1082600
1084200
1077400
1083400
1090000
1100400
1079000
1094800
1091300
1083100
1086600
1076600
1080200
1081000
1084100
1079900
1094800
1081600
1088700
1098300
1085300
1071600
1104100
1107400
1077700
1074900
1077800
1083100
1085500
1081900
1076500
1082300
1078900
1076300
1074400
1091600
1100900
1106100
1112500
1099400
1077500
1075500
1244500
1103200
1090200
1077000
1078800
1086500
1077700
1100800
1076800
1075400
1082100
1092200
1083000
1127200
1104900
1079800
1080200
1246500
1114600
1085200
1101200
1081400
1088000
1085100
1092000
1075400
1095600
1097600
1093700
1077900
1078600
1077500
1095800
1088100
1093900
1080700
1084800
1083200
1075700
1088300
1087400
1095900
1090200
1085900
1086200
1085400
1092400
1088200
1089200
1084900
1103300
1129200
1102600
1092400
1082500
1092200
1095800
1083300
1093400
1096500
1084100
1090900
1087000
1085500
1098100
1088800
1080700
1085300
1078700
1073600
1075700
1090000
1088500
1103100
1090300
1094800
1084600
1098600
1082200
1078700
1078500
1090100
1071500
1079700
1080100
1077600
1079600
1091200
1083600
1082700
1080900
1077900
1087100
1082100
1079200
1075700
1077200
1087700
1080300
1098500
1090500
1095400
1076600
1078000
1088800
1076500
1088200
1088900
1079700
1080000
1095200
1082500
1099300
1085300
1074900
1100300
1087200
1090900
1073600
1091200
1077500
1076300
1076300
1076600
1078100
1082000
1073600
1078400
1116800
1091800
1080400
1082400
1078200
1075100
1102200
1107400
1127100
1085500
1081300
1076800
1079400
1091300
1077400
1074100
1103700
1090900
1092400
1086300
1081200
1081900
1087500
1078000
1078600
1074700
1076200
1074700
1083900
1117300
1101800
1084900
1110200
1090000
1074800
1136800
1081400
1079000
1090500
1082200
1081700
1074900
1080200
1076100
1079600
1084000
1119400
1089900
1075800
1089200
1092400
1095600
1079000
1148000
1113900
1101900
1076700
1084800
1083100
1103300
1074200
1082100
1112500
1078100
1090400
1087700
1082000
1075100
1142700
1087400
1094400
1084300
1083500
1081200
1096000
1090900
1094200
1155600
1087500
1103300
1222100
1106100
1110400
1097500
1162600
1095300
1089300
1115000
1091000
1089800
1088300
1161000
1092400
1083900
1088100
1106100
1124800
1084500
1090400
1168500
1083100
1098100
1089000
1075800
1093000
1076200
1079300
1074900
1084700
1083600
1091200
1078600
1072700
1104100
1080300
1076000
1087000
1086500
1084700
1076000
1076000
1076700
1117800
1082800
1108200
1091600
1084000
1073800
1078100
1082900
1079600
1092800
1085500
1088400
1072600
1096100
1075400
1074400
1076400
1084200
1092100
1081700
1086000
1075600
1072200
1109200
1094300
1100700
1090600
1092900
1106300
1082000
1085900
1086500
1090100
1088600
1085900
1087200
1081800
1082000
1080500
1095900
1100200
1098600
1085200
1094600
1078500
1080000
1080800
1098800
1085800
1096000
1088700
1116100
1075800
1085000
1084400
1079500
1076300
1082700
1087700
1077300
1077500
1075200
1085700
1080300
1085900
1093400
1101700
1079400
1076300
1102400
1084300
1093500
1078400
1101200
1097800
1083900
1088700
1091100
1076500
1081100
1081900
1076500
1079200
1080400
1072100
1110900
1075300
1076400
1085000
1107800
1091900
1103400
1078900
1082900
1120100
1111500
1108200
1088600
1088100
1083000
1087100
1102200
1110600
1091800
1126900
1171000
1101200
1089600
1095100
1102500
1087200
1113900
1081400
1086000
1090100
1088000
1093400
1085700
1082600
1081000
1075100
1095700
1081100
1078200
1080800
1079500
1084400
1085800
1140600
1079600
1074900
1082700
1074900
1076500
1102900
1101700
1076100
1083800
1088300
1088100
1087900
1080600
1079800
1099900
1100900
1085700
1079300
1110400
1087200
1094400
1079000
1104200
1082100
1094700
1083800
1075100
1088600
1079200
1086800
1090600
1076500
1079500
1087600
1083400
1075500
1092600
1094700
1083900
1073600
1105100
1114100
1101100
1079100
1097300
1073900
1086200
1080300
1081800
1073600
1082300
1077300
1081200
1085500
1082600
1097900
1082700
1083400
1091300
1094700
1094300
1091500
1087500
1090900
1147700
1068600
1083300
1081200
1073400
1097000
1088500
1073400
1161300
1093000
1086300
1449700
1081700
1084700
1124400
1102800
1096000
1084700
1086500
1091500
1096500
1083800
1088600
1085100
1094000
1084900
6097900
1976100
1900500
1883200
1930800
1988100
1835000
1869700
5144900
1108500
1080600
1083700
1091800
1098000
1107700
1078700
1091600
1093000
1087800
1088900
1098400
1135900
1098600
1089000
1098800
1100500
1082800
1074400
1101800
1103100
1089100
8198000
1088600
1230000
9851300
1635500
1098000
1086000
1098100
1087800
1086700
1103600
1096600
1085500
1091500
1093000
1098700
1094900
1086300
1085400
1078700
1094600
1424400
1088200
1105300
1081300
1085700
1087700
1083300
1083600
1084100
1091200
1081900
1086300
1077900
1092600
1084500
1086100
1086200
1085200
1076700
1083400
1080400
1088800
1085500
1083000
1308200
1217900
1077200
1081300
1109100
1094100
1099500
1092100
1104600
1104900
1088300
1110900
1088700
1100700
1099800
1088600
1091300
1091200
1086700
1097200
1104800
1087100
1094600
6674400
3885900
1093500
1087800
1095200
1096900
1087500
1093000
1082600
1089200
1084700
1085400
1085200
1116700
1082800
1117000
1099700
1083300
1085100
1093000
1085600
1116600
1090300
1095100
1091500
1100500
1101500
1073200
1082900
1081100
1078500
1085000
1086200
1103200
1087500
1089100
1087200
1089100
1082200
1092300
1102400
1098900
1075200
1075500
1095500
1082000
1086300
1165000
1095700
1075100
1094000
1123600
1087000
1096600
1089700
1089900
1095500
1094800
1085000
1079500
1098300
1086600
1105300
1107700
1112300
1082400
1081500
1089600
1095200
1095600
1085100
1090000
1089400
1151600
1091000
1088100
1093600
1127400
1082600
1074600
1085800
1092500
1082300
1173200
1104000
1088700
1079400
1083400
1082300
1073400
1082800
1093200
1084100
1092200
1092900
1078500
1080100
1095100
1073300
1080600
1078000
1500800
1083400
1081000
1098200
1075100
1083100
1089500
1087700
1093100
1168800
1084100
1085700
1094100
1094000
1083500
1087900
1075900
1093100
1092800
1086900
1077100
1083300
1083300
1101600
1086100
3169100
1082000
1094700
1090900
1096600
1090500
1085200
1092900
1093700
1085300
1098800
1094200
1096800
1089000
1097100
1077000
1090000
1099400
1100900
1084000
1090800
1101800
1089500
1085400
1103100
1095500
1081400
1119500
1089100
1155200
1103700
1088300
1073900
1092000
1140300
1072300
1081600
1079600
1078800
1073900
1087900
1105400
1080500
1085900
1092100
1082000
1089600
1111400
1075500
1090500
1089300
1088100
1100900
1085800
1076700
1074500
1089600
1075100
1089800
1075900
1083900
1079200
1084200
1102400
1083300
1087900
1090900
1100400
1076800
1084100
1082600
1072500
1085500
1076500
1078500
1084400
1083100
1080900
1083100
1078400
1099500
1086400
1085100
1090200
1103800
1095900
1087000
1078600
1077500
1078400
1084900
1115800
1086800
1089700
1139300
1097000
1109900
1080100
1084300
1089000
1075700
1075300
1078900
1086100
1093400
1079000
1075300
1100900
1077100
1078200
1079000
1076400
1075200
1095600
1083400
1086700
1077200
1104300
1113500
1080300
1081700
1092600
1077800
1097000
1095300
1096500
1105600
1084300
1079500
1103200
1096000
1088800
1087000
1090100
1080400
1094000
1090500
1093400
1088000
1090300
1262900
1093100
1088000
1097700
1088000
1093000
1096200
1167100
1090300
1099500
1081600
1104500
1106400
1097700
1087100
1094700
1094700
1094800
1093100
1103100
1113400
1076200
1083900
1103700
1094700
1095900
1104700
1092200
1124300
1100000
1085000
1094200
1147900
1159500
1089100
1096000
1085900
1084500
1082300
1085600
1083500
1086700
1080200
1082600
1093800
1087700
1088100
1084400
1085200
1093200
1076600
1080700
1083400
1076200
1075700
1077000
1091300
1081900
1075000
1092000
1088300
1088200
1088000
1075200
1079700
1075200
1095100
1087400
1092600
1089200
1075400
1087800
1083200
1076100
1074200
1076600
1076700
1084700
1102600
1073500
1074600
1077000
1073800
1076400
1070500
1091800
1079100
1089500
1084000
1114100
1092600
1085800
1083100
1084200
1084200
1092800
1079000
1077300
1074300
1088400
1092800
1088200
1082900
1084800
1074100
1073800
1075800
1090900
1077200
1077800
1081800
1091700
1098000
1096900
1085200
1086400
1092500
1091900
1094800
1087900
1081100
1085700
1077300
1109500
1083100
1085400
1086600
1084600
1101900
1085700
1080000
1078600
1078000
1077100
1083900
1097600
1085700
1084900
1074900
1076900
1108500
1088400
1083800
1098600
1095100
1078200
1090000
1123000
1091700
1084700
1093800
1089400
1078100
1079200
1088600
1080200
1080600
1078800
1078700
1076200
1084400
1077900
1094700
1098700
1074000
1080600
1077200
1076700
1078700
1082100
1085000
1076300
1091400
1078300
1074700
1087900
1084500
1075200
1087100
1080200
1081300
1104300
1078700
1075800
1077800
1089700
1074600
1094600
1124000
1097000
1079900
1092000
1088200
1078500
1085100
1079200
1074300
1100900
1113200
1080400
1074600
1086600
1083600
1076500
1080900
1077800
1075500
1081800
1086100
1074600
1083000
1098100
1080800
1079700
1080400
1081800
1079900
1078700
1084100
1078400
1077300
1080300
1142100
1097300
1090800
1084200
1098900
1087400
1088000
1087400
1082200
1090000
1096400
1098500
1111800
1089600
1090800
1106100
1081200
1079400
1078000
1074300
1090200
1086700
1073000
1073500
1085100
1076300
1081800
1081300
1076800
1084000
1079700
1079400
1080600
1096200
1095300
1082500
1086000
1092700
1084700
1090400
1083300
1086000
1089400
1092200
1072900
1098300
1090500
1078300
1088700
1094400
1089400
1086600
1090600
1088500
1093000
1086900
1103300
1085700
1082200
1079200
1078500
1088600
1087700
1082500
1085900
1089000
1083200
1098700
1103800
1081500
1085400
1086400
1088000
1083400
1097300
1078200
1081200
1081800
1108400
1082500
1083200
1076300
1072100
1078700
1081700
1080000
1082600
1083600
1081900
1079800
1078200
1075100
1082600
1083200
1075000
1077200
1081100
1075600
1091000
1118300
1082200
1119200
1088500
1076300
1068800
1077100
1087100
1075100
1075000
1076800
1078400
1075600
1083300
1082900
1092300
1077400
1080700
1074400
1079400
1078900
1077600
1101500
1075800
1083600
1096600
1084500
1081500
1084700
1085600
1084300
1084500
1093200
1126900
1086900
1076500
1073700
1087100
1094500
1073300
1075300
1076500
1079100
1078100
1085900
1111600
1085800
1083800
1076900
1097700
1089200
1072900
1080600
1090300
1086300
1081300
1090100
1080600
1074000
1089900
1078300
1077500
1074500
1074100
1075200
1075200
1074800
1109900
1084500
1069200
1084700
1083800
1072300
1090900
1091400
1078200
1077100
1074400
1087000
1082800
1079600
1093300
1086300
1083000
1087600
1095700
1096500
1082700
1076900
1111400
1076300
1084900
1090700
1072200
1083600
1082400
1086900
1083700
1085200
1083000
1093000
1085000
1081000
1088500
1082600
1084900
1091600
1085700
1094800
1084400
1083500
1076600
1109100
1084800
1087900
1083500
1073800
1079800
1081700
1100500
1089700
1087700
1087600
1088000
1087200
1077600
1075200
1085200
1095000
1093300
1087200
1080500
1082500
1113200
1092700
1082700
1093300
1093900
1081600
1108800
1128800
1082100
1086300
1083300
1084600
1124400
1078300
1074400
1089700
1087300
5570200
1081500
1099500
1077100
1092400
1092500
1079000
1096000
1082100
1081900
1074600
1083000
1077600
1092600
1082900
1374200
1077700
1077800
1248700
6613100
1086900
1326200
1084200
1083500
3308600
2539100
1105400
1101500
1079200
1080400
1082400
1100800
1084900
1094100
1082400
1093600
1079600
1110500
1094800
1083100
1167600
1093700
1089500
1916600
1908600
1149000
1080800
5927400
1083900
6967200
1100200
1375100
3306800
1897100
1097200
1085500
1708500
1950800
1956000
1114100
6080200
1091000
1107600
1088800
1263400
3990600
1092000
1233600
1596500
1405000
1405100
1409200
1417700
1405800
1424500
1444800
2051500
1425000
5991900
1090400
7362500
1092500
1428900
3498300
1782000
1399100
1420400
1427500
1402000
1420100
1396500
1395100
1395800
1436400
1418600
1418100
1423900
1434600
1413400
1418200
1397400
1418700
1416000
1400500
1414700
1431500
1415600
1409400
1405200
1422000
1450700
1400500
1434700
1422800
1387200
1083100
1091200
1102800
1115700
1097100
1087500
1100800
1085600
1102900
1086100
1083100
1091400
1091400
1111000
1095500
1092700
1093400
1087100
1089200
1083300
1091200
1096700
1107000
1091600
1085800
1087400
1098000
1089800
1084000
2486000
2003400
1111800
1086700
1101500
1077500
1092300
1091800
1082500
1085100
1096900
1080900
1088200
1086600
1090700
1089500
1089000
1087200
1106100
1090300
1092400
1082400
1087700
1092300
1106100
1090000
1087800
1091600
1090900
1088200
1083700
1074400
1095600
1088800
1087200
1085200
1088000
1087700
1086200
1088500
1083200
1083100
1088200
1089600
1092900
1095400
1109600
1084500
1085400
1088000
1088400
1109300
1093900
1080800
1089700
1090200
1095500
1081300
1078700
1094100
1089300
1084500
1087300
1080300
1106100
1086800
1086400
1073000
1101500
1083700
1083900
1094700
1091900
1079200
1102200
1084700
1101500
1085400
1085300
1086100
1106900
1098600
1098600
1113400
1091700
1088200
1130600
1093200
1121500
1091600
1082700
1096900
1104000
1091400
1085800
1086800
1088700
1103900
1090300
1075500
1092800
1122400
1087900
1084300
1093300
1115800
1088700
1110300
1083500
1083900
1080000
1103400
1096200
1094900
1073500
1084900
1084200
1089900
1095200
1091800
1123900
1087500
1087700
1088600
1086000
1084000
1108200
1088000
1086200
1088400
1090000
1095800
1087700
1088600
1088600
1095700
1102700
1088500
1102000
1105600
1096000
1099900
1082000
1089100
1097800
1095100
1088300
1083400
1105600
1081400
1091900
1102000
1086900
1089700
1094500
1086900
1092500
1085900
1101900
1085300
1095700
1078300
1081200
1101400
1087500
1084600
1085300
1102900
1080300
1091900
1087500
1090900
1094200
1090100
1102500
1097900
1090300
1091200
1089400
1081500
1084400
1095500
1085000
1290500
1081200
1098000
1084400
1091300
1079400
1088600
1078300
1083300
1079100
1101100
1088400
1088400
1084400
1093400
1095800
1095200
1081900
1109000
1113200
1109000
1091100
1088600
1097900
1081700
1096100
1090600
1081300
1083200
1096800
1138200
1092100
1093000
1093600
1085900
1108600
1076100
1102100
1089500
1094900
1080000
1105200
1083500
1092100
1102900
1103500
1089400
1097600
1098400
1096300
1072200
1075800
1087700
1075500
1076200
1081700
1084700
1118900
1083200
1093800
1095200
1097900
1100600
1083400
1088200
1091600
1083800
1090000
1113000
1083800
1087400
1086200
1082400
1092000
1089000
1097400
1086100
1090400
1079700
1077700
1082100
1096000
1088800
1088100
1091800
1093600
1082700
1094300
1088100
1091200
1086300
1099200
1080100
1072800
1081300
1075600
1081400
1078400
1093400
1092000
1097900
1109700
1102000
1097500
1089400
1097100
1091600
1101400
1092100
1099300
1091800
1087900
1082800
2576800
1089900
1100600
1091300
1082800
1077300
1090600
1089400
1080900
1089700
1087800
1083700
1814700
1931800
1687300
1129600
1085500
1122700
1108800
1098800
1095100
1071800
1103300
1087700
1083700
1097700
1092900
1099700
1094700
1143100
1091500
1099000
1100500
1098700
1080300
1090500
1091400
1806900
1098100
1118200
1080400
1127800
1093100
1090200
1297500
1087000
1083300
1101100
1092000
1086000
1083400
1134500
1094300
1083100
1094800
1093700
1085100
1085700
1087200
1093200
1093700
1103600
1085800
1113700
1101800
1088900
1091700
1092500
1089900
1085900
1088600
1102400
1081300
1088800
1089700
1149600
1081200
1084800
1100800
1087300
1092000
1097400
1088900
1085400
1084700
1118800
1086600
1090500
1082500
1076500
1124700
1077100
1076500
1081500
1099900
1085800
1074500
1085800
1074700
1135500
1086000
1098700
1079300
1090800
1092500
1104200
1114500
1089000
1091000
1082800
1094900
1089300
1090900
1094900
1078000
1080200
1075300
1074200
1083600
1074300
1077100
1097400
1098700
1076900
1078500
1081100
1078100
1096600
1105300
1076800
1081900
1079200
1131500
1072600
1105400
1122200
1085500
1092000
1082200
1083400
1090500
1083100
1083600
1093500
1126700
1080600
1091600
1092200
1080800
1081700
1098900
1100300
1084000
1084100
1096500
1092800
1133200
1081400
1096300
1096100
1093400
1095800
1088100
1139300
1102300
1096400
1081900
1088800
1110800
1081900
1091300
1086900
1126500
1083200
1084300
1098600
1096900
1102900
1089400
1100200
1092900
1089600
1098500
1083000
1100200
1089500
1083400
1137500
1098100
1085200
1083600
1090500
1082300
1091500
1103700
1087100
1091000
1089500
1093500
1094400
1085600
1085700
1094200
1090600
1081400
1096000
1092000
1087200
1092100
1091800
1075200
1088800
1081300
1079700
1107800
1113800
1083300
1082500
1096100
1103600
1110300
1075200
1090800
1094100
1098100
1082400
1092500
1091800
1084800
1088800
1091500
1091300
1093500
1087300
1083200
1092300
1094700
1083800
1091300
1089100
1101900
1087000
1081900
1093200
1082300
1095600
1093900
1081600
1095200
1094200
1086500
1083200
1090400
1094400
1082900
1089100
1087700
1089700
1088700
1089100
1087100
1090200
1091900
1085600
1082800
1091000
1094900
1088400
1086300
1090600
1095100
1091900
1096000
1107000
1105400
1089700
1082500
1090500
1199500
1099200
1140900
1086800
1084800
1069900
1092600
1080200
1074700
1087900
1092500
1152600
1097000
1117900
1081300
1109900
1096300
1097600
1100900
1099000
1091700
1085200
1082900
1093700
1085400
1146800
1090600
1098400
1134400
1103000
1083100
1086700
1099200
1097700
1096700
1100500
1118800
1082200
1084600
1096600
1096900
1083200
1088600
1092200
1081700
1098700
1090000
1090200
1093800
1096200
1090800
1090300
1082000
1080700
1073300
1088800
1093600
1093300
1089000
1115800
1089700
1095000
1078000
1096700
1086400
1084900
1088900
1092000
1092800
1090600
1108400
1083600
1101100
1084500
1083400
1104400
1086900
1083600
1091000
1097200
1092100
1097400
1090900
1080700
1074900
1081000
5689800
1081500
1086200
1118100
1084400
1088700
1085200
1080200
1083600
1087900
1092400
1082600
1090500
1097700
7297200
1468200
1732700
1095200
1085500
1116400
1083600
1091100
1080100
1089300
1089200
1090900
1088300
1110500
1083500
1082500
3244600
1707700
1510500
1088300
1080400
1089100
1095900
1088400
1351100
1454900
1146800
1090500
1133200
1109700
1091700
1095300
1147900
1133200
1144500
1116700
1110100
1092100
1097400
1091300
1086300
1099900
1111600
1090500
3457300
3804400
1431900
1125700
1146100
1094500
1088200
1090700
1084000
1085400
1096500
1078300
1076100
1082400
1073000
1082300
1089400
1082300
1084200
1094400
1089000
1084500
1085800
1087500
1114900
1085800
1086900
1099800
5158900
1094300
1083200
1089100
1089300
1087700
1084100
1086300
1095400
1088300
1092900
1090400
1083600
1097800
1089000
1087500
1086500
3141000
4387700
1091100
1093000
1079400
1097100
1088400
1082100
1090300
1128100
1087900
1086000
1094500
1138700
1082800
1086700
1085100
1095700
1090000
1097300
1094500
1086400
2977400
1086500
1087800
1092200
1077000
1075400
1086100
1076600
1077200
1076300
1079300
1083200
1080400
1094300
1087000
1082800
1090400
1083500
1086200
1084100
1087900
1085200
1087600
1084500
1265500
1404800
1422700
1420600
1417500
1404800
1406800
1409400
1451900
1447200
1415300
1194900
1094900
1083600
1086600
1102200
1090900
1086700
1105300
1087900
1092100
1098500
1084500
1082800
1093300
1086300
1083200
1090700
1094400
1084600
1086700
1090200
1138500
1090400
1090200
1091200
1084900
1080500
1085600
1089900
1145200
1090500
1086200
1145000
1088900
1093300
1089600
1087600
1088200
1088300
1095400
1105700
1084000
1086800
1085500
1085900
1094700
1084900
1122500
1079700
1104800
1080800
1093800
1083100
1096300
1086900
1090500
1093400
1081500
1087700
1081300
1092600
1089100
1085100
1096100
1088100
1091900
1096900
1078700
1080100
1075700
1097200
1099900
1081100
1082100
1078900
1084100
1086700
1097700
1097000
1074100
1089800
1078100
1079900
1091500
1090400
1084100
1080400
1081200
1082500
1088000
1079100
1073000
1102500
1095100
1086700
1093400
1097800
1075100
1080600
1104300
1099900
1103100
1081700
1082300
1077500
1097400
1087400
1098400
1089900
1089600
1078300
1075500
1080200
1087800
1085800
1090600
1079000
1089800
1087900
1093900
1092600
1089800
1104100
1093500
1149700
1099500
1075500
1085200
1098800
1089000
1083500
1087500
1092000
1095500
1080100
1105300
1087100
1094700
1091000
1081900
1091500
1089300
1082200
1076300
1087000
1083300
1075100
1076400
1076100
1073200
1079800
1134800
1099400
1090800
1087300
1093800
1076900
1079600
1111100
1086000
1095500
1080000
1085200
1081900
1078400
1070700
1088200
1088900
1073700
1090400
1079000
1097000
1089200
1087200
1089100
1109400
1081500
1085300
1075600
1083100
1072600
1077900
1086300
1077500
1074600
1078100
1098500
1082800
1091900
1080900
1080000
1078400
1093700
1088200
1092200
1079400
1084400
1084100
1089900
1101300
1096900
1074100
1094700
1084100
1076300
1082200
1083000
1101700
1089600
1088900
1074400
1082500
1089200
1093000
1084400
1129200
1088300
1081800
1088600
1099600
1079900
1086900
1096100
1088600
1094200
1111000
1086700
1083300
1090200
1094400
1085500
1090100
1087500
1090900
1084600
1091500
1094500
1088100
1084200
1080500
1085700
1076900
1089500
1091100
1091400
1081600
1098500
1086600
1100000
1083200
1083800
1094400
1146500
1081500
1084000
1121100
1098100
1082900
1089800
1087400
1087200
1091700
1098800
1098700
1093000
1091100
1101300
1110500
1080800
1074200
1087600
1089600
1081900
1087900
1082600
1097800
1086100
1098700
1078900
1087300
1085900
1092400
1074800
1088900
1080000
1103000
1091900
1103600
1080200
1087500
1084900
1089700
1076100
1089200
1089100
1079600
1094800
1081300
1077900
1080200
1085800
1091100
1133900
1145900
1084400
1095600
1087900
1074200
1076800
1082500
1082200
1079800
1099400
1092200
1087500
1090800
1096500
1122000
1106200
1077600
1075700
1076400
1086000
1091500
1074000
1085300
1091400
1076900
1078000
1078600
1094500
1109800
1088100
1084200
1092800
1092800
1082400
1086800
1096300
1073500
1075300
1095800
1088900
1077900
1081900
1075200
1075500
1080500
1082100
1091900
1089400
1094100
1078100
1081800
1083900
1082800
1081400
1081100
1081400
1074100
1082600
1077700
1074700
1076100
1075500
1090100
1084800
1087200
1079000
1088400
1079200
1075200
1087400
1089800
1088100
1124800
1086300
1099000
1097700
1095000
1082500
1089200
1089300
1108800
1110900
1078100
1079900
1087900
1108500
1086100
1087700
1107900
1097700
1090400
1087500
1090800
1088100
1093100
1090200
1089900
1115300
1095600
1086400
1098800
1096400
1103900
1094900
1088900
1090600
1100000
1086300
1096200
1083200
1103000
1081500
1084400
1104800
1089600
1088500
1082700
1089900
1087200
1108600
1088400
1085600
1089400
1091200
1089800
1081400
1095900
1085500
1093200
1085300
1101500
1083600
1092600
1075900
1087300
1072500
1083000
1080400
1075000
1082900
1089600
1086700
1091400
1080500
1087500
1089100
1082700
1074700
1091800
1094200
1097300
1090400
1091500
1092400
1086100
1082000
1090000
1085400
1086000
1095900
1098000
1086900
1075500
1081500
1098900
1089700
1098500
1151300
1084000
1099600
1107000
1080100
1084500
1110800
1087400
1078600
1083000
1087700
1086000
1074100
1078300
1087300
1092000
1092800
1095300
1074300
1107300
1079400
1078600
1088000
1100700
1091400
1088200
1087800
1097700
1075600
1099100
1095400
1086300
1090100
1090900
1094200
1086300
1081800
1075100
1077200
1085400
1076800
1090300
1104300
1094500
1106000
1090900
1098300
1087000
1085500
1078200
1079500
1076300
1082600
1082900
1082800
1083300
1086800
1075000
1083600
1078000
1086800
1083800
1110300
1087700
1095800
1086200
1088100
1146300
1101400
1126400
1135200
1133800
1151700
1153800
1150200
1139700
1126200
1125700
1134600
1128200
1131100
1159700
1138400
1148500
1142600
1132600
1208300
1133100
1133100
1142900
1247000
1258500
1139900
1144000
1152700
1125800
1145500
1137200
1170900
1131500
1154100
1159600
1150100
1121700
1131800
1130400
1123800
1138200
1135600
1136300
1161900
1169100
1136300
1137900
1140800
1147400
1127700
1160300
1146600
1137700
1146000
1138000
1137600
1131100
1136700
1126600
1135000
1135900
1161800
1124200
1124800
1130100
1130700
1144100
1141700
1146700
1147100
1134800
1127200
1153300
1138600
1145300
1132200
1138800
1146500
1136800
1129500
1132700
1131100
1173800
1133700
1142100
1134500
1137100
1143100
1139600
1151300
1154600
1129700
1128600
1160100
1127700
1139500
1142700
1150400
1136400
1129400
1142600
1121500
1133800
1138100
1160000
1139200
1147600
1142700
1146700
1125300
1128400
1126800
1130700
1142900
1131300
1128100
1137700
1123700
1121300
1136700
1130000
1122800
1130800
1137300
1132500
1153500
1136500
1192700
1146800
1154400
1155200
1143600
1140300
1152700
1145700
1127300
1182500
1175900
1138100
1164700
1140400
1135400
1151100
1144200
1156400
1155100
1139300
1150400
1184400
1133800
1144700
1130500
1139500
1137700
1186400
1136300
1143000
1136500
1144600
1189000
1143500
1129500
1094000
1083800
1083300
1089400
1092800
1097500
1100200
1087600
1082100
1079200
1102200
1191300
1139700
1151600
1155200
1123100
1132100
1145500
1124800
1131200
1140700
1135900
1125100
1178700
1134400
1136700
1131700
1166700
1148000
1137000
1139300
1153900
1131800
1126200
1177500
1153500
1134900
1142800
1140700
1153200
1141300
1145200
1140700
1147300
1144000
1136400
1135600
1154000
1148500
1136200
1130000
1129300
1136200
1137000
1131300
1132400
1139900
1136700
1133300
1129200
1145800
1143900
1142900
1172700
1144700
1133100
1131900
1132100
1127400
1154400
1166700
1144300
1141600
1151200
1146500
1154400
1143600
1146800
1133700
1134400
1138900
1153700
1150200
1147000
1149200
1142600
1142100
1147700
1133700
1144000
1153300
1158000
1154700
1147600
1137200
1156500
1140500
1137700
1138200
1149800
1149800
1137800
1148100
1158000
1138800
1125600
1150700
1146300
1133900
1138700
1136800
1127400
1135000
1140800
1136200
1137200
1132400
1132500
1135700
1160200
1141900
1138300
1137600
1151400
1140200
1145400
1145500
1143700
1149800
1152400
1143000
1146000
1173500
1138100
1142200
1152000
1137800
1136600
1150300
2701300
1084500
1080800
1098900
1086200
1096000
1079800
1113300
1090400
1083800
1107500
1095300
1118000
1096600
1101200
1080900
1093100
1112400
1083200
1092700
1083800
1109900
1092100
1076600
1078000
1077000
1084800
1096000
1080700
1090700
1077400
1077700
1084900
1101100
1100900
1090300
1093800
1099500
1083600
1094900
1100500
1074000
1080400
1080500
1083200
1077800
1093300
1095600
1086500
1078400
1073700
1073800
1089600
1090600
1086600
1098400
1080700
1079500
1072900
1100900
1083200
1088200
1087000
1091500
1076600
1083100
1091200
1094900
1088200
1082500
1079300
1198600
1091200
1082800
1078400
1090800
1080300
1078800
1096100
1088500
1083400
1088200
1112800
1113000
1084200
1135600
1093800
1086900
1080900
1094600
1083400
1080600
1086600
1086300
1141600
1082700
1079600
1082500
1083000
1087200
1076100
1094000
1083600
1083800
1115200
1106900
1083100
1075200
1096500
1102400
1085100
1098800
1107200
1085800
1087500
1100100
1076500
1088500
1080000
1083600
1100500
1091300
1076800
1096700
1088800
1085500
1092300
1095500
1227700
1083000
1083600
1094300
1098500
1074100
1081700
1101600
1091700
1097800
1082300
1087900
1081400
1080700
1080500
1088700
1082700
1079600
1077700
1077300
1073800
1115500
1096200
1105400
1089900
1089200
1093400
1084300
1108200
1105200
1082900
1103900
1080300
1081500
1093500
1084200
1076500
1073600
1080300
1101800
1078500
1099101
1122999
1092700
1081100
1079400
1079700
1082500
1108800
1077999
1087700
1086599
1079801
1131000
1093601
1083300
1086201
1085500
1092299
1107999
1086300
1090900
1079100
1109500
1093699
1078700
1102400
1081199
1082800
1078299
1082200
1079900
1074501
1081700
1079100
1085300
1083300
1104100
1100200
1078501
1079599
1110899
1079400
1076400
1077401
1082999
1103901
1084700
1073600
1083700
1101800
1079400
1079400
1080201
1078499
1080900
1078301
1081600
1089700
1081100
1079400
1078799
1077499
1080200
1084700
1078600
1083199
1081500
1106599
1093400
1075799
1086700
1078700
1081300
1078800
1088401
1083699
1085300
1088700
1080400
1113400
1085700
1086999
1097400
1085100
1093301
1091100
1096499
1075501
1088201
1109601
1100100
1078501
1110500
1089700
1109299
1108499
1090700
1093900
1083700
1078901
1090101
1092900
1087900
1087299
1085700
1090100
1091400
1086001
1089500
1095600
1087200
1098099
1121601
1170700
1118900
1097500
1087401
1110200
1086400
1090500
1098100
1093900
1086100
1103801
1085100
1087300
1091800
1095000
1077899
1078699
1085601
1097301
1087199
1092200
1095700
1107300
1080700
1088300
1087500
1093200
1082301
1088500
1085400
1091701
1087700
1097400
1098501
1086600
1089301
1098700
1086100
1078500
1090699
1110900
1102500
1090300
1086801
1109801
1118300
1092399
1087300
1095299
1087800
1087200
1092899
1086600
1093001
1092600
1090999
1084200
1086300
1121100
1108701
1109001
1086199
1094600
1089800
1090300
1093699
1082000
1078100
1079800
1082999
1085600
1085199
1090300
1084600
1099000
1090500
1086800
1085800
1090700
1083200
1104401
1099101
1091999
1091199
1084599
1091200
1081100
1092800
1083200
1091801
1082601
1079999
1077901
1082101
1077700
1088200
1086599
1098400
1074099
1083400
1077700
1078200
1088799
1086801
1078899
1076999
1083900
1305700
1103900
1079500
1074800
1080000
1078701
1079000
1075001
1084601
1083700
1076599
1085601
1108900
1094800
1077300
1077001
1088700
1081600
1079801
1074000
1077100
1098501
1078800
1078699
1110500
1080200
1077700
1098200
1081801
1077400
1104501
1080500
1079299
1079300
1100900
1099600
1078500
1078400
1077599
1084800
1079100
1082100
1080000
1082700
1074300
1079901
1078600
1104100
1078901
1081199
1079900
1083700
1080300
1078400
2756400
1082000
1077900
1106200
1077300
1103299
1101100
1076400
1076001
1085300
1076600
1092701
1079200
1082101
1081600
1085600
1087900
1091401
1078001
1081800
1077100
1081599
1083001
1101000
1096400
1101101
1081200
1084400
1080499
1081700
1074501
1076899
1077300
1085500
1080401
1077600
1097300
1080701
1073701
1071100
1085400
1134600
1079301
1084200
1079800
1082299
1077099
1077200
1095600
1087100
1079601
1081800
1078601
1080001
1080699
1081200
1076800
1083100
1076900
1110900
1078201
1082500
1079900
1077001
1092301
1079601
1079900
1078601
1078001
1083399
1113299
1073800
1081100
1085500
1079700
1078900
1098899
1086999
1080599
1078200
1078300
1079400
1114300
1080400
1079701
1076900
1083600
1098300
1074500
1077800
1083400
1080801
1078599
1081199
1082600
1086700
1075800
1099800
1079301
1098101
1078100
1076900
1106799
1079500
1097200
1098700
1079100
1078599
1098600
1074501
1078400
1077801
1078601
1083600
1080100
1078199
1104701
1084700
1076799
1089800
1080400
1087100
1080800
1081401
1080501
1101400
1077900
1120700
1079000
1081101
1082599
1078901
1081400
1080400
1102200
1075799
1079400
1083100
1076000
1085500
1103200
1078401
1080300
1081600
1084900
1078001
1100700
1083400
1080001
1096301
1098701
1077900
1081900
1083100
1079400
1083900
1082100
1078900
1077099
1080100
1105499
1080201
1101901
1082100
1082800
1081801
1076999
1081700
1101300
1079799
1079500
1078799
1139301
1082800
1078101
1082100
1103700
1100500
1077101
1087800
1087300
1092300
1088100
1107300
1116100
1088200
1080099
1090800
1086601
1087800
1086100
1090300
1105600
1090500
1081700
1087401
1084500
1094400
1090299
1106200
1087500
1088199
1081400
1086999
1087300
1128201
1090599
1080300
1076699
1078600
1077400
1077400
1077200
1091201
1088100
1088199
1106801
1081901
1077800
1084900
1078400
1076300
1081099
1080200
1081901
1078601
1081300
1079499
1079899
1077900
1081200
1080100
1079701
1080900
1083300
1080100
1078099
1078500
1082100
1077701
1084100
1090801
1082500
1077301
1107701
1088701
1112300
1079500
1088300
1083100
1079401
1077699
1078401
1080000
1076500
1077300
1080301
1081999
1076601
1077301
1082601
1076800
1077700
1088599
1106500
1098000
1078800
1078900
1077499
1095901
1090200
1087900
1109801
1079001
1108500
1078400
1099499
1077401
1081200
1079800
1079699
1077801
1084401
1095501
1074400
1076600
1079799
1085401
1077800
1099199
1084900
1081399
1078800
1079599
1093400
1078600
1078899
1077899
1084800
1080800
1077701
1104099
1082400
1081000
1075300
1099000
1099000
1072200
1099000
1072200
1077800
1074599
1078001
1077801
1101600
1079400
1078499
1097000
1083101
1078200
1074801
1080801
1079800
1075900
1082801
1100301
1081300
1077601
1078400
1107200
1082001
1074200
1083401
1080300
1080200
1081000
1095100
1079000
1077499
1078099
1107000
1081299
1078199
1085601
1104700
1074600
1103101
1079701
1081400
1077000
1077400
1101500
1086300
1076101
1078700
1077400
1108301
1083401
1080500
1078899
1082199
1075800
1080500
1087601
1075801
1084200
1103101
1078299
1076100
1081600
1101301
1082001
1075200
1082000
1098600
1079500
1102600
1083100
1079100
1077800
1080100
1081700
1078700
1078700
1106200
1098700
1080601
1102801
1078300
1081900
1078899
1077301
1099400
1080901
1078900
1079300
1085600
1080400
1100800
1081000
1081400
1094000
1079900
1081700
1079600
1080399
1082700
1079001
1078601
1079001
1081000
1107199
1100400
1102100
1079001
1082799
1075600
1081100
1077499
1110001
1078400
1082201
1077900
1081100
1078201
1077600
1081000
1084500
1079300
1079001
1096901
1084500
1103600
1082201
1077399
1085700
1079499
1076900
1100600
1079200
1080300
1114700
1100400
1078701
1086000
1101600
1075100
1078500
1082500
1079299
1079000
1078300
1081700
1109500
1078500
1079699
1082000
1076799
1074500
1077099
1084200
1078500
1076800
1077899
1103200
1104300
1082200
1078001
1077700
1082200
1081300
1080199
1078500
1076500
1082000
1098600
1077200
1074600
1078200
1081900
1081800
1076800
1081600
1079001
1079401
1078101
1082700
1095001
1089799
1077600
1080101
1078100
1079599
1096099
1081000
1082001
1081200
1078300
1098900
1106501
1078001
1078901
1078200
1083000
1079700
1080701
1093101
1082500
1078500
1096400
1076400
1103501
1101100
1079800
1079201
1080600
1101000
1076300
1079701
1079400
1103000
1102500
1078300
1083799
1080201
1081500
1079200
1110599
1080200
1072900
1077600
1081099
1097400
1100000
1077101
1107201
1078500
1100200
1104000
1076900
1078000
1080299
1077100
1109701
1087700
1084700
1097401
1111800
1105600
1082001
1080601
1082299
1077701
1074899
1080800
1077301
1078399
1082899
1077699
1078900
1078699
1080400
1083600
1082300
1083600
1079301
1078900
1078100
1082000
1081199
1078200
1104200
1076501
1082400
1078201
1084600
1082401
1079000
1080500
1081100
1082800
1077299
1079099
1101299
1079700
1078699
1078700
1078100
1112701
1071500
1074501
1079000
1079799
1078199
1079899
1077700
1087100
1100700
1077900
1080300
1080300
1080900
1083100
1081599
1107201
1077400
1101000
1077500
1081400
1092000
1086300
1115700
1098000
1086901
1079799
1088500
1093700
1086601
1088399
1077900
1084700
1094399
1104601
1086400
1091801
1079700
1079900
1098800
1084100
1100000
1083201
1080401
1080300
1106100
1086000
1074499
1083300
1081300
1078500
1080901
1079001
1090301
1078700
1078900
1093999
1104999
1079400
1076099
1081300
1077500
1075900
1080599
1080601
1080800
1078299
1080300
1081700
1085001
1079700
1075900
1076499
1082500
1079400
1075201
1079900
1083000
1098701
1087999
1085800
1100300
1091600
1085199
1108600
1110900
1088800
1089300
1074600
1081899
1112300
1078901
1078800
1075699
1110300
1075799
1078000
1076300
1074900
1079399
1083200
1112699
1084400
1078999
1082300
1075901
1077499
1105500
1083700
1081000
1081200
1080299
1111300
1084700
1086800
1085100
1085100
1117599
1115601
1085500
1100701
1079201
1079100
1079200
1101300
1077599
1084600
1081100
1102100
1076900
1083700
1076099
1085700
1086100
1091600
1108000
1086300
1086600
1088399
1082900
1079800
1079499
1098000
1093701
1114600
1077900
1099800
1100600
1077300
1100000
1090700
1092001
1089299
1086699
1081999
1076899
1080500
1079599
1104301
1080700
1078199
1089901
1083600
1082100
1079101
1080800
1092000
1111200
1112200
1099900
1081300
1079000
1077799
1077901
1090600
1093801
1085200
1085000
1095601
1088100
1113700
1099601
1093199
1078599
1083399
1081900
1077599
1100300
1080001
1078499
1079400
1096300
1083501
1080899
1091901
1088100
1079199
1077599
1082599
1078800
1080800
1081700
1085201
1076900
1082400
1080401
1105900
1075900
1102400
1102200
1108400
1094000
1089399
1091100
1111600
1101000
1104200
1089800
1089700
1080199
1078400
1086100
1085201
1085199
1083400
1124700
1099000
1080900
1079800
1082300
1115400
1086201
1083999
1096101
1088100
1094301
1096400
1081301
1126300
1072101
1100400
1077600
1078899
1081400
1086500
1074701
1078901
1100600
1079400
1078000
1086500
1080001
1079900
1080100
1080300
1100900
1074999
1076701
1104200
1082399
1080200
1086300
1082300
1074900
1077699
1080999
1078600
1103700
1078801
1101600
1083399
1077701
1077499
1080401
1080100
1079100
1080900
1084200
1085600
1079199
1080700
1105100
1079501
1084900
1077700
1081299
1080600
1080300
1079199
1082800
1080701
1079399
1096800
1087401
1080900
1101100
1078801
1081699
1078401
1080701
1075800
1080300
1081200
1084401
1114900
1082100
1078500
1094300
1088801
1089300
1111400
1090600
1080299
1083300
1078900
1093800
1081600
1105100
1080099
1082800
1086000
1084800
1086100
1094600
1081800
1079999
1126801
1081500
1080499
1075799
1088700
1085400
1085900
1111400
1087100
1093300
1102600
1130100
1077600
1102900
1092800
1078499
1099800
1085700
1086500
1090701
1082600
1076700
1113300
1085400
1089699
1100600
1095299
1088300
1089800
1101300
1077701
1082200
1077801
1099100
1078400
1087800
1078001
1082201
1099100
1089899
1102299
1085500
1111701
1141100
1096299
1093500
1087000
1083100
1086300
1075599
1087800
1076899
1085500
1079300
1079300
1082500
1087100
1079700
1101200
1078200
1086100
1078500
1073400
1078700
1080900
1079700
1079000
1117900
1082201
1075099
1078100
1081400
1086700
1076899
1101000
1080800
1082199
1101701
1077399
1078500
1082399
1079000
1079301
1081001
1082299
1078300
1078500
1077000
1082800
1078201
1078200
1081001
1082399
1084001
1078401
1096800
1087100
1079500
1101500
1078899
1083500
1082700
1081400
1075800
1077800
1093500
1079400
1077100
1076600
1084900
1103699
1100500
1097200
1083400
1100600
1076300
1081101
1086100
1080300
1073100
1078499
1083400
1079800
1082201
1102400
1105100
1104100
1087300
1079900
1077601
1077700
1102900
1077700
1079000
1102700
1120400
1103899
1078699
1080400
1080900
1078700
1080700
1077900
1080600
1079300
1079300
1102800
1082100
1076199
1081899
1073600
1077000
1103700
1076601
1080101
1079799
1084601
1080000
1078000
1100400
1083200
1080800
1078501
1078401
1080900
1080001
1081300
1080001
1081201
1097800
1083200
1078700
1082700
1080100
1102901
1079399
1084600
1079401
1077600
1082801
1083100
1082000
1079600
1078300
1103401
1077900
1077000
1081400
1085601
1095299
1083001
1094899
1081999
1079301
1080099
1076500
1082599
1101700
1077900
1079901
1082200
1078599
1079899
1080500
1081101
1080200
1080100
1077401
1080899
1079801
1080700
1076400
1076400
1079900
1104300
1077401
1075901
1079000
1082700
1241200
1076900
1080100
1080800
1078701
1103099
1077200
1107100
1081300
1079600
1076500
1081900
1078701
1090901
1080401
1105101
1080301
1087900
1077401
1078800
1079100
1083600
1079100
1081500
1077099
1081100
1084400
1103299
1119200
1089201
1081599
1077700
1077101
1071700
1082700
1076699
1080601
1097800
1082400
1102800
1081800
1077500
1081199
1084000
1083100
1078600
1080700
1098900
1105300
1086601
1085800
1080499
1078900
1102500
1083200
1077400
1079300
1079500
1087801
1080601
1081399
1078100
1100500
1078600
1077299
1078500
1084399
1078299
1079599
1082099
1103700
1077101
1083299
1077800
1105701
1079300
1081800
1076100
1084399
1080501
1076499
1077700
1084500
1083300
1080700
1096201
1082599
1082200
1081100
1080799
1077801
1078200
1100800
1080900
1084700
1083100
1105100
1098100
1103200
1086200
1079401
1076800
1080201
1083801
1079100
1078099
1099600
1083101
1095400
1079099
1076000
1092600
1105800
1083900
1080000
1077600
1074900
1078699
1079500
1101899
1103099
1082500
1076501
1099700
1077600
1080300
1078600
1074600
1071200
1079801
1098399
1075899
1077701
1080600
1077700
1078000
1076699
1083400
1082700
1078100
1076801
1078600
1088500
1078000
1078601
1080401
1083499
1076601
1078201
1079300
1081001
1101100
1101700
1106301
1083800
1073500
1079601
1079800
1083599
1078199
1081399
1080699
1079200
1084700
1207100
1082300
1075400
1080500
1080900
1078201
1079200
1077701
1082900
1079800
1075999
1099500
1081099
1079200
1079599
1101700
1084500
1087801
1077600
1078899
1083300
1078601
1077300
1078901
1079901
1081699
1095700
1079100
1085200
1079100
1076801
1080700
1081599
1099500
1106400
1079400
1085700
1076100
1078799
1078900
1076600
1079499
1102900
1079500
1083601
1082500
1080300
1078400
1084801
1079201
1085700
5855001
1128101
6652399
1196600
1079601
1088399
1085801
1097500
1132200
1116400
1094499
1092100
1086300
1086800
6114201
1127400
3596800
1515999
1097000
1093101
1102300
1105299
5009200
1118900
1102100
1795199
1093000
1090899
1122599
5654401
1082301
1091600
1086300
1083200
1090500
1088199
1086400
1087201
1086999
1083299
1100400
1078800
1081001
1095400
1090699
1091001
1112001
1094801
1083500
1093301
1111600
1085100
1422100
1083801
1101700
1094899
1090300
1089100
1091899
1116599
1089599
1086600
1088901
1087100
1094300
1086300
1085500
1083600
1119100
1087100
1086100
1094200
1096101
1075901
3678000
1087401
1089200
1091100
1091300
1085800
1084800
1078600
1081300
1079001
1436600
1408300
1402101
1406600
1434101
1413801
1403499
1402500
1406899
1431499
1419099
1098099
1099000
1075200
1086601
1093199
1091200
1097399
1095199
1084600
1106000
1089600
1082000
1086100
1112400
1078800
1077500
1085599
1104301
1077900
1085399
1085300
1090800
1085100
5672700
1087100
1088300
1093000
1115601
1098500
1088801
1102499
1090401
1105699
1087900
1081600
1082199
1080301
1086000
1086700
1100600
1118999
1085999
1079100
1077000
1075600
1079400
2948100
4023300
1080900
1095500
1086600
1086100
1109299
1095499
1087600
1087100
1087300
1087801
1087499
1086300
1087799
1096900
1086100
1093799
1094200
1089601
1087900
1087900
1088400
1086000
1085700
1085600
1105600
1076200
1075100
1078899
1104200
1079500
1077200
1117599
1091300
1091700
1078400
1077900
1078199
1078000
1077199
1112300
1093799
1088001
1086000
1091399
1087299
1097600
1087199
1089401
1109700
1093000
1083300
1077699
1078200
1082301
1081101
1102800
1079999
1115999
1094500
1091000
1076800
1101900
1081100
1102499
1077100
1084500
1099700
1099600
1079201
1079499
1082599
1087500
1082300
1098901
1075900
1079600
1077500
1101800
1082901
1082100
1078201
1099100
1090001
1097600
1100301
1077800
1081300
1082400
1081100
1102000
1106201
1081900
1076900
1079000
1077699
1112400
1103699
1081100
1083501
1087300
1079700
1080600
1083700
1080499
1085500
1080800
1101600
1114700
1076400
1078901
1079199
1080499
1079600
1105600
1082101
1082100
1079001
1079700
1096299
1081700
1078500
1079200
1074001
1079901
1082201
1083400
1077401
1080800
1076800
1087699
1086000
1078500
1078300
1080601
1078799
1078000
1078100
1083100
1087500
1079200
1101200
1080300
1084300
1081900
1078900
1091401
1101400
1079700
1100899
1082401
1077800
1102200
1087200
1081000
1076199
1079900
1089900
1101800
1077000
1078701
1081400
1092100
1112700
1112300
1104800
1087600
1085300
1086201
1092800
1086900
1086400
1089601
1080001
1078200
1104000
1076800
1083700
1077100
1080900
1100500
1083100
1094100
1086700
1084900
1103500
1111500
1092100
1089700
1085300
1079000
1075000
1077400
1077300
1078100
1082600
1077801
1093800
1081500
1083001
1079000
1078300
1077900
1081799
1078800
1103501
1078900
1081701
1127800
1077801
1077001
1080600
1077799
1077800
1079100
1081100
1078801
1079001
1076500
1098499
1079201
1081000
1076700
1089700
1078499
1101500
1076000
1103800
1083201
1102200
1084100
1142100
1080000
1075200
1078501
1084700
1078500
1083800
1081500
1080900
1077701
1082300
1105100
1078900
1077901
1106700
1079401
1079901
1076700
1080000
1078900
1088399
1086100
1092899
1085900
1079100
1077899
1081900
1079301
1077100
1077801
1084001
1079500
1087200
1105000
1076700
1078699
1081300
1100800
1081199
1076999
1105801
1082900
1105200
1078901
1086700
1079000
1080300
1076801
1082300
1084400
1077399
1078700
1080801
1078499
1102500
1097900
1082001
1076900
1082499
1081400
1103300
1079500
1080599
1076699
1100600
1084900
1084200
1100701
1099500
1081600
1081300
1080000
1085900
1103400
1079399
1106200
1098200
1102500
1102499
1081000
1080100
1079299
1118300
1076901
1081800
1082999
1080300
1080600
1076500
1102700
1078201
1080201
1088799
1080300
1104201
1079601
1079999
1082700
1095800
1080199
1082801
1099701
1079800
1074901
1080900
1103200
1076101
1080401
1104600
1080700
1103600
1100899
1093199
1083100
1081801
1084000
1075900
1083201
1082700
1079599
1100600
1097800
1081900
1080901
1080799
1080900
1100200
1105401
1077900
1095199
1079300
1088800
1085500
1079700
1122201
1081100
1078501
1079500
1080600
1079700
1100500
1087501
1086601
1079101
1078400
1100200
1079700
1076300
1083899
1079901
1080199
1077700
1081199
1079600
1078801
1075200
1080300
1095500
1079799
1077699
1079401
1101100
1081900
1077200
1082700
1103401
1078701
1077200
1082401
1086000
1078300
1079799
1075901
1108800
1075900
1076200
1079500
1082500
1078400
1098000
1075700
1085000
1082600
1079701
1078799
1078900
1079800
1078300
1079501
1081700
1077299
1096200
1101500
1082199
1079299
1075899
1076700
1077500
1081400
1081900
1077000
1078400
1095300
1082700
1079801
1080700
1079700
1083300
1077501
1101099
1078999
1083200
1091200
1144600
1082700
1081000
1077701
1079600
1078100
1104401
1079500
1080501
1078700
1081900
1082800
1089399
1081301
1079499
1078701
1077400
1077700
1083499
1103799
1100500
1081900
1079600
1083799
1078900
1095200
1081900
1079799
1077799
1078800
1078200
1078100
1078199
1077500
1120500
1077300
1080300
1079500
1081500
1077499
1092900
1078601
1073100
1102200
1081400
1107000
1079301
1080500
1085800
1077600
1077101
1082001
1079401
1077799
1099900
1078101
1082799
1102400
1078500
1078800
1083200
1077401
1101200
1077900
1085800
1077799
1081000
1084900
1111500
1077600
1100200
1082300
1078001
1077799
1081100
1081300
1076301
1079399
1101399
1119000
1078301
1081100
1074701
1082601
1082400
1079801
1105200
1082400
1100000
1090800
1099000
1101099
1078700
1084400
1078300
1077301
1076901
1083401
1077200
1078900
1079399
1082701
1093500
1078200
1078099
1075899
1078000
1079499
1078501
1083099
1079200
1099499
1077800
1117601
1081900
1079399
1079500
1104801
1083700
1086300
1080700
1080700
1079001
1079100
1100101
1106199
1078699
1078100
1080600
1080600
1080500
1144399
1077400
1082999
1103400
1080800
1098000
1077700
1077899
1076600
1086900
1080599
1078400
1081900
1078299
1077901
1078100
1106700
1080500
1076800
1079500
1084800
1076101
1079200
1075000
1084600
1077901
1100299
1095800
1083499
1072501
1080100
1077100
1099800
1104001
1079301
1082900
1085600
1084700
1139501
1107600
1092900
1087800
1086500
1088700
1091100
1086899
1113999
1080401
1076199
1104901
1084399
1081699
1074901
1079801
1082000
1070800
1077100
1078901
1083500
1081700
1076800
1102800
1079999
1078699
1077799
1080200
1084201
1077799
1080400
1077700
1082199
1080700
1110400
1079600
1079700
1104900
1079400
1077500
1102200
1080501
1101600
1079200
1081401
1100600
1088500
1100900
1102500
1082300
1076801
1098999
1080000
1104601
1079600
1079901
1076901
1118300
1078900
1077700
1080000
1086601
1101100
1104100
1081099
1083900
1077800
1077800
1095301
1084300
1078100
1077499
1076801
1081800
1079800
1077200
1077000
1083199
1075500
1097600
1079101
1083100
1083201
1078300
1075901
1084199
1079700
1100099
1098400
1083600
1101299
1100800
1077900
1082400
1077799
1077200
1076901
1086500
1077600
1075800
1078800
1078500
1099800
1078500
1074300
1083400
1081700
1076400
1076501
1082301
1083300
1078200
1081801
1106301
1080500
1077000
1084100
1076099
1077200
1078700
1083700
1081000
1084500
1074600
1082999
1075800
1079900
1076000
1084300
1082100
1075701
1079199
1082799
1080500
1078001
1096300
5264100
1084900
6837401
1552400
1080701
1088900
1088800
1091300
1084300
1090600
1096699
1095400
1077700
1080301
1101400
1073400
1089300
1082000
1078500
1593100
1104099
1099700
1110700
1077100
1086100
1082001
1082500
1076799
1080700
1082200
1078400
1079900
1081300
1105901
1107501
1083200
1092299
1078601
1080101
1091201
1080500
1080100
1079400
6061000
1102700
1097701
1089400
1098600
1084199
1088500
1092200
1090099
1119900
1086300
1120899
1114199
1084601
1085100
1094101
1094799
1105400
1159099
1093600
1103800
1096401
1121400
4172700
1089700
1082599
1078500
1088201
1098600
1084600
1084201
1101400
1105400
1084900
1077700
1078401
1080800
1097299
1085201
1092200
1108200
1079300
1082300
1085700
1083000
1085400
1540700
1079801
1087500
1113201
1091200
1088400
1085700
1085400
1090399
1085800
1084999
1090200
1113000
1094001
1091100
1078399
1092100
1087800
1086700
1086500
1091599
1086700
1103100
1086000
1096900
1101899
1079899
1077899
1090201
1094000
1077700
1089399
1087799
1115799
1098700
1092401
1087800
1089599
1089900
1088999
1087900
1087101
1087800
1090100
1120200
1078500
1102200
1080199
1099300
1078300
1078001
1079000
1118000
1089000
1087000
1116399
1111400
1082000
1082001
1078101
1078401
1081401
1103500
1082400
1100800
1082500
1123301
1077600
1076200
1081100
1071900
1077799
1078100
1083800
1091900
1085700
1090100
1101901
1091401
1089400
1079799
1086700
1081999
1099100
1079001
1084699
1083499
1077400
1099299
1120300
1074499
1078299
1075500
1081000
1081001
1079900
1081199
1091401
1100000
1079300
1098900
1082799
1083401
1077900
1079701
1082100
1076199
1101800
1101699
1087000
1083099
1105400
1093000
1107100
1084700
1090401
1086499
1079000
1097000
1102801
1074200
1101200
1075999
1102600
1078100
1078400
1080700
1084300
1082600
1080100
1077499
1103700
1080101
1078201
1099700
1099900
1075901
1082900
1078801
1076999
1078301
1081700
1078301
1077300
1079600
1100700
1077301
1099300
1100400
1082799
1079700
1100200
1103400
1086799
1077600
1100099
1096600
1085700
1078901
1078400
1077900
1084100
1079400
1099600
1075001
1102900
1080500
1099600
1100000
1080401
1083700
1078200
1079000
1078200
1080700
1082500
1079901
1100000
1106899
1079700
1101101
1079799
1079700
1076499
1076300
1077699
1084400
1077601
1074900
1076001
1096400
1079701
1083900
1075499
1083900
1079501
1077301
1079300
1083399
1078200
1080201
1099600
1081000
1076301
1081399
1078201
1081599
1081600
1101800
1084400
1080101
1079401
1101000
1114799
1083700
1097800
1077099
1103700
1080400
1082900
1077301
1083399
1080099
1077300
1096299
1077499
1083300
1082300
1075699
1079500
1086900
1112100
1087400
1089100
1091400
1109900
1081701
1088900
1087399
1117900
1101400
1076499
1106301
1078700
1103200
1077700
1100701
1086601
1077800
1081199
1079100
1081900
1103401
1084500
1075500
1077401
1077700
1104000
1078699
1077101
1127600
1083001
1077300
1099000
1081700
1084500
1078701
1080601
1097000
1081401
1077600
1080400
1078999
1079901
1082900
1078299
1079900
1080300
1080199
1077300
1100600
1076700
1079601
1077800
1079101
1086499
1103800
1080500
1075901
1077400
1089199
1112501
1079501
1081200
1081300
1076300
1078801
1078100
1085600
1077299
1098600
1081700
1101600
1090801
1090300
1091500
1079401
1082201
1080800
1102799
1083000
1079801
1079799
1080900
1096900
1078400
1076700
1081399
1099600
1077800
1081900
1078499
1077899
1103200
1079500
1094799
1085300
1087299
1081400
1081499
1080901
1078299
1081499
1079800
1080000
1077101
1080700
1078399
1099901
1076301
1081401
1078799
1078800
1077900
1087601
1080399
1079499
1080000
1083100
1079800
1100499
1083200
1105100
1078201
1077201
1081100
1084500
1079399
1083200
1082699
1101600
1078000
1082499
1079701
1079700
1080700
1081200
1081700
1078500
1077299
1102300
1078799
1078899
1079700
1082000
1079800
1080200
1076100
1082900
1077500
1078100
1121400
1081300
1083900
1090801
1086900
1080000
1077300
1080401
1084599
1078500
1118999
1101500
1104200
1101200
1074099
1078500
1089100
1078801
1077700
1085200
1085800
1078799
1079900
1100600
1080901
1081600
1079000
1076301
1087201
1077600
2418700
1100500
1103499
1082400
1081399
1082500
1082700
1076700
1079500
1085200
1085200
1080100
1076501
1078201
1101500
1077400
1076901
1098900
1082399
1075700
1070501
1079200
1103400
1078400
1077500
1079299
1099300
1078299
1085600
1075300
1099100
1081100
1076400
1078401
1100899
1078000
1084100
1078400
1078000
1081200
1079500
1082900
1076401
1076200
1082700
1081699
1076400
1080500
1112399
1080299
1078200
1078901
1083200
1077899
1102200
1082000
1081299
1078401
1099400
1092799
1080800
1082101
1077099
1077399
1104601
1084401
1075101
1080200
1086300
1079200
1079501
1102900
1080900
1079199
1077699
1077500
1079599
1078799
1099900
1077400
1106400
1079200
1098200
1084200
1099000
1078801
1074200
1079301
1089100
1081400
1081000
1080199
1075900
1093400
1104700
1078999
1078401
1078200
1081801
1079200
1102800
1086599
1092399
1072500
1109301
1070400
1116801
1108600
1088300
1087900
1090000
1092901
1094200
1089200
1087300
1087600
1084700
1078400
1079199
1102100
1082700
1078301
1081900
1077299
1106000
1078599
1077900
1096901
1082900
1082001
1102501
1230601
1081101
1077800
1080001
1091000
1089999
1091500
1088700
1102400
1100800
1080900
1076300
1078601
1078500
1081500
1081800
1078800
1075099
1077799
1079800
1077900
1100700
1082000
1078899
1079200
1078400
1103800
1077600
1078300
1080399
1080599
1077400
1078900
1077200
1080999
1082199
1084900
1079900
1076200
1079000
1084300
1136400
1075400
1076200
1081599
1076901
1079199
1082400
1083500
1079000
1080601
1076800
1086700
1077800
1077600
1080600
1082500
1085400
1078999
1078100
1082700
1081000
1080599
1080199
1077300
1083700
1085700
1084500
1093201
1083101
1082500
1078100
1081899
1083700
1083001
1071201
1078300
1080900
1078499
1080201
1080100
1083700
1078201
1075601
1087700
1107499
1079500
1078199
1090700
1089600
1120500
1080600
1100701
1077301
1078999
1080300
1078500
1080299
1077900
1080999
1077799
1078800
1084500
1082499
1080199
1087399
1107900
1089601
1088700
1121700
1095399
1089799
1086400
1086700
1084700
1088599
1087200
1114000
1099800
1080899
1103300
1090500
1084200
1088100
1089300
1090799
1088499
1091700
1081000
1091699
1085500
1113000
1086500
1087800
1087500
1109700
1088000
1087300
1117300
1083499
1092700
1100600
1117500
1086401
1110200
1092101
1089700
1093300
1091599
1086900
1085900
1087100
1087699
1108699
1088000
1088401
1086700
1111600
1088400
1078899
1100099
1082400
1077600
1078301
1079499
1089700
1085200
1109001
1087400
1090900
1087799
1111100
1139000
1088900
1087600
1088000
1090600
1089201
1088401
1087900
1088500
1090800
1087500
1092500
1087499
1094900
1080201
1113700
1077899
1083100
1079500
1077801
1080800
1077600
1089100
1092200
1090099
1096400
1082200
1091800
1108100
1090600
1093299
1097800
1085001
1090101
1105900
1089900
1088300
1113201
1082301
1089100
1086000
1113900
1079400
1081900
1083200
1080000
1078300
1078800
5959900
7041401
1932501
1942500
1901701
4464200
1085200
1201801
1115000
1106301
1086200
1077400
1079599
1092200
1085100
1086700
1095300
1092599
1107901
1085900
1104300
1077401
1075600
1084199
1098900
1096401
1096600
1634700
7192101
2328200
1095700
1130200
1092100
1090001
1092101
1092300
1114000
1086100
1095000
1088300
1084600
1089800
1101600
1108899
1085900
1101899
1090601
1089300
1087600
1085100
1116300
1087901
1088900
1090300
1089701
1109600
1398201
7076999
1104901
1101800
1091801
1099400
1125599
1141900
1092599
1100200
1129600
1097299
3492901
1125400
1079200
1086000
5746299
1094300
1083000
1082399
1082701
1080400
1078001
1080101
1080899
1079999
1081300
1179100
1080300
1086900
1077100
1084001
1075801
1089400
1091100
1087000
1092199
1096501
1096601
1091999
5401101
1102799
1088100
1088199
1081901
1086700
1084900
1097700
1088100
1087100
1110701
1087800
1089300
1088699
1087700
1121300
1089099
1090301
1077599
1084001
1080801
1079501
1291101
1295000
1076801
1091000
1089500
1110401
1085200
1091900
1092099
1087201
1090300
1092599
1084700
1088001
1085700
1079500
1094200
1076801
1077799
1081200
1085000
1079501
1088799
1091900
1091801
1090900
1084800
1095201
1088200
1093200
1110800
1085599
1084200
1091400
1087500
1095000
1091500
1088201
1086599
1087300
1085200
1081200
1082400
1076400
1077800
1079700
1102101
1092300
1084300
1090900
1110000
1078400
1091701
1088999
1086999
1097300
1086800
1114799
1100900
1081499
1091200
1085200
1087401
1089700
1088700
1083999
1086601
1089700
1085000
1084100
1110300
1088400
1088701
1092301
1087100
1091000
1087900
1085300
1086801
1093500
1087900
1089501
1091700
1092600
1084900
1085500
1085801
1093700
1086500
1085800
1091700
1106800
1085600
1090700
1078000
1096000
1091500
1085900
1084301
1113200
1083401
1086500
1103499
1095901
1088900
1087500
1086900
1088100
1085300
1089100
1088701
1082900
1092600
1109200
1088500
1082600
1080700
1092601
1085500
1086500
1087499
1090400
1089500
1087201
1099500
1122600
1086101
1105701
1087300
1092200
1086900
1084200
1086600
1088199
1087500
1086500
1125299
1088001
1084600
1086700
1086399
1086200
1089800
1088700
1090601
1084401
1089700
1104100
1076801
1080299
1084500
1103899
1080399
1106100
1090399
1090500
1079500
1095800
1102900
1088401
1112999
1110000
1086200
1091501
1089699
1089300
1086199
1086100
1083301
1127800
1089500
1089801
1086500
1093000
1087601
1107900
1093701
1089900
1085900
1087500
1128899
1110801
1093800
1089100
1088200
1087601
1088300
1085500
1087900
1084500
1089700
1086500
1100200
1096600
1085400
1110799
1083100
1085500
1091500
1082600
1085200
1091799
1084000
1109000
1079399
1078001
1089000
1087000
1087000
1095200
1093901
1086300
1085300
1087000
1112700
1085201
1094499
1091600
1093601
1089800
1090199
1090700
1101800
1076501
1076201
1102600
1105700
1077900
1087300
1086800
1087100
1085500
1125100
1113900
1086200
1116300
1137700
1079500
1082801
1081400
1081900
1087000
1087900
1086100
1076900
1083900
1109600
1134599
1088400
1084700
1079901
1086399
1086599
1080500
1078999
1092200
1103700
1097200
1078900
1099299
1080601
1106700
1114601
1082500
1085700
1107600
1080500
1088100
1081200
1093400
1100800
1087300
1077501
1098800
1088200
1097699
1085300
1086100
1083199
1083700
1081599
1091399
1085300
1085100
1082700
1080501
1079800
1080700
1077899
1083100
1081700
1077900
1091799
1083601
1081000
1077300
1095099
1107901
1079400
1083200
1084000
1077300
1083900
1101300
1078801
1096001
1081400
1086100
1081700
1111601
1082500
1077800
1083800
1080200
1081901
1093901
1082300
1079100
1080401
1083500
1079000
1080499
1086801
1085401
1085500
1087300
1101000
1101600
1104600
1091900
1084500
1091001
1080500
1079900
1080900
1088000
1085200
1086599
1102301
1297000
1089701
1119300
1099500
1094400
1095001
1094001
1086700
1095801
1095600
1106200
1087500
1095200
1089100
1110800
1090400
1091201
1087400
1093700
1100200
1114000
1102301
1097601
1088300
1085600
1081601
1102900
1079300
1081100
1077599
1085400
1086200
1125799
1079999
1083499
1086300
1095700
1079999
1087700
1079999
1084700
1097700
1085100
1102701
1083399
1102499
1083400
1084700
1078300
1082000
1107599
1086999
1078401
1083400
1081400
1085400
1080099
1086000
1104700
1087201
1083201
1078300
1084500
1084499
1076901
1098800
1083000
1090099
1077600
1083401
1088500
1093099
1078101
1082001
1084500
1081600
1086900
1088200
1104700
1084600
1084900
1080000
1082399
1076599
1084001
1085500
1115200
1104800
1082100
1086800
1080199
1077500
1104699
1090401
1078601
1083800
1081700
1092900
1084700
1099699
1079201
1086900
1093799
1079299
1103699
1081300
1092000
1079001
1086800
1076501
1096799
1102800
1077599
1104501
1082800
1081501
1078300
1081399
1086799
1080400
1085999
1123099
1083100
1103501
1080800
1083700
1083800
1085400
1079701
1091699
1082200
1079900
1090000
1082399
1084900
1080199
1080799
1087900
1084300
1100400
1089700
1086900
1084400
1123900
1076799
1081100
1085000
1077601
1079200
1094400
1089199
1125500
1083700
1082300
1111200
1083400
1112800
1083900
1101901
1087001
1081799
1109100
1107700
1081000
1108001
1084100
1098100
1083100
1108599
1087799
1086100
1082400
1114399
1077400
1079899
1085900
1090100
1084600
1084401
1078400
1082800
1081099
1080401
1082300
1087700
1083100
1088701
1079300
1103401
1080700
1087599
1078200
1086500
1083200
1086800
1079200
1106500
1085900
1085100
1081100
1082401
1084400
1085700
1082200
1075100
1082600
1085800
1080901
1085600
1104601
1105200
1087299
1092800
1079301
1077399
1082400
1087000
1112900
1080000
1083700
1089800
1098700
1096900
1075200
1082700
1083700
1087000
1085599
1094201
1084900
1088600
1090301
1088400
1094299
1082300
1109799
1077599
1084401
1081700
1083300
1096600
1083700
1080600
1135100
1091801
1082100
1089800
1089100
1088300
1084900
1095399
1079900
1085000
1094600
1089500
1084200
1112201
1084799
1100000
1085000
1087600
1079800
1084800
1076000
1084300
1083200
1081001
1083401
1079300
1078099
1080199
1097500
1081601
1078200
1103799
1080500
1079200
1075800
1079100
1080399
1139801
1088400
1090601
1078500
1079501
1078401
1105001
1082399
1077900
1089000
1079801
1078700
1078300
1076700
1082700
1086399
1081400
1081099
1078200
1079900
1094899
1104700
1082300
1080199
1097701
1080899
1075899
1094599
1078101
1076700
1079401
1082700
1081299
1077800
1077500
1081601
1080700
1078201
1078700
1078900
1087701
1079800
1080900
1114700
1076701
1091300
1101500
1078101
1079600
1105300
1077801
1081700
1079801
1082301
1097500
1079000
1099099
1079800
1082601
1078900
1081801
1107599
1077200
1077499
1080100
1101600
1099300
1078600
1101800
1082200
1084599
1079099
1080000
1078099
1082100
1104200
1077900
1103900
1090599
1077600
1077501
1080100
1080500
1079799
1079400
1078100
1083800
1079701
1098200
1080000
1079000
1079500
1079301
1079600
1082799
1102800
1078599
1081900
1080700
1080400
1077601
1076000
1081300
1078600
1077200
1077301
1081000
1080401
1101500
1076701
1102200
1082900
1078600
1077801
1082501
1079999
1082400
1076101
1081901
1082900
1077400
1081800
1083300
1077599
1083600
1079301
1077600
1078100
1080201
5698399
1088801
1124801
1105800
1088099
1092900
1075800
1102800
1099901
1101400
1077700
1125301
1082600
1078501
1078600
1078300
1079801
1076500
1083300
1083801
1080800
7241900
1077500
1089900
1101700
1565499
1408299
1405100
1404800
1416100
1594500
1100200
1086900
1091500
1087301
1088000
1086400
1090399
1086700
1084900
1085700
1092500
1096901
1077900
1099699
1097000
1088401
1109100
4828600
1171599
3505600
1622100
1079800
1081200
1092901
1088801
1086600
1087100
1090800
1111700
1087101
1112000
1086200
1091200
1582299
1407900
1418300
1409800
1427900
1417800
1427799
1428999
1397200
1390900
1407301
1399100
1398300
1391300
1408901
1414900
1396199
1390600
1389600
2167000
1091700
1440000
1090101
1087201
1080401
1078699
1093001
1123800
1085400
1087900
1112900
1087300
1094899
1083601
1112300
1094200
1087699
1106100
1112301
1083001
3057300
1085900
1089300
1110999
1086600
1092600
1113300
1112600
1088200
1086300
1078399
1082199
1077399
1105300
1081799
1078200
1081700
1080400
1078401
1106101
1079500
1082600
1078401
1079700
1471099
1084800
1088201
1095800
1085700
1107600
1111099
1080000
1077600
1078701
1083200
1082500
1102500
1099499
1079600
1077101
1080801
1101400
1082300
1082100
1079901
1077100
1085900
1085500
1389900
1391399
1430500
1402201
1402001
1402100
1409600
1411600
1399300
2642900
1403201
1441101
1416101
1397100
1401900
1318400
1084700
1079800
1078600
1082799
1083699
1113700
1099499
1079001
1081199
1078999
1082199
1078000
1103400
1078299
1076300
1101400
1083500
1123901
1078500
1078900
1082799
1081300
1079501
1111801
1076900
1093500
1082900
1079501
1103501
1080300
1099801
1072700
1074901
1077800
1092300
1077399
1078400
1083900
1083700
1087700
1082200
1080800
1084500
1075200
1076600
1079099
1081500
1076600
1108300
1080399
1085900
1080399
1082600
1078901
1079599
1080600
1101300
1076599
1084601
1077001
1077399
1122099
1089400
1081800
1076500
1077199
1089201
1095299
1082100
1071900
1081600
1078900
1082700
1099900
1080699
1079700
1089000
1078000
1078100
1077100
1079999
1099600
1079600
1082001
1085500
1077799
1082200
1079601
1081200
1077700
1102600
1080300
1077700
1080100
1080300
1294401
1083799
1077000
1075900
1084799
1080800
1084700
1076900
1085200
1083600
1078300
1078700
1076800
1081799
1103100
1077299
1078600
1103600
1077701
1078600
1097400
1082600
1105700
1083500
1085500
1081599
1076099
1075699
1080300
1082999
1076699
1079701
1078201
1086399
1079400
1078800
1082401
1076400
1078199
1102599
1081901
1077500
1078599
1079800
1079999
1098000
1080699
1084700
1077200
1079000
1092300
1088100
1087200
1086100
1079200
1081801
1106101
1079299
1082799
1082300
1089299
1084900
1086001
1090400
1081199
1082201
1088100
1093001
1077200
1105700
1109201
1078201
1078500
1077800
1075100
1077499
1077000
1080000
1076500
1080700
1082500
1079801
1079700
1104301
1075200
1082399
1077701
1076901
1075400
1079099
1082201
1104999
1085300
1079400
1086500
1079699
1082100
1077799
1105901
1076500
1081300
1099501
1074101
1105401
1082901
1079399
1082000
1079500
1080200
1103600
1078801
1098400
1085600
1095900
1077399
1076300
1083900
1078300
1100901
1083101
1078900
1081100
1082100
1103500
1079300
1079100
1077401
1079500
1075600
1078201
1082699
1081801
1082500
1084300
1079699
1108299
1074200
1080200
1082100
1084700
1079400
1081000
1079701
1076400
1076901
1078301
1111800
1093501
1080500
1100200
1077701
1078201
1075499
1081000
1070400
1082201
1079699
1080100
1087500
1091200
1086601
1079101
1089201
1081299
1072299
1088600
1077200
1080801
1077300
1111700
1097900
1082500
1083300
1077900
1089499
1078700
1073999
1105600
1081599
1080100
1099000
1076001
1080500
1077401
1082601
1077601
1079700
1080399
1083300
1077100
1080701
1080600
1075800
1080200
1082300
1082300
1102400
1076800
1081399
1078300
1078799
1118100
1109000
1102600
1083399
1079099
1081600
1080500
1077701
1080101
1082000
1081701
1079000
1076401
1112100
1086700
1078700
1096900
1081200
1079999
1078499
1078000
1106199
1077899
1077000
1081099
1099800
1078701
1081000
1081401
1082100
1083300
1082300
1077501
1079000
1080900
1081599
1098400
1082100
1086399
1102400
1079299
1078599
1077200
1079599
1079499
1080099
1091000
1112100
1077901
1099600
1080700
1102699
1076900
1083200
1075800
1105900
1097701
1082499
1079900
1079099
1080800
1081100
1078800
1099600
1098200
1085900
1076600
1102000
1078300
1079900
1079900
1078699
1083300
1083500
1078900
1078501
1099500
1090599
1075201
1079801
1076101
1083999
1081401
1085799
1103600
1076001
1081399
1084300
1077501
1098900
1099200
1109600
1096300
1101400
1083100
1105700
1078900
1080700
1079500
1083900
1081300
1078400
1075700
1106399
1077400
1077800
1081801
1084500
1079900
1100699
1087899
1120599
1086500
1084801
1131000
1090201
1083400
1076700
1076200
1108000
1082201
1097800
1088100
1084001
1083201
1078199
1077700
1091599
1089800
1085900
1085400
1100100
1078599
1079400
1077399
1081500
1081000
1076401
1084599
1080800
1078300
1083400
1081100
1083400
1075400
1083499
1078400
1078800
1100000
1083300
1100499
1078099
1081400
1086399
1073501
1076900
1079201
1083100
1079099
1095600
1082800
1082000
1097401
1079200
1076700
1083300
1086600
1077800
1080600
1078899
1095399
1078300
1084500
1076599
1080500
1074500
1083200
1098900
1077499
1078599
1081600
1079900
1109201
1077800
1081900
1078700
1104000
1080700
1079901
1101800
1079301
1099800
1082400
1103300
1107499
1081499
1079899
1105700
1107499
1081600
1076699
1079799
1086599
1075701
1099301
1078601
1081400
1080500
1082999
1079400
1091499
1077300
1075999
1094299
1090599
1103900
1088300
1078801
1084300
1084601
1079301
1086700
1087800
1100499
1078400
1081300
1084001
1078000
1076200
1090501
1097000
1092599
1080000
1079000
1081900
1078000
1076800
1083300
1084700
1080600
1076600
1080900
1081100
1078300
1077900
1101100
1106200
1078700
1086700
1087300
1078600
1084201
1077799
1082401
1099500
1079001
1078300
1080601
1087500
1080199
1084601
1088000
1078800
1078900
1075400
1083399
1079700
1079301
1079400
1083500
1097601
1099200
1079399
1083500
1080399
1079099
1084500
1079200
1078201
1094500
1091699
1089500
1099800
1103500
1114001
1081000
1079300
1094400
1086500
1094700
1102900
1090100
1100800
1081599
1079900
1080000
1078501
1079000
1100200
1080999
1081999
1082600
1102100
1085900
