54100705
24543706
25199802
22144523
22000599
22298999
22745472
24546684
24590174
25070446
21722497
21981551
22148989
22352109
22817802
22068852
22147138
25412363
24093526
24312187
24424955
22118807
21936326
22055826
22117536
22682058
22604394
21965802
21992926
22477662
22184115
22248775
21785576
22450487
21754968
22134545
22659189
22059363
22094331
22017068
22192779
22292171
22367003
24428984
22471550
23028497
24810050
22204290
22280000
22042044
22126208
22690489
24896180
22673538
22467517
22265552
22649109
22489389
22291560
22423566
23941934
22176023
22300560
21811730
22324374
22443235
22613975
22396422
22531689
22472123
21948614
22358124
22493854
23257015
22179942
22136784
21962863
22069435
22703491
22214067
22879209
21963655
21893222
22456016
22248202
22755225
22547369
22119404
22245631
22022408
22124415
22499564
22497219
22430636
22362741
22107129
22189341
22347850
23035436
22233932
22472636
21947650
22342669
22125989
22179057
21804924
22716395
22075243
22189678
22311544
22058354
22230316
22512908
22275890
22029324
22220055
21758031
22185639
22388751
22002678
22467177
22324976
22081920
22593794
22012513
22273239
21961472
22175919
22546352
22071351
22297205
21862684
22831984
21919656
22184199
22248512
22508898
22429316
22003067
22361569
22197498
22153531
22026697
21995642
22487913
22468910
22299466
22157998
22070960
22279292
22220802
22278702
22137076
22312446
22490707
22422664
22433405
22251556
22540920
22303426
21915422
22467916
22158930
21825622
22146089
22057249
22426355
22273405
21826337
21970988
22486529
22321481
22368844
22617975
22451783
21945213
21923264
21950258
22457620
22044937
22378159
22158876
22237245
22300414
21696817
22063078
21961349
22495569
22287460
22499671
22420997
22699848
21898215
21996601
21981817
22145195
22488580
22915894
22441380
22482049
22159900
22051235
22313688
22275446
21924760
22520307
22399940
22242449
21950863
21926894
22115365
22363551
22173863
23121500
22505960
22757210
22110866
22250230
22290135
22520714
22518704
22211088
22415808
22377288
22368490
21967291
22064259
22267282
22517225
22354626
22631504
22558759
22491822
22722163
22510597
22175631
22348376
21937123
22085649
21913937
22692711
21964173
22201741
22236755
22333004
22768026
22450145
22583928
22673340
22065096
21975590
21937689
22497879
22181690
22249376
22371593
22105879
22284762
21983126
22338509
22125758
22019531
22160776
22267713
22713195
22294626
22192569
22350872
22281541
21975573
22329291
22451023
22445463
22097540
23345271
22249956
22766821
22350160
21999719
22376736
22526372
22358299
22575920
21966249
22399885
22117007
22212782
21988902
22830896
22342566
22319758
22267191
22842045
22177560
22357295
22538067
22938448
21924967
23124765
22561671
22227177
22016945
22124860
21947324
22449841
22734786
23533629
21863968
22139441
22477143
22669685
22409112
21975201
22156517
22955436
22115291
22498151
21758691
22023492
22230584
22739737
22153934
22310440
22317331
22272136
22944623
21926385
21898046
22140816
22320003
22821098
22472526
22265779
22192332
21995617
22435689
22171818
21752975
22075122
22344848
22162181
22158877
22178300
21868606
22441561
22056992
22356796
22162505
22408248
21939458
22196708
22627255
22158725
22434205
22285324
22554030
22425331
22458673
22439569
22031392
22366670
22316962
22266264
21942429
22175141
22143341
22478538
21854353
21842688
22075360
22064910
22190284
21723026
22061614
22223862
22113703
21884045
22461469
22210715
22740861
22775831
22879514
23415303
23556134
21860831
22461292
22064732
22874456
22447055
21733144
23053416
22127874
22160568
21855051
22566200
22934836
22366609
22139001
21990889
22540318
22418657
22173229
21993979
22447747
22097015
22228594
22429161
22331327
22373731
22134571
22492099
22094373
21981788
22164668
21923628
22726926
22539744
22262984
22603486
22296004
22886399
22413699
22186971
22223475
21844914
22130341
22338460
21822682
22270738
22362387
22231156
22125126
22111473
21863256
22569637
21992518
22455784
22285167
22069553
22479508
22253635
22110005
22433151
22374191
22190262
22196093
22722845
22430692
21991339
22541036
22165179
22113247
22321752
22223139
21869201
22023782
22320058
21991092
22652088
22213798
23360229
22116618
22550326
21986206
22592229
22417411
21938105
22055232
22284056
22201987
22255571
22223953
21937900
22092581
22624809
22824060
22192945
22143932
22120510
22556729
21900451
22211863
22262009
22259329
22510704
21865602
22227812
22217296
21865890
21754889
22430613
22585270
22813803
22710739
22213218
22540075
22845179
22218373
22213233
22165956
22372950
22802024
22495947
22589258
22003298
22128770
22394918
22264309
22366648
21946776
22706020
21944970
22252957
22136782
22346679
22647839
23008447
22453713
22198691
22228310
22026450
22138656
22627560
22271086
22225161
22174662
21952317
22015687
22286946
21997024
22353461
21879910
22922452
22553266
22141981
22027015
22750364
21976012
21983286
22141211
22307789
22284729
22337188
22042040
21961196
22306613
22262134
22510957
22376694
22041166
22773569
22579776
22206343
22165034
22246258
22420512
21859873
22582259
22489286
22270462
22486122
22040865
22135197
22087147
22050331
22017950
22144390
22125280
22558888
22046428
22001600
22078253
22013459
22349545
22534543
22108732
22308091
22875338
22161732
22454878
22149937
22108496
22698257
22011340
22303369
22157081
21986215
22341118
21876944
22100342
21956206
22026948
21846586
22373414
21917973
21923468
22119919
22145634
22357981
22155028
22292825
22011791
22102675
22211863
22070194
21810511
21985232
22180851
22592378
22024117
22017459
22432935
22536052
22216008
21913001
22211986
22136733
22308671
22398680
22487013
22364627
22783272
22213987
22977696
22345699
22166363
22388991
22486088
22043963
22579868
22365915
22514299
22157152
22510989
22199565
21787402
22918493
22161437
21882906
22265416
22141562
22261736
22015743
22043737
21908197
22710154
21947752
21822541
22877528
22675133
22207080
21903382
22058585
22060634
22490984
22646656
22076859
22478232
22562043
22366239
22414828
22712785
22557876
22351299
22573276
21968706
22155047
22194095
22534825
22115131
22715412
22039764
22026211
22172386
22542521
22824038
22317861
22269977
22552328
22286870
22151554
22672348
22469888
22484731
21842181
22095375
22211068
22455378
21826366
21757458
21900177
22169635
22195884
22271909
22022365
22283112
22142203
22529550
22084824
22427015
22126625
21803933
22792778
22270525
22217991
22351752
21923719
22092914
22438760
22485598
21968806
22258979
22007589
22019218
22196957
22047631
21959324
21757996
22180759
22337456
22232894
22654127
22096653
22045776
22006959
22620991
22000749
22460594
22133598
23177318
22002850
21870779
22795951
21916770
22283245
22541408
21861347
22981291
22697396
21874720
22102626
22119325
22082059
22823708
22264100
22056869
22285716
21982919
22154627
22060361
21980542
22254081
22828014
21925147
22144630
22157302
22074104
22329393
22272214
22163917
22578248
22062144
22519251
22528016
22023068
22342928
22565758
22185094
22345388
22273124
21903749
22387651
21819457
22273933
22313932
22026225
22283710
22310955
21963628
22183784
22125607
21996743
22872388
21994336
22117238
22664499
22452277
22716593
22316765
22270058
21465031
22005970
22034760
22212368
21953184
21938085
21956817
22050908
21942717
22048382
22341392
22299358
22218888
21805412
22468880
21980053
22358430
21717810
21979483
22409358
22244477
22665223
22566955
21942800
22629581
22896213
22792980
22360717
22868076
22715388
22267226
22616617
22479607
21747791
22183929
22765889
21949074
21746738
22426313
22509537
21857968
22116968
22053767
22582319
22068190
22527271
22588975
22638836
21975912
22334972
22377703
22754187
22259193
22893463
22116559
22167803
22110220
21581436
22213736
22144805
22565911
22599528
22151211
22908286
22158139
22179194
22441691
22134396
22469105
22013515
22397107
22647072
22240925
22338304
22217219
22562867
22076022
22472069
22607333
22235387
22198262
22939637
22190430
22208991
22396086
22087625
22167933
22208838
22362853
22285773
22257017
22218395
21808727
22079995
22126063
21819597
22034337
22395385
21888289
22051449
22590826
22207138
22087005
22686850
22747240
22399310
22872537
22216146
22068903
23188398
22568130
22964174
22059463
21903819
22129931
22091127
22137682
23183687
22411649
21957370
22510049
21994345
22080203
22412408
21678359
22314938
22592786
22541804
22278963
22543202
22251160
22324901
22320805
21951998
22223248
22006081
22404903
22385951
21791225
22429377
22034747
22280310
21850818
22294444
22572419
22285914
22296945
22916529
22273781
22223462
22242838
22225485
21954920
22108468
21824825
22422762
22683202
22228534
22443554
22187696
22374998
21957944
22303823
22581135
22158829
22460687
22139632
22459868
21914161
21961441
22425073
22305323
22350210
22225104
22841229
22177181
21741603
22339817
22092648
21963480
23118846
21855052
22821011
22527660
22377729
22115065
23075303
22890536
22163226
21926658
21831240
22066278
21779372
21831367
22939291
22466145
21806541
22566126
22285219
21910022
22130780
22457359
22971231
22430346
22459265
22135733
22283080
21993459
22205620
22098882
22353308
22620985
22371209
22400722
22530933
21930157
22468799
22106884
22459761
22152803
22603189
22379683
22015382
21921359
22378392
22369785
22849845
22187077
22310230
22344196
22426263
22150423
23070068
22095916
22450190
22586757
22106770
22112486
22027192
22087303
22149157
22248095
21933158
22596595
21636405
22338779
22273081
22610554
22403817
22489562
22208952
21834518
22607490
21743274
22119647
22339322
22401405
22827607
22431818
22490656
22099234
22260192
22228199
22487626
22772655
22362149
22238294
22178842
22339683
22157799
21909421
21658475
22212502
22836272
22746206
22783683
22408257
21952626
21944636
21831866
22580865
21952519
22056504
22183438
22621625
22518963
22487722
21910791
22292947
22546367
22565603
22577877
21860416
22465540
22544569
22563686
21954310
21930890
22796654
22144871
22269055
22027620
22585237
22740812
22772048
22135295
22182130
22722934
22098419
22096493
22472159
21911859
22482185
22079938
21992510
22139448
22706323
21987352
22384390
22251435
22215382
22035907
22457793
21743887
21999801
22000890
22069560
22125441
21798382
22445259
22054595
22153173
22109037
21955821
22831787
22023736
22244099
21822912
22343806
22220038
22476356
22396887
22107586
22612216
22073521
22120736
21886163
22264583
22543673
22489398
22223894
22326138
22594775
22486278
22139362
22585696
22188493
22376972
22372400
22074802
22749274
22019307
22162531
22857381
22278063
22492799
22215123
22211252
22736599
21838634
21964858
22355553
22256744
22161911
22170902
22464453
22492834
21853885
22156985
21879818
21684085
22198040
22205570
22163489
22052809
22794740
21933338
22170436
22140722
22372805
22349054
22714461
21994079
22704311
22200657
22199620
22120164
22452882
22709618
22568829
22062607
21860142
21742228
22600022
22437303
22603615
22776802
21952095
22677230
22335986
22178522
21989522
22230986
22011005
21969840
21906375
22718179
22544936
22535813
22194696
22162339
22193319
22543881
22417477
22471719
22301711
21905271
22207081
22648421
22253441
22582558
22086951
22384489
22548580
21927319
22136357
22045995
22454029
21887388
21584594
22220295
22344961
22351196
22223714
22188620
22095653
22526735
22309685
22196723
22128919
22221679
22454292
22250187
20976233
20809805
21213612
21256772
21192800
21346847
20929032
20853260
20884146
21195351
21064711
20786985
20763138
20727608
20606328
20829056
21132329
21251833
21146332
21571231
21060415
20736701
20813776
21043298
21161406
21065619
20908827
20868255
20783835
20932178
21250596
21005457
21157736
21010910
20739293
20965467
21234543
21157702
21143166
21313877
21103499
21002058
21056360
21069978
21167480
21250210
20679512
21826484
21203533
20824658
21077812
21298767
21369894
20882819
20794178
20916548
20901642
21261738
21112814
20836314
21074278
21017189
21188460
20958864
20947620
20926892
20744859
20938696
21044495
21039563
20921972
20720586
20780705
21193266
21106399
20943815
21164390
20557974
20794671
20891076
20925722
21446017
21370913
20878807
21288016
20751695
21037130
20855503
20824965
20856244
21214053
21058984
21120029
21395586
20974912
21232891
21226360
20914495
21139773
20932425
20878575
21621186
21318765
20689722
20821386
20968017
20918383
20948438
21065599
20974182
21408396
20813744
20724725
20885637
21243472
20826876
21064267
20928181
21258705
21059899
20894355
20965889
20806253
20739252
21170850
21028804
20661598
20762754
20972577
21016650
20757117
20756689
21022825
20800322
20665148
20868540
21679957
21047541
21097766
20776177
20942131
21131331
20972172
20867716
20920386
21191372
20626588
20935574
20766848
20989209
20918643
20723731
21179986
20936942
21447615
21154495
21186786
20721539
20948417
21105743
20818295
21532991
21002983
21028614
20944845
21053132
21298942
21014105
21021244
21270250
21797244
21018832
21090756
20956802
21480932
20675749
21419111
20813173
21128145
20728667
20891547
20900855
20927191
21020517
20778965
21060001
20801391
21020902
21025036
20917969
21094858
21002726
21250249
20923534
20921188
21006197
21115465
20958814
20851203
20893203
20976180
21135487
21034340
21051440
20931313
20900859
20993769
20954473
21154168
20616543
21200338
21187987
20840840
21273028
20868706
21031711
20742786
21128571
20819571
20904494
21238070
21160084
21071104
20872056
20824836
21126864
21452431
20772223
20879086
20671362
20736346
20906596
21420384
21000800
20920317
21193331
20794913
20622402
20680233
20850825
21313084
21025900
20938371
20928329
21234852
21357046
21061543
21217538
20925820
21063286
20975212
20734553
21624764
20908292
20800815
21160210
21140568
20835524
20696913
20865068
21545943
20978349
21001513
20870567
21177956
21890931
21471549
21119512
20921847
20890925
20938642
20726398
21064612
20787935
21008964
20984536
21035234
20640474
20823132
20678167
21011894
21353556
21228754
20955942
20702204
20841121
20733164
21235649
20629728
21201123
21145975
21320147
21201785
21389454
20756305
21038267
21204916
21078461
21143996
21207236
21076858
20828315
20885387
21292522
20857584
20755400
21408656
20755224
20896682
21118212
21448301
21210183
20808063
21689483
20889340
21252200
21009699
21048551
20840801
21272192
21461186
21188319
22055039
20940089
21334714
21447327
20967285
20817593
20807741
21123210
20812902
20976225
20979668
21343276
21438334
21486347
21207053
20803516
21238990
20781205
21713267
20801790
20842885
20858278
20895175
20980552
21063332
21352348
20939469
21067183
20972348
20808429
21035824
21086358
21114454
20816330
21083739
20912731
21009515
21298019
21304203
20690490
20966564
20738300
20762461
20887997
21083362
20779867
20938325
21297739
20838525
21171866
20818673
21148528
21056114
21115579
20695611
21075359
21192122
20995009
21189840
20821830
21004367
21303900
21039936
21619308
21005199
21337230
21034871
21140623
21275372
20692248
21275914
20867019
21017059
21183209
20866470
21164792
20760613
21392688
21023026
20867671
21249592
21305556
21260214
21393838
21118194
21635014
20929214
20857066
20992441
20930995
21008912
21023407
21410841
21125863
21448157
20866362
20870867
21049381
20924912
20947307
21059545
20797214
20969134
21013386
21542318
21028817
21640819
21281403
21366080
20901435
21080223
20744436
20764393
21104947
21056152
20938831
20806878
21055155
20943848
21005547
20775476
20927993
20698930
20931461
21124764
21106453
21374831
20783827
21018672
20953116
21034770
21016606
20922455
20635474
20787434
21154572
20792012
21137143
21251326
21567194
21640134
21026476
21044839
20915197
21173779
20927457
20837821
21042067
20883634
21766586
21012914
21352736
21125312
21179134
20835068
20970956
21129505
21033449
21027019
21195045
20710963
21343336
21044642
21118823
21364259
21293709
20662748
21470188
21810820
21144838
21103894
20956026
20608878
21149600
20895787
21017576
21392416
21409453
21241972
21108674
20785737
21252623
21010660
21311920
20958030
20934166
20860844
21143239
21472711
20911232
20912041
21272802
21008003
21183675
21096208
20770705
21081553
20947558
20845383
21087505
21221710
21434333
21133834
21256010
20982154
21282478
21244715
21195599
21137730
20668049
21527941
21052620
21216878
20821953
20860992
20807358
21070468
21716988
21035495
21014207
21164419
21211177
21130365
21200799
21270204
21321230
20960959
21192118
20880197
21211765
20987902
21038640
20927882
20793270
21004484
20990291
21088416
20906663
20739063
20643913
21486180
21331383
21090137
21145676
20672174
21400045
20710091
20864087
22123528
20945641
20843049
20845559
21377157
21333493
21082406
21110118
20754149
21401741
21001226
20832318
20818030
21508100
21111684
20956951
20617294
21053302
20749007
21135193
21297413
20954498
21235475
21041873
20831725
21046638
20959163
21192008
21264788
21171852
20929657
21106576
20771114
20929327
21139555
20621858
21136030
21043464
20986422
21282137
21101655
21392415
20785333
21403659
21026133
21151727
20923652
21464278
20996417
20988833
21112065
20647134
21605092
20955042
20993203
20818213
20916545
20994103
20984482
21366684
21408771
20924791
20817477
20818411
21140887
21674793
21689294
22065421
20764050
21199892
21054024
21235336
20780032
21308237
20578897
20795442
20918734
20906410
21040850
20663210
20785123
20980119
20867116
20928403
20892285
21060249
20843045
20729943
20951425
21073793
20967487
20872242
20978976
20779837
20834437
21169449
20747846
21106668
20917852
21077761
21261308
21222323
21156741
20560499
20935440
21225537
20942177
21072451
21106807
20950284
21099877
20736431
20926758
21209065
21026991
21302955
20701751
20839945
20933587
21057722
20793741
20973385
20795015
21018296
20750614
20978964
20965516
20722058
21210581
21206124
21518742
20883251
20882276
20767104
21322404
20938044
20902015
21013928
20840207
21192688
21100376
21033604
21235778
20846647
20843868
21447709
20980361
21099899
20932681
21047719
21219045
21016969
21348779
20676047
21480346
20658739
21619370
21060075
21247432
20889323
21674808
20823593
20915439
21118263
21086376
21044898
21041775
20849026
20623254
20807263
21021959
20633971
20812368
20876641
21188811
20755136
21117517
20853364
20966656
21503524
21157907
20964693
21435714
20775516
21166695
20917975
21102996
21051023
21455323
21347458
20956600
20903254
20655908
20724549
21254069
20802111
21105311
20800076
21213697
21940411
21279873
21009224
21354450
21248987
21076533
21329320
20904978
20812428
21071052
21252113
20974959
21059828
21467156
20967729
21563052
20719877
21261726
20936619
21081734
21073782
21191551
21726585
21391417
21505293
20801922
21116315
21061269
21033190
21256246
20970074
21072787
20796950
20917964
21068212
21094493
20787727
21107405
20927250
20873992
21022375
21059435
20657691
20896810
20803883
21169252
20743986
20900514
20848609
21461899
21008237
21104415
20754864
21065842
20938905
21204870
20665284
20845718
20900220
21218657
21135163
20920197
20765794
21071145
20727409
21045402
21014654
21280503
20802688
20941669
20701172
21313062
21244915
21205888
21064789
20951763
21044091
21019563
20757363
20807268
21360402
21092071
21293493
21302450
21246824
21216675
21217599
20720575
21030181
21120494
21315407
21074280
20746594
20835577
20968755
21220101
21005130
21474051
20932846
20658254
21410628
21167286
20623902
21022308
20952434
20585119
21086595
21068870
21282249
20720554
21127336
21119214
21453639
21163299
21211640
21281827
21214782
21031289
21099234
21065330
21125814
20886197
20868514
20925677
20770728
20841893
21305955
20816159
21283423
20695297
20798271
20868816
21039758
20784517
21115967
20895128
21064142
20997251
21081820
20873632
21058812
21069410
21308412
20936969
20922717
21078072
21039485
20711333
21207109
21033618
21082130
20774901
20963763
21115438
20865386
20633555
20953850
20705436
21110446
21010294
20916668
20937045
21047325
21610084
21009107
20881268
20641057
20851165
20915810
20928475
20993861
21210573
21303453
20618533
21247392
20849980
20921291
21143210
20924343
20935966
21509534
21699433
21056359
20952982
20614743
20641585
20936341
21391286
21335264
21175670
20972311
21245733
21022867
21007251
20936486
21060416
21237159
20779871
20960017
21199982
21101297
21263772
21400521
20611421
20967605
21617517
20921013
20908497
21230558
20927043
21261359
20987717
21646839
21147513
20984290
21491980
20950150
21096973
20808587
21094017
21067613
21063351
21045797
20971374
21089300
20918545
21261971
21192490
20816638
21037478
20602975
20890873
20782936
20997679
21093713
21328733
20916881
20952846
20978851
20909465
21000458
21095863
21190993
20991746
21301827
21149014
21216506
20496341
21215347
21293126
21377320
21281833
20892533
21361716
21085149
21189647
20973380
21579695
20819650
21149666
21404685
21288025
20970738
20858166
21430451
20879215
20713572
21666185
21479094
20706969
21245553
21159755
20859967
20654099
21007745
20822469
20814354
20925858
20837269
21294199
20859536
21237110
21020776
21245381
21754463
21195875
20991908
21874873
21492787
21042805
20983466
20995599
21119002
21055013
20999235
21049286
20678971
21066222
21144471
21409552
21099412
21013451
20922697
21041989
21989132
20805642
20866696
20749194
21241718
20868178
21365754
20750539
20852543
21031162
21765211
21134864
20987991
21149961
20861728
21402023
21178193
21005412
20838186
20987269
20701883
21155212
21076432
21082303
20877369
21710489
21125185
21241280
20864330
21228709
21163925
20851835
20893123
20902907
21097998
20684941
21112842
20937343
20825725
21030015
21750835
21290462
21140642
21238724
21081814
21535766
20759432
21415025
21487855
21097150
21182552
21062449
20989126
20831793
20820360
21143360
21451255
20802961
20979299
21287696
21656233
20817921
20880443
21303191
21702546
21037244
21175971
21081425
21103717
20967056
21394052
21015360
21208172
20918892
21128507
20866173
21007883
21074935
21022704
21204624
20752189
20944417
20833744
20912911
21218611
20939179
21454486
21164854
20875223
20675827
21284615
21260065
20981068
20839402
20867568
21416644
20943021
20759928
20879631
21389032
21119790
20968649
21702387
20853836
21135797
21559462
20756734
20900226
20970414
21009392
20826601
21110344
20912905
21169083
21066451
21019282
20565554
21171181
21346405
21350101
21179275
21067060
21049398
20994025
21147786
21239545
21085770
21134904
21161298
20963797
21177962
21528486
21437780
21150912
20855082
21800883
21155397
20796063
21166420
20700296
20858455
21343303
21057478
20680765
21016823
21034249
20941340
21041084
21067309
20693512
21413552
21057139
20926145
21344947
21211563
20949695
21170119
20742152
21344865
20807079
21008956
20875367
20864788
20986624
20874085
21255162
21139424
21111777
20735404
21256854
20820012
20835403
21032579
20844171
20746789
20913093
20943458
21167019
20730237
20999602
21010493
21103588
20882457
20898113
20904179
21284563
21124646
20962274
21421398
21277533
21413783
20994653
21137259
21414485
21896822
21025522
21357437
20848338
20723337
20894549
21197602
20914512
21160260
21079662
20921104
21094791
21284867
20758040
20937962
20906316
20856649
20722054
21213570
21033762
21918278
20941873
21518113
21276783
20963787
21151170
20803588
20800836
21366060
20779574
21274829
20798727
20647301
20690523
21413235
20633374
21352570
21054872
21050917
20955277
20731254
20987103
21292487
21036814
20830866
21489057
20872136
20807401
21162644
21308570
21297780
21056176
20816735
21048175
20978161
21296064
21437997
20786505
21095803
21274376
20713209
21479103
21182985
21151725
21307350
21108915
21021090
21135449
20769533
20859332
21113792
21311174
20983417
21344231
20900904
20995025
21529820
21541712
21342588
21194314
20996085
21085119
21202017
21561667
21750690
20907657
20899116
21039319
20921372
20621558
21223726
21170931
20948097
21431572
20860099
21088606
20730228
21123507
20972875
21352996
21002155
21919598
20856042
20987353
20667381
21317192
21158281
21289164
21388723
20964006
20976214
20919013
20940846
20931567
20730111
21039601
20692033
20992650
21148539
21324878
20964507
21200110
21379089
21097690
21763545
21239548
21126949
20905864
21428289
21422915
20977738
21396290
21209178
21206744
21051479
21083716
20804978
21098743
20859597
20969206
20923463
20704063
21183703
20902243
21474560
21012166
21273656
21037311
21477553
21654894
21236688
21210282
21155808
21087490
20787705
21399029
21272043
21188415
21406124
21465144
21152713
20532711
20737136
21303754
21191160
20963477
20760118
21060971
21393995
20868000
20618604
20722018
21151461
20915751
21303297
20993759
21218852
20949377
20863730
20776965
20782357
20878829
20701500
20908548
20773671
20998088
20831691
21303245
21496932
20855067
21096134
20769068
20871418
21130733
21177735
20861584
20890446
21243522
20975226
20871661
21531068
20959248
20924772
20870431
20898371
20918379
21480175
20658275
21286260
20975223
21704584
21084100
21474135
20922990
21473837
21219164
20730452
20927918
21143231
21316964
21380744
21014180
21132781
21160368
21079135
21211727
20904544
21119863
21201743
21684882
20937734
21154549
21004928
21071623
20981503
21016945
21040303
21254509
21350848
21013242
20839933
20712284
20566461
20856336
21077294
21066028
21276013
21111069
20766221
21544766
21931513
21019472
21194900
21036309
20993772
21258673
20958429
20967320
20739535
21077656
20826904
20928878
21174746
20931776
21298492
21138895
21059170
21161313
20881281
20950543
20853281
21234521
21161093
20967943
20973795
20677942
20997466
21142596
21426547
21218480
21413048
20962288
21105132
20640244
21144005
21564624
21195757
20835289
21411479
20911314
21526971
21049602
20968666
20921962
20934517
21557238
20797960
21103382
21162300
20880029
21097059
20854579
20736120
21351046
20912569
20800150
20825462
21153919
20752282
21195810
20805659
21436733
21022045
21242556
21006183
21142070
20861106
20882975
21340909
21027938
21234551
21414790
21232320
21009379
21989991
21073985
20988436
21093861
21117126
21743654
21153830
21077616
20899147
21106466
20890326
21004232
21138108
21147545
20946157
21092777
21450961
21230195
20766988
21306363
20749138
20957638
21225129
21024169
20873227
21140850
20858558
20960021
21157505
20942546
21618935
20746173
21160124
20625098
21290491
21204933
20895432
21135910
21179862
20835787
21094717
21412280
20952975
20860236
20997431
21221373
21291418
20968751
20773528
21474712
20814026
21071767
21182343
21022202
20899265
21061434
21573752
21522573
21298236
21109112
21104082
21184162
20725171
21130537
21030322
21094350
21074368
20837555
21137674
20885157
21043889
20784433
21388218
21433041
21048601
21289911
20820118
20895359
21256293
21140698
21047849
21095747
21213938
20724516
21223261
20996155
21278112
20988942
21050182
21485513
21115090
21029943
20895986
21160902
20812146
20940738
21476763
20879049
21087333
21187016
20829117
21494103
21177200
21181658
20962918
20953980
21083723
20934320
21458937
21042597
21825904
20771799
20791646
21246891
20729212
21345447
20909774
20765214
21110679
21360241
21472118
21040235
21088318
20843663
20992847
21247932
21358406
20763949
20930778
21232453
21143680
21066567
21314301
21079496
21081530
21335817
20843335
21151809
20978046
21302183
20841299
20988896
20885528
21769368
21034423
21015661
20974725
21699004
20721133
21047213
20952016
21338928
21331716
21401312
20917855
21279172
20809337
20803573
20864752
21509650
21241450
21284131
21172773
21087596
20671338
20937056
20998360
21038093
20938456
20817380
20988593
20761782
20720507
21280105
20669105
21001076
20795058
20896015
21306729
20888936
20930313
20935605
21612621
21234453
21173682
21486294
21149350
21482779
20897613
21219497
21250367
20747623
21039849
21082403
21413200
20927742
21135815
21142982
20927451
20780086
21127814
21017378
21461505
20685657
21344654
21037751
20896115
21182962
20516802
21413776
20814177
20914213
21108677
21053697
20725763
21125855
20739548
20965055
21353402
21392951
20887467
21161230
21415976
21085255
21006018
21298077
21082392
21076427
21001923
20712308
20975445
20948744
20720301
20813336
20721782
21401854
20679396
21226813
20837192
20979459
21022388
21348474
20692249
20876414
20784548
20723095
20979708
21321521
21115381
20908193
20954679
21133334
21343228
21120509
21472015
20911291
21359849
20859065
20946662
21174423
20877375
20917961
20999681
21126234
21442638
21140154
21040863
20929818
21149009
20820986
21078358
20642882
21081504
21006152
21545059
21540353
20769923
21563839
20896163
20957259
20934930
20612976
21857445
20753959
21338278
21062956
21406745
21285575
21119843
21544294
21245727
21415847
21089068
20751949
21107845
21245881
21475401
20878574
21071056
20939192
21069621
21136509
21339143
21518037
20911089
21037663
20761632
21483255
21252993
20820573
20936082
20862328
21213217
21145972
20656887
20887542
20820702
21070622
21366516
21300545
20864333
21538707
21486873
21085998
21064918
20750068
21231062
21889289
20752988
21118059
20903659
20948385
20729117
21060763
20750338
20543137
21207956
20797096
20718926
20906503
20727241
21242715
21373512
20781384
21984650
21254356
21323051
21248599
20850879
21284697
21646508
21142600
20663412
21095951
20898964
21456449
20726455
21142978
20859519
20973134
21317756
21255244
20765895
20946075
21376288
21438965
21037945
20994500
20996113
22087235
20888904
20779079
21221081
21205657
21056585
20866458
21360324
20780049
20647401
20963174
21030423
20886479
21086142
21009261
21488064
21417165
20574743
21088191
21349946
21110723
21218948
20847917
21035309
21381196
20743526
20936799
20929762
20774918
21412025
20709564
21195104
21042254
20946525
21218716
21335974
21189859
20913118
20895674
21738700
21033256
21239727
21131658
21145536
21024265
21027106
20800626
20852655
21011637
21154724
21062611
20974827
20888796
21576363
21081496
20779917
20744576
20938080
20644563
20825915
21084096
20808123
20790683
21275145
21465956
21123864
20830672
20924287
21127397
21258889
21570570
21152357
21029054
21374439
21666487
20865739
20801749
21071582
20908013
21490582
21174616
21057855
20771498
21034866
20884330
20778546
21625229
20709051
21106026
21094337
21101650
20899728
20962896
20945972
21258271
21484592
20968272
21133220
21121956
21288244
21062439
20889177
21625846
21104284
20903335
20722553
21210952
20949264
21220443
20936940
20975315
20870235
21071196
20929585
20858099
20732850
21683164
20984466
21197384
21609475
21079358
21475677
20942982
20941608
21118243
20858173
20837371
21061946
20870749
21613779
20922079
20866150
21158957
21030336
21078795
21041571
20960247
21065917
21614291
21081982
21344231
20941582
21092060
21438006
20981490
20876552
21308185
20822535
21325306
21174101
20796770
21169063
21336810
21188285
20734344
20994573
21331241
20737122
20821435
21587819
20795178
21319423
21380417
20746506
21130928
21034116
20945310
20766402
21601586
21000519
21053564
20901335
21175386
20990052
21084486
21185203
21785038
21090822
21378210
20720948
21451193
21175203
21214846
21347818
21332167
21409729
21060117
21585395
20925219
21122312
20920114
20940355
21252457
21745458
21510214
21297238
21551042
21203992
21054499
21359288
20925734
21435989
20962234
20992932
21059359
21082598
21141580
20797740
20991980
21416231
20805839
21103391
20794192
20738612
21152255
21072273
21009072
20873726
21514452
21388821
21227383
20892771
20700558
21146173
20921240
20889092
20997325
20882153
20771658
21230085
20704812
20979841
20879971
20888457
21204403
21283862
21124256
20745424
20854262
21316553
21013658
21514084
20996995
21743395
20818144
20886538
21563647
20722069
20849226
20626071
21060658
21154854
21062122
20940389
20931541
20888069
21129184
21148706
21311356
20857317
20980258
21444394
20773185
20702645
21391169
20992834
20831455
21123237
20955872
20756640
21416042
20871661
21189699
20845967
21074472
21375488
21096243
21089779
21628602
21003830
20990177
20910530
21213717
20795493
21554583
21153546
20792765
21130272
21094786
21167421
21256686
20940365
21100359
20976169
21298400
20987950
20836413
20621567
20934918
21022994
21475168
21244330
20754247
21178833
21003676
21190029
20973152
21184744
21047922
20962148
21087097
20736649
21067275
21163451
20821825
21381409
20712967
20974139
20787121
20578570
21402442
21093036
21216425
20966325
20940927
20600209
20875492
21290949
20916156
21137666
21002318
21037983
20709519
21821795
20868171
21440170
21153145
20982770
20986917
20761074
21042485
20853565
20682945
21191141
21448308
20956674
21453945
21324597
20929586
20911239
20873523
20690540
21071496
21215537
21207027
21061888
21718318
21475653
21187389
20901150
20657837
20912049
20955267
20997830
21067388
21192392
21521880
20932532
20893478
21151657
21033087
21100693
21308422
21020667
21144595
21711154
20917793
21081986
21146139
20896709
21106204
20993321
20913192
21152404
21483236
20930954
20856064
20675292
20874571
21165957
21576501
21141156
21127728
21818286
21291448
21063865
20869067
20677050
20998603
20984824
20749732
21230945
21133513
20836713
21584589
20796943
21201472
22424563
21224680
21316652
21270320
21399431
21044792
21436280
21457205
21100304
21215174
20664941
21092738
20959913
21173301
21000843
21221712
21100397
20921668
20784090
21193021
21363801
20786528
21048442
21227447
21414478
21780021
21111744
21198427
21292814
20895351
21672533
20879144
21199270
21067991
20843081
21109758
20945421
21047933
20817641
20920734
20867894
21136619
21049810
21043668
20957935
21142346
21058661
20790804
21274456
20989299
21612983
20811490
21371891
21014989
20680289
20790583
21083003
21346853
21080310
21086686
21308947
21109801
21117733
20634514
21279670
20908444
21051966
20914563
20998503
21174744
21068334
21056555
20935316
21042451
21140131
21051985
20969295
20718536
20598575
21235415
21417749
21445884
21173180
21240142
20972689
21261287
21594706
20977724
20915919
20854555
21198120
21795653
21108840
21134931
20812387
20901476
21098689
21217735
21021359
20738057
21120580
21119461
20847756
20904073
21393256
21345835
20731270
21123525
20759896
20809052
20826513
21249806
21409156
20722923
20884008
21190603
21280489
20823750
21977457
20794546
21094196
21216199
20910821
21215340
20836693
21404657
21098324
20808825
20843861
20835703
20955286
20744557
20770823
20828203
21011417
20737920
21552748
20815932
21402843
21206761
20840671
21666130
21618853
21721593
21106037
21639683
21156889
21041860
20717379
21249311
21661251
21370721
21022346
21053087
21027908
21104336
21149460
21912350
20829605
21321069
20963229
20907461
21165364
20622726
20923809
20811456
20951842
21094984
21156927
21004190
21019730
20917365
21560705
21003771
20763862
20619436
20914374
21576015
20935710
21175213
21364154
20843884
21017463
20998967
20854529
21253498
21161314
21226197
21507402
20846003
21195773
20826347
20814159
20874538
21012049
21068546
21056181
20837819
20804128
21055478
21002580
20627924
20744843
21023527
20632572
21194665
21572073
21783673
20941317
21136978
20882959
20820638
20713834
20821444
21333232
21608648
20815972
20697801
20692292
20998090
21240132
21146193
21049410
21173527
20999772
21261952
21333595
21193015
21459058
21166914
21219372
21213744
21491070
21345586
20886692
20950031
21011368
21035179
21115548
21158157
20941078
21034683
21064310
20921129
21112986
20990447
21309156
21370894
20979213
20800289
21176224
21121209
21545328
21140150
20679270
21117225
20892272
20777644
20878763
20941680
21129014
20839502
21198440
20718371
21206828
21277053
21230678
21021134
20893626
21170521
21513505
20866131
20964751
21194592
21063401
20790713
21354379
20792575
21252468
20833971
20740144
21265812
20898486
20834250
20879513
21181423
21185359
20851309
21078535
21014580
21094994
21427076
21564984
20777099
21087074
21808865
20781915
21362234
21272994
21754362
20737649
20949903
20680819
21196834
21075345
20992773
21193235
21099824
20709979
21584769
21224718
21074453
20813688
21175711
20856695
21154683
20805241
20767031
20721838
21222399
21440488
21186451
21234762
21167348
20907223
21071562
21317167
20658394
21187787
21467955
21030375
21234252
21017847
20870455
20971692
21013556
22063552
21265085
20815079
21463238
20986903
20909029
21389325
21379757
21171872
21283742
20672048
21545023
21579556
21217190
20913528
21022057
21615040
21004232
20883870
20724598
21209986
21449547
21179874
21015233
20864983
20940309
21076569
20943144
20958089
21589955
20727006
21332668
20983830
20598829
21023839
21358056
20568434
21130285
21207149
21224875
21145383
21159879
21008736
21017165
21205961
20944377
21138221
21109718
21029141
21312648
21005061
21007801
21180728
21330537
21407897
21001625
21058247
21069531
21191121
20855014
21183266
21686594
20866406
20488831
20986478
21608731
21237320
21165924
20769766
21419402
21293703
20787603
20750614
21095237
20772856
21218630
21046242
20994170
20872517
20801436
21644952
20906167
20922038
21045324
20680174
20767759
21253996
20845110
20832109
20793768
20820563
21703046
21075867
21501331
20950349
20804216
21073635
20751105
20859192
21169166
20965230
21274617
21157070
20752965
20888119
21086014
21086546
21160906
21090330
21116355
21167976
21459001
21184393
21194317
20819983
21013367
21069262
20922267
20829376
21269620
21064909
21201873
21479064
21082788
21956603
21097908
21144571
21140642
21259827
20784713
20827778
21034655
20805723
20928659
20940400
20901080
21031873
21421778
20861628
20921540
20928374
20798220
20891646
21120391
21555953
21172233
21385435
21180169
21641475
20699811
21324898
20782972
20914394
20984121
21157047
21028751
21809016
20945101
21120346
21209054
21254579
21050871
21282415
21132127
20907704
20913647
20898865
21578068
20670956
21060802
20963642
21316615
21065939
21744700
21751513
20953534
20964870
20845876
20719601
21107175
20600696
20949471
21165770
21058117
20919634
21156930
20815820
21000389
21125796
21099235
20971742
20789277
20977364
21232897
21355116
21271126
21149299
20844353
21439791
20930226
21790416
20988415
20588876
21866336
21134170
21159926
20896539
21041417
22052015
21134044
20823590
21009672
21036622
21315847
21408710
21549480
21051965
21381879
21100353
21169380
21385105
20719043
20885300
20847965
20795160
20913459
20941054
21122303
20925196
21166347
20717551
21191520
20855129
20815968
20898038
20880757
21185426
21271002
21097562
21016402
20940785
20745704
21057077
21168930
20901303
20632426
21329084
20956463
21074600
21025999
20814707
21761524
21236352
20795920
20996822
21249933
21208242
21051039
20996241
21399639
21213013
21152293
20871746
21713078
21321936
21251390
21072898
20728689
20924524
21190110
20867797
21053570
21442943
20852637
21212038
21229108
20688258
21123957
21154748
21234125
21185214
21048100
20979387
21380496
20933129
21406857
21017503
20881611
21014274
20981705
20998310
20794391
20908796
21025805
21188439
21513110
20662980
21089015
21036993
21249568
20858899
21132577
21025435
21096365
20862703
20833820
20884611
20979666
20863690
21152971
21098480
21002538
21154846
21157998
20734380
21086217
20947862
20829197
20980156
21404039
20760838
21220939
21148967
20904927
21280123
20823229
21082587
20877215
21168848
21162564
21270336
21152888
21131373
21126063
21346881
21069562
21219239
20881844
20683117
21194000
20878819
20880829
20677638
20953299
21575211
20922806
20947552
21276407
20925683
20858201
21263980
20762620
20991222
20839484
20928957
21133054
21243724
21309905
20728228
21211156
20749848
21080789
21001644
20920473
20690015
20959777
20851029
20892957
21060350
20781195
20847080
21085194
21363723
21056090
21002689
21080387
21162622
21217789
21041270
20998789
21363491
21036086
20780555
21341213
21262425
21452950
20726376
20968914
20815016
20984090
20834777
21540147
21124820
20907949
20762945
21195543
21273735
20725106
21173101
21116514
21048233
20828031
21049896
20820492
20950139
20863950
20962635
20914300
20662342
21197507
20845505
21214110
21030943
20847597
20693503
20960048
21397052
21099365
20934834
21152167
20917970
20797896
21006030
21090391
20778489
20975943
21350753
21447385
20865440
21055127
20981775
20763607
21334186
21395285
21435173
21407867
21047832
20918549
21010624
21015266
20942610
21185604
21386173
20920742
21118906
21149613
20931604
21442052
20908014
21711846
21268114
21267696
20949555
20821537
21078250
21021465
21289432
21081379
21303073
21141598
21224147
21618076
22311675
21257770
21068618
21212079
20943661
20770116
21289487
21249767
21101706
20986334
20800369
21155789
20709281
20474601
21416814
20752281
21096076
20937563
21019912
21045142
20877405
20983524
21331561
20868173
20854890
21243128
20894917
21273984
21629962
20883355
20810023
20866723
21238530
20930740
21081975
20988244
21202287
20936037
21274952
20945164
21137023
21070132
21221976
21627586
21053346
20960248
21037060
20808253
20690870
21423249
20684941
21121689
21512402
21235883
20814560
21112337
21214594
21130280
20704653
21171866
21612588
21245014
21138309
20871817
20856395
20821264
20732627
20859247
20745837
20832254
21320704
21275031
21087244
21364591
20880077
20928412
20865918
21031131
20874492
21061347
21288069
21037380
21327307
20910142
21248860
21195101
20836510
21220154
20996191
21378136
21297345
21237949
21242239
21232740
21102262
21205786
20865949
20958767
21092162
20668855
21290175
21264648
20741097
20764365
20689291
20925897
20988710
21158551
20860243
20942433
20971008
21051866
20897593
21385966
21004698
21177376
20769485
21191837
21355163
21438551
20912555
21020839
21153122
20847325
21247132
21220825
20922388
20972350
21530909
20980992
21539375
21187805
21294139
21190019
20839280
21432254
21289549
21046623
20883463
20863298
21094568
21133198
20544197
20832804
20983286
20940659
21351532
21523808
20880049
20939569
20854179
21208486
21600056
21251913
21640795
21171136
21359218
21635157
21151919
21507990
20767294
21156189
21570462
21056865
20857677
21303320
21451803
20771796
20892875
21329243
20845354
21055424
20837612
21115977
20893964
21062150
20852925
20852608
21052769
20774882
21278498
20717048
21168075
20737069
20843876
21103226
21225730
20816359
20981734
21017488
21132024
20960396
20904150
21474802
21225740
21045622
21051359
20766488
21188470
21593303
21259362
21257654
20879874
20971241
21088231
20966818
20859887
21393579
20916746
21486413
21419280
20707748
20750157
21540230
20868353
21285799
20977259
21050326
20856128
21502790
20980209
21235926
21226397
20816492
21091110
21506728
21553891
21171128
20966379
20878949
21310270
21642036
21170078
21483531
20936060
20986271
20858995
21435986
20959842
20966195
21742604
20982363
21556646
21038881
21023685
20917651
20736339
21241126
21588926
20966989
20904013
21211201
20883865
21022701
21229890
20915853
21080163
20902668
20902160
21138959
21356357
21055259
20931392
20829878
21168965
21137753
21301267
21531064
21320283
20904032
21117773
20831643
21281585
20898338
21283227
20623234
21257487
20890383
20784921
21845607
20768823
21141672
20686900
20764869
20884324
21051906
21128935
21106008
21093642
21138213
21253015
21055542
20847644
21425601
21342211
20920508
21079459
21261898
20543050
21823269
20780254
21106855
21261369
21317802
21206941
20937491
20819666
21311413
20861052
21072940
21172906
20739371
21032825
20969973
20906733
21240160
20881571
20745052
21487626
21284644
20876387
20635053
21111310
21251440
21188471
20694206
20560391
20737615
21402569
21301491
20998529
21686965
21106075
20902430
21630928
21215482
21327941
20910334
21654001
21033775
21934135
21289953
20896053
21212554
21484980
21132831
21316905
21102755
21007531
20993511
20848265
21084391
20820206
21170640
20949865
20776573
20979004
21259247
20749974
21288452
21525461
20802937
20995461
20913429
21297992
20921297
20814734
20883439
20868351
21165782
20989981
21406679
20893852
20846761
21830723
20878548
21168733
21506686
20933754
20899285
20788036
20977861
21004269
20752887
20842898
20912820
21104538
21202241
21259235
20976484
21090257
20892771
20855708
21071460
20748056
21152277
21215680
21257301
21662404
21115629
20795214
20746135
20790590
20811132
21225101
20934879
21167568
21197001
21188541
21330795
20983972
20970191
20757862
21059088
21116555
21293616
21279849
21060753
20997538
21079712
20889806
21306040
21226555
22045810
21232648
21102868
21183168
20752202
20902739
21123044
21220031
20778779
21117378
20881009
20767324
20967778
21313010
21321573
21305878
21201641
21240618
20988155
21096437
21153960
20697575
20621388
21091098
21041750
21395835
21410009
20588882
20873209
20858897
21859347
20839773
20910154
21026767
21012577
20976590
20947305
21217320
20561598
20814968
20762290
20733424
20731662
21099032
21402900
20946147
21031005
21130295
21216463
21282080
20991482
21240235
20883017
20864045
20990396
20995211
21354774
21133880
20628778
20885018
20942139
20847028
21323416
20844079
21443326
21233569
21130504
21576208
21106176
20900233
20790916
20960254
20865866
21373219
21154575
21369548
20974054
20927611
21190145
21031709
21562403
20878715
20984636
20813930
20891897
21007155
20576680
20812010
20841429
20765086
20689435
21446608
20628485
21321932
20867812
21019202
20916538
20923625
21062410
20849368
21009072
20742924
21514368
20973852
21243411
21015184
20840147
21187502
20924368
20852704
21055896
21076337
20760484
21027500
21449236
20782623
20968369
21106660
20757386
21385308
21266130
20809775
20933521
20615969
20949664
20872230
20511497
20947695
21002136
21068470
21270509
21721394
20801067
21366532
20824189
20834051
20714315
20893352
20803536
21620040
21372891
20664979
21073165
20927333
20893128
20711000
20840688
21142680
21267984
20971371
21176050
21232701
21200957
21622617
21081156
20924967
20746817
21484078
21171582
21238526
20663981
20917297
20544856
20805602
21052644
20931688
20957451
20811576
21421151
20967013
21044839
20657751
20546957
21082216
21080727
20990809
21403018
20852748
21246473
20718428
20856893
21097903
20588082
20983564
20660998
21464240
21026743
20681453
20987731
20839714
20806724
20848848
20874826
21531137
20756946
20695619
20810814
21048203
20850657
21078364
20952959
20872455
20787236
20792451
20815276
21117685
21283389
20820559
21147348
21276956
21100490
20738971
21170770
20986469
20817987
20963202
20879611
21444379
20659767
20755141
21310770
21283059
21002290
20810541
20968064
21459763
20741116
20692284
20941008
20775188
20962090
21484964
20834920
21466779
20797186
20846920
21147486
21101639
21352045
20930148
21093256
21045669
20905439
20792446
20652255
21461434
20914391
20858172
20969660
20925956
20825319
20983570
20905722
21356696
20654707
21183854
20804993
21314938
21804611
21211219
21349307
21063831
21255684
21286791
21520859
21111654
20860199
21171468
21454146
21077895
20742282
20760644
20995589
21087507
21436378
20907393
20837736
21259209
20818646
21012830
21155111
20931449
20951827
20835537
20964253
20654339
20904955
21801249
21204267
20788161
20894445
21338654
20848827
20705645
20946473
20995332
20720645
20784255
20883278
20966505
20726429
20906366
20643966
21005606
20936741
20829416
21288612
20836499
21207068
20875385
21354571
20627948
21337095
21247166
20877478
20875060
20743235
20890280
20800678
20843790
20964170
20845489
20944578
20754253
21223935
20953576
20826531
21682778
21459093
20979716
21016054
21400562
20837827
21100351
20606495
20941222
20877459
20831681
21021009
21379460
21404974
20989927
21129699
21085520
20747870
20989110
21028187
21056726
20822723
21064937
21304506
20834008
20809622
21041341
21602331
21081850
20609858
20859350
20716007
21225349
21273175
20806252
20901179
21146088
21485456
20880058
20706884
21188937
20997448
20933986
21587969
21003573
21229387
21763717
20907635
20896689
20779920
20993286
20749153
20791707
21029109
21437676
20862945
21079160
20894047
20684989
21038609
21078898
20993486
20638469
20698085
20975378
20829309
21024558
20851196
21575139
20816392
20859891
21161461
21095944
21338878
21058449
20916671
21008538
20810790
20824436
20930364
21034430
20895063
21046283
21004101
21110548
20961644
21127375
21512660
21141682
20743098
20990288
21139397
21093144
20646085
21034724
21580757
21493512
21084440
21052852
20842979
21039753
20913669
21020923
20941902
21023251
21145203
20787281
20776435
20766727
20854903
21215841
20817810
21078692
21069562
21347740
21216871
21174519
20986051
20861116
20728041
21111510
20958115
21122468
20920903
21145556
21233702
21632327
20941728
21165182
21644247
21221794
20777073
21119881
21196045
21136657
20953956
21181153
20846513
21199222
21120626
21084574
21212109
20790879
20919411
20853745
21068855
21073991
21502242
20739130
20972854
21502845
20794263
21281236
21327792
20789328
21349965
21487051
21157578
20690452
20902467
21339408
20812687
20832673
20681285
21291983
20687425
21106376
21617496
20742469
20965243
21001859
20834527
20924349
21179032
21073342
21045689
20818661
20769383
21080673
21179818
20706027
20832973
20650835
20789392
21070243
20880471
21101602
21099257
20798244
21140988
20763955
20634021
21094159
20660530
20913721
20798763
21084157
21116196
20741331
20522766
20803830
20792269
21401993
20943760
20902566
20599588
21130986
20881129
20918632
20955590
21177881
20792271
20663322
21062478
20996553
20670948
21101591
21426818
20854277
21609309
20798440
21213822
20603801
21355386
20840622
20877687
20815925
21049288
21370230
21148490
20905378
20713281
21143123
20988716
21067012
21213798
21210388
21146988
20983467
21241184
21147556
20833430
21507906
20929655
20843062
20946345
21417823
21397284
20911866
20915743
21016927
20858223
21308159
21029530
20960794
20751576
22314976
20797086
20691390
20856977
21148126
20816587
20673455
21701468
21236117
21326771
22257815
21111882
20830474
20907247
21255520
20928081
21221683
21105448
20978819
21255963
20949392
21191388
20653443
20968633
20981109
20864392
21195785
21223618
20888133
21281954
20922017
20899873
20579811
20895620
20684163
20700915
20905079
20754517
21302770
20855772
21007730
20992695
20735186
20819719
21231923
21359117
20915268
20758233
21310939
20791534
21070352
20855584
21136417
21651741
20922386
20737251
21320730
20954366
20709582
21212823
21368873
20632722
20757770
20824536
20784591
21774140
21034543
20821309
21589257
21023185
20858477
20724930
21235553
20827106
21160337
21147092
20660972
20989966
20940400
21202181
21608459
20911724
21128443
21290669
21138233
21182883
21207552
21243819
21243769
21412403
21106421
21266992
21044561
20749267
21166701
21040396
21044430
21151230
21026485
21206023
21207936
21065895
20655466
20655812
20939427
21143372
21176008
20860831
21062691
21048433
21024688
20733716
20981621
21471306
21128533
20936141
21244580
21492540
21132600
20902586
20720497
21120140
21286979
20994985
21094095
20876903
20751816
21036940
20917103
20707225
20939149
20969093
20706693
20843502
20782222
21082699
21105747
20599599
20925506
20773847
21156035
20982097
21303953
21071835
21107015
21247239
20637266
20870959
21201261
20705590
20910301
21365245
20731339
21225601
21040686
21020441
21342039
20713075
20909101
20916142
20505587
20688461
21265590
20777437
21005711
20825207
20753266
20882241
21243496
20976970
20733183
21141544
20943856
21009814
21139343
21083231
20802476
20876257
20748603
20719324
21077526
20800934
20954071
20698734
20620681
20758312
21360662
20962125
21967867
20824146
20799911
21431115
20979650
20898892
20859450
20875488
20462520
20856953
21402498
20927777
21305764
20659594
20763205
20854401
20918100
20825564
20769220
21181261
20764444
21180043
20761756
21127765
21027762
21056889
21309921
20920628
20992760
21264433
20700298
21022036
20627406
20926529
21137704
20875580
20732521
21504396
21246797
20803509
20654333
21095926
20717987
21347063
21573249
21198035
20852201
21072374
20631802
20909683
21886093
21330872
20852305
21157762
21740876
20916743
20677103
20948450
20930844
20815116
20862167
21027482
21158028
20963498
21532631
20722425
21345100
21336548
20864866
20788500
20692937
20887419
21264432
21092458
21019071
20706761
21191983
21151705
21152096
20659422
21438080
20875435
21092972
20654791
21088489
21436507
20852223
20633678
21021699
20812517
20874760
21299632
20958445
20710514
20884234
21633562
20746671
20842541
20724833
20755441
21024526
20838503
20823889
20883641
21218711
20830985
21506117
20890038
20898493
20606118
20557680
20819474
21020588
20825535
20935970
20820090
20729877
21344244
21327824
21363563
20985173
20841586
20636311
20638895
21187781
21233747
21037916
20893998
20617205
21121323
21889694
21203807
21058535
21197195
20728669
21523490
20837739
21159217
21255239
20845674
21200532
21236896
21063701
20916293
21158821
20664768
21342306
21588021
20841757
20771846
20791485
20951812
20762566
20950764
21045805
20776877
21339405
20852755
20718989
21357716
21253768
20899164
20548167
21637874
20602635
21189822
20793062
20972439
21842068
20693669
21030806
20860799
21375004
20686396
20652652
21139425
20691292
20784154
20697148
20981648
21039594
21047818
20724797
21031437
21239610
20880178
20843077
20868429
21226867
20894454
20726609
20969562
21146656
20674689
20773576
20784100
20970151
21083519
20850803
21506151
20982200
20960675
20730453
21111917
20821424
21053183
21044994
20887100
20936139
20802216
20786591
21582081
20951277
20732278
20942122
20892385
21222566
20800334
20903711
21043264
20694762
20779284
20918565
21001268
20747770
20595588
20928726
20991740
21150953
21233640
21184330
21370960
20740540
21161582
20817932
21794462
21606494
20848608
21128138
20705976
21039744
21214440
21189830
21016392
21240525
21057834
20750671
20708757
20678294
20616800
21111546
20828685
20905190
20874789
21161234
21288808
21070828
21249036
20935062
20704935
20882601
20814852
20897864
21387527
21036740
21179356
21481409
20927151
21042379
21026013
20801008
21301315
21269584
20841231
20970415
20947885
20977297
20955302
20837164
20669324
21016088
20877307
21389728
20773690
20992294
20852018
21158944
21046158
21021537
21012516
20527892
21265201
20985958
20719782
21132522
21086020
20925890
20792260
20946917
20674693
21361694
21519170
20869309
20904467
20802657
20763113
20977584
20678789
21063196
20704939
21100585
21633425
20641857
21085816
20630132
21502883
20790748
20873776
20828457
21268299
20709622
20790268
20822717
21579071
20709531
21183046
21166644
21082678
20974122
20988679
20871781
20704612
21142163
21447063
21611636
21046891
20970507
20990206
20644406
21319893
21315754
20691242
20880215
20990406
21514029
20746903
20888935
20652150
20792351
21206228
20895949
20659815
20901034
20768994
20788014
20828520
21487820
21093659
20937355
21067330
21412735
20886330
21026863
20852036
20727207
20878619
21237307
20945928
20611075
20857136
21188293
20683555
21493519
21236798
20802785
21136058
20749924
20732047
20867112
20840986
20669900
21530262
20854476
20689638
20860125
21019898
20853458
20986418
20753598
20887214
21044892
21017537
21234990
20948838
21007210
20755418
20725890
20719073
20806211
20736515
21020141
20778939
21118658
20859901
21263644
20828902
20833236
20918404
21146516
21300834
20907635
21062020
21121274
20875811
20755023
21195897
21165369
21026251
20979782
20680893
20753595
21011055
21251009
20817135
20834549
21172165
20879434
21304725
20908129
20917181
20923658
21102699
20821901
20626326
20728825
20960263
21161419
20841849
21375524
21266171
20899431
21030362
21155054
20930343
20626032
20874308
20741017
21025838
21357942
21351409
21431936
20836482
21267134
20824400
21058915
20918706
21126569
21218740
20680987
20758024
21110631
20754067
21253541
21232552
21019693
20687818
20879970
21146240
21430513
20941949
20839812
21026959
20809553
21208327
21417048
20955316
20750063
20949342
21043002
21191829
20870619
21068431
20857171
20752110
20854041
21101661
20965303
20792857
20697314
21483172
21144290
20780001
20932380
21046595
21058726
20980536
21307420
21294750
20673751
20671795
20945258
21570408
20784935
21017699
20794182
21467347
21233151
21126880
20916476
21255538
21293407
20951974
21188275
21329648
21348615
20671392
21076010
20841163
21682825
21191095
21187949
20581707
21029953
20695987
21528895
20663099
20896646
20835095
20958841
20836202
21326369
21019247
20905501
20988406
20900909
20956799
21240172
21259711
20979581
21282736
21212625
20873663
20887758
21622738
20716469
21140024
20951992
21147425
21032490
20861745
21013717
21197277
21127193
20969192
21045155
21232935
20533097
20987150
21081027
20855886
20701350
21314064
20661873
21340725
20908375
20958058
21495099
20802875
20947974
20988489
21032646
21258606
20923391
21013483
20840638
20766967
20796879
21001393
20764720
20854259
21109523
21303949
21242820
20915720
21104116
20875124
20929285
21116978
21326086
20870836
20695893
22045348
21006278
21000318
20845083
20802281
21248911
21091560
21052612
20834135
20981650
21180768
21436378
20570957
20970579
20582335
21073278
21043502
21187756
20697579
20737956
21241112
21438888
20453113
21188930
21015707
20891525
20834038
20699881
20855645
21241074
21076501
20720719
21221134
20798029
21241794
21503702
21125494
20990272
20686517
20730096
20822461
21542375
21551546
21339508
20731293
20847734
20706706
20928325
20695279
20732353
20687069
20779819
21742321
21454427
21484983
20933946
20877704
21636276
20885634
20821034
20651349
20688597
20980918
20910794
20903056
21450986
20717751
21979159
21400020
21543352
21166117
21198137
20741272
20866269
21134394
20579098
21911093
20893939
20957970
20777177
20656495
20858102
20870169
21820408
21145876
21169583
20717581
20586772
21121767
21045674
20685261
21111985
20924201
21116548
20668342
20719728
21170605
20804567
21010196
21544553
20828583
20969588
20900560
21116177
20962905
21605417
21165043
20822875
20958744
20825259
21384453
20877309
21018633
20720338
20822461
20795459
20891542
20931505
21529627
21007979
21427614
20749101
21629353
21105558
21378983
21025761
20980764
20769188
21262453
21153072
21053955
20785663
20626705
21475613
20691610
21041096
20657351
20852514
21182606
21013642
21119029
21176867
20864670
20776618
20755644
21248966
21231268
21899913
20903003
21209214
21039513
21032162
20749293
20984045
21091647
20718077
21109786
20915989
20824495
20685220
21181285
21092416
20970552
21685197
20727924
21234872
20858254
21660029
21104248
21062155
20857389
20875386
21317026
20840034
20815639
20982573
21011606
20849405
20833149
20617525
21031195
21200611
20568244
20874594
21147479
20885801
20985441
21152604
21160737
21216097
21104894
20775097
21642986
21052808
20842425
20739477
20692988
20851584
21129335
20801680
21034644
20902437
21269990
20802275
21224817
20800937
20700433
20875696
21208271
20731184
21054164
21742410
21027214
20945786
21207966
21142088
21054017
21258387
20949533
21492446
20643288
21187286
20981569
21230638
21335227
20999955
21013100
20782541
21413243
20840235
20960746
21186319
21172524
21147840
21613658
20973498
21171080
21002523
21163588
20879836
20792347
21067869
21041806
21067632
20965997
20851897
20643460
20723831
20805222
20884645
20860128
21726684
20985661
20737412
20754946
21332089
21434813
21051496
20937688
21267822
21101067
21238774
20717572
21254511
21187242
21179353
20717799
21065083
21236718
21375916
21357686
20877709
21287737
20753799
20749716
21491271
21590899
21133788
20905178
21017177
20761526
20902336
20821946
20934779
21414815
21024093
21074346
20558396
21098394
21310816
21226194
21135460
20983989
21421042
21678604
20884955
20903471
20840286
20999789
20887190
21131469
21547180
20891239
21087218
20907483
20717029
21212243
20872897
20734832
21523349
20781170
20664571
21005859
20995214
20725320
20846941
22062559
20846998
20874765
20721889
21096581
20801332
20627997
21203725
20679453
20744073
21118842
20765197
20807661
20791502
20690516
20772660
21039039
20831140
20912165
21192751
21374217
21317122
21436866
21040748
21075844
20814360
21041841
20681255
20810546
21137353
20934423
20979112
20857680
21043945
21077223
21045898
21292291
20620744
21114678
21179144
20630674
21103820
20693711
20806863
20779751
20902886
20929344
20807300
21125594
20690137
20848938
21181074
21089826
21684510
21364392
20888346
20704540
20923699
21838201
21065205
20510986
21088392
21010379
20674011
20889862
21031443
21183330
21322525
21445642
21285229
20695972
21295096
20878154
21227940
20838192
20957559
21052840
20784851
21092683
20870218
20972335
21114068
20943419
21002987
20989390
20659816
21296451
20839873
21115777
21511232
20865857
21113665
20900441
21100974
22189451
20968667
21324775
21089191
21000857
20874621
21016728
21071314
21065198
21286541
21032795
21116174
20831582
21081836
20991567
21071915
21785423
20942826
21986992
21465735
20696057
20788071
20848678
20815935
21165011
21102958
20896938
20988206
21066499
20693215
21098500
21024522
20945856
20700808
20927720
20728751
20946550
20913428
20602253
21001379
21380489
20754072
21160421
20942603
21262302
21393866
20710091
20717591
20920508
21050418
21329698
21009962
21027239
20928024
21414890
21417578
20971647
21135282
21299537
20840793
21024675
21098012
20684674
21014473
21165769
20964345
20944000
20814812
20958890
20727378
21485951
21288122
21144731
20769285
20731316
21087015
20817675
20870761
21328904
20834373
21826814
21124655
20894757
20803496
21187111
21118213
21128976
21041533
20735607
20795123
21590835
21782636
20539964
20906878
20898288
21663163
20912444
21219013
20722535
21278948
21062210
21339198
21028208
20732757
21335105
21258297
20824206
20911470
21850362
20854569
21235851
21342718
21219218
21212609
20666580
21064267
20979609
20787030
21222490
20934153
20768275
21127167
21332963
21285925
20845591
20892206
20548308
21495235
20894023
20854257
20917604
21291707
21120156
20739359
20799768
21731701
21230975
21120435
20993061
21125025
20976225
21216380
20691518
21100279
21203561
21120299
21084968
21236289
20798495
20817600
20801942
20865763
21112549
20549432
20906096
20913110
20926307
20955316
20976821
21019184
21560833
20723928
21876930
20912475
21093197
20925522
20874016
20779667
21052788
20934644
21400202
20733366
20774400
21023421
20653501
20810259
20740802
21043406
21422156
20672252
20891958
21126942
21415003
20820235
21139256
21220270
21016852
21374592
21512537
21155361
21550970
20981267
20764177
21040799
21149859
20683000
21163588
21151268
20888316
20711562
20984935
20715748
20916751
21119667
21403892
21585010
20780971
20796806
21413093
21175429
20605246
20819243
21037524
20870526
20763009
20814352
20995199
20981930
20841151
20939061
20863386
21018978
20902630
21004555
21000943
20929629
21111257
21214773
20606114
20839033
20885465
21113071
20846937
20655345
21190017
21395772
20953458
21051152
20950733
20905668
20936201
21123918
20739243
20920225
20909906
21693510
21409482
21303200
20827757
20836797
20909965
21293028
20493615
21064437
20616757
21271069
20760963
20968239
21641163
20875871
20829988
20728779
21198783
20857651
21241777
20833141
21346162
20948955
21061330
21050404
21172461
21000828
20867659
20813040
21148834
20844383
20948336
21215085
20663335
20699904
21638759
20931948
21043130
20712783
20683886
20943194
20672099
20854206
20756319
21222325
20819222
20949493
20782003
20965123
21087264
20830076
20950514
21150383
20690731
21219273
21009458
20881917
20801248
20810039
20946541
21540885
20991817
20826575
21033980
20746043
21833801
20945813
21334166
21259795
21255111
20664392
21053405
21260051
20913797
21454661
21094248
20874333
20778681
21096730
21309202
21316822
21003258
20980775
20752195
21283903
21290548
21292576
20991393
20662519
21020552
20652248
21086020
20741667
20939406
20807078
21861720
21176641
21156976
21159655
20676639
20924674
20939777
20794490
21470652
20722746
21259491
20862540
21600140
20884959
21379714
20743972
21175754
21380708
20514851
20967756
20900068
21223905
21137748
20772477
21138097
21292924
20860249
20745137
21063976
21094129
20935244
20770385
21306000
20873467
21876003
20971064
20674435
20728516
20723519
21561484
21210086
21071427
20943295
21758937
21369215
21106371
20826020
21062557
20684326
21140932
21333804
21239199
20666245
21123670
21269086
20649617
21295981
20743119
21206814
20971479
20947825
21196920
21245342
21240527
21087457
20833767
21009843
20868217
21197308
21307135
20808710
21230804
20839403
21222299
21014235
21476726
20815193
20771113
21242875
21138988
20618199
21064966
21084980
20934673
20717751
20822045
21134991
20824301
21121528
21058053
20762692
20746225
20732352
21279182
21600106
20854149
21040724
20866590
21063073
20603632
20747158
20874145
21050328
20749603
21568554
20841456
20883496
20859463
21098329
20980446
21478741
21030224
21382413
21268040
21275728
21229970
21022348
21440776
21010304
21082467
21122253
20867715
20663872
21136511
20584223
20819010
20895588
20679457
20808563
20902359
21696080
21397485
20990694
20849508
21415668
20908550
21018806
20738708
20700524
20853730
20704330
20600719
20891710
20908512
21354766
21013286
20557793
20691266
20794542
21035895
21414925
21367625
21119872
20757052
20799853
21173653
20767411
21520415
21033530
21268538
20854684
20899264
21456714
21261715
21173492
20902329
21530118
21230365
21170289
20649825
21127160
20894042
20762940
20785112
21151575
21280607
21331876
21304321
21095595
20974078
20813151
21365060
21602956
21170705
20838687
20881533
20638988
21003684
21037345
21299102
21106753
21426230
20864972
21599904
20751852
21028959
20981366
20897481
21142920
21077283
20740789
21185628
21047611
21062823
22038930
20825962
20968463
21170267
21287874
20908621
20849572
20766743
20708647
20958541
21457068
20708054
20821390
20999722
21040566
20957275
21462520
20918243
21171940
20993496
21011504
20829638
20704117
20619091
20918655
21039721
21213093
20794340
20778264
20779274
21050910
20817316
21187024
21002389
21280653
20994819
20963558
20799308
20785797
21396717
20932025
21059762
20929675
20726336
21136005
20764503
20526133
20702798
21034905
21066410
20948630
20811241
20777777
21329421
20794155
21258245
21206618
21145535
21101427
21158209
21315277
20998805
20629697
20937905
21233174
21101602
21010684
20914673
21019335
20864814
20772979
21107727
20954070
21123858
21035713
22092832
21129186
20748735
21303168
21312702
20987260
20934618
21110292
20973110
20747060
21032463
21298859
20849553
20910757
20951533
20932350
21124041
21111146
20777305
21144618
20791707
21885454
20854856
20847624
21027684
21141418
20896705
20953287
21018974
21013275
20614711
21014203
21071656
21176893
21526673
21097662
20961823
20831019
20761068
20806277
21058470
21014350
20684611
20940821
21791760
20749323
20786362
20861737
21088143
20754074
20957042
20738792
20901829
21022675
21086817
20713688
20708146
21309184
20914368
20893434
20835538
20940392
21435334
21283530
20829580
20757194
21262434
20811376
21077399
20869620
20948984
21050968
20956718
20766479
21380941
21291058
21559446
21355132
21133835
20653859
20925190
20886201
20845737
20752034
20856804
21171329
20727214
20972367
21034982
21130828
20581062
20738187
20611084
21518106
21055031
21316102
21069302
20831346
21128848
20954931
21136773
21072771
20689629
20885296
21292616
21191366
21414079
21127419
20798169
20775188
21453628
20794659
21000629
21136356
20919047
20862485
20966627
20899200
21004793
20640594
21019382
20770643
20844120
20897928
21688215
21087875
20839706
20873461
21344649
21316185
21384616
21244426
21225970
21389025
21180567
21399561
20715332
21315918
21141864
21340511
20900168
20937249
21125930
21103730
21349945
20916015
20909800
20588457
20872338
20969928
21048544
21296770
20876684
20917905
20789923
20849594
21191819
21393602
21348967
20663396
21016190
21212085
20793251
21427046
21188820
21304820
21232694
21344758
21725280
20924655
20870911
21178121
20685635
20848113
20683399
21184868
20852366
20843849
20924647
21249950
21611413
21470205
20684203
20726352
21202944
20866360
21473895
20783400
20906773
21126993
21060275
20670027
20781985
20320718
20945558
20924814
20761391
20824605
21547580
20976205
20748644
21083546
21276971
20977826
20974166
20574465
21042622
20976481
20766892
20606625
21502426
20977786
20754925
21504257
20867408
20716880
20891434
21608750
21110502
21088608
21123756
21198044
20678923
20830133
21727427
21343256
21588202
20775660
20907944
20939495
21172411
21098836
21002431
20780211
21440627
20783730
21078528
20762243
20915482
21265315
21216331
20907046
21495139
20843546
21279372
21210394
20664053
21189626
21360103
21351137
20747142
20817055
20971843
21650497
21333524
21642283
21432800
21476277
20925460
20892788
21124781
21247104
21013740
20771656
21055159
21003930
21488780
20972551
21205241
21957475
21216739
20934470
20784262
20779596
21331742
20738380
21187829
20720422
21430060
21467763
21036100
21115956
21057528
20956226
21100133
20790602
21339151
21236341
20693121
21297952
22180473
21042516
20863232
20817711
20809053
21073610
20871554
20986004
21163036
20889379
20989212
21247814
20893786
20675266
21442878
21000285
20822924
20994872
20713531
21136722
20732840
20639698
20741822
20788897
21083042
21276383
20952777
20852101
20952701
20718855
20832447
21473595
21251702
20612963
20609049
21254778
20843533
21395927
20967802
21241885
20738710
21626479
21051926
21618774
20936355
20719617
20845981
21176115
21332638
21218711
21035497
21094987
21132931
20856895
20612378
20923960
21124911
20987875
20868571
20784720
21399450
21165346
21109626
21143259
20673363
21385101
21125022
20834567
21257182
20921534
20607745
20810727
21485275
20938644
20917386
20943978
20643122
20927198
20954843
21469902
20647863
21168013
21334862
21183536
21100821
21236288
20898060
21096122
21061951
21058617
21401989
21101312
21083854
21062203
20877810
21140696
20831688
20639558
20933079
20872753
21444920
20976358
21027684
21309393
21154673
20780876
20696565
21225566
20814568
20698930
20877436
21061387
20712607
21558770
20668891
21327074
21133982
20943318
20954713
20976070
20972794
20768834
20995147
20758671
21270780
21434548
20796608
20669196
21017379
20840423
21197718
20610194
20627469
21121531
21165788
20985241
20884942
20709566
21114386
21271637
20787812
20811353
21415025
20705918
20807673
20762088
20584449
20856380
20550565
20600408
20895360
21086446
20652407
20759145
20937059
20552941
20968265
21331227
21234135
20977538
20803782
21286839
20687656
20771135
20951454
20948662
21090047
20798793
20944699
20981614
21128412
21142628
21088385
21205883
20816876
20900135
20954358
21752831
21573512
21021602
20802245
20857005
21099268
21011164
20733097
20901988
21933474
20859503
20644441
20903840
21032804
21164031
20651509
21102734
21115778
20835894
21354278
21075999
20743145
20802628
20602322
21185981
21198174
21479912
21205652
21149276
21050083
20730468
21086114
20982471
20589100
21114317
20741107
21086298
21110694
20715233
20970048
20819246
20823455
20771038
20835567
21093586
20770865
21402878
21062141
21368635
20905154
21121915
21410758
21159362
20829205
21316591
20802276
21171141
21110221
20989395
21096951
20988059
21242647
20729601
21192070
21062418
21156665
21073331
20942205
21399456
20962312
20794880
21316065
20938445
20752068
20813845
20982024
20971893
21146648
20958192
21299866
21119855
21050128
21034067
21139366
20893582
20838110
20791944
21057134
20836085
21241416
21313520
21164612
20729821
20881663
20717738
21027959
21152842
21838342
21069795
20899932
21218924
21004349
20776821
20830487
21159027
21793243
20888617
20859049
20841938
20580194
20725465
21203923
20920698
20808998
20818393
20780972
20924358
20857136
21105765
20687704
20972040
20960526
20871549
20818668
20886035
21163694
20842069
21189414
20871386
21180769
20727451
21017431
21351491
20604682
20967477
21349439
20698350
20579267
20674941
20926123
20784398
21024514
20723342
20864817
20970084
21648630
20785263
20816407
20973430
20932159
21083167
20907338
20628308
21076892
20910147
20642729
20901172
21007043
20848082
21006945
21076134
21006069
20995833
20841094
20571431
20916007
21300152
20955455
21262036
21098582
20953816
20947772
20632666
21526155
20827727
20959843
21004517
21160525
20806418
21422651
20738646
20843237
20997578
20817563
20757936
21718730
21660542
20832678
21017501
21200875
20682175
21476459
20865450
20660126
21033073
20719107
21158064
21146150
21093336
21416150
21515875
20868239
21801509
20860704
20823127
21079285
20728942
20923360
21128495
21018134
20724089
21150478
20958657
22103301
20713771
21152613
20852827
21109406
21161202
20874155
20981890
22016749
21389401
20983807
21000611
20883816
21027270
20947931
20719837
20722985
20653230
20768630
21026174
21048914
20684951
20855722
20962693
20671451
21285538
20992269
20919947
20878208
20996790
21133635
21281501
20773033
21403047
20744931
20834918
21062296
20776923
20789612
20746692
20900192
20983023
20986266
20632949
20986206
21024165
20949920
21046087
21202765
21103051
20745072
21062204
20994013
20896224
21564485
21002260
21255963
20757192
20868252
20854084
20849637
20866867
21029408
20718524
21183394
20616548
20734785
21037532
21102489
21264008
20655935
20659122
20920399
21185495
21110485
20871675
20956035
20852181
21558054
21358463
21264396
20873453
20548724
20923912
20666756
21240961
21075554
22082632
20897317
21535392
20700202
20863266
20798444
20602349
20991040
21584008
20546386
21551243
21471248
21077517
20961031
21188928
20681848
21148950
20973284
20899542
21135745
20932937
20974218
21248753
20934077
20645588
20809395
21079197
20727665
21071213
20835395
21183044
20990648
20686437
20988960
21569785
20995997
21014132
20788465
20933546
20840802
20877057
20846253
20622627
20758601
20993823
21250021
21557958
21001670
21099978
21363761
21348413
21097745
21970706
21496368
20887686
21021011
21071228
21073111
21080952
20880529
21035816
21139210
21115575
20983969
21169925
20933133
21139650
21016403
21572323
21279105
21193421
20954040
21386995
20919386
20766771
20671034
21241018
20455926
21088996
21124616
21054284
20951503
21422384
21856920
20812662
21449578
21201934
21227978
21460302
20939897
20999327
20840126
20664817
21148766
20979427
20829679
21339461
21015270
21358276
21152895
20923566
20853785
20774910
20987031
21009892
20862006
20800857
20682748
20898691
20867044
20964471
20775536
20660497
20777016
21381611
20751111
20661075
21013932
21195494
20862777
21055874
20883695
20995289
20988904
21011239
20781651
21084364
20850967
21279688
21098245
21019783
21077340
21247938
21016214
20899558
21001569
20831663
21075142
20779285
20521904
21659878
21217665
20922415
20987498
21619676
21147312
20856347
20780411
21511652
20654063
21168894
21181151
21142207
20748042
21527208
20550906
20858305
21007024
20963911
21036733
20718730
21304307
20839782
20826782
21284910
20950650
20747389
21039512
20720100
20948770
20936255
20859131
21492110
20771147
21221617
20852674
20888308
21063734
21288315
21285570
20860943
20889950
20963235
20748437
21112544
20952159
20784430
21296080
21137817
20804804
20873795
20792368
21298622
20907238
21012086
20921644
21477651
21097528
20941851
20789521
21243906
21062842
21089860
20761846
21070846
21254501
20998598
20909889
20974795
21087220
21202141
21570093
21744046
21355075
20723475
21385627
20902440
20703347
20924030
21103153
20984260
21260747
21072835
21062431
20862857
20844234
20706587
20884477
21094601
20981092
20677825
20840358
21220201
20821431
21094800
21053361
21400220
20811259
21059427
20855618
20702430
20882142
21209231
20888396
21231140
20949450
21158044
21216629
20889674
20835681
21022721
21551289
21095097
21114424
20889153
21340234
22189271
20750475
20911920
20788303
20694620
20888474
21168335
21288936
20858976
20571548
20633249
20899806
20763776
21022652
20712334
21066818
21053413
20632182
20741279
20685187
20920604
20966919
21253470
21344963
20628227
21447336
21470913
21589261
20752258
20803015
21331164
21300481
20880054
20954307
20956881
21353248
21014435
21031407
21045899
20929433
20918123
20917012
21183644
20953142
20669327
21405514
20903763
20724123
20906159
20725642
21063601
21268007
21061233
21072707
21285923
21057679
20902818
20898245
21577548
20882824
21020031
21223073
21127393
20874791
21604901
21069615
21239395
21463369
20958022
21008108
20703422
20525893
21211618
20818639
20675537
21149848
20739285
20949209
20682449
21158623
20893253
21246400
20863719
20834958
20709322
20942333
20980652
20879856
20944263
21360275
20678398
20639524
20765642
20919271
20886250
21232146
20747021
21048161
21264332
20931282
21619923
21597331
20793818
21055064
20998458
20855775
20860510
21912126
20676512
21270755
20919829
21338939
21081958
21020118
21121393
21006903
20940633
20916875
20963169
20845222
21375473
21037195
20942368
20988838
20842930
21065971
20781937
21020731
21120662
20785141
21006790
20986061
20938548
21101283
20692587
20769632
20860767
21048154
20972279
21060607
21016782
20774933
20829807
21141428
20996436
20724195
20629519
21041530
20955483
20571259
20973596
20843718
21284718
20669846
21123802
20982089
21049913
20982759
21006263
20963379
20951422
21165728
20749080
21109780
21176059
20657331
21109527
20918026
21147372
21383015
21509239
21189078
21035625
21151110
21206695
20805176
20686383
21107746
20836033
21035599
20949044
20911820
20906636
20913182
20677038
20679678
21500246
21485145
21195130
20866209
21966444
21056780
20869502
20906070
20836468
21235948
21118983
21306154
21275013
21032975
21423225
20658236
20935904
20825789
20949096
21407027
20831973
21066966
20628472
21403366
21187956
20966514
20837896
21306856
21287226
20952953
20831749
20952285
20992511
21125604
21117604
20873111
20720491
21019739
20974052
20906928
21027371
20681637
21026097
20672801
21512135
21071821
21215675
21066177
21121322
20970562
20824762
21087246
21135563
21068810
20880058
20749028
20872867
20900122
20942420
20754380
21211320
21414583
20793593
20633222
21220488
21339977
21658982
20737274
21321265
20815821
20704318
20880490
20955881
20875941
20893936
20701204
20897527
20900084
21043129
21635068
21097233
21868539
21236661
21377265
20570519
21294497
20766957
21028908
20978249
20758903
20696163
20880700
21197300
20954216
20844629
20969947
20494030
21627340
21421694
21034806
21077333
20764170
20956763
20866915
20817264
20901468
20770880
20950443
21245212
21362675
20977602
21431199
20825350
20944198
20972172
20847453
20928026
21319793
21013415
20657852
20991570
20970408
21042645
21168395
21081423
21053867
21457199
20727986
20884190
20826869
20990100
21031431
20860891
20952825
20922852
21268947
20704165
20927199
20956152
20599834
20900852
21035450
20979153
20764217
20933984
21246700
20868836
21199602
21149994
21353447
20840479
20871272
21217054
21016415
20582342
21004939
21063740
21120596
21377426
21013872
21520592
21019004
20726169
21009527
20810117
20950394
21328601
20657183
20956536
21291277
20819450
20807737
21166030
20631179
20567133
20769521
20989443
21224499
21061791
20930564
21058562
20846696
21219447
21011835
20826766
21067409
21405663
20936901
21019344
21404577
20829323
20987003
20893851
21155576
21210241
20896653
20927758
20630293
20795884
20573178
21010676
20876290
20834426
20922116
20937260
20996130
20677756
20703092
21221726
21254173
21447636
20829519
20792391
21195514
21023516
20858650
21251792
21124532
20916286
21119781
20878687
21140519
20621543
21151000
21418863
21200872
20768083
21019826
21314375
21350805
20661502
20819486
21226457
21044157
20787855
21245225
21112583
21603238
20982696
21051036
20788696
21021848
21139319
21381974
20849055
20669108
21020539
20949013
20796207
20927226
20646767
20770195
21115114
20864540
21289230
20593965
21140380
21251088
20900362
21260405
20642863
21410149
21445172
20866990
20923361
21300127
21020953
20918949
20607591
21562342
20815624
21253514
21155877
20807871
21136419
20795781
21010565
21112674
21556121
20987675
21039204
20990599
20944249
20663248
21082760
20982819
21326662
20925577
20854623
21538884
21081127
20660944
20632997
21305670
21131713
20873768
21204834
20818754
20772393
20861067
20857726
21286394
20729390
21017408
20597743
20912830
20748866
20639800
21077913
21204218
20867407
21181523
20903960
21091407
21060622
21464387
20841856
21232957
20943767
20752164
21090674
20952577
20886963
20656682
21095792
21159391
21397197
20709064
21114717
21066135
20773824
21285474
20749575
21052721
20808111
20985153
20852015
20821026
21326034
21601087
21206696
20979742
20807853
20503367
20532824
20660601
20738475
20881952
20868374
21173421
21223781
22082161
20971633
21164407
20778065
21058892
20949767
20965056
21068245
21044394
20789300
20836856
21024428
21257781
21004219
20883323
21305493
20736748
20969365
21225339
20915114
20685202
20944896
20679436
20947844
21011074
20978294
20787203
21272102
20705595
20830390
21164679
20974140
20960100
21397314
20701479
20863803
21266669
20582656
20928916
20668302
21059702
20888918
21207060
21121414
20958918
20972472
21071937
20814716
21048591
21165666
21089689
21030048
21325817
21021823
20984311
20953789
20723035
20874297
20850481
20943075
20977796
20863702
20812137
21535321
21022036
20958486
20792099
21199915
20772836
20802434
21103253
20946128
21155368
22314927
21151569
20825821
20983757
21006906
20740120
21429659
20912934
21565912
21435306
20965258
21202311
21000121
20797091
20838716
21427137
21098767
21186203
20670465
20957795
20869894
21050478
20792264
21148507
20806312
20904330
20620116
20520054
21119328
20878940
21145052
20719866
21022415
21144270
20775094
21090282
20726828
20986289
21246686
21417059
20917667
21181929
22056475
21027425
20971488
20958034
20637935
21008572
21069642
21598129
21188702
21025011
21127321
21101271
20870897
21273280
20790971
21378333
20936701
21033898
21020281
21262197
20653943
20701146
21011530
21093528
21046771
21149304
20921660
20839044
20733468
20490299
21496366
20931447
21055893
21311015
20926544
20836917
21124599
20856981
21897279
20928203
20986469
20936809
20877041
20712481
21273212
21210638
21277758
20787620
21113659
20775389
20677664
20694178
21169770
21177047
21374749
21057720
20627536
21325709
20794722
20546493
21215225
20910507
21354920
21420230
21104227
20877096
21211874
20885576
20890886
21077681
20772108
20804670
20754076
20814506
20919331
21110893
20634038
20703613
21072749
20717608
21689027
21207259
21402853
21447081
21108348
20845495
20999150
20962055
21262726
21144130
20977589
21047736
21006706
21055231
20711886
21007943
21127060
21293696
20978017
21132267
20646807
21604108
20848138
20755540
21170733
21177208
21306490
20655482
21887219
20940925
20976921
21174943
21340139
20822465
20979519
21073899
20781652
21029584
22594044
20673257
20914887
20642439
20750484
20889986
20675424
20809201
20994419
20877364
20614995
21524284
20485042
20987727
20827739
20812065
20868316
20718135
21303784
21069513
21122576
20827461
20664435
20786285
20920736
21191547
20857098
20752523
20825442
20562365
21018473
20758707
21008605
21385538
20773768
20861419
20886695
21168436
21338366
20720507
21083920
20954331
21054686
20689504
20819705
20959551
21049025
21064880
21231458
20824307
21247260
20731466
20705225
20972107
21342347
21572457
21431512
20943037
20879303
20710432
21033851
21166064
20966719
20901289
20905798
20819354
22064747
20696754
20931286
20626425
20860395
20873617
21039465
21113013
21641931
21486856
21178764
21196530
20718499
20876569
20861912
20756815
20973484
20820843
20795547
20770632
20908206
20544459
21129971
21281627
21394935
20944506
20639467
20697043
21139913
20852097
21029748
20860971
20736426
21124258
21229650
20800619
21064258
20786150
21034268
20721729
20561634
21475001
21146348
21139967
20749937
21630531
20854202
21520778
20818318
20577482
21400899
21191333
21027748
20800573
21067941
20704401
20890009
20935164
20743497
20585209
21088146
21287234
21272065
20820913
21062954
21042342
20776965
20675776
20582551
21054288
21258300
21218798
20937269
21268819
20918228
20705799
20798939
20939110
20890958
21609056
21263358
21040068
21193014
20675286
21143021
20807055
20795939
20983941
21012355
20796241
21010461
20727794
21245007
21216874
20907012
20860467
20755684
21420446
20955482
21307909
20749933
21021008
21132262
20989809
20886088
20809233
20839647
20899833
20707558
20701706
20973630
20739023
21517551
20744783
21309203
21179617
21795947
20772304
21083043
20857322
20783446
20912187
21126567
21314542
20942548
20699233
20783671
21177376
21162257
21330307
21085668
20918537
21238921
21119262
21158501
20625311
20927729
21084294
20817631
20841930
20706150
20767751
20982929
20789302
20717094
20929274
20974782
20809268
20847590
21170600
21047896
20842528
20769382
20716183
20608023
20726769
20996136
21368422
20961280
21084492
20611852
20872330
20842489
20869622
21134877
21127686
20782833
21364812
20834280
20992048
21287887
20955398
20976491
20702033
20993106
21180286
20668742
20827690
20791297
20688022
20802981
20625497
21072116
21432103
21328459
21293325
20804365
20803902
20841578
22028371
20909691
20710257
20898907
20946329
20915232
20985670
20796578
21717094
20819694
20753047
21400711
20756284
21032582
20903475
20742731
21294493
20857526
20751095
21049395
20730881
20885404
21204065
20951645
21767111
21573438
21176221
21215249
21146404
20867995
21112344
21001410
21161415
21002928
20745339
20717677
20874846
21070793
20997505
21019807
20902753
21501638
20946123
20999053
21445095
21271757
20809264
21281496
20892021
21200548
21002179
21441326
21120359
21039197
20820854
20684346
21232173
21019774
20917317
20945926
20904951
20715480
20814627
20924825
20982484
20791707
20845482
20919110
21098139
21501821
21819767
21031407
20957971
21133452
20964643
21245939
21153767
20900397
20985793
21096915
20740380
21193852
20918488
21161280
20688471
20486639
20827900
20650880
22242112
21025045
20939627
20671687
21482653
21576423
21290663
21008914
21127313
20820451
21044801
20773948
20654608
21098417
20796792
21125639
20651341
21163798
21249725
20818410
21302308
21429302
21013307
20901157
21848841
21445789
21601584
20923760
20716340
21130803
20888943
20707049
21583231
21282087
21019892
20889874
21184691
21122284
21156741
20744310
21170142
21002670
21104075
20777690
20660743
21097788
21094733
21896875
20844059
20828778
20664059
21039310
20952499
21311252
20993158
20941495
21086137
21048016
21217992
21343881
21300814
20624740
20841601
21078305
21342137
20923987
20846296
20829712
21500446
20880408
21095282
21038207
21138594
20809661
21216423
20978223
21265478
20950638
20734373
20933672
21778191
20728102
20950334
21672886
21209520
20997292
20794806
21116823
21498124
21044087
20941889
21195845
20829676
20556656
20989766
20833094
21272417
21272987
21706273
20862316
20808239
20768406
20661284
21240498
21457788
21152543
21589246
20891599
20812349
21031534
20562992
21043164
20887691
20728758
21046481
20970973
21447918
21528519
20926126
20997091
21338861
20560864
22250226
20873394
20782512
20764503
20920369
21182839
20940599
21214825
21542410
20982130
20743693
21184135
20944756
20862177
20954458
21110508
20662661
21163330
20830839
21268936
21028289
20958861
21258023
21252536
21092459
21050128
20477044
20564643
21072919
20851903
20820062
20867563
21071158
21531378
20968767
20814769
21097710
20937963
20807274
20744811
21382253
21307376
20935783
21031187
20960310
21320175
21164870
20749266
21197461
20894427
21150838
20861818
20858723
20984949
21142403
21022593
20680537
21527778
21102895
20797344
21031307
20837662
20904803
21144870
21072019
21138721
21059225
21377904
20984923
21284691
21162362
21459054
20805985
20991290
20898992
20714418
20943850
21270636
21082497
20911813
20881412
20892241
21099856
21019917
20761576
21109306
21309474
20921105
21483452
20707896
21140563
20698610
20982571
20934526
21082145
20679483
21202577
20828895
21057476
21001419
20787275
20752118
20910137
20858923
20985477
21077763
21472000
20942002
20768445
20674807
21161247
20863530
20926831
20840044
21065386
21173882
20829742
21245433
21248032
21279882
20829238
21045768
21313334
21162593
20948382
20978072
20948152
21084573
20860534
21322167
20802319
20749547
20720042
20928766
21454948
21199143
21501428
21461987
21184526
21169654
21664955
21203011
20905447
21130248
20769638
20770892
20706727
20997225
20864440
20858269
21008013
20998174
20767747
20763385
20752619
20819859
20982099
21131886
20749343
21278906
21350095
20687665
21455634
20812308
21097357
20972215
21028240
21310714
21041677
20998458
21006049
21214932
21346249
20963832
21096748
21617239
20910451
21067155
20878455
20969118
20960303
20946871
20907012
21174025
20848326
21027168
20803656
20806398
21548276
20967638
21012566
21299367
20657630
20930391
20812736
20962928
21256995
20891097
20647025
21234562
20945050
21002289
20871766
20952370
20828463
21074756
21024195
21580929
20798967
21289028
21191522
20751694
20880223
21112659
21127470
20971387
20951615
21040984
20923653
21220236
21066048
20973413
21034957
20663846
20675578
20769490
20624159
20873280
21516118
21016040
21141035
21676477
21247586
21228474
20992222
20924523
21046349
20816123
20860098
20999959
20915476
20940353
20852001
21017464
21099579
20729180
21146061
20801317
21412325
21351288
21071170
20828596
21251103
20899998
20850446
20970751
20504706
20691567
20817305
21531533
20819479
20843212
21039697
21380800
21206623
20958468
20851816
20813390
21539988
20687720
20977939
20834833
20953939
20844262
21155061
20368290
20827873
20876836
21108517
20856013
20595249
20906892
20752431
21077742
21028484
20793069
21018400
21092450
20829956
20832394
20747378
21140690
20860923
21326052
21233436
20990732
21332449
20986065
21550703
21188510
21076982
22321091
20840067
21159958
20777515
21005518
20815783
20825638
21175198
20972839
21093942
20942468
20698213
21443413
20947830
21382178
20637018
21128347
20624353
20860525
21167772
20719814
21359095
20800360
20999885
20998037
20805521
21349250
20943351
21816182
21070508
21331329
20567463
21323446
21409057
21236452
20743562
20667868
20819214
20849476
21039382
21010328
21348639
21446305
21050769
20964682
20568874
20995885
20799666
20724011
21428463
20619683
21366085
21077546
21328762
20763718
20951379
21026498
20730523
20652026
21214595
20805541
21450220
20786496
21019709
20746432
20825763
21198466
20695644
21366729
20974054
20810301
20909624
21274979
21243333
21183167
20877843
21439952
21185626
21038646
21535811
22007009
20976364
20705759
21442644
21094770
20628129
21175502
21597788
20771713
20961239
21441263
21134485
20896931
20982832
21142627
20858958
20947181
20730010
20609049
21461965
21242344
20944954
20881953
21032143
20707879
20983614
21085331
20639934
20762826
21303490
20796074
20961020
21521396
21139370
20839617
21149367
20964734
21043335
20795518
20970950
21441762
20794541
20979014
20927696
20659149
20760014
21324442
20731770
20933555
20692493
21054316
20652275
21222398
21358321
21239863
21224345
20897843
20919432
20707126
20962700
20862794
21311508
21159239
20826186
21049828
21015380
20881190
21423871
20902247
20685943
21241542
21230371
21149051
21131001
20898715
20951618
20955576
20849222
21089239
20940644
21241190
20854728
20686399
21235354
20745987
20778369
20929140
21344919
21807417
21487563
20965516
21372945
20869981
21142326
21307146
20810662
20891721
20922912
21476165
20897782
20773559
21115328
21083529
20662603
21213911
20505962
21345022
21085857
21058655
20854369
21209793
20935158
21372829
20864865
21352208
20861693
21204388
21132740
21384332
21063228
21191586
21024840
20760394
21005692
21389116
20881661
20825586
20853354
21016533
20956980
20985402
20792412
20953405
20920544
20959743
21070476
21307380
21040842
20717228
