1026659
998078
983073
994124
980313
999349
1021753
977744
974537
971796
1004409
986859
967726
989317
1019622
991066
997384
1017123
969068
977843
968597
966595
957891
970141
1032439
992362
989414
980193
981450
987219
974344
978969
976213
997508
1007701
1030160
978595
964426
976006
972503
981267
975818
967019
971380
983162
977154
970936
964312
957706
973135
965571
990622
1010843
967359
1024859
972601
987568
982468
970928
984234
970955
972785
975418
970986
963152
976506
973632
965930
975610
967395
975933
978938
972830
962946
995610
998236
1013580
966980
1001744
977665
964968
1003795
980359
975958
965116
981773
996147
971677
975615
977369
968696
972204
973253
974350
1019432
996230
995504
966852
972256
975453
962219
973515
980566
1038174
966247
975484
993163
999988
1004762
971421
976725
958898
978000
980894
988136
1042341
989615
970982
973260
972888
975235
979151
987867
974826
968658
981877
983705
980026
974071
976717
970075
983613
1025284
1030380
960508
969626
994155
975864
969764
972626
979760
1042514
1041897
1018354
999425
988099
981028
973718
976095
972224
975325
968704
984969
1023471
972405
970569
984881
989445
967397
969436
983310
978005
978381
980609
1029008
967919
985678
970431
965870
977514
968013
971392
966182
980638
973682
980573
977452
983394
986984
1021401
970613
965730
970903
957869
972050
979190
976161
984846
970897
978308
977030
979726
1028841
975310
977219
976171
980647
981370
977340
969058
967913
966553
968329
970811
967173
980137
981716
994318
998927
1013820
967165
966545
982711
1012622
964933
958883
985795
995258
981253
956352
980518
968985
975122
965068
972275
976000
971779
986168
981623
973214
971636
976719
972847
987187
1043179
1044767
1025012
997690
977866
972966
988823
1018435
1029447
976974
971020
975493
983558
983883
1009365
1007675
972236
981008
987229
1034267
1026855
1000273
1003059
1051494
1038896
1030869
1003904
1026251
1026832
980069
1037679
1006993
1040728
1023409
1005442
1028365
1004980
973794
1038686
988585
979414
966879
1028554
1019947
1001282
970881
977363
968023
988607
1009172
965241
967721
968670
973107
1032017
979818
1023320
997336
993796
1017583
1001054
973985
996911
1010957
1042207
974771
985994
1026947
972602
971216
972601
970707
972002
983920
973667
964067
976728
988599
1009039
989495
1012479
1008056
1020903
1015864
1033197
1032599
992894
995997
972401
969474
969494
977635
1038870
988701
977992
977752
991407
1027514
977350
969480
972369
973927
967437
988569
992050
976437
988748
972350
980997
975354
965120
970552
970309
982364
971723
975149
972971
992819
1002176
1000914
1006340
968816
991243
1003668
1027971
1019071
971779
972633
974193
972566
975529
969336
975611
979129
986991
975247
972132
982789
986874
982634
984283
960454
979754
985599
981472
974716
976788
969911
966530
977392
975865
976382
978408
992692
972819
962520
966480
965646
967498
954777
972096
958706
963410
965088
983156
982110
968409
973633
960422
965538
992632
974700
963336
976464
970970
961222
970387
964760
971683
980549
973410
967101
975643
971123
989252
980411
966046
976198
964901
964515
970580
964072
964681
961088
970726
970406
977129
967655
980586
972676
957683
968783
963302
972434
982729
977243
963735
970529
970918
966257
974686
970992
970863
965090
983859
957677
971932
967423
978320
964508
967913
959548
969840
974941
982968
980874
980749
958849
970055
966241
980346
957851
966052
964532
988488
993239
972293
976316
972687
965883
965492
967470
969590
973714
2197694
1078688
1021304
1026348
1035531
1032052
1005927
1032398
1000427
1046343
1031278
993456
989188
983760
968410
973575
980957
971649
966982
970065
995424
1025990
974902
1008001
980107
974391
988819
1028044
1040217
997123
975012
989193
979051
966451
983132
963107
975472
993365
995840
968780
962340
978751
983216
974831
973314
966288
969605
967385
967808
974358
959866
986800
981795
970165
963925
995321
1020238
1010217
966272
962833
974277
960346
972414
958409
960661
987261
996573
967312
985511
1034786
971240
984753
965676
967937
983723
968646
980659
958946
988918
997221
966537
970801
974661
983718
963347
975923
977807
968860
971561
971034
969921
967874
1000005
1020897
966988
986683
1008396
961828
962565
973217
969173
965931
971851
976495
960490
971257
973022
972903
975832
972983
972371
976471
994806
1019368
975897
969908
960221
966843
967192
978761
974169
1016366
973960
965967
988385
973937
974135
977452
973323
969826
1035975
959296
982484
976400
976823
958479
975498
972616
976696
971626
1024307
971508
984646
976422
985466
974888
983325
969409
981814
964332
976664
967803
986261
980897
982314
965459
974758
967808
983512
1017728
967817
968935
975735
973582
971345
961605
972927
980617
1014303
973827
978291
1012296
982709
978495
966470
973118
968015
987122
976664
971234
974811
978091
981157
977967
974976
971019
990656
968337
980106
979188
975038
968296
974935
974886
973298
961885
964883
963969
968887
971600
968139
973224
981359
986394
970604
969613
956532
972221
958064
979933
980923
980926
983590
976436
991035
960581
982024
964464
970649
968964
977811
970591
966082
976660
968565
976009
969231
974081
973354
977494
1031752
974781
1050831
1031661
972111
972374
984638
982913
1027597
973783
971374
1037627
1021742
975334
967729
959838
967986
976458
975269
971017
981691
1028690
982148
980321
972508
967410
976009
968616
972570
985683
1031341
985248
985196
1000882
1000061
994526
1014184
971926
974760
965809
973680
973304
965748
1012703
982203
966695
975433
975716
977121
987003
1012331
970445
966685
1040397
1030245
991214
1020634
968281
985083
1012634
978707
964907
1015725
996352
974492
971835
975653
967474
975821
960479
968949
967720
961071
976026
973706
971847
981136
963780
969701
975368
977478
972599
984860
1024892
987100
966382
967187
980593
970314
968215
965572
964670
970934
969603
979049
977163
965462
969466
975116
965961
967520
961966
972919
983879
998368
1012474
983247
971924
973217
968208
982244
1033645
966580
981480
1007274
1030907
1018826
985112
969661
984619
972382
976806
977270
993284
976147
968674
963152
976705
966062
962517
971685
964080
972976
978253
973528
975687
973841
970760
976246
976081
973052
969421
969700
1019737
984705
980296
975262
979088
967290
969215
981342
1039523
975678
970908
1029452
974505
989287
1018871
959349
965998
965703
964000
973194
972020
978261
980204
968020
970458
966095
1042349
1026119
967281
972256
959783
973460
962888
985680
1035683
974713
974816
986136
971971
1021548
1002097
979931
977473
990424
1021281
1005263
970950
976018
973920
971590
979890
983971
983215
964703
976333
975572
964551
972166
975349
986855
991078
975378
965331
978854
960963
967692
962111
969789
960904
1023340
963439
969989
984296
966778
973506
965697
967623
967227
975562
1020571
962694
986112
982991
983050
970911
977745
979881
980903
1013255
987931
981249
966593
971651
966928
968873
971637
969215
965978
987747
1001360
971519
993977
992907
1034173
1025816
981297
970874
968722
975702
986935
1025853
973553
963200
968878
963701
966574
971526
968917
968724
982370
964091
988594
982254
979691
975271
972846
976323
967742
972561
974989
979830
979488
979218
976599
983521
1028321
968671
972657
979031
976713
966757
979018
978831
976743
1010867
1000169
1005088
994312
970824
961834
965823
975177
985646
971067
972843
968688
969551
980189
979066
963067
977564
989613
1046049
972121
971723
1000759
1015474
973691
976061
972481
969766
970819
985092
969182
968673
966749
971172
984732
981619
963028
969213
976733
968396
969431
965669
980172
969733
983719
975392
978795
974853
971158
972450
964955
965174
968074
968768
963774
975194
959077
968553
966566
989330
981716
971382
976635
980896
989289
974998
972837
971566
978000
988830
965845
976294
965605
965238
984299
990560
996605
968212
974598
972545
971820
981247
974135
977540
972984
1013916
1006366
974762
978970
982334
973348
975614
995908
1038234
1037335
1041711
1037540
1019974
971525
984250
981314
977917
973496
969422
974389
979147
970253
979960
961235
975252
968889
980250
971140
983012
984214
963637
970969
967900
969708
978776
985793
976756
973828
972692
967354
965224
975614
984940
972872
975873
984744
970969
977924
975567
975264
975777
973524
967320
972566
992264
1000172
1008795
972210
976340
974333
965855
963257
966376
978025
976194
969493
976123
972739
969385
968304
967918
976516
980434
969835
971917
987895
981989
989134
1028338
978386
965980
975690
963992
976542
986543
971321
995575
1013660
972267
960420
961771
970285
972255
973147
997695
1000244
960126
968942
963375
967077
968734
964064
962387
973992
989937
1006056
970903
965584
955495
968586
962439
965899
988655
1033304
978908
989474
988387
989162
985728
1014422
970515
974019
972483
973707
983770
971543
975107
1001822
1017650
1026471
971244
960023
967004
982197
962261
996536
1006510
966337
974609
972366
980241
969546
986432
969110
993711
985782
967782
972586
981647
971092
977371
970475
968721
966821
966908
986422
972331
971162
1030314
969302
973258
965107
969690
961273
969643
968635
977993
977890
967232
975788
967134
981270
966520
1006811
968772
985781
973430
973987
970427
975085
1039779
1022802
1027623
969960
982786
1026029
976227
979290
967755
981943
971009
959810
1016222
975539
970240
989794
997507
992218
973259
965254
981992
980401
981010
968121
976320
982522
980318
966394
979919
974544
976041
964504
970492
963464
964633
987925
983928
976914
970694
965125
970051
976139
974476
964636
976688
978584
980182
965417
982816
981781
966335
969676
973729
967289
982174
990105
980964
983633
964080
965792
973901
965094
1026347
974831
981840
985883
981465
987132
1008428
979851
966378
990718
1034060
1007307
973957
981743
985577
975734
979042
973497
979299
1034493
968525
974557
979299
991293
994611
1037981
1030161
979044
957897
971964
978038
975324
972097
982437
972233
980703
968726
971656
967235
970268
971122
977613
975355
975352
970113
972802
980260
968969
974891
963351
974198
962181
971989
965636
1887302
1072236
1045728
984047
975816
990644
975760
988662
969350
981395
985866
983928
1025415
963954
972246
980292
974761
968860
967548
975275
980107
974948
965589
980582
972581
985976
983776
988576
1034203
967042
1033487
1037206
984717
968307
981038
973286
979015
958589
973106
977217
983214
982770
978798
958656
990214
969742
968006
970856
975529
963595
994785
1004240
976735
977633
966228
984088
1016052
955940
972363
976820
988891
984953
985805
969384
996292
1035380
1014467
967338
975219
968981
975690
987682
1034452
979909
1039002
977630
1002625
970427
966755
973058
1039198
984458
967869
976866
974426
961728
1013447
986897
967811
969065
977416
984151
966747
971047
968556
971241
974589
965036
961603
972305
1022770
1009691
981345
967080
977080
966220
985455
966339
982782
974896
985989
975395
967073
969394
966684
978915
974272
970745
969329
972763
990881
992639
975166
974948
977475
968618
974199
978345
960648
977831
969290
966544
965899
968827
973558
969492
979019
960764
971816
972736
981617
969379
983969
976665
977189
985043
971194
989302
1022336
966284
977558
978111
973365
975645
971858
968534
984330
1012291
981574
994443
976852
984862
978878
986226
967685
987059
968296
973979
964488
972321
967826
1038434
966946
972436
983390
961319
976502
976888
986084
978096
969269
1038620
1019132
980892
976594
980405
972208
979891
966614
982717
1005361
978468
969701
967384
969448
974149
970482
978710
969639
977799
963059
989759
1014437
1001493
968409
976928
1007870
969270
978667
972611
964611
977639
991107
980301
976849
962694
970241
973059
983114
964178
975778
982573
970049
976838
974888
965792
972923
963399
969020
979262
980573
1041940
974941
970467
963965
977109
968748
968856
972920
981071
980813
1025139
980524
972396
993045
1034469
1028572
987391
985331
1018096
972186
977428
983532
982817
981457
973139
974552
979563
984434
1010012
969253
992044
974846
969676
994464
1008266
1016413
973995
972618
966330
971983
1025074
967362
1011972
992427
1007679
979356
975325
1015691
972678
987842
1029886
979340
977328
955678
978834
1002547
963184
970564
966246
970482
985548
971478
973806
989697
1044693
997770
1017213
1017871
980891
966214
982785
976747
979534
975625
985364
974123
973699
983565
974087
974144
971244
970523
962516
972053
971143
975816
969817
965015
965461
976417
978445
984919
984226
969808
968397
971395
975365
966079
970508
969028
979558
990722
964298
980220
968118
973537
973508
964425
979062
977049
954174
975497
965903
970045
961873
974801
970333
965808
974035
984258
1012102
987153
970712
975079
968187
972061
979413
976284
967187
968456
963118
1000342
989291
967346
976748
974105
971942
975360
975228
970784
971849
986966
993641
982211
965046
991628
998679
972614
991023
962071
965376
984729
982533
975218
971532
1031069
973698
974027
979704
1019328
974510
979534
970182
995454
1001080
1026590
965777
969324
965598
963105
973256
990762
976297
977094
974059
960669
970435
970090
989988
1022990
980572
971159
969897
976375
964976
969183
974760
968940
964428
957576
974207
1035179
981663
972125
969011
976748
967725
970243
975140
975782
964477
972615
981489
980450
980567
985604
966348
980552
974019
979409
968668
1004754
1013141
967289
968885
965193
972920
965496
989538
972006
967233
978193
978129
981661
968084
975365
970703
977940
975834
979968
993519
1030577
989516
975986
974451
982371
977395
972611
974681
980127
966777
974679
975266
972366
965730
977208
972417
972413
976500
975755
984677
976340
990218
1030816
960712
967868
981749
1018474
991651
1024862
976524
985065
968257
959162
966417
970279
977243
975296
972097
978305
974086
962860
992735
978431
980446
978961
971222
978330
975215
977695
970064
972632
1004110
978579
990288
1013725
975121
971981
979726
979666
969586
990498
1020886
975102
981893
967366
977828
979680
985433
982786
1019640
1028935
1029976
994416
995443
968070
993788
1003597
970936
966886
978343
982558
995575
980021
988128
972451
978367
961341
980410
963922
972729
960745
986646
974404
976247
972735
987901
965035
987113
967706
973053
971852
982653
982323
965677
976748
969497
961717
1034666
965206
973448
972666
982509
1020978
1024115
984649
975508
980264
975143
974183
972955
975078
983060
1010778
1037460
1027237
1029838
1001888
978492
974208
973750
971145
976968
973791
976152
969776
966487
992804
1018078
983642
963365
987619
976009
986212
967379
975826
971509
980655
965599
976688
971639
970138
977789
982024
986416
1008906
971973
980230
983516
1024580
967181
974803
973055
1013994
1027866
964285
971970
970791
980040
976263
987644
963762
983619
971549
971726
970131
973655
969280
970309
961743
969377
962961
964800
983131
972393
981056
975574
970106
959591
973769
960907
967220
966422
975943
976154
980754
965526
968349
971897
973958
981827
964109
975481
987318
971748
970202
966903
968488
973520
971295
973859
973079
966686
978501
966192
978060
962619
968619
975189
969328
973757
969589
966175
994597
971969
969467
973632
984524
965478
985589
1012288
966009
980620
980352
976232
979921
972465
966482
974020
974972
974456
971839
987078
992620
979728
972721
966898
974054
977041
967385
967692
974220
977389
986569
1026055
983234
977861
980038
973323
968751
971751
966146
969775
992449
997062
1015125
985938
1007689
971872
977882
972866
975640
982898
977020
999292
990553
981473
968710
970146
969487
958664
968794
970258
1011212
1020034
981933
1001677
982136
967391
979922
979403
958374
959459
974918
982097
1005167
979745
974523
963308
968568
985744
1011463
975082
995179
1039361
972404
975306
971742
986950
968214
974196
972303
964211
985594
971595
981617
1011699
965645
968607
975929
969837
971834
986912
1037400
979265
980162
996591
1026737
970084
975563
968266
970604
967619
976651
971727
968392
967870
982925
979456
977444
976052
977662
975626
973475
985111
981189
973545
966499
984392
978918
1007676
973713
975042
973083
982085
967538
1005915
977663
983539
965714
989634
988025
984055
975107
992995
982628
1024228
979013
974180
971046
969871
980411
1017703
1028543
974454
976844
974075
968409
972303
970247
973823
994064
973222
966682
992498
988532
974121
976314
981682
974652
971996
976130
973768
986273
1025615
972865
976893
1022890
979965
984795
964222
1003362
994179
979744
987752
990120
967900
975116
965956
966433
974391
971835
998477
1019744
986666
983227
977947
973594
976811
982268
969821
966325
988952
1011929
986383
977254
986396
971266
988411
976272
986172
976993
964070
978995
970388
999635
974093
965223
962684
961263
976458
970486
972276
991673
1824446
1076655
1059775
987915
1025527
972653
975076
963747
979050
972847
994462
986090
1037527
1024566
977663
976705
972767
966878
979569
980977
979173
977004
966017
971490
964413
1026266
982339
962929
978285
1000721
1032104
980961
966749
973635
963443
966807
971239
971435
968829
963946
980952
986508
964903
965549
980311
971923
973087
975236
971204
965566
978087
975349
963836
969072
966472
975003
956676
986201
971320
985015
967885
973819
964999
978702
964012
977209
964939
976850
972675
1026805
963401
982529
1019431
973528
967094
964394
970566
990995
990733
1016485
975426
990672
966736
971668
967917
966268
961527
978279
987246
1034577
968739
1005909
1001826
988236
979454
968429
969392
982351
986140
965921
978075
987082
982149
974220
970375
972803
950895
967194
967757
969214
968931
976514
968875
971767
972967
973805
960672
971359
988357
1000623
971285
983841
977795
998517
980993
984536
960454
979927
976339
965436
969786
972567
970802
976930
970676
970569
967532
985543
1012259
985659
980040
982711
975034
980830
979933
969155
969221
969415
963491
964377
973604
987663
979848
970789
980063
958785
972713
969456
978222
966882
993980
1014903
991666
979495
969549
974518
983825
1004066
999132
1017256
974868
968147
971591
967248
966137
970611
984039
1025846
964244
965813
967887
984420
981778
966825
979364
970155
976972
963256
977338
963839
971998
978535
969931
975876
965085
974425
978907
971668
965863
974066
970827
998919
1033446
983401
1025282
973525
967560
974512
977140
977573
962701
988702
997257
990459
969758
976656
982885
964006
972333
975212
960601
972500
981219
975299
974877
978577
960145
958472
966543
967358
969087
964893
978892
964418
956946
977339
969184
969592
979584
971983
969256
967947
994036
981298
975181
967091
979337
979215
962691
972883
976833
969267
977379
985288
985766
970119
965259
968708
976823
967669
973633
979987
989768
969858
978773
974363
983000
977250
981420
975278
972391
972402
983510
973735
978982
972943
965811
974708
967341
974797
978117
961261
988871
981857
983968
1032319
973834
966133
960822
974660
982290
966181
977083
983735
1000019
995153
1023532
974726
983525
969474
974085
980867
1031905
981281
973633
974797
977245
968188
986277
972581
981689
977633
969225
980594
982454
969453
967938
974260
965833
969476
968886
966800
988865
972280
977940
971125
975492
960147
975923
970678
979961
985130
984628
966064
974144
1035472
986382
1030252
990672
1011441
977011
975398
989066
977434
975734
965427
965711
971150
985399
1022108
966068
983966
1022881
997197
1012280
970348
977214
965161
959858
975868
961501
975418
975216
968343
983422
966796
970547
966008
970212
973257
962471
969653
967291
976614
979276
961254
976613
1036991
980546
982084
974941
974361
995475
1042434
1016366
966081
968941
968639
972192
981159
1030307
973869
978655
991739
985476
976428
970706
973908
972462
970181
967702
980440
963522
989540
963800
973234
960662
970941
977663
971640
973195
970491
963396
978359
959286
977118
969086
970343
971417
986155
991209
976229
960874
986084
981449
970592
975376
963404
962898
968586
974709
975711
975796
979334
986753
973036
963490
980326
972684
967553
973092
970813
971213
988318
1046327
984454
960921
984789
981845
974185
972441
987315
1038113
970715
965141
972717
966417
995409
1009516
967831
973886
958162
975682
990158
989830
972836
979649
980911
970543
979441
970902
983076
980383
1030015
983200
987522
974269
975829
966787
974556
960513
973427
961263
986490
986452
971885
976368
964795
978590
966165
974816
983147
983128
984247
980879
985564
975202
967921
971314
971108
970415
977577
1020253
982324
971937
989907
982155
1028810
973434
987707
981611
962181
972899
983007
993447
1019949
978650
982601
1026483
969350
982660
1042667
967485
974582
980001
967508
968755
970360
965547
967115
960318
968136
978928
975732
1026923
977046
985120
974241
992551
1009430
979102
970811
974861
961566
972968
960703
976406
975340
979317
976150
986384
1033511
979018
975039
1003747
984886
975891
973254
971335
972633
973601
968844
973299
975545
989858
975210
965678
977073
978061
966954
976253
969840
968263
970791
987548
984805
970394
983154
972261
989872
991617
999325
1015492
977107
992130
975878
965237
978432
963861
973135
977506
974678
967250
977736
980611
979501
984095
1022927
977006
976181
978078
967425
981709
963415
985784
1013226
1006425
962900
970000
976806
960112
970266
961264
970505
997122
990051
1023481
961915
975249
972651
971970
968232
971791
975927
988459
976017
971796
979324
974076
981378
971828
975119
991689
999591
973609
1001865
1031435
1031967
972673
979442
968707
997125
1029186
985348
1038957
973252
972049
1024492
989526
975597
987809
979106
969540
968095
968483
982214
977247
968516
970869
955148
967816
974509
976328
966981
986190
968046
985692
969184
967524
966150
969135
970933
972849
967975
975787
1007858
1004617
1027796
988336
1039831
998168
984338
964208
977548
986692
990441
977125
966857
977398
966002
966241
971218
967929
963923
981715
963197
980330
967530
968176
974949
971182
972818
966414
976393
972077
997488
971086
972597
987827
1006157
978488
982740
975199
994641
1008691
1013327
1004678
1001728
997443
996616
1038817
1043574
2172523
992367
976631
983204
968214
971510
989260
1004581
962537
969862
960539
985410
1042230
1059988
996919
971680
970655
972679
974950
980786
974064
965263
975612
984164
980916
1020754
1020050
1009052
1000619
1029532
1014115
978297
966282
995081
1029927
1038685
1023891
992755
1032905
996407
1049858
1026740
1015360
984957
986274
982575
1023327
966617
964183
985560
1035200
966875
973012
974778
973959
974396
981809
983646
1032676
968007
1004111
1001044
1028013
1034126
981413
974645
978397
969227
978946
968912
974537
974394
983085
983602
966693
973907
965278
973447
1002532
975887
974683
963444
973576
1032554
995097
1034518
974306
987757
1031741
995493
1013298
983913
1021176
974333
968169
984799
969494
964582
979471
974045
969395
977306
977904
977695
968449
980245
981481
984668
968473
971840
968348
969128
974909
971336
979341
972761
968015
971165
978146
971629
979533
970517
970606
979964
980118
987602
988376
966361
990779
961837
964027
974568
974742
1032511
1025765
1034576
1022556
985872
1008587
995262
1012962
976118
982589
1014080
975246
972649
973129
966148
972735
976297
967396
982162
1008769
976312
1007328
1039886
971586
975089
981751
976283
981925
1028130
983996
970094
1002908
991097
1030047
966683
969990
978177
986263
970180
968221
974273
981373
964871
969926
979467
972944
969294
968185
978636
973639
970080
1836583
1002565
980332
979394
963368
977348
969648
972744
987430
1020243
985377
977317
1038082
1036586
1023370
1031868
1028978
1013524
1020947
997480
1027037
993723
972514
972894
959729
973850
975138
988557
1015979
1013439
988524
979263
968781
972983
982576
990421
968414
966290
972825
978209
1031594
978428
975027
982078
986907
1034829
1026888
967294
967887
983239
979424
971280
982987
1025263
970828
990249
974538
964579
974665
980967
985967
983815
982322
971441
973581
971695
967570
974241
994594
990604
975206
981871
971405
989375
1008490
977303
979575
965269
975343
970469
998920
985947
981133
992927
978630
965415
978347
970695
969673
970066
979899
967486
996288
998551
969967
989651
1019409
970435
963245
986874
1044781
978267
964434
976884
969971
965946
977482
1017814
1035214
961207
974297
994253
1010702
1028416
994493
1028813
1046716
1022477
991281
1019819
1017543
994042
986153
1026256
994263
1023207
980447
1020287
963453
974146
980908
974073
977385
962768
1018265
1028042
1034719
1006418
1022708
998172
992669
1021460
1033265
1051024
1032367
1010800
978224
963721
961108
983378
957537
981224
983774
961422
975697
968748
975226
963133
966284
963931
974658
1033851
985622
995161
1014367
962664
976393
959766
971467
979114
1034852
1011320
1027057
960414
982600
1026563
1018270
961202
969563
974535
1030948
977972
978313
973670
968560
971457
979644
978470
981094
983445
998407
1023813
1031542
973045
975490
962957
992970
975868
974876
998180
974795
1000257
978943
974408
966925
964605
965671
964562
976859
979345
984470
1006492
967435
967691
973044
963480
974147
965551
982370
1005122
975070
987236
981293
973794
969529
991006
1027583
966518
964940
972225
967070
968250
975703
967304
961301
978005
976229
964780
983350
981088
966121
989359
978516
970904
965521
974200
969630
977228
978058
1025118
959309
977742
981441
982269
968987
973011
975362
984834
963362
1009694
970358
992346
975674
995106
993490
1022070
990228
973829
995973
979965
974650
970176
976865
962268
968761
974850
966365
976559
970238
977094
963921
973178
982236
974176
994621
1026101
980143
975912
972794
974550
977076
964115
968771
992828
1020750
978040
979890
961701
976081
972088
970246
981870
1038109
1030194
974844
965595
974392
970901
972934
966795
978082
1004551
1007455
961365
976064
964950
977396
1019081
968733
972201
978359
970287
986603
988685
973833
975084
981259
975613
996299
1008564
975723
991846
986515
971204
1022577
969697
994707
989207
1010339
985458
1003700
981117
1041172
1005312
1030025
981457
1035522
1020367
961063
979752
975951
970203
977898
970491
970419
966945
970536
972793
966901
984131
1029471
978632
981924
980442
977705
980037
978212
982177
1015465
1020528
1033161
968176
982697
981469
974061
982174
974485
973204
967405
976069
969496
974380
1003857
981588
974967
982271
977823
973176
966927
969454
975411
966000
974323
979784
969365
971507
973985
972994
973382
966861
980321
967065
990510
976774
977207
963804
977375
971191
960664
986717
971574
981884
967186
980334
967257
978798
958304
956741
970894
964961
973773
975174
981049
979993
979283
971206
984980
975032
978849
970678
982847
958604
971287
974366
969926
975765
965358
971009
964830
973893
970462
1005215
1010854
984771
978898
971491
978317
963567
967699
971941
965723
1029359
964391
981624
970651
988750
997407
983499
995113
1016039
996996
992337
1010087
985254
984148
968296
978817
960771
972885
974046
971889
1006499
992019
988904
977996
966488
968306
965254
974564
962194
972220
978648
968859
993381
982715
975387
976711
972120
971638
978076
959567
973889
963055
985266
961118
971262
952228
964609
962366
973009
965937
964033
978374
989532
976837
963022
976117
968710
974833
960262
970075
969723
970114
967088
1035373
1039101
1023064
1038615
1008818
1015387
1034973
1014478
1024023
1051993
984619
988408
1029764
1028454
970124
969795
971382
989342
1013353
974178
978088
963912
965100
975989
968319
990067
993860
961477
976847
988701
984556
968671
974172
976551
971792
979084
967058
971335
960822
984268
1033338
995779
1003273
968728
974689
973806
980901
977048
980411
1041220
985025
969662
974844
972182
957868
967021
965653
969640
998338
1027909
980654
1022611
973071
1000126
1012360
970291
970680
977259
974736
971539
992265
1000999
995918
1030094
1013545
1010100
958165
973991
964261
998920
1012740
971575
977170
964036
968694
987147
1007924
984378
1024734
982507
982176
974161
978301
972485
976643
990630
978263
971747
966466
1009348
995759
971980
977595
992075
1008053
991121
1008885
972934
968757
978152
974914
972240
969597
981730
974800
987019
1030172
973524
966922
971555
983702
987196
1020917
965141
970540
994885
1034076
1019648
975954
975357
1013636
983585
975921
969009
986410
1036372
1021023
988382
1022086
987543
1036025
1012415
987872
1008710
1026573
1018216
972755
973953
971920
969347
992177
984593
972514
999840
1003351
970526
972766
979649
1020112
974085
981935
977791
970055
972915
964095
969991
959932
963930
974072
965849
992261
1004064
1007453
1044744
1035165
996424
1042368
994373
1048104
1019954
982938
966772
980122
997536
959690
966818
964823
971272
991241
1022235
982028
967918
969088
984418
974087
965613
968134
967363
977186
967712
976198
969327
986459
1036856
1021426
969853
980721
978205
974190
961158
989723
1038725
967686
972303
965451
965229
970382
969101
970191
967737
973525
976897
974362
975135
976351
976725
968527
999062
1000596
972646
986389
974025
969308
970893
958061
970748
971208
965770
970060
962505
971796
982574
983431
979645
975658
973435
966111
973293
975863
961265
982055
975149
972584
987208
1025481
975886
1011714
982922
966168
972065
996155
1006149
972767
993440
1014485
968874
970178
988265
971750
977785
974697
987703
975108
978384
1008574
1012294
976894
977134
991442
980517
975585
985586
962250
980844
981478
1016484
978538
971802
967949
973748
979932
992354
982857
968448
975995
981735
965150
970709
975287
971021
972905
976371
978091
966137
992729
1000170
962206
965739
986154
1027627
1031313
1032675
993154
1009174
968549
980896
1007960
970274
992797
1015173
968803
1010674
1004998
998571
1024587
1035343
977138
1031272
997522
1010729
1030631
1014499
1019068
983278
969483
976099
1024881
1012175
1001952
1007685
1021214
983565
980737
984098
986619
1026097
1007860
977934
981551
967288
970237
1000030
969465
988938
961649
1002997
963996
987551
998939
962874
975501
974263
976565
978298
974445
967019
977488
969870
970818
981501
974615
975609
979666
976479
970393
980589
965308
970654
984999
975711
968215
978763
971650
967271
975105
1013695
992209
994781
963275
1025154
980652
1902234
1018782
982814
1031362
1026950
1030292
1022416
1026271
1039348
1039990
1043703
1040710
991599
1031377
966932
970729
986576
975434
977730
971108
971403
990556
984711
970961
970445
970029
972411
975705
977852
966324
974854
965343
974856
985129
965127
979956
976635
955038
973816
974880
972444
990388
966451
967473
972147
1001147
1036330
1018063
1022011
1032133
1026299
1011950
1014431
974340
967420
976329
964958
974813
964058
975195
1042683
1032179
963628
1037380
1000069
994518
993804
1026205
982093
979447
968026
973703
970197
969199
971744
967455
1005730
973507
964696
963357
965557
986280
973976
976495
972902
961825
966809
979253
966209
969504
968015
1003400
1005073
987076
1008058
979239
968401
976045
1021462
974715
978533
989567
986040
987065
967706
982666
977773
982826
969416
999548
986196
985650
974030
982478
965192
976814
983411
1036068
1023385
972320
964136
1001189
1041271
1033157
974743
968544
985158
962577
986023
1034474
995775
1023184
972194
963268
990302
979009
974008
980208
960611
974385
976135
988978
987466
974677
971349
1026665
1014845
1025450
1012803
987256
1013865
1007981
1011371
1017539
1033991
997069
1019094
1037348
1026097
1029480
1026700
1043272
980425
987813
977054
978668
975037
978620
968000
969364
990143
1006185
983950
982944
974392
968099
968439
976739
979257
978751
1040467
1031786
980291
968222
975810
1024957
965144
963624
967326
970179
978718
961540
969473
975229
964755
972939
963346
991311
1007030
966272
964657
960472
999537
1006869
971463
971249
959986
985510
985752
987242
972446
1000629
1014474
964589
968484
968755
982453
967932
975613
970504
967884
969981
977956
974602
974227
987219
979030
971144
982872
973036
974713
965579
996294
977608
976767
983397
980212
975695
964598
972997
984241
996471
1033426
1037800
1000178
1028061
1008629
985650
1010906
988812
1018485
981070
973704
969981
989173
1012521
990776
1002266
976734
966191
970866
978665
1002670
1013011
1026530
1012516
996608
1029699
1016908
1025249
1011582
1024384
1043060
1005077
981925
970297
992922
968359
984340
980909
981814
980782
988057
990899
969322
978049
960088
995147
973644
1019062
980914
982632
982715
979406
978076
963957
970432
976789
973769
966649
976222
958439
999805
974249
966559
969913
971651
968749
975291
974768
975014
976705
979805
972733
971188
996080
974624
959914
971116
978055
974039
971581
977314
980941
1005208
1038462
1032532
1025630
988172
1029610
967960
1015519
972386
966470
983462
970162
967679
973080
973672
990954
1017235
1010964
1008143
1000936
1026244
1028716
1015764
991980
1026361
976461
999432
1026485
1037908
1032523
972144
972027
971871
974399
980296
973314
973556
970371
969771
1000153
1039891
1034584
965341
976834
984200
1021661
960536
993361
1018930
988140
970462
959596
977393
951650
968932
988750
983171
979211
970024
1015340
1029859
1036908
1031780
1027705
1037854
1034060
1027096
963165
971426
980279
973935
976846
967332
969497
963862
974724
966424
977604
965183
984360
995156
969695
978532
967381
963364
961862
984197
1021724
988531
1032344
1008632
987706
1026205
1000579
994539
973436
1023086
1017195
984175
1027237
998449
1030385
1042572
1034333
1027611
999779
1030891
1020031
964872
979035
1001395
1000442
1042074
1032158
999564
1000530
1045683
1027876
1001671
1027722
996610
1031339
1040337
1027902
966694
974525
961168
976263
966308
974013
986808
964576
975007
973166
970760
977253
972736
965110
970855
978919
979088
965154
969482
984842
971275
962272
973061
969870
962963
984045
962383
973451
1004272
1042601
974412
1017799
1028412
1020262
1003028
1034091
984899
980903
964306
974413
969032
970989
966067
973818
973785
971505
980887
971546
968532
981155
965578
971790
963335
968234
975349
1038826
1005979
995045
981714
984731
1024446
972435
981177
980239
990549
1016275
978742
968870
988193
1006148
969003
970742
990455
1006723
971112
974059
990769
969089
970333
970604
1017445
966877
972855
963572
975849
962698
980282
981640
982720
962623
971756
965495
976326
974736
979300
972146
972987
964472
961966
958199
975393
995107
1031488
1028320
957741
972975
1033455
1022301
973322
969421
990766
994820
1039513
1011173
998376
978022
1049247
1021825
1007341
987011
973919
973450
981858
1015575
989620
976233
1029916
978994
966421
970064
971643
972398
972354
976929
973485
980547
985339
981016
977538
980402
965964
973492
970046
964507
971921
977927
980480
995734
1024587
966154
973748
967210
973635
970906
979979
972136
988122
987204
963705
983044
974876
971379
967244
974983
970756
970820
969454
972704
968914
966290
985720
1020950
978515
1004574
1022874
1009761
1032033
967450
979581
987048
1023148
970227
966429
968086
961094
966563
976820
977933
985661
967113
968112
1024235
1038316
1016486
1037199
993049
1011250
974038
997264
1018129
1010025
980782
978062
989765
973903
983000
982751
987986
1019806
974146
1018455
970617
973338
968528
961243
981569
987403
991228
983987
980615
977222
979329
990524
976883
969992
967245
977711
966962
974197
961642
968586
982226
964871
989511
966388
972660
965028
971107
973970
955495
967751
964689
964440
1000272
986246
967179
990692
1006994
974837
969176
969648
972958
965398
976372
967042
969204
971780
982195
973521
971965
976221
972968
975784
978857
974761
966679
971709
998291
1003828
990933
968011
973992
978802
1007380
1029243
969933
980880
1006087
990109
965200
982296
1032547
1036375
1034845
971167
969405
963222
968830
977460
968140
981364
970866
974001
964577
975816
1001313
1024196
1047952
1024606
1041159
990064
1043208
1036713
1016319
1017494
976758
1009988
983455
983519
1035401
1026604
1010252
971377
985247
975146
967962
969633
988956
974011
979784
967721
976818
965651
965268
975062
986670
1031091
1020465
984451
974627
977593
972756
967421
975523
965987
978096
979760
1039123
993992
981347
983397
984404
1018813
969304
978886
976222
971796
973398
966268
970650
979889
966281
973419
964107
981441
965599
987010
971429
979421
971162
975550
971944
962640
970766
961334
971436
958939
969378
988880
976589
972756
969767
985547
972601
976258
973881
977044
982897
981885
968362
975439
972800
984542
1035694
1041929
1046747
1019252
985250
963798
969861
988739
987780
1038530
1014622
988547
1041762
1026519
1030402
986758
980017
1028245
984102
988811
995527
975208
980254
975215
972920
973045
993238
991511
965413
966107
978885
966455
966042
974982
972646
987551
979549
966281
984606
1027599
985254
1038130
1029466
990059
1028467
974312
959843
971807
976070
999496
972112
971203
980143
1017719
973153
984825
979755
975783
962913
970276
972360
969010
970880
972054
967449
998063
1026142
966585
976054
1038102
975060
970080
971562
974876
972738
1798451
1050368
980512
975390
980354
969512
977117
1028513
1004899
985597
995102
978815
1001837
1013425
996050
1013028
966378
984916
1033251
1001457
1015353
1033681
1010797
1000863
1025878
996499
1000534
991530
1015295
1000646
1008310
993973
1011106
1032606
1029048
1022610
1004121
1033696
1016772
1016177
1027700
989192
1024847
995737
1024192
978122
1001967
1010993
966083
976559
1034920
972731
965210
972952
989237
1007820
1017577
1005063
1006122
1033567
1027320
998387
1001683
981454
977078
978186
998937
984505
971364
958014
969169
1030997
996699
983202
1023832
998353
1007770
995418
1004908
1031451
1010824
985116
983425
1024180
989631
979350
1025936
962112
974851
971004
976051
969647
968300
973565
974393
975592
977105
980650
983816
961434
974019
982940
969467
969965
969047
981538
974695
972650
966349
966608
966950
986317
964454
980496
991530
1010234
971116
982788
975624
979105
972729
995614
977913
961622
975556
962552
977796
961306
987082
991530
990146
983177
971744
978163
968986
978091
972659
971439
963885
974625
974833
1001586
983469
970994
975161
973116
1036859
964658
968032
972055
975779
969514
1032425
976228
975315
969792
977260
971952
978359
967030
982172
991326
980262
978857
981665
971103
971997
979982
1026981
991152
996002
981302
973280
978300
986615
968545
977610
976778
962768
979447
966764
988209
999796
1015127
965613
992302
968255
981071
981578
1027941
1029823
1035919
1023786
1030120
1021794
1032047
1021025
988829
1024123
972447
1001935
1012243
1005294
982453
982579
972399
980927
979582
961713
977684
972785
971654
978770
973969
966139
977309
957392
977166
967374
971982
971154
980401
979348
977924
968915
965021
962061
985163
969120
972608
983537
994260
977292
972367
966147
967916
979061
967207
977717
998317
998447
980688
980695
972404
979486
978809
978398
989996
1025012
1001504
996966
996019
1015916
1026813
1007004
989097
991197
987638
1024199
989032
1015975
973512
977851
968757
1028342
965659
965616
970704
960021
968711
991035
1020739
1032330
1013874
966398
973244
971257
975628
991589
963815
967379
958273
999216
1020505
975453
965947
963409
988862
1036383
1023835
1031308
961240
984234
967023
971554
982665
1018808
988341
1007885
967417
972846
978146
986238
983977
967950
973618
981447
1017522
971356
974494
964657
982436
968355
970320
973042
953038
967261
961715
968324
972281
971483
967435
993071
976147
979527
968824
968156
960598
984371
968190
965595
976507
975638
972905
966855
1010667
1022218
1013720
1021747
1034297
962439
984943
1012198
1009744
968235
979524
968122
979085
967502
986814
1004532
963374
991823
1032780
1025203
1021562
965354
978542
976422
967163
978293
964334
993731
1025517
1027664
1033222
975784
966530
974847
988058
978447
974209
969778
974648
974525
961700
1035488
955568
969803
960789
979714
1020577
980278
979781
968568
969818
982789
968428
997324
1014146
973312
991025
1008046
982795
1013468
963109
973973
980701
964528
963919
963480
968571
980928
1000521
1029708
975159
971235
964638
964702
989829
1027969
965568
996996
967914
982407
1032854
1030507
1017638
978467
963453
977306
969886
978474
983499
1032087
973008
979378
975821
971538
965139
962827
974634
964846
978667
959636
972111
982591
977984
1023094
976258
973073
983912
1025856
986994
980101
999329
1009976
992231
1006545
1016375
991076
1017902
1008622
983987
986461
1001656
1006522
1035622
994008
990690
1006824
1006884
1020528
982822
988498
1039416
993214
1031747
1028723
1030268
1045562
1023301
972290
1034651
988766
969895
977674
973506
974346
970563
1012983
1008761
1011911
990888
982275
972027
975509
965153
975850
961844
971604
968117
968969
972680
964412
988187
1035646
980844
993095
1030997
1028352
963830
989069
1035159
1022438
1007828
1010542
1032954
1035899
1026465
973525
960715
963778
978700
987863
971697
969982
976827
995679
1013777
1005219
979981
969370
973154
977574
964829
976159
996486
1002674
1032797
972660
977612
994855
1011683
977720
964707
980838
1041483
1023550
1026470
1034986
974103
974015
984425
986895
976189
975953
957643
1021643
971080
972294
979437
969519
995004
1032848
1016451
968056
981126
1013265
1012938
975855
972529
958617
978497
976205
1032197
972393
966843
973801
975314
976498
965229
975655
969546
979965
974971
969373
975484
980009
986446
977124
978822
998461
999677
995374
1041423
1029889
1035287
1026539
970123
960413
971064
979449
1036434
1000346
1036433
1017322
1030957
1039293
1001830
974075
973550
973341
975928
986396
972309
966281
971306
965807
974233
983639
994365
971159
965229
967963
989088
1013369
998903
971173
969190
984414
980411
999275
999382
984068
990962
975270
977133
968847
963875
976082
973066
999581
986837
1000827
982354
1023405
1017086
984555
1033634
1032899
1022733
1036099
1037480
1047288
978452
971621
974290
971197
996039
1009314
985980
1005054
981425
977776
978884
1001862
984102
964065
971510
974918
964681
982115
1028952
992944
991614
1026411
979826
1025564
993847
1005214
1021109
978338
980825
974348
982784
973666
965752
978336
1002733
977630
997077
1015404
982197
988456
979716
1016460
965081
985776
969751
965249
984558
1012394
1052736
1036385
1037317
979095
970395
984450
1007456
977641
972569
972139
968154
994257
1033015
1009435
993723
1008471
994024
1010862
1022696
983169
977373
980725
981684
985592
965108
974574
980866
967867
972637
982116
976063
980142
976798
976707
966560
973519
976954
968476
985771
984489
1042857
1032008
1040083
972710
977811
982561
971897
980227
973866
969469
973288
976416
969424
968373
970582
984796
972440
978985
981384
964080
987063
962520
980411
979770
970284
963879
970544
963788
970214
965449
1005664
973281
977048
969087
970380
965309
970475
967469
975301
976425
972153
976759
986548
989711
1017575
980538
967375
968113
971550
961512
987172
1018365
996572
1032926
986525
966311
975310
976048
963204
969645
975983
977909
979156
973614
971019
976544
979402
978286
965582
972198
977241
973401
988179
980461
976202
973355
966130
971993
968692
1016943
976020
974590
993216
993914
1022845
964094
976024
969714
974428
981119
972451
991055
1047421
986118
979217
974425
988288
1012645
960192
967049
988701
1016148
1014605
1009209
1034192
1037297
999466
1012243
1011986
980058
1030237
960690
999162
1046202
992934
986732
1018937
973831
978068
967787
975281
964443
972862
976966
980580
978556
1001902
982193
973317
965809
978551
963488
986195
978465
975753
967436
967103
967852
967661
969369
978555
969923
975569
966862
1010827
985488
971859
969073
979262
983178
979005
969729
985165
980637
980753
1032218
979899
970026
970203
967911
970678
965234
976769
970203
967743
973650
972356
966167
974711
955325
963335
974859
1754758
1049751
1039953
1000231
1001865
993176
997448
979546
965980
995148
998707
978811
985257
1037610
1028063
1019127
982600
1021806
1042560
1031321
1035139
1053939
1021690
1000647
1024694
975045
956491
981445
1031291
1030839
1038883
1040704
969370
972502
966349
965661
965278
977879
971891
1006626
980607
983065
970624
968833
972295
972936
979590
963858
968904
970078
957744
981305
976393
1030985
966763
978795
969253
966984
973547
969749
1028689
999056
992510
964315
977997
1003049
976767
972954
982182
966685
974667
975223
1039614
1027104
1033034
1018020
976749
1036533
1014090
969997
986807
1041240
1007748
1032654
1001245
970587
974234
1018983
984833
982151
994983
1010951
1017039
992712
997513
971003
1004307
1017294
1012601
1006768
963340
998732
981463
976904
990479
1028977
965656
982858
1029386
1020595
963148
966311
960659
962513
1008570
977335
974675
975769
966620
968472
1006017
1010182
1025618
1013078
1016049
1017662
1015855
969543
974022
963058
963352
978508
979858
969237
971698
963190
971226
970344
989467
1000748
1005814
984723
1019466
1009599
985176
964887
978715
972372
963743
968947
975926
966812
980913
981311
963347
976781
970781
975109
970619
970862
962162
976603
976372
964998
975292
983511
1013703
972715
961815
972862
970648
966733
990968
979049
972762
977930
974759
978354
974722
976506
983154
1010800
1029708
998891
1018070
975023
965213
1014455
1020626
976318
960637
971015
979516
963423
963685
974531
968312
971272
969905
973239
974631
959725
977451
976720
977643
962480
968283
987244
984420
1024626
974889
975604
1004648
1004972
1002236
992572
989560
969429
980497
966003
974339
968322
991511
977941
973146
977165
963773
967178
975317
976059
976778
962388
983596
977064
969332
967146
967385
982162
970766
980302
971109
975813
985405
1028881
967097
975300
990754
1020097
976398
967828
965608
983533
967068
981101
970345
1038401
966042
982355
1034473
1014568
997007
977565
982994
1001934
1010125
971884
971850
971111
962620
975819
963973
1005056
982291
970800
980408
1023416
1027808
1015340
960436
971942
976577
963948
993806
976480
982419
977866
1027261
978564
986364
1017694
965791
967804
979951
963365
973480
982195
1013925
965035
962807
966644
1030027
1032922
1018322
999681
964935
976746
955689
967592
963881
968362
974222
975799
986094
1010917
977174
980630
964778
965471
981872
968464
966609
967349
975059
1041377
989040
982126
999732
994819
973003
990345
1017719
986059
1027784
993776
976126
975110
969618
964570
972562
978653
999278
1003280
987691
1033752
1012116
985588
978468
975070
1006693
976827
1025584
974153
978127
1041551
1014236
989132
1002509
1023829
987048
979381
987062
1027997
1008312
983998
983429
978802
969758
964879
965250
963906
975529
963044
967600
976438
1021586
975450
972614
988934
1015181
980194
1013897
1032686
1032818
1029846
975283
1024930
1014161
994930
978276
991606
1010077
984228
1003915
997224
1040785
1022534
978603
996037
1030685
1027364
1032799
1018139
978360
982279
971898
972714
975584
961412
981206
1000078
1025204
965188
969008
979050
967618
971777
974209
968528
963223
960140
967908
962760
977447
981561
979728
984876
971420
972679
974896
965632
967578
972733
964802
969753
975932
981463
1019988
972222
984150
1034278
1019007
990936
1020722
977949
969623
966789
967673
970509
965201
967164
968137
965819
975670
968053
996747
1010971
1011875
983535
967338
980512
959388
969120
979191
979074
981655
1037527
1026737
976445
983166
957988
983568
1007389
995680
985988
1000147
969836
980575
1031278
1003708
974237
981122
1026103
972302
1013587
992957
965286
982236
961105
979487
962460
966259
966870
968725
972774
969797
972909
966651
973446
967410
966098
979682
976060
972496
969493
981135
979700
963991
958934
974095
967530
1032482
974073
964435
979884
976786
960299
969958
969844
964737
969286
972415
963109
967715
964794
981449
975868
973963
978637
987226
981981
967273
983160
976720
964024
977140
967617
968466
959934
971162
963896
976848
982282
971181
974543
987009
976000
974466
965234
970049
972437
969290
971980
971525
956454
1026665
970439
968497
972997
971948
976683
967557
986619
963815
973379
986395
972482
980391
970779
975523
976580
1038146
975072
1042909
1022262
982214
968815
982490
1027214
970256
967765
975100
972029
980304
964407
993502
987044
985199
970556
975767
967335
961758
967390
968875
977441
983462
973080
977011
966256
970782
966454
967560
979015
986460
974020
987420
980863
978371
980917
961150
972740
965469
976137
969420
981444
975422
974575
969973
969283
967948
969969
978117
972103
973490
992487
1031005
976342
989581
966005
980057
961542
963564
969617
974702
972758
968413
978700
961846
969072
963720
956567
977836
1003905
969009
967220
980338
1002241
1031002
1017814
969910
961508
962203
971918
975160
968432
977991
985630
981262
960799
971808
1006061
993577
979981
984217
1014650
973042
992050
1034443
993020
1019071
995011
983540
966459
970512
968982
973594
992245
965034
971369
965983
973354
967673
970067
974666
967381
971054
992426
968932
972327
961177
972602
961233
967394
971123
974491
968767
1001191
988476
973367
970985
961385
974439
964696
975119
967905
998400
1032908
1003121
1024084
1029263
1003969
956548
971163
957287
989762
994989
992029
1009919
969609
969279
960736
971798
972396
967907
960986
974488
986238
976073
972628
965011
977993
959237
967981
1002529
994032
975671
972367
971534
970803
963151
966148
980364
976624
977708
969455
976957
985025
984341
967391
994988
1011676
977354
972139
974826
972230
966215
996352
1032344
1022737
975553
1032213
1018811
972395
973561
977114
972299
982523
973172
977897
967377
967047
961590
968084
969144
969121
971999
980664
975062
1036577
973725
968401
974392
959518
976020
960859
973474
981391
1016748
983402
978765
973084
968192
962549
974371
977859
973132
974631
982692
972359
974495
963823
967831
962844
981133
967780
973382
974656
990386
977954
967136
969630
973192
972983
980504
960793
982495
1030111
972456
966719
965298
967026
966710
966057
984276
962860
962603
958290
981374
964435
984136
991701
962144
979209
966734
992340
1028109
1029143
1020012
963425
959424
967305
970926
976711
958937
978513
966088
969447
968895
967058
960386
969426
960611
967920
970651
961564
973557
967282
980582
969113
970902
970724
986256
960535
985891
1017656
961331
967184
1004862
1231870
1073046
1000975
976349
981661
963133
969454
975502
975609
975427
982555
980485
971356
977440
1025968
974832
969366
969163
973323
1038775
1015349
1019479
972744
989026
974535
980784
974722
969831
965391
980017
967724
968974
970323
963547
999025
982076
1013352
977157
968117
1999779
1000967
995625
1006259
976706
972872
982814
1022383
976868
971823
978209
989615
1022368
985526
999211
979547
968068
969529
977773
970255
982631
969850
980776
972056
967073
974677
977748
961413
968401
967342
976899
984110
966858
970613
968248
971435
970149
984587
962703
982092
982450
981824
983592
972726
1008029
981485
976877
978289
966276
972938
967700
976678
980536
987412
967394
995781
1014253
966555
971615
965019
985104
1032839
973675
963800
975388
963742
998663
996812
977636
973537
977573
980362
987535
1021805
968617
968820
978705
1028180
973654
980744
1026437
988731
981317
966895
985724
984641
972673
1010176
967761
1008889
1019207
1008095
1027575
980812
973993
963706
981877
963036
971309
959844
966580
980466
973661
987311
1003295
1009923
998722
999437
1040892
1034372
1034875
1022423
1020738
973012
961832
970455
961038
969499
968867
974037
970041
985923
983411
972072
973941
970613
981140
975567
990635
1001430
1015063
991786
997924
1009591
991427
1034189
1026303
959623
965192
960271
970686
988682
982598
969546
981390
962496
979806
970275
957104
981903
965280
974780
979106
986014
967776
1007817
968273
968478
973605
1000913
1019975
991929
1013781
1000922
975068
975346
968604
966208
963812
976102
968151
973688
961788
992577
1018926
965651
966941
1009299
971922
1012925
978386
994342
1023071
996053
1023907
992663
1028814
1031784
978215
1036029
1022587
973068
981923
968476
1011460
1019716
993010
1006911
984354
1007710
974489
980637
995222
977934
976037
966226
964040
1011774
1012591
976749
1005484
989488
1006807
1026942
983345
1023589
974882
1024071
981900
1016037
975081
981340
990590
968970
969855
963659
972568
979036
983606
973080
964760
969807
984428
975271
981990
1009208
997057
976995
957964
973166
976514
969688
976077
976781
968729
969971
967018
988000
967675
971688
971931
968609
981062
979242
967079
983110
966450
978364
963461
977824
977135
973545
998046
974735
970294
975515
966652
1035492
996605
1018166
982461
1013096
973984
960372
968937
972961
1007626
1007845
971236
977400
1022722
962038
992424
968956
981709
1022007
980072
979338
975516
970563
974304
972674
983149
989961
1010335
969206
1005779
1013097
1002092
996979
975812
966518
997314
1009493
1029412
997637
1026540
1028997
978526
970378
977399
978022
980943
972948
971493
966329
980583
978244
971277
966388
972963
970104
994020
985240
981805
971615
996690
989992
966420
966700
979625
1015986
971744
1009790
977387
1017317
980806
1007578
1035458
1013462
984669
1003497
986185
980697
977980
968910
997115
1009237
1002395
978444
963688
989658
1014874
982350
969831
976592
961099
972348
958124
961748
967218
970492
971656
981776
971039
973993
972370
971432
975554
960492
967220
974350
964914
971837
970499
978206
984048
974882
978398
972615
990587
1021575
992439
1004781
1041566
973170
967652
973872
976610
977419
977777
969829
974842
977812
974656
973144
974096
984822
1024501
962503
960561
966173
965140
988533
976821
979643
973883
993915
1040494
987977
987426
983934
968991
988217
975594
971631
967812
972809
968963
971525
980216
1017852
966159
980876
978548
976588
998514
1010549
974806
968526
971218
970399
968503
991381
996677
995352
981692
975854
981117
969808
988942
1024700
986980
986789
972638
985197
963969
987069
971790
973777
971978
971466
964057
977712
961896
991650
1019273
969682
967675
988580
1011526
975488
972673
1000198
989921
978245
971778
961387
972057
976235
963667
966450
979917
972924
969079
978083
967571
992894
964161
978606
989024
1028837
981039
977776
990319
1014707
1020539
975455
972187
977733
966359
962137
964430
981256
967629
981580
968187
967986
965165
968087
983605
1011299
967005
999354
979308
967931
975903
965196
970890
985520
982031
973010
997390
992015
1011504
981946
992003
982398
982813
1013506
985465
993554
985240
982325
994771
987144
966269
967575
969571
974063
966902
975014
966931
973391
965679
972362
971274
961931
974510
978988
984671
1026711
987728
1018048
1035583
1025029
992531
1034052
1039762
1019114
960948
970981
965156
984605
1029938
976678
976501
981312
969829
976078
1002739
986800
976631
967735
1005619
999381
1036656
968836
984506
1018435
985573
1007603
962487
972687
980998
970072
968393
991638
960029
979440
994096
1026415
999961
981865
992409
967232
988195
1010696
997757
1022917
987258
981655
1029532
1039279
1033266
981975
1015673
978901
1005791
976060
990970
1007017
991618
1010491
986115
990964
969549
1000805
1008440
969154
970927
975662
1008649
985214
962885
963694
961701
1030806
956340
971619
967045
977428
974212
984282
1036094
1021372
1011630
1035618
977998
971357
964528
974282
965378
966633
975298
967365
969613
964040
972855
958367
969556
963424
977296
1016669
979334
970380
979370
1028643
982715
982101
1038334
1012023
971599
966199
984992
1009151
978484
1012967
975187
1023906
985536
986622
1004416
977547
1033365
975935
966878
973016
982747
989715
1013730
1024520
983630
975236
977479
973401
978369
970929
977432
969501
966415
970822
962837
973501
984496
977795
980694
975266
975644
968358
977390
976507
974409
986482
983201
967935
972002
977343
1029266
966316
974746
970363
971351
991897
1024879
981911
975202
983735
979612
979977
961753
993700
997516
968110
965679
965580
968454
968397
964773
967471
951799
962752
964095
963827
971217
995134
1010329
1019724
979029
1024540
966091
976198
973173
974388
975349
970112
974033
984301
1037750
978053
968026
974225
1022387
980766
972578
982955
977658
964953
973428
959387
966960
971143
1037655
972647
965644
993727
1038262
964884
972282
970060
974699
970993
968156
973686
977333
991230
982669
979877
967781
974982
984722
979662
963427
977785
958549
980288
972533
964832
964802
1028273
967607
963877
982394
971366
969368
984828
981868
981486
976829
967951
975934
964096
966589
960267
963854
978328
972881
976207
963929
969925
965828
964222
979887
1013513
976313
991578
981481
968100
981455
963927
968242
966082
970797
971464
976793
978122
970788
972955
970549
968613
977174
968159
965165
989966
982828
984244
972129
968556
970819
972469
972992
982415
1017220
966456
976489
996316
1020266
991417
969573
980883
972531
971684
976984
974382
998996
1019694
998261
975991
965086
967343
977752
961988
979584
973999
977261
971976
997776
1020563
978898
966069
973043
967975
973509
975114
970060
973364
983273
980393
976997
975994
977296
974191
967193
979635
983198
970423
969008
964500
965766
960652
977569
973139
999513
1007109
970639
964860
984490
968728
965207
970499
965558
969778
968871
973113
978639
970404
972833
978801
969574
971956
970303
969510
979130
963089
968599
975881
1909937
1001493
995502
974452
977582
965211
983730
966537
973532
967057
994738
976310
984835
960477
969404
972769
969521
980730
965952
971757
985822
978360
974372
971359
973641
973185
986457
974133
968973
1004059
976672
977887
1007900
1028879
986508
1007325
956565
993683
971955
1003674
1027946
986164
971392
974255
979739
964069
964681
967067
969510
966731
985858
969011
969955
977636
969657
977002
978347
969164
968517
966706
981484
975399
978276
964500
967500
965893
970150
956748
961683
968886
987657
988798
983633
964510
975191
1007213
973406
966479
978875
963543
989620
988024
982508
976599
975404
981288
988968
972375
975426
974600
974575
973840
955480
973219
972570
969439
983502
1016985
1008441
989833
1000030
1034190
977558
974033
980105
1004819
1021133
1005643
975526
1023718
977408
1027179
1020267
1024084
971821
977105
970550
1011833
972900
983467
1027015
1019532
967232
966484
977410
961494
983088
970051
977549
974326
983572
973074
959878
975988
962968
973242
966025
965686
973054
1017441
964596
998831
1011303
978126
976330
963722
968571
967333
973272
975859
961952
971748
969501
975319
968244
992155
1009384
976742
981474
976790
968581
989095
975962
973196
981727
1005925
987382
963673
966008
965396
956274
978330
964882
971646
973033
969929
962498
975870
1025338
1025010
957888
989915
982472
964178
977340
967258
969484
962354
978918
975715
967418
971217
969480
962091
974547
971771
974393
982632
983474
1004698
1019369
1024431
1025900
992023
994799
3295036
1007818
1029963
976257
959628
969517
997350
1041163
1014327
1034704
1034849
988824
970726
978025
969300
974057
987917
973456
968678
965924
974728
977453
979850
968619
979086
976162
968706
965612
972418
973108
971986
974904
1001618
982105
975796
976119
982878
991762
983917
971399
962296
985533
965825
966987
953291
969276
981831
975363
981530
974529
972489
979068
1027980
977398
980346
1027044
987963
1033495
977434
987385
1040075
1000181
971458
970717
972658
965834
976505
962495
964232
977854
961370
974181
967027
959943
971576
964495
974538
996262
1021373
982911
969527
968587
963303
971583
975001
963516
973401
966817
965419
973861
978791
968065
959466
974419
965099
964909
973786
981860
983782
1009127
984907
1032195
969416
969214
969305
965215
977495
985583
972319
984318
981941
1006755
995757
979644
977565
968562
978928
1038884
984879
976781
975517
965990
982194
1016613
967179
975903
973534
1042560
972769
960255
974994
974283
970634
971423
974179
976292
955904
1005439
1033913
973621
977791
970948
976829
972613
968426
964783
975770
975330
978730
1020118
956183
989147
999236
974744
1000929
987998
977583
983414
975190
977610
978729
1036917
972139
966644
970874
960584
975077
988651
980001
970499
975816
971229
976428
968972
990325
1017595
1033405
1024208
998659
996912
977985
1042200
976772
968277
967039
961997
978203
976021
973579
975630
973663
967025
969944
973051
976372
968981
972250
985166
985727
978938
963331
967895
964328
976473
971572
970655
970727
976452
969025
969659
976388
999926
998003
1029096
1032951
960867
970913
1034964
992965
1027564
987498
967019
969641
992971
1007681
968365
972912
992746
993825
1003263
971190
970742
965387
975361
981503
965841
976525
973641
981913
972469
971953
982003
976916
994325
1004229
970966
972455
985984
987921
976111
967116
976123
978867
960865
987390
1037093
1040851
1029864
978325
966166
973565
971228
967136
970273
963340
981129
967232
972570
957361
970453
963550
966695
959562
975537
962689
970031
976868
958875
986185
976794
972168
982802
1015159
960504
968384
967357
965081
970123
982626
986162
973582
969503
981189
968086
968272
971967
973856
973782
987369
982405
972644
980552
1009227
972919
992303
1039995
975063
1033166
976534
979357
966578
967068
982577
974680
968001
960204
962670
968299
990911
981591
973315
980713
964400
974544
973592
981367
975225
980977
969288
976126
971286
966866
973162
965841
1003340
983202
968631
984455
989785
968887
970109
971822
971284
968951
978544
973618
972237
992563
1022192
961728
962363
982984
1010332
970217
965626
968606
963160
963005
980533
974476
991300
1020122
964519
965579
965430
983038
1027248
984943
978643
985810
978546
967414
977821
966059
969579
970476
973228
971162
990589
1034069
976312
972298
990873
1017738
992305
981915
968326
992619
1021815
1024913
1008855
982594
1005422
973199
977490
981481
1011857
974958
990863
1030234
1024585
976631
969304
975158
966620
976954
969130
973271
981469
975968
963279
965736
971182
964247
962704
967970
968095
969713
970766
964005
964510
966187
970694
963249
981170
1003420
969377
977041
975807
969419
958258
967060
970992
967140
966289
976332
988218
1027917
975388
1028431
972015
995109
993394
977953
979158
972970
968339
977937
964232
1031032
978941
973244
979874
986517
1023603
972709
980715
969800
974865
983560
975072
969634
975744
982705
964811
969494
977202
987317
1018951
980911
975572
968645
979603
988288
969084
961360
964325
973057
972613
987877
978287
976454
977191
971310
1024575
976949
971174
962605
973665
978357
971595
974980
981252
998154
994487
1018090
1006868
1036640
1020164
986996
1006731
1010163
974941
961335
970831
1002552
1005952
969706
958174
974717
986382
969081
972647
966582
982155
975972
979340
1025820
997584
990398
965006
973142
978902
1023344
974337
972809
977067
975410
978730
982778
972064
971121
969522
1011732
986833
974228
979160
964327
970088
972098
978724
984032
1029489
969080
965871
985597
973745
969466
956832
979439
970042
973103
978423
982082
966411
971340
977728
972627
958534
1000692
1012303
981547
967852
963359
975684
965382
979632
1021192
963353
980883
978161
965888
1015459
992070
988891
983603
993533
992698
1039133
971319
980976
972134
971344
964206
970209
1019697
955441
976632
960592
976204
975937
984485
973388
965168
971967
968876
981347
1012355
968657
972831
983554
959858
972401
963329
972016
976985
975237
968439
972895
970233
972379
976026
969062
969883
962762
967894
979169
969988
971346
966197
987599
985870
971675
969496
973790
967237
971991
971999
960174
974222
973603
983454
961693
972547
969824
971818
967086
966730
972321
977259
982909
976283
987020
960228
979102
972382
975367
978682
985708
994709
1029499
971358
984256
992074
977135
961892
979133
981523
1004404
970106
1009002
1028397
1020182
981202
999269
967600
983560
1024241
1018959
990633
999671
981685
967582
969650
976533
980047
971643
979490
972309
981392
1006894
1025831
1022587
977882
985843
965597
985502
1016370
979116
966759
1003400
1021294
986932
974405
973549
975217
978101
972869
964858
965826
1823032
1050840
1014525
1010651
1005696
1000582
999662
1002300
1008120
987918
1006999
993831
970578
961962
967650
969481
969752
982075
970324
973637
984306
976765
979490
975567
968754
970467
971568
972684
967270
981170
985039
984534
975448
967987
975686
973486
967656
981004
967291
963496
966775
965628
1006110
1007487
962297
952508
977712
969060
959119
977245
972530
960289
968905
964593
967793
969051
969852
975307
958774
968534
964519
974725
979818
980799
956139
975828
969370
965906
971020
964530
971266
979879
980204
982272
976309
971079
982731
979953
976338
965684
971824
985371
968255
977407
975230
976800
968113
970201
966970
979483
972316
986765
984952
969930
986860
1020236
968468
976327
961222
965579
969345
981894
1005218
1012464
980184
968759
973340
990813
1024339
1010006
977008
974423
977519
966495
963507
962222
970816
968042
986313
1033503
1027242
981778
996791
1023385
975684
1014678
1017216
999237
976318
957618
961254
968930
975870
980814
985127
1024009
977946
1017821
965196
966757
964320
1012179
1024511
982547
980497
1021641
973049
968665
966312
977696
983023
1027001
975890
969217
1011601
975959
969843
978785
961966
963942
978710
1032531
979494
964158
977588
969224
975112
960888
974653
967740
965516
975813
997972
978847
961993
986644
1026191
1026725
1006777
969594
971466
988569
977878
982655
968175
980022
977825
969341
972652
981293
969910
973581
962366
967673
975030
963199
973946
975408
962874
973175
965200
973038
979415
991123
975143
976696
972842
980011
973620
974449
975561
957866
987138
978762
965744
976115
965444
969932
976812
962885
967520
974222
980667
959040
971110
968769
970997
976117
975084
961969
974189
968320
985095
984931
974566
971230
980753
976406
964083
979258
967134
971082
981881
969079
976998
972963
975417
974973
972654
970035
966244
968715
994411
976581
976127
967318
972600
960336
966374
976717
977778
972453
990492
984526
978080
971804
973357
969289
967339
967795
970133
965703
971763
964774
982979
971316
981995
972201
1010394
993840
1028285
969160
987895
1002060
1006869
1001178
971876
968498
971362
977507
973790
981805
968632
977777
978429
962403
973127
961704
975916
960053
980923
979445
975451
980417
984143
968536
989688
1041385
981658
1039598
1021076
967277
968746
967765
964949
954399
955086
971558
966530
971549
967999
969821
972213
974386
955172
971979
967678
1019270
975216
978134
958590
974262
965260
986979
979982
970608
975225
991850
1013903
972509
982242
972721
971232
997207
1028112
1028926
981455
971972
985162
975234
1026865
980785
967285
979115
963672
973647
969883
991753
1027462
990226
1008182
1021303
970233
967274
975766
974459
970618
965781
995575
1005447
1033325
999509
1004147
997577
976244
984862
1032536
1015952
982334
970141
969047
990296
1012030
980125
961991
974556
967738
964800
976344
975670
971751
983856
1018445
981932
981842
1020422
963089
959756
982665
1029617
981637
1021960
1004408
995579
992371
1036746
1013572
985560
1018657
969843
974861
972897
973222
996276
1016507
997763
968567
987272
1038532
1002664
957885
998296
989351
985150
992572
1001881
1024768
981025
964331
972074
967057
969153
969349
987260
971286
969232
961275
966965
963509
977068
967224
979760
974794
992542
970564
979006
972581
978044
976428
981791
962915
975344
974863
982768
978351
977829
963649
984071
972679
976817
971157
973756
964933
992067
980585
990626
1007095
973251
972053
989094
1008198
1006604
980067
983717
1013859
977338
971755
972958
959243
987598
1001299
978972
968741
976595
1018476
976938
974225
969987
961059
980621
974730
976492
965827
968904
967463
958273
964088
969010
971817
975877
968850
960740
983687
973905
964319
973233
982086
976735
972866
986538
1004142
962160
975878
969196
974417
972323
966649
971812
961407
964827
980482
991104
1026115
976451
983151
977407
970191
980243
969617
987719
972288
975013
970793
977754
993168
981169
979422
974646
979910
975171
978898
972278
965013
969746
992126
999011
1024718
973553
973199
964469
970612
965588
967875
960631
991733
965198
976541
969647
966453
970301
968996
1003794
1026831
998485
1005120
1030178
987442
1040274
972027
965097
975744
960605
962643
961334
987568
1034684
977767
974807
967135
975097
975647
962191
969782
977312
999056
1028123
981404
983618
1011321
971456
986441
999801
974821
966171
988368
996805
1027617
1011595
1031469
1017154
977737
968783
963875
972487
985776
969142
975180
979723
964665
968495
980307
1018755
983680
1003535
1030402
980429
969316
961559
980695
1035284
963340
985480
1019061
972971
989402
994440
962836
973253
985392
978265
977416
969278
974323
973619
993919
1011208
984359
1028172
1035507
1010449
974115
960303
963873
982177
1001411
974946
975767
966988
972974
970748
966592
969641
963844
967306
983166
988696
970182
976139
976504
984417
978485
972530
976089
972374
990295
980391
962848
973834
967465
972003
966623
963875
972348
971922
978608
970886
969085
979729
980362
972280
981864
964165
976995
977527
974918
985751
984723
966521
1025041
974089
964033
953066
971976
992536
1030576
1024667
969020
955101
954426
972183
963341
985022
1020407
980245
969763
980740
974242
967189
971074
964004
968080
956692
968289
971697
969422
969639
961190
973081
983859
983433
975949
966650
967148
974882
967480
983314
977258
968778
976389
965394
976379
974686
971394
972808
978315
980031
976537
982370
971715
972591
971965
968475
980365
969087
971486
988969
969248
988307
961411
978222
972514
981051
970760
975964
970919
972518
968364
976472
969058
969350
972667
1003417
1029534
981565
963053
987958
983710
977022
977390
969922
983565
960702
967599
974246
982573
968646
981279
970965
969767
970986
970886
993343
965298
965675
970360
980451
984194
984066
972488
983869
973919
967493
970042
966535
976037
969918
979478
979202
973295
976917
1021852
970222
970188
957334
968304
981575
972406
975956
973123
1017212
961635
970624
960045
974757
977286
975452
970043
970532
985554
959544
976553
970212
976516
985761
1020075
1047781
972810
974463
981869
982212
978783
968675
973280
961127
977684
964854
981851
1028079
984200
969586
969906
971130
968362
970548
975279
975010
984809
975274
969589
965779
981235
966672
978554
959222
975803
989470
1023050
971991
975347
974010
973279
980595
977451
969682
989546
997586
978406
970615
971720
967936
962050
975189
977662
1014933
972076
972974
992989
962585
975654
978422
970019
971088
968962
967399
968335
974529
988030
974714
986820
978350
980447
969943
970074
993798
1005444
974896
985465
970838
968169
970214
995766
1006634
976858
1006310
970134
966893
1799133
1510533
988867
1042848
1031812
1036138
1035322
976320
1036060
1026219
975204
987610
1002659
1014895
1015604
986428
1066373
1010191
1043291
1022839
1025161
1040880
1010255
1039575
1029541
1001241
1034685
994047
1005473
1035739
1010451
1752468
1013391
1005002
996887
995075
1005558
996453
1006138
1006518
988074
978321
976311
968082
976856
985988
1030922
970134
972527
1031372
972873
984851
969245
977422
973450
974955
986042
963140
974098
965263
990536
975435
1030099
1010764
987760
1032550
968752
970313
963613
967013
984641
987709
981361
971295
977486
976543
976365
979746
961380
972537
980427
978354
965033
975655
966492
970687
983751
1002019
971325
972837
1002131
1013441
24557056
24216898
1077243
986855
987945
972981
985694
973130
1007826
977772
974939
977454
976624
970254
959376
975216
1010620
979987
976484
988466
1009354
969662
980099
962462
965879
962467
986962
972767
964656
995458
1006978
970052
970912
975374
977303
1015039
992653
983389
967184
975486
973823
965290
972340
977244
963959
975349
968462
964142
967045
985439
977670
8922687
1080132
1057180
1040849
1028500
1008288
1030078
1002651
1033534
1016593
1025506
1023385
1030617
993522
1021345
1040342
1030311
1023631
1044120
976853
1031107
969949
1038842
1020742
994834
1007192
1019158
999601
1008707
980987
1033350
995586
1020420
1017973
1017354
1001362
1029502
1011561
1048250
987268
1035785
1013044
1020968
1027988
1029001
1013195
1004641
991479
1004918
997350
1030856
994930
1032784
1024047
1026751
1005888
978099
1026525
995021
1034755
993483
1024425
1035125
1009821
1030133
1025275
1020704
1030694
996914
1030061
988124
1003155
1036140
1009760
978215
1008875
1007115
997210
984459
1021719
1013837
1025217
1027714
1001927
1020148
1026408
1025390
1000893
1009688
1004038
1008835
1031422
1040196
1031958
1020933
1025802
1007655
992568
1055493
981975
1035422
1030317
1022831
993696
1002837
1027466
1018343
991497
1032817
998979
1025302
1032251
1031269
1019789
1030259
1012562
1027500
1033744
1028106
1003748
995079
995055
1024262
985539
1027932
996372
992632
1031093
997409
1017096
1025379
994203
992848
1020927
1015823
1028091
1029984
1024222
991324
1016011
980691
975415
968786
982385
975200
986403
1012832
977064
973470
998810
1001930
1020380
1033717
990120
974534
1010282
981412
1024868
1025506
1033689
1022088
1010772
1018085
992338
1018114
1008390
1022048
974819
1015446
980929
1019447
994683
1020091
996947
1002539
1018173
1010367
1018776
1020567
1043405
985894
973934
995595
976088
971375
981330
976813
968461
975753
971084
980678
979867
994560
997209
965202
963028
978766
980638
970435
989290
1036491
1035808
1028943
1027812
1000923
1014072
984172
967893
1020290
1028554
974053
968600
972654
993695
998606
971977
963647
1032758
969270
986820
983260
968015
1026239
1029779
1013166
1034885
972829
979592
1020438
1039032
1027167
1025042
1033982
972006
1024591
1022752
1031823
1022736
995786
1040835
994886
993939
1029023
993661
1023003
1026094
1025929
1016389
1026916
1036536
985650
969485
981892
963859
983170
977524
967220
965657
977731
984712
982913
978228
972437
970709
975967
966422
977778
977683
970581
988548
1010030
1023540
1004319
988072
987516
1024114
1015154
996107
1025744
1017170
1019061
997985
1009025
966674
983410
988948
1013427
978543
980650
973046
970357
978628
973310
990629
973073
1022394
1025546
1017915
960590
1048247
1009525
1021248
965843
1030268
992908
1028431
1038625
1031272
976423
972941
1001717
1005107
1033492
996617
1011611
1005793
1027537
1027590
1028630
1016140
979311
995345
1027313
1026694
992331
1025247
990278
1023159
1032887
1058014
1007409
1009218
