525005
444924
501878
475835
488531
483562
472628
513421
498765
474076
490625
463364
487391
458353
435788
466581
454487
516935
469814
493284
510601
494555
511418
442641
469798
443807
473775
472438
485827
494231
477856
492177
488620
448563
457572
464205
469436
491825
459491
479166
424188
496929
468152
490550
468044
459233
434909
450099
489776
478301
441492
489582
448850
469720
477733
474477
475574
430485
505077
536729
487808
473529
456763
457546
490488
514559
472640
498378
467535
524911
470420
519248
461218
454593
447279
493772
539464
526004
477107
476850
547203
479468
485669
508216
515477
503748
544027
452368
464198
442949
496468
475261
526698
474101
466915
419262
455638
477445
487585
461355
454374
462485
430969
491078
492232
504813
477110
443621
456667
476916
485919
489232
492877
449261
458968
486733
469351
450928
450526
478098
458319
543895
447261
422307
455117
446942
525766
488649
477197
453210
491097
462828
507705
496360
454059
465389
465661
488281
493691
471930
446282
466707
458884
480366
486141
518792
424568
491373
455345
457435
453178
464393
525397
504816
495321
454172
447152
494578
476480
472906
467776
455059
492991
438306
474803
513172
461111
490628
503016
440352
484800
442696
457511
470775
488950
473193
454020
441218
483332
458577
434084
511086
472336
480035
440952
512347
442630
522236
468962
450484
471680
460646
531874
491124
480232
460628
504792
462543
474543
461907
474746
499540
503595
496892
423411
464181
485585
439525
486707
445636
425105
425680
454566
488333
435275
474936
494352
457774
465250
418067
456161
478899
464739
446871
471454
440131
480597
488004
471066
469485
491561
506303
487177
472127
439095
454948
508116
474189
480476
488113
510976
512814
480142
493374
467208
543879
502792
506170
493741
460563
501094
474508
476662
423123
424180
501185
521146
473550
488114
488575
493055
474312
453799
467849
435335
461687
479132
510125
522545
509407
456062
514548
505857
502641
503754
537156
438426
440974
498075
480491
503050
440658
454107
440454
472235
505886
491417
490889
501491
480599
492393
465384
478548
508799
427587
443155
445838
484911
457136
508300
461589
497692
473289
474671
468239
482438
482394
451606
440760
460249
505670
491132
473070
458422
452693
488693
453523
536712
484717
512698
492127
437679
438522
495584
489294
477294
438832
474329
476999
465424
479308
532639
423676
461105
477469
501522
535792
467064
477631
493756
482843
460243
468598
486882
461129
442835
473204
421284
456549
464532
465888
525552
461512
493271
479950
464666
468208
478243
520535
476328
483925
523728
490512
424194
472799
474492
444479
465326
466320
434083
471455
470927
508395
444218
507040
493119
436540
429418
468301
504464
477701
475664
471535
475552
490331
472968
473486
475983
487784
427258
474391
482056
475318
534284
476581
496973
473051
483049
422308
481621
477771
442863
461750
495741
506318
472171
509004
476233
466641
486997
441867
510063
474050
495404
521708
444083
429940
493488
442915
454171
467528
471819
472964
481928
504395
478528
462669
489944
526964
483683
500023
474314
555982
445088
473767
461098
490407
474523
484412
492828
493767
434323
453507
473520
476418
474419
497984
520539
453446
511648
452735
456004
493005
435426
457884
451612
559587
506529
460076
454535
460921
472740
485292
464208
476143
448032
468803
463261
469294
468822
440594
489611
467475
474169
514427
493613
496096
416947
435777
463176
530397
470804
503819
487560
469150
483288
511076
459782
507639
473913
504808
432776
461685
460142
448287
473902
481529
474865
505789
467712
432790
474839
497848
456654
443560
490993
478909
455692
451145
466398
477469
489879
466785
459114
478386
493399
454458
476843
457409
430514
453320
474058
468987
456528
491941
480688
501603
506612
471555
418086
483253
486850
460224
480308
456476
463712
504741
454767
484106
470977
432849
461783
454981
429268
455117
473953
489511
518863
509927
487031
473107
459072
485539
479371
539989
447795
450980
530241
483558
477363
470115
457356
459685
472298
450672
501685
475426
488992
497331
442436
492772
466955
481488
498109
490129
462745
458482
458741
439300
479685
513885
459189
432348
471703
445226
418039
472116
454895
492257
491789
471728
506582
459142
479032
438149
443298
473385
489593
430786
548504
504467
505403
473910
446702
498958
453511
461380
489807
477605
473704
493221
467245
463333
454832
470681
449839
490448
435520
458768
439848
453414
482947
471198
503376
483171
507679
477529
456440
491505
536464
498330
477011
475153
447497
487098
501663
475403
507009
508412
467869
442186
453224
510811
438318
446519
500364
532405
489619
477882
484699
456900
454752
460207
470622
484503
455821
530793
474356
493398
459559
480770
455467
484426
495017
486203
488574
494124
456170
447177
470690
458439
515332
493649
486278
419872
440378
450099
453343
463254
426502
463024
541356
490263
478887
510524
501894
548524
476580
465950
452096
471012
435874
475881
474363
459296
435456
491452
461245
470173
501381
481853
466735
494821
524388
475305
525187
437669
496539
503665
452245
491633
519358
532777
449439
504513
475770
517408
524190
470286
466700
507795
483507
465324
492932
516986
497433
464794
483559
431031
466331
478598
482605
412064
477329
479582
475223
459231
475027
422557
460598
445905
460936
497363
455969
487251
484648
530601
457355
454016
467703
494239
444100
480574
508674
460188
461184
472814
474565
494240
520705
514620
504098
505812
464835
466887
458532
443049
453948
495858
453654
482878
493475
475982
472445
511906
459545
513433
464751
506189
471946
422306
449498
488835
482551
457379
455436
467569
473822
479052
456399
463650
473266
460827
460727
489034
503820
481472
497330
511579
470753
437468
470854
445904
452130
503302
478781
479054
457568
530035
446190
498639
494145
510034
449982
462415
490829
510121
475735
504071
437097
482404
500057
512244
499699
468702
506456
455343
443232
512730
476267
469396
469509
437546
418343
471587
448769
439526
453905
437999
477609
483930
494186
445653
439833
515311
477481
484334
499109
460549
494148
492578
450997
527065
473115
472192
506495
505224
435632
453491
474858
439238
458217
482752
424355
501286
487437
463753
450228
475189
447349
456568
436618
444479
510174
477628
474633
499127
440213
505643
466361
491542
447650
478870
509216
489090
474201
492234
456936
460668
482760
500409
487687
474693
490557
491653
459446
412316
488180
513025
469135
482746
417151
476703
476779
467025
455790
473164
442996
499426
473249
473145
499540
491352
508371
508027
506972
427056
440425
460038
452644
447145
491150
518100
449853
491529
493019
484915
505651
450152
439207
499445
443956
472815
506656
489277
488081
455544
443206
494963
472825
491773
525239
508356
468744
478464
503155
475734
459711
512563
470757
509251
501564
454476
493211
510756
511699
480276
420251
482179
437426
474413
423263
502362
532298
503909
469218
439299
505592
473549
446692
447043
455217
515747
478269
491933
435044
494465
468242
489749
445886
462333
447914
466823
477025
459271
456648
457989
453081
487814
541611
510107
506650
499461
437950
489769
492483
483387
454972
441007
504588
537953
513214
489891
455059
528311
486204
426074
455104
493017
471348
437841
475417
494853
452165
474541
474166
503219
454574
494530
457137
474186
471159
434370
495774
455737
478016
484927
468484
532140
476998
487210
492190
497127
514009
491508
437827
447235
504084
501153
497955
494273
472678
470263
480314
481567
476297
541635
478262
509187
448768
443099
477038
466132
475937
456092
499848
474505
477665
472330
469693
507223
508836
433774
480128
468455
535022
502192
494207
465601
515074
543730
442706
445891
453579
417419
442926
492211
460843
438152
439519
488658
479760
454823
481806
497123
551694
462616
496542
475033
477676
464579
492375
487041
477453
468266
452722
481291
489664
451300
493192
472030
438431
457000
458908
486739
426210
492576
474790
465828
508384
484955
490373
450169
489378
456292
478771
524258
465171
488459
469027
457155
449699
559226
475351
499770
491988
495514
442387
487950
451681
460352
468825
450636
489948
535430
464011
507011
473425
444264
463952
464707
472093
443341
461540
439512
475250
514950
532237
461432
520186
450082
439307
459440
472817
486574
549970
464987
493379
451955
478107
481792
438081
438918
451169
469881
492237
476863
464880
473529
481626
477924
510629
496546
518269
477253
435580
462475
482644
478100
484133
493449
488531
469705
467816
460278
485070
496838
441932
482767
464976
489911
462763
462455
472928
479010
487731
498933
524701
534463
488518
509056
494558
445379
493684
535969
420490
458138
474916
519979
474982
471331
466227
469517
468014
511621
439989
468281
470473
462560
458202
498804
492769
463866
502760
452754
501103
520047
482486
491945
438453
454997
490174
452586
433460
510745
476298
475919
504055
465396
1029559
439257
444644
459017
475976
471556
475256
486427
490118
464433
499929
434238
461383
452063
477665
505386
459926
490302
466340
506660
526833
469660
514934
533137
511589
444068
511840
484938
461722
508604
466006
480991
486830
505205
471564
440610
438692
422676
490457
449717
453131
488624
453833
474389
469058
482559
425077
524612
520367
487019
494285
473478
473290
470242
463589
505387
496736
470031
477815
533506
464253
506697
478209
491592
449706
458446
466358
445812
510015
491549
475432
476749
453089
472333
486488
458978
423811
466577
482399
463204
454798
444678
417985
420110
455734
443017
473157
430855
460892
451565
510469
474407
519845
450618
482234
473230
460617
509502
531608
539979
454713
492454
474459
440900
456741
423054
462319
472864
510083
476635
525486
416242
452664
482981
493282
490296
530308
508117
463753
434200
447607
466487
513337
439467
468933
452091
445360
496029
479393
474278
443892
454268
498344
476593
461289
457907
424229
500716
496249
460451
456462
519945
505861
480648
459023
458899
460412
497494
522866
520895
490672
454458
495280
467611
482194
491743
462015
418642
513859
452066
459375
473918
422513
437003
518733
503855
469911
498360
474419
437412
479848
457743
465295
485511
500547
474877
445714
454147
497426
450816
493753
437570
518461
471459
452906
475194
496006
469747
464136
487273
489696
485504
508377
452894
491224
446819
453342
492018
461303
458863
559023
505103
450164
406811
529209
492787
469688
462397
470659
432148
443042
494456
493580
491110
461256
434132
443993
493477
474527
473364
508767
487884
477608
456346
497024
489784
460277
442089
473018
486536
476538
498200
493797
502123
488975
456532
447393
481025
510817
518764
475080
477017
471266
472444
449486
470812
508822
551400
509778
455186
466713
467216
460213
501561
469097
499040
517378
453317
490844
488537
493588
438907
456818
481741
513377
462251
493278
508884
455144
434987
457532
441933
466580
465262
461044
468445
507996
504460
469289
502101
473496
465979
447159
487096
478541
438958
458954
472831
446865
489932
479456
437910
485790
500145
448550
520301
445518
492284
515260
453033
491176
480840
488832
447357
495447
452989
461089
471799
459950
478675
452579
467002
466084
456728
484697
451858
471297
475280
511008
424682
514398
436970
469116
471252
535677
483095
546210
482015
477040
473277
508217
476383
436280
499589
475818
491865
492706
475123
439634
437960
458663
473958
445302
451178
529778
454922
449993
518647
453277
475964
495088
416787
443287
471130
477464
454770
487385
474335
458981
458040
458579
470042
446613
486765
475474
472937
497230
488543
488060
499072
481746
536463
507841
454318
477202
491790
464068
440119
500414
455545
499067
450507
501344
458592
482050
463750
452676
493393
462141
480660
472413
465241
475768
482006
436653
469088
475326
469697
516094
474417
496160
422316
459650
464267
509631
458132
544363
482485
458863
420011
495836
491714
483656
467281
468004
482786
496401
483970
492061
472345
438248
531641
479245
474450
460565
439173
462205
492138
465865
491423
452662
505502
485612
438580
513975
488619
510092
441566
472093
466486
507209
457114
497039
476566
452012
509113
469429
440429
456295
478327
475945
490900
481340
437353
491634
497291
444593
466648
452561
471223
475345
469251
471668
540070
476161
491780
468959
517389
479494
471748
440505
434546
493513
454068
448024
483484
490463
448893
463185
483907
461660
455138
479041
436743
458799
477383
440636
455779
464775
494877
437446
472502
436845
509626
513139
470585
485098
437725
422382
458829
398100
489229
499740
473208
484877
465002
468664
472282
509101
491815
449500
496951
492210
496334
467598
499614
525721
498817
437552
436783
435285
444846
486191
487997
468681
469897
484194
483321
442201
492072
504993
495180
453381
512941
492366
454426
491429
465993
488821
484927
476197
475455
475386
462126
456100
422986
488991
485696
475475
441546
451994
481037
470298
479726
471565
486449
465744
524558
457210
476877
419590
472752
441516
489653
449352
497132
416508
496244
480290
450958
485870
451911
447914
500190
470087
494059
434532
493104
477111
473163
493465
457801
483593
460979
456412
441171
528994
541343
530235
494965
435499
456515
487376
495098
467194
450441
435208
493598
437350
457938
453245
459332
456629
442191
492536
489153
501332
474506
465741
459382
453533
496191
415592
457769
418270
461010
489748
480084
485746
448008
510959
496392
419599
518692
442556
469426
466955
473185
493877
461479
454881
469720
438254
479344
504007
524570
473826
478424
499032
504054
486262
545630
482614
501669
449910
439419
472119
477456
497926
475440
469815
476327
506720
495462
460784
537480
484641
488345
472198
510408
456086
495885
417702
476378
417731
457241
471661
476259
454249
427501
477500
454730
451072
490154
476906
476327
491089
494462
461108
447992
466467
452313
455905
481001
486766
431090
437600
526022
448826
479461
456065
453673
499593
487863
449259
489911
416921
515737
468895
526594
468624
478151
473425
452300
464644
505492
463359
491886
468949
559869
468573
463343
474200
472135
453833
437928
492163
421274
487007
508973
527176
493271
504691
508800
467222
472688
476145
474564
464632
481067
463498
474659
484086
457719
454247
477046
473269
475924
467540
451915
485695
496295
440746
487643
472707
473785
453402
513438
459817
464193
472498
477116
494389
512409
446562
464382
527141
490944
479412
474092
460450
473769
501868
456496
471519
463203
453202
443010
507870
472376
517822
471510
508975
499894
472744
498666
491226
463689
474645
470641
483751
455503
399667
456628
491966
496587
469610
441044
458790
458864
522169
470983
469847
483904
448210
453790
497252
455004
462817
473060
438780
473676
489388
476587
441084
465421
486364
526914
436302
483837
486036
454600
435797
461193
523405
507130
503764
514831
544246
445196
439949
442257
506718
477166
453161
479212
448987
467781
450834
459818
491272
549276
432675
471626
555322
456420
471883
477169
483723
490987
424787
446792
475915
473416
486697
421122
472224
424632
453754
539457
439389
479510
509742
492486
448794
451365
490821
479086
484332
433041
457330
563731
478337
522002
515390
469298
486576
457234
486934
460715
443048
445052
496406
456559
474785
476481
455872
438537
462229
457599
485092
433110
482182
504465
522318
456085
458630
469099
475055
529185
443521
445064
516818
529467
486309
433958
447214
434917
455626
475894
474221
469272
458345
507943
495758
457977
530488
472021
459596
487683
521792
422300
426289
469103
452527
484462
439399
432905
441304
471444
492743
494988
478563
506258
491265
509419
492544
506217
507454
472537
442513
467621
490133
463104
478772
452370
494641
451836
472550
484278
480280
581166
445525
478789
481375
506434
454369
459058
468831
514040
480286
450192
467569
460451
433908
464598
506273
472383
420372
492245
512590
436617
445621
470909
482462
465056
524668
440944
550720
520530
452694
472744
542320
440477
480367
479272
448600
449632
470065
486824
507943
525245
409336
468027
448481
489446
453251
489394
500835
528948
479145
473532
441681
530209
467408
471384
487101
487669
447352
503441
500736
478358
459367
508816
482506
454647
439074
564815
431847
484138
455706
440077
461953
511263
461986
512755
459481
493039
504510
462777
456812
511247
477461
529217
453661
499180
475720
502700
455533
445446
457576
509745
493635
425747
457278
503421
491851
459770
453413
497455
477953
530234
466210
498596
479897
492478
454133
483038
491372
479012
463600
504181
500816
482986
507135
436214
471981
460112
485237
514060
466908
488955
504064
491275
442387
481041
508603
477429
415901
480951
487245
522417
491555
524529
438031
422856
455120
455434
448339
464019
499804
482519
512455
421795
491761
445169
457797
491911
476132
499158
488940
504040
481955
496338
468792
475388
459908
506295
559449
473092
533703
473775
494321
511519
483016
511582
449069
471041
455855
442585
498138
455085
469300
447431
451365
486957
481941
420179
540106
514526
467680
549996
459358
498711
508789
493695
465670
490837
473735
449665
485601
474353
460700
504250
447848
491015
513858
489020
460589
492066
460533
507230
500993
501645
471986
487682
476088
473766
438716
478542
419563
444207
473310
494333
528159
491738
493208
470776
473563
500367
525188
483537
481965
457657
452569
480139
527036
458960
472647
515013
491643
487241
451010
493749
500315
477496
469137
456323
468336
472413
434381
456165
487124
512566
467862
462616
460719
452933
522391
510255
469686
479327
457208
524512
441226
530148
487610
504857
465667
493584
480005
482170
553814
445390
532739
443298
491635
523588
451948
468404
475881
457756
502265
438250
452076
473034
474823
446187
511860
442108
487866
451352
495782
475054
481397
465966
491019
492267
478822
467149
426727
455239
476258
455824
455499
477227
477446
480873
507266
492475
468122
521025
507091
505409
492517
435454
485136
486706
439489
471512
466167
427400
429596
485699
434871
456244
491457
494595
483424
476337
450064
505520
456116
459040
514351
433782
457474
457457
492154
457422
476028
481860
497358
487583
472420
452064
471049
473790
486159
457994
437033
493546
435683
474965
456835
462745
462815
546317
443918
436946
477511
475600
463499
446597
456377
457240
449903
462204
492169
489292
480657
484583
477682
493882
440856
487907
477159
525265
467451
501432
514889
465732
452800
439749
494520
502612
448988
474853
473431
475390
483172
474437
450645
486785
538691
474536
464755
476041
475733
489835
503662
517624
503284
507349
453383
508730
485983
468657
474750
477376
469278
504948
451520
484723
432915
477680
474255
458900
451462
465928
450376
454774
476969
500589
471490
479515
453203
422453
517119
453531
495883
421350
462372
504862
523076
506178
580063
508440
504680
487708
441968
516436
446941
473559
481024
423408
458415
487338
447117
475150
444814
497022
464428
456878
510117
465410
439990
493136
468130
475858
519699
480937
489901
478539
494447
460019
496222
475526
474412
444513
507924
517185
462163
490747
449039
476716
458445
493354
456391
490177
480261
478935
459807
481063
440558
457980
503385
481805
470620
476657
480122
478214
489109
464243
542411
483362
506260
473339
498989
476142
549311
531667
487458
464472
545403
485445
454217
442269
435294
495326
466455
466931
468104
451276
472299
479967
467760
515647
483466
471339
467451
455042
456578
478735
479155
473648
481985
474348
485425
488794
474841
478846
432271
421909
478082
472053
464905
471287
469778
443027
449106
498575
507622
488841
471678
420625
493639
521818
434088
515366
434424
474646
539876
528789
479550
462026
452394
487437
517052
469544
501415
499490
455598
480697
472767
428182
448562
487222
504762
444086
454223
445679
501485
488311
470077
464310
493810
454341
483148
512617
441328
493535
465685
485483
466255
507417
477199
468868
525716
446884
470939
483912
505593
502441
481673
501831
454629
548070
478876
471792
465367
488518
470552
450170
503863
454208
478724
476658
490799
437447
479941
501008
470950
549227
477274
442719
534542
486268
509715
486118
473650
524269
440274
449747
485080
467444
472128
530804
479738
471098
511390
472445
517159
434650
460327
467181
489953
441522
456834
483302
458979
523078
462224
454963
444173
474271
487517
465732
471250
473380
516201
457957
491623
498413
494493
456506
475288
454688
547827
502219
512111
473690
476499
520980
513458
504039
478806
519930
539514
462346
472152
502374
465610
549019
505215
488107
501480
474342
487827
487541
462209
477533
433165
462085
457938
509852
461115
486335
451068
431841
474203
508772
465115
458509
456825
548701
517940
527385
415110
461735
436770
440104
435429
480224
450653
491614
512474
442305
486712
444804
459100
489188
525541
458834
465196
438535
512327
461895
526630
489727
514832
537773
523485
478727
457739
494475
458796
464758
463434
433461
495626
444870
493567
432927
487033
470788
444346
454538
486894
459444
469623
469893
469728
512115
458850
500010
487378
420866
451710
457433
471253
500082
477090
506232
505428
534421
501981
504769
473731
442614
484820
422325
440290
481669
454772
512083
462456
514850
452218
462406
492776
461861
492262
498400
489243
460510
466823
556905
522746
473329
449763
496420
455754
442605
470663
493070
450356
426162
483846
460321
499145
472224
456134
455457
507468
477835
448199
482549
456020
531310
476584
479093
479119
564138
475213
464259
471979
458248
514000
500454
463957
457585
511589
476010
506304
462555
492464
472950
481112
458544
452962
462428
485615
557342
450712
511156
490730
495521
474183
454121
460356
443389
472939
457579
514718
502554
465791
494334
510880
468275
512360
462392
470113
529513
452799
468505
501506
475652
514014
446911
468836
505295
506710
452142
494447
438884
521294
440203
492005
485250
473761
470254
516835
457614
476090
467080
531248
502291
458150
473347
492637
481700
426456
498539
488211
476494
514031
488858
492613
470469
449394
475150
476801
475411
445149
486993
498395
457088
476202
454480
460701
454992
461538
498322
509067
522142
479929
417787
538237
458810
414292
506341
513980
430483
460851
458822
528860
445344
464247
446023
499021
482738
482899
467011
469058
469526
461539
485665
488350
586489
487407
458771
485269
468101
462250
476619
455194
471629
557802
437194
438475
470112
502646
469792
468499
472305
479598
461142
514035
468858
470243
487589
503615
522940
480866
491524
462572
456261
460894
471237
499416
473887
510542
457092
470527
466241
473929
442974
473433
488350
506134
470817
526050
503865
515058
471493
425331
459997
457571
501157
489039
492425
472585
475750
456320
454132
475301
469557
442866
435227
473946
519163
472794
471320
430107
475298
444573
439389
486286
488160
478998
479287
473139
445326
507068
469872
449843
506514
468204
475905
487597
447057
477770
488168
513107
452575
496927
507660
461255
472629
460799
473677
485443
460211
532270
482298
482204
490022
506058
544892
452567
476607
482584
488422
432287
513137
531392
516382
432916
507975
500578
494474
512987
474233
466000
451767
487766
509413
487756
511071
511044
512959
488197
510499
503377
529374
449271
491609
505225
439813
493345
543963
523793
497665
425230
448437
489571
456521
498068
456718
477238
466549
461433
402435
433016
442191
513971
474787
476977
441382
475846
454299
424273
493152
500646
442556
454346
463354
491341
459072
529896
475705
467984
469090
486805
457809
473384
440183
472829
458570
489787
496563
493648
462353
468761
498612
484727
455773
486288
494778
474308
420445
490332
482982
489312
490051
443506
423203
504955
488515
453948
477397
475715
445774
474166
479383
401708
472711
450405
479640
469813
521825
489031
472454
467924
458700
512022
477263
487717
478258
438703
476966
437959
497212
479427
472908
469926
490572
433373
457444
454623
476108
443360
454983
502580
439997
492488
477654
493514
480448
471212
506136
517137
514513
471623
460791
522138
523280
515061
454412
442320
472471
478238
496628
500555
466236
511239
447679
504397
496408
459076
471538
489207
493728
488630
543624
473631
470599
449686
506521
464830
461073
450496
469626
501668
513509
462274
493054
488584
458781
470969
470667
483467
449071
524643
503194
437379
512578
483891
453436
471152
458273
482813
472548
540753
464469
447735
455139
468870
471330
475173
491352
444347
485382
489559
456336
475299
497588
434034
454066
475923
479942
480694
489621
478231
442379
488200
456251
528743
475188
471338
459600
480414
503393
452982
462074
456903
498107
473756
459286
489612
467685
489688
508809
443351
457617
460916
449034
486578
437146
508266
454326
481063
540682
430533
448365
465270
430591
490843
525567
481689
468679
483241
472592
487788
443828
477775
530913
467586
510022
461470
480311
451712
475954
513879
476060
500214
452292
488775
488119
486159
455510
480480
477395
436005
459312
438256
462921
467284
477118
487827
475717
504595
489991
506050
529847
440741
447233
494271
477641
456651
476437
508835
482600
491536
510762
497845
480129
509291
488251
491878
448759
440001
525942
500029
466326
508533
494262
481301
454771
459509
418280
480115
489315
522907
472635
476729
489328
498157
494707
485107
485231
490463
470101
470108
460888
463380
469603
426391
455954
489688
516388
459198
453186
452639
473845
470720
489004
466705
508239
535657
541046
478293
494215
466621
501947
472083
460582
473288
454101
503652
458427
451158
498238
502549
472088
478393
438808
510550
469657
479256
496977
437673
525238
430545
471942
502921
462071
490814
473707
457896
516328
519974
461523
501051
457393
421153
490930
470568
460587
485882
472009
472880
482425
475808
441661
403136
456273
470563
443981
475032
456045
508641
477792
513810
504363
500408
472608
465634
489721
464697
433742
489837
463438
421462
515764
483183
490765
503389
500253
472197
478027
423100
496022
462960
514459
466514
440491
452316
479080
487320
471280
468478
470656
478189
470192
463359
475929
493291
472077
507025
470120
523593
489702
431750
478147
454585
499264
471266
480920
507153
475373
442977
472620
415814
460742
454310
475743
387181
506544
443126
496388
473368
480948
432104
439028
465016
526289
522396
474893
470653
450346
477217
510355
525713
483611
440272
457900
454718
498497
433780
438777
475917
457667
469482
484866
468728
486546
479451
474021
478727
493515
465582
464881
488789
467323
507045
490638
500126
442853
512418
456670
492584
529383
476557
420389
472061
473489
415422
465482
512765
492645
458411
446017
463754
505912
485952
432196
491882
487406
457797
452962
502806
438384
440706
470948
444505
468599
470086
473683
433458
499154
514173
439720
493028
502202
478555
522404
479067
474148
439206
462600
477306
502170
448779
440673
438789
491427
438911
433344
493794
439204
476679
472586
451345
467753
442612
468354
522875
453872
468500
467438
450577
483395
455540
434885
513938
454984
514502
457117
454505
433077
507162
454506
462560
505150
487172
432702
495207
485712
518401
469241
461368
481680
505396
448857
458504
449588
459188
475156
458211
474211
464798
511705
452096
449167
460573
489139
465300
507636
475899
457550
421271
532983
438577
454394
477175
459773
467534
478844
484144
495292
479314
458743
477836
520079
507645
435128
522565
501702
452372
492765
506281
444369
459200
472997
514331
488255
479709
508321
473686
506665
466854
518305
482364
456299
496407
468675
493856
472355
468662
444946
505920
480226
420733
1016573
471113
481007
483625
472424
476741
431694
487677
476274
472135
514128
418657
480551
458651
444617
484436
439194
482742
437814
451587
511706
476945
477604
481751
505995
451153
499578
484024
470762
473851
439869
504684
503679
507133
530282
455847
511038
521986
489307
475161
481744
436180
426713
495404
449748
460927
463827
477153
450719
522649
471473
491423
485395
450792
493006
451792
459413
517851
454127
463326
435998
466817
509075
467970
476015
483908
476612
462606
535491
495989
473652
481607
456847
453765
442981
458339
477267
507898
479055
445075
477532
483450
478922
437276
477011
470961
459848
455122
491179
425385
458442
494331
487595
471930
452163
448531
485898
468220
479916
502953
503491
492751
518626
485669
507260
498456
498968
480844
523726
442158
455319
507737
510812
506248
458499
455079
440929
454860
483735
431772
478287
501695
447490
488764
469247
456942
476191
503299
469654
511774
462305
492346
481038
455656
435866
480704
490374
491224
482439
470622
494810
509250
441898
468001
444246
484742
476576
516116
475325
421024
478048
497433
471827
464575
458509
492743
495904
456577
478215
454563
454245
435993
477788
507299
458910
457468
495279
468550
487179
432418
502379
466202
504597
423336
490050
469010
484870
525611
460326
474645
462841
472618
477383
456010
464905
521450
471678
465965
483020
473101
501621
472697
442287
450278
478466
477133
487009
472208
525845
539852
498515
451851
486058
474928
474266
463559
509574
481470
458969
399494
428216
435016
523803
503772
507921
498515
454036
454718
501058
523124
494109
510193
470959
470616
475103
453086
482836
487983
461746
488745
464075
449549
471894
453176
457639
435180
423731
493002
515255
451764
478283
485252
426260
492315
495587
437243
461783
523551
509352
463991
515735
485238
479263
450420
414204
495722
454583
500333
465551
504882
468450
435984
440407
438643
479150
490308
476896
489515
438671
438690
508309
464227
450844
499077
496057
437389
493313
500925
501346
449292
471256
455402
476916
470731
519580
465814
506951
483336
422840
459723
470885
500518
473142
470055
487985
481132
439271
436408
488472
522264
494591
511605
453274
463970
505777
484255
467081
486200
511439
465506
488501
482473
478295
474499
472136
487352
501364
449864
484193
453293
493956
492163
474367
488461
497511
436480
481185
471805
494107
441497
472276
544424
467297
416520
536206
467539
559950
461420
458406
497487
476804
464856
494734
467283
464917
485113
475140
443492
497214
483745
443375
417092
510566
534924
512346
495926
470144
449861
474634
475527
514056
541224
486476
439218
527604
538283
418714
452226
489017
459501
485381
442669
449365
464820
475539
509049
451602
452533
481383
453193
498556
456403
496563
468124
522416
450998
472696
522398
503921
469638
495319
477182
511218
452274
504332
470325
506613
511978
488918
510584
488030
462239
435001
464304
434737
473553
459392
519357
482295
474756
492113
458266
478610
508742
418089
510004
440730
510320
497111
469358
479893
501409
455499
459332
417709
484130
486810
471047
456381
445504
501181
486428
459348
489371
485822
421050
493924
547605
424660
501070
520566
508717
447111
473932
494273
440514
455412
517752
521189
439140
504882
494670
474009
505109
497083
474637
493274
529249
457528
482798
473019
460121
468205
441465
472089
442640
475234
491625
484758
480815
524807
508261
509062
492692
480180
523273
415095
499838
473076
521817
483815
565755
474611
454946
479920
473453
512061
477389
513650
503471
480551
508446
496729
508148
480439
493461
503689
446011
508641
469458
444586
440884
476667
501382
531589
556316
447789
453107
490397
464264
454813
461571
507620
507507
466875
504150
417360
492328
475103
488638
438930
485647
511724
471235
463656
471916
475347
469260
491217
449740
483695
486147
493119
435277
510242
437152
470860
438647
479853
452958
445523
457494
467957
464885
507897
435984
448513
458737
415836
466813
454309
508099
404957
503986
490959
456434
480326
443911
470189
435788
458942
417093
468029
486430
500239
474279
467913
472774
469986
474707
482383
474123
455802
479050
472914
463334
434786
482667
417450
493556
436981
461582
473827
421747
491198
517947
467348
493573
489948
447428
436550
445694
435561
480971
488464
485309
470047
522641
454704
449349
457780
496155
453726
479456
470133
488848
472710
476269
474685
527979
412353
461567
415588
459148
439673
468653
488163
428355
473272
434612
480338
471220
471327
450763
496500
453304
562402
444444
463742
485854
501825
516089
501173
510121
486780
515128
506114
985110
486051
487183
544631
489916
493356
472017
474494
534928
464168
496319
517163
486801
501090
471715
476636
454588
466332
479054
476645
538637
471165
487480
533274
447008
543068
489774
524928
469589
470383
484164
538551
478424
464310
455920
420430
473420
446907
479329
477095
464923
523815
517991
454566
472466
468446
511024
465922
542205
490172
534323
491220
490253
433844
444336
436088
457660
508505
450265
472185
464172
503849
487633
476216
478504
497967
450186
480161
494838
453602
451400
470214
499898
496723
468517
466072
456321
453474
529205
463135
490679
456956
457109
437893
458159
496789
468301
487261
461157
488837
515479
472787
507932
458285
492399
464920
491812
505345
440645
471166
455517
486594
460725
512252
506588
505961
492698
415057
455925
451861
477842
525833
492319
455676
458350
453587
442309
417500
496227
479748
511585
485702
463306
420336
512442
445141
496930
507055
489487
477226
457053
455723
444579
448136
414177
473317
465275
489925
449467
504825
476680
455820
483803
470597
456700
496859
437014
480948
468412
490503
486838
439492
473778
474805
455454
471619
466967
438943
489025
438617
439598
540206
496650
476199
485850
461044
458710
485283
485614
504896
436560
505209
501163
482488
482924
502408
454233
507937
487278
449265
507214
450099
440409
467610
469775
447829
506350
486131
463902
486759
493774
453213
493304
478407
476664
510252
458943
468750
453189
420043
455657
466240
469569
486600
475547
507316
508147
507752
451738
452689
478998
452120
467012
482955
452142
445533
456496
535012
433487
508622
517290
506980
506867
445858
477370
530020
485450
436980
490538
458134
459726
450184
472752
451452
513257
452488
449537
420469
459381
456443
463012
442972
471334
503731
462151
534296
529049
458911
520117
450418
457762
480402
494952
431231
505153
464904
497526
458458
457588
438474
440748
470214
497735
454527
455105
512990
511953
433116
419112
459621
471199
467175
483285
485569
451402
443118
495720
505039
509982
462930
490410
500797
431257
476836
463925
456169
520604
446145
492820
472797
453506
520276
463585
440553
474160
500643
488693
493167
491966
437719
475143
474331
478960
504146
474796
438637
431740
559354
443746
491572
484386
492069
491653
466086
482448
507604
525652
437758
475958
474755
503646
467188
437770
472472
491177
464866
475368
473039
461543
487405
474947
437600
474787
478243
527325
519123
505598
508688
454318
468061
487715
501958
470327
457009
494337
458300
424589
490281
471443
482222
458745
449630
478405
474109
495404
451059
474740
452601
512529
470344
460324
459952
499795
472353
476237
457949
511912
497650
440789
457913
474545
501484
489555
455728
431504
469620
481789
464481
521664
472210
492101
537402
460202
438649
478730
475038
473994
493266
483059
488140
439751
492601
481621
465258
470275
492796
457252
503375
479363
453987
495954
473201
534767
526122
481406
491695
473683
474912
420218
441502
450580
503241
423809
486953
490081
484936
485760
473634
531199
461882
471253
465119
482953
488717
480283
468585
459927
444694
477407
490500
416269
433419
475841
469438
455536
440045
493612
455921
455883
489475
449230
475934
459963
434890
456327
417974
493066
466181
453309
479053
492900
497494
514273
420074
492993
471318
442034
473963
485586
501747
507502
458870
465552
487859
432751
486434
493882
484355
494580
465835
506589
469842
487562
476770
483361
440993
422976
469153
480897
472467
456640
521766
476028
474924
471357
484886
472225
472426
444483
472640
471577
484075
447702
512706
466710
473086
474296
477922
509607
443716
405987
456638
502410
522105
490720
498533
480405
455445
479642
454823
472374
456662
479371
448450
432537
473586
422716
491758
473048
490427
484000
488939
467915
470459
472940
483669
524879
434255
476103
462115
507355
517004
517360
440959
452318
483265
475195
477176
510622
482456
490405
486725
476466
472629
502919
453034
491716
452749
477342
433234
514033
440821
434726
487903
514959
488474
451140
419868
470495
492479
498363
470333
465114
435905
456226
434454
436533
454351
472647
466447
489503
478948
505032
495288
497774
475140
514301
438138
455677
491513
479823
471718
455437
507199
468450
460569
457107
457786
480226
469416
483889
497580
527020
480048
462895
486892
486901
446413
494163
469730
563368
494415
509865
466337
490477
504033
507889
481415
495462
474153
479299
453199
471939
454411
459552
463360
456953
510790
464054
502284
459863
451803
443461
487974
474618
449445
486935
436776
457287
453496
515879
488874
499679
485901
494400
487962
480872
458596
438059
458065
474713
494301
457376
457031
419467
491526
457618
456037
432802
487289
482001
1086794
492456
464291
489678
526855
467126
492880
492667
460471
420079
462382
439937
444063
454451
491404
434834
483611
490687
495626
472094
484241
436526
417895
516609
496649
481857
497340
540585
476824
436166
495890
435337
440154
489247
466394
450720
511684
455994
494127
511966
503797
440140
475539
439086
528909
504394
454860
456952
475276
473861
474220
454150
472086
445276
468983
435785
453552
503790
452662
417915
457855
521224
483943
499506
529245
459369
499876
468950
557963
508549
502630
486649
488830
456541
494339
435462
466249
469494
545030
457667
519006
462874
479679
485998
451837
514224
468719
456419
508730
451402
477273
513686
471752
487583
480289
448235
498028
452744
533646
444400
481167
439350
479886
518813
514211
486786
449928
462006
455605
503336
512657
451565
449237
463078
508725
446658
457683
512371
511910
444073
471802
557126
462956
473484
445147
470733
506013
494579
437223
454151
515265
490774
502226
435190
473939
436118
478878
468591
454740
474638
494351
488940
456954
469776
449042
470056
493176
472151
465126
486504
490667
469818
494014
488608
496165
466011
487720
458575
457583
505077
483369
472856
490231
459351
490397
468691
463647
492467
493764
453209
504164
470206
437379
455961
468536
463598
463012
450403
553102
490194
456940
466640
497777
500692
504745
424091
421350
476126
478351
458560
493085
506722
470246
456310
502488
453247
506181
458326
479243
471347
471101
482314
431429
472828
445201
503471
492426
462865
544250
484450
475264
435135
474320
470539
494253
417566
474129
436533
423315
487500
487299
487555
561803
437268
434641
503556
420495
489608
548780
473005
495576
409164
488941
465700
472968
483065
539458
466044
471687
456033
503864
488411
505280
496552
457177
476336
474995
485561
506421
419739
473885
471060
440406
475414
441036
533436
477760
468356
461669
483526
436847
455944
531193
492139
476693
458788
478612
477514
460724
475288
489556
449099
489986
436336
503543
472872
469628
474186
502847
483841
501554
487639
485587
489576
486401
505554
511362
490164
513477
471438
458989
474735
498215
512579
474431
490299
457896
550425
503397
462861
474055
514631
487649
441740
470217
493364
490554
502546
533548
502500
455546
441799
506424
466387
482380
493423
527932
460611
506425
476169
457703
444106
417015
507355
467629
457017
451051
517610
480292
459175
453271
442866
491102
463090
490507
492657
461577
459226
458025
492025
459648
483195
479343
468442
445716
440686
494192
456890
472412
446865
472545
444626
453940
494742
491547
455718
495361
491798
466413
446608
466628
498075
477813
477828
499344
519828
510852
471299
458230
501742
453995
495951
488179
495619
494168
503223
483958
451850
486769
489480
478263
564308
431688
419122
478615
493570
521281
474915
485235
493649
497788
442079
520579
474623
464182
430784
501586
494612
455230
436696
489604
465421
509923
516280
477227
512238
469512
490218
495104
464537
468997
457121
457565
469468
502302
485973
490221
487038
464275
471521
457587
485506
489385
469775
464557
437039
475222
491176
420324
492536
444802
477639
475078
444175
491557
469787
481143
478352
453105
458815
493074
510491
450305
507803
444061
470678
505450
506204
487423
450028
461200
510624
496592
470391
477819
507628
559965
456147
523506
447842
508054
436465
447224
482580
490597
465087
422398
472741
416559
494595
477807
475754
478759
485577
530648
487469
494683
516802
478858
474348
442019
452936
441966
488360
485257
496239
438599
473060
515856
486013
490681
471425
530959
455464
440992
473194
497627
481714
506722
468339
448617
463061
486320
493401
489625
491050
494806
506107
488343
517052
449389
461966
498687
480973
536189
452043
466343
440319
451303
450867
495340
528419
488030
470165
487784
483734
468938
481512
513339
470115
473690
484976
492044
436402
493169
420460
498076
455825
470977
466404
470279
456373
447688
443285
522782
478849
463293
484435
493726
495742
504834
497302
455551
467173
474398
455629
476479
451097
514375
465237
483176
527413
446029
473139
516208
495573
514627
503974
492242
466719
476972
471801
460835
496642
525039
508701
503545
419390
471983
456736
451641
490588
480331
459468
466762
507962
512885
464332
487187
508768
431999
470298
470506
478459
491360
458030
456247
501777
510016
459441
443062
495301
488984
483274
486114
460999
473079
467380
451973
513930
462724
484962
486390
466956
450013
431476
511980
468894
485003
496652
478118
431873
509312
428767
465257
436946
479386
485535
484730
520765
446059
521381
508119
508560
473071
459165
471456
477388
475940
493511
491510
443839
455659
479142
454538
478000
513220
530182
482862
513967
496226
443777
470085
459298
498699
514338
538966
546724
529981
453327
446822
463467
452388
443978
521600
450730
484671
531498
451284
493664
504820
458343
444671
524400
506665
517721
484153
484917
502793
491197
461745
515547
510390
498200
494375
488601
457820
470934
478795
486645
502478
520420
498848
461761
473475
502379
457439
488701
500046
465913
477845
491690
455561
475365
473273
452250
479891
437694
501680
495787
520702
466481
475196
478208
481555
488470
456214
488417
458597
491056
462242
460200
530111
451327
434714
459300
462690
466079
490599
486605
510895
481446
535905
428280
511919
475165
460034
472532
500462
485316
440357
472135
455220
492234
462485
478349
434573
536029
499106
474211
471733
510013
482097
444904
484633
495019
448585
570749
441075
441515
454390
479863
454531
490470
485098
506842
459648
547994
501356
493458
478586
471624
435593
422795
453404
492792
455196
483931
435422
460427
477674
445725
446773
441628
470788
447540
472184
447358
438644
496421
521533
502917
448241
510235
444219
481153
481009
473299
455708
476202
466418
469221
471652
439915
429809
469306
487968
481768
458867
469888
455977
508522
487160
484553
483926
486875
439108
456272
542035
490036
484163
495203
470443
474134
474476
441161
456391
464524
482288
505694
426871
512270
530367
435052
445390
465937
468976
485065
442802
482250
459134
460835
418269
502157
467131
468388
433862
435553
476380
472421
463860
466233
454609
550924
435196
510107
431415
450031
444474
459276
439799
472291
445983
447602
447600
514671
495364
510128
467412
451751
508753
458417
475349
510687
529043
481423
469476
488416
474452
455108
438589
474946
422553
473985
476175
470186
464147
474043
494508
471807
479016
480896
501181
470263
488913
504651
479926
473424
547577
436783
438885
454657
491755
453992
524078
456060
497474
466684
495511
470100
459723
470944
490823
441317
491590
461017
457287
426959
546959
441023
493036
460240
475499
483891
462316
442489
480139
497576
472927
479738
446865
419358
493319
451931
473142
473353
472986
484834
470805
480655
492227
498696
520502
445382
462108
471090
477391
440593
478472
501235
460640
492232
463668
520172
472399
466314
478708
458413
474050
496045
459414
457845
521417
466227
490711
454624
480706
466990
475988
457646
464471
465865
460873
466722
461840
460094
493758
489321
486252
489285
509017
520449
443741
525507
494372
489977
494530
512252
497150
469697
467871
476152
523919
465335
495313
465717
436777
451144
475048
453353
461933
538483
487527
447524
508252
455975
502398
473241
436133
476213
478180
441345
537277
468893
500718
498611
468199
470532
488195
488667
439450
506623
529986
456818
453897
463679
419077
490131
476274
473979
436163
466387
490699
516659
507687
497605
445942
474114
490599
442692
460782
502437
522111
451349
471406
515530
449042
467625
456775
442645
481648
490145
461131
450321
450421
487806
433754
468497
497674
442106
505185
517004
458383
451806
474623
483679
452526
467336
446985
500817
478737
459042
512259
477756
444454
486813
458014
471798
473973
474490
512583
492167
489971
464533
446389
471210
456902
487878
458192
474483
465084
504080
507016
456962
481840
507719
509216
491164
463323
494807
454696
501926
483470
471376
499037
439613
471476
508566
498909
474967
433915
458643
468508
504695
504359
479016
471114
460779
468258
459741
489834
437580
470962
465540
501527
498893
501673
451311
488596
440183
481133
523364
518814
480906
456903
490905
471255
463097
403543
447618
486250
477119
494486
450819
470175
438385
449600
473873
501053
486089
413317
472006
439682
482116
489910
432098
455945
488227
507853
476721
458679
456367
460013
469742
494164
473584
475678
457522
511838
444892
565257
488461
478661
478593
421428
468791
507773
485018
490551
524523
480132
455581
493841
472589
471183
474187
436573
487592
502997
436530
485729
496749
491834
453167
468843
493723
440037
504134
499129
510070
489269
466122
486663
449307
433816
459765
492921
483598
479572
488559
486613
500644
480909
490429
463631
478688
496493
487093
502103
486321
469308
468449
450130
474450
455762
479022
469364
485944
494597
421560
460865
435572
502053
431849
473135
476584
431172
504450
454184
451494
498446
488843
478167
471489
472706
511241
438411
439344
474716
507748
399267
452043
454473
419050
494020
465827
443809
483769
488918
478744
515014
437376
492127
468330
456865
454472
495818
455463
498063
454633
438642
416207
512891
450486
478280
460330
462001
450663
419234
460040
470836
479347
508711
483329
471325
443588
1069896
443382
482934
538118
466460
443402
471442
476480
535159
503426
452797
451667
454289
429874
438607
441775
542216
502290
416635
531134
437506
477065
502518
485743
491219
468047
475321
507741
475197
511013
483521
488857
431737
491402
512880
524265
482331
459943
478204
499251
422900
510745
484549
479395
452558
484582
494710
459503
483373
461084
474749
478277
500590
512162
501556
433807
464018
463340
476510
455902
464365
494486
476257
458771
494142
475190
482607
463073
417875
464181
471917
511747
467625
507157
482852
458492
439183
454826
491167
471162
553039
438574
470580
482318
452093
460626
484115
458494
469946
477699
471701
479985
506895
474223
439535
440636
476784
493042
436724
456867
473307
425111
443221
494001
448331
462038
493246
443844
484001
489825
465438
438768
474359
526557
507484
495278
492812
506551
507926
501247
439911
501404
462044
481978
472410
443623
485352
479535
448415
458531
489540
522136
468406
469923
491328
499487
419248
452757
453831
464562
492389
482447
483168
486828
459393
469116
482544
445724
488771
499365
487492
494616
466580
465225
502836
509217
492684
488989
483553
487067
467339
478790
457575
509023
483743
446617
471037
523081
453244
456228
453847
463491
484085
456614
427497
433933
477809
519478
463476
493157
498068
461270
437427
440172
480222
469006
518822
452483
432220
476432
472069
456013
435496
445731
486018
450248
448556
455274
471104
504849
507518
476872
459495
451688
459360
434314
494316
491308
498277
464791
444723
477782
538625
464498
579565
493847
491802
505616
485449
512109
495736
460123
480897
486257
486257
485065
479638
511256
469004
478954
475971
461812
453761
457953
453347
470678
525665
488690
416688
459666
437403
467904
467899
463101
539907
503602
472338
461547
454444
446870
459130
480294
508767
444779
509039
440348
452170
479063
476388
476842
430062
455982
454502
442790
495329
449356
475886
437077
464565
471574
449453
469336
440457
467962
463244
434059
478474
459293
491302
529355
472907
486515
525363
467223
426333
502463
486888
504539
433309
453555
501651
436779
464019
524690
544677
415187
417011
452058
459932
540147
484831
466295
476660
491580
465023
499447
469372
491066
485604
471998
474562
456010
476428
494879
466873
485450
496757
494255
482165
493755
503719
434306
476423
495224
493194
419933
460806
470565
449130
469617
491663
505490
489544
510857
476998
460705
525114
479117
451990
424202
532356
469692
445227
456094
471195
448749
422897
475200
474095
450122
452373
482476
491437
428363
488531
474136
478564
450484
435996
432884
404572
509072
477711
453117
462462
433250
514212
423893
450214
451627
488968
455714
438414
459288
488756
445203
496915
464580
485200
513688
459027
482631
469874
497793
438500
460434
453248
460433
451302
483402
454862
450194
506838
448803
484628
477530
477010
557053
507245
542872
462528
456328
451893
498238
473516
414161
471028
461457
507474
509052
436431
455772
478948
472123
483965
444949
484293
452874
468781
463466
454777
484541
468805
458456
499368
453983
470262
476047
465862
459748
430697
519780
467925
450160
431775
457712
452358
474504
436774
475274
511625
489234
520883
464407
486283
448438
489724
483778
464616
488609
453650
466405
506960
461844
494958
492299
464331
425497
464094
492795
482874
439566
497399
535626
519975
433928
469067
435284
467289
470434
489271
500334
436849
474439
456199
458949
516886
481934
471893
442204
474078
501416
459163
496212
474002
477399
466860
453070
479533
506158
516812
485807
472304
461982
494926
474686
468364
437694
475663
437979
470726
448748
468200
490995
440421
472554
487697
471082
449449
443492
490358
499720
486499
471703
432191
482208
451228
499875
475954
469560
465438
468309
468991
452785
494615
473616
544381
489036
523960
471779
479686
531315
513273
470114
506985
487206
474775
527965
465624
513818
455904
512562
533151
455216
456934
459302
422966
490665
538955
473719
504506
487362
514914
491700
472132
445172
427022
475237
448551
483321
506452
447095
467225
478848
474531
459911
494352
465890
491888
475217
474310
481021
488411
513615
465176
493036
482641
497835
490900
467109
442288
438189
456651
437663
531399
501371
487132
459968
452626
478157
491933
489640
497576
510948
486213
465373
455805
445892
474743
482803
503814
484898
507075
499583
505415
464471
464466
502561
476507
460061
496033
419563
451640
450590
411709
492971
514209
526575
424274
487348
514237
541865
450275
438772
505575
451908
468304
479094
490219
442771
495481
452753
484187
491585
456602
439130
453666
494687
420864
468825
473782
476157
507857
451349
490333
465798
497430
497825
470913
454976
500964
462285
486385
439233
505358
523260
488317
439457
508208
463925
507043
475294
488020
499898
438063
452441
501853
504643
491788
480374
472312
478750
510849
448925
454825
444072
455124
482285
480641
501351
469657
506687
465392
520218
452365
462608
490272
464155
486783
484032
492009
448030
499548
434995
495548
498976
488935
458530
472313
448419
486169
529441
452586
457106
455757
492743
488332
469993
451865
463177
453076
443961
505088
523232
507019
516588
454917
489613
483902
472411
458633
485033
470968
504655
421236
482064
495299
446825
498245
510112
476787
489416
467796
486359
496459
488820
522311
476099
434442
486185
489804
487777
560367
510711
470471
460524
439660
478002
438277
462947
471701
524559
473316
536707
531927
458031
481072
487893
456317
452917
416814
494666
436772
536175
510913
492752
497442
463806
534009
507930
489644
488491
525178
505842
454772
500406
491418
487864
472841
450938
506309
473653
563218
492735
507955
470557
489024
515648
434071
486743
473582
472977
466292
506246
510751
471339
469050
507766
458000
525680
499186
501161
472628
474676
472094
473756
491507
417874
434901
499396
468057
443182
453508
486617
492117
462203
474117
436712
507448
453915
493141
451042
476891
452416
456460
453504
483634
498565
508895
482062
525142
480365
507554
452609
459328
462324
467002
469176
479053
453655
475647
471981
467111
507275
488593
457521
503735
473486
482123
486112
455272
516618
479264
505730
458118
470195
453692
510692
473661
491046
472835
463200
497566
523454
453281
497027
477137
482338
484476
515770
508291
478049
456153
501771
504460
490108
485139
475388
457033
496493
456811
471740
504797
470871
473068
520394
466874
485934
423297
464198
485687
486786
476520
517764
463257
421792
521393
420990
490726
482661
477374
471699
470208
462950
436649
482397
458912
478342
522563
510248
459246
494191
469238
473852
468829
530289
507384
481547
466025
475587
452214
489449
456851
457996
482818
517116
449714
543313
488330
444391
496161
459191
441736
477915
451250
498069
473952
505800
454216
442615
482811
472016
472943
478034
514325
446632
498004
494172
497663
456133
460239
421717
455795
461296
507381
477950
456179
480105
504245
497099
473891
498386
468624
498849
489650
467118
491578
440942
471574
515144
467850
451038
523004
447631
443589
507921
521570
470965
483648
423220
502653
464741
483480
462779
419435
482184
507103
489203
515387
515968
471886
475167
509242
452143
473058
498910
458184
554539
453377
466492
451662
503085
509654
431251
472333
471056
455723
493499
535599
449537
490211
459587
470980
468477
458252
456005
492904
476353
510646
497496
477062
466501
476176
495594
500703
499031
466906
435393
510429
473474
443560
452908
439693
454117
493314
453340
436145
434686
464100
501023
503188
504368
491453
464648
473735
465909
477841
455510
435724
405420
462579
495525
456941
496755
450570
473637
432913
441325
491965
469822
466534
497294
506498
464480
480482
507562
476219
479709
471011
476105
500953
484938
488787
442940
460967
501773
474011
453634
469157
467578
452799
494756
488666
503717
524977
478340
462457
475868
456364
457785
468517
474081
491094
491792
471141
514840
457712
479241
458389
464141
464329
468401
484565
485943
486576
484611
469748
492648
437535
477353
539449
463566
427187
509793
482391
513681
508428
456725
472731
457749
495506
458365
450460
478242
487286
456628
442802
489713
504766
477049
457031
482104
454046
486635
454467
476560
447082
470795
505764
505801
452342
420483
438344
493377
434524
516544
455843
428362
452459
476781
475454
475788
468978
483335
450898
460828
509402
477687
419101
435251
468827
483437
502125
471536
456252
490262
478511
451016
487427
453831
451465
483579
469875
526179
516007
465524
475722
456527
443567
455836
505310
470066
463113
479711
502185
468598
503888
479746
434589
439032
522669
455583
436368
499828
502051
454450
498684
481452
476766
519736
539756
465543
417763
474275
449231
497148
508524
478007
493120
464302
469311
475862
483934
499973
472684
510734
447911
439164
487698
463327
505611
472893
457784
482454
484626
492122
475230
461316
454148
476069
488431
473495
475586
509299
482209
457054
437550
489560
445067
463364
467951
459824
448453
519785
451747
486832
436528
481765
474704
475257
487868
491891
470113
441441
470051
445732
499713
498541
485807
486435
493009
571894
476211
450944
463004
454341
488629
447838
457178
491641
480898
524047
461725
458945
507389
519625
484917
453878
447419
471391
450540
442891
471494
439871
531603
494306
461322
1096525
489284
465864
464827
503877
507879
487939
445087
435247
434857
451124
465602
452723
469038
455724
485230
467354
496039
432583
513870
487973
456661
470898
453938
502333
473014
459851
533625
469035
431862
452092
446683
454111
478735
516784
492535
499046
531305
452350
475020
469108
488222
484670
459000
494934
490550
465754
526804
472164
462411
519806
447456
451343
476687
537973
467188
490449
457582
423198
511980
466592
476098
460165
509094
498209
463717
468952
467638
452903
487307
478152
441133
421815
461106
472343
479557
488363
429691
420515
505880
487329
514189
493563
493496
476284
471743
503250
511822
488632
484263
505028
445952
459748
482423
486193
462118
493128
453150
446474
476549
494821
450624
481245
540308
493580
482418
485663
452319
434986
460553
452239
443471
457410
458030
439305
440182
455810
513579
468157
513923
451940
461690
515633
493398
452872
501336
455177
454509
496462
491631
465522
474947
498315
453382
419692
489621
490105
431882
486267
470181
438902
472960
517960
459180
494341
496969
481711
485474
445417
477910
479367
460522
460104
472259
478904
471800
492298
454047
446955
494584
457569
459641
471501
503222
451522
490986
496752
498423
469342
494562
448754
525858
467480
536223
490458
456033
452426
442642
506181
496486
489037
422938
494933
507895
474606
479695
451755
442335
470059
529018
526651
517520
482781
454610
475430
469183
481126
535723
466498
474416
398400
465298
531979
507515
514600
507522
469513
504919
492469
515738
488518
504364
484267
467219
510917
416200
477162
460362
526324
446141
473016
471152
491900
449638
485423
436329
473178
460368
463876
471544
461279
435317
484950
478484
489628
493498
520015
504705
473244
430500
485758
470130
459217
449233
512843
472866
438764
482932
535367
521927
498961
486097
532138
533627
474058
481355
516607
467582
507245
455998
549305
504263
422594
452156
427842
482428
476012
447393
497014
472561
478994
469124
488050
492652
456919
509608
503481
440262
474657
492075
473938
495729
451882
502351
486648
495456
471418
500935
503438
431172
497764
432751
523853
424118
476043
454370
480093
468072
458009
469567
477264
496998
443735
491848
468199
467917
489137
501292
458870
487332
470634
456871
423652
415195
477323
466144
460112
486484
510648
477309
447064
506153
528376
486145
507397
489699
466178
452435
479697
501304
511471
483786
508994
439494
454997
435592
474174
490927
462753
489109
496105
512089
507753
486851
510883
510464
443732
509934
487120
433277
419534
448774
488507
461518
472565
466766
545637
445099
496336
473096
493335
463938
466716
450910
438957
487825
448462
440308
491619
452998
494951
456350
475716
481304
491431
424199
469636
520034
475025
459336
501225
465619
460293
477580
444176
501152
511354
475172
478339
519755
510494
438823
488623
460749
422451
434947
532936
478279
469431
480176
489438
461667
495104
466550
474962
452326
477471
494980
469827
449951
468474
475671
476645
459445
454656
465849
456415
454327
512799
456727
496610
462115
544351
504931
466385
474873
472202
514114
498741
514067
520980
483278
497860
451797
485207
449037
463986
480604
442791
465139
457297
507680
511163
471699
508628
497470
457370
471091
466155
513026
495449
488630
462800
529383
499332
478142
488149
459272
455449
439821
472829
440781
521957
471891
436778
418184
434905
420235
451410
468602
438289
486866
482654
472569
481890
524114
462641
512465
453329
484666
469606
485428
509707
456275
421101
451126
484311
490021
492355
449989
504721
418407
441153
509640
475402
419566
476152
448844
476772
573409
458408
454282
455262
499805
480071
479361
498623
521621
485643
462130
505081
442176
432378
448177
453617
459234
462249
467240
456295
513475
482792
488146
522628
436699
489417
461287
476907
473171
466597
452173
464649
507428
455565
438834
453321
536348
484078
480686
459900
466247
461957
457764
455716
475843
456013
479012
450002
494962
471041
440081
435804
485093
480912
491009
499371
504879
482800
485176
493881
457943
447922
424274
455991
451790
506389
482030
448927
490702
466371
461947
455403
468479
463882
454519
494984
511097
502734
463015
435949
419024
506475
511484
510490
477182
495485
491622
459649
458736
471899
494153
490596
512599
457849
510636
489060
456597
524684
494723
492393
473322
468746
499021
467996
519078
505562
443284
479930
475874
482029
436946
467972
478535
462321
486928
466310
472584
450223
477357
492540
458777
499711
449022
483467
494829
460437
505907
469027
490555
488751
458450
455948
457962
507257
480804
490302
528245
488661
481049
492021
465609
455478
446511
479580
527767
520262
470697
489210
435636
541247
481379
480258
455362
475173
501833
509505
486761
497851
489346
493922
471092
459002
489196
528681
499559
499101
485027
472543
446176
457861
451154
440282
473136
488381
500774
478183
481184
505711
482395
498410
526178
443091
479398
424825
436617
491686
469413
475264
507761
492508
483840
473643
516933
495334
505982
522439
482091
488174
458759
477293
490293
476993
499907
471878
457837
445069
416833
474134
451442
448201
469905
478643
455104
459788
455705
458069
487382
503157
471728
436195
470582
461839
490848
447674
533713
490632
458884
496268
437843
495565
433847
487473
442811
474121
492684
518037
503264
513651
486010
455914
460303
476576
486442
461487
448088
475182
508094
474109
440009
458503
438756
490329
501130
491696
504740
449120
453318
495905
500079
472633
426039
512475
499262
434012
490530
478241
468153
511420
442204
506315
497999
474143
488172
510325
476380
479310
471439
457084
433978
495225
471658
514556
432813
517285
430486
484770
441035
480259
453613
493116
492540
475792
448023
482101
478247
492184
483415
487071
552335
449977
467906
461132
489705
456552
420665
441364
438349
471786
412065
493196
473211
463403
507482
440972
442522
434910
452326
456580
468905
471266
457792
471691
473497
437978
494865
467963
497188
505135
471696
487345
480821
493141
519060
436894
515398
507482
459930
505852
484688
511383
493261
447437
467460
507546
473146
532582
500479
491818
497948
513913
467728
470059
486912
478617
488247
443017
477636
516068
495618
482969
447299
494827
501504
476527
482259
490846
463318
493958
460135
510629
522238
496046
435896
460786
490894
456348
497268
484973
479476
535198
454153
483675
466911
485760
471662
442402
489032
458360
486892
511006
421790
488559
508801
511172
462688
493236
474218
490941
467137
448384
453783
482629
465661
483050
461282
497151
432378
489014
448675
524732
466534
475280
402301
495939
481748
421680
417025
491950
493535
471725
489668
443421
469060
474700
487906
463271
477718
437737
460374
476452
433984
419006
440527
453365
463247
457278
474123
464167
482393
472843
516947
456467
466010
471295
483784
473825
449093
414574
455631
448372
439787
465792
452443
454898
466761
525343
497610
506242
470992
492180
461243
475605
460916
495532
527471
414519
489950
504599
459921
454950
497119
486641
532493
437970
448617
484639
491299
483451
459732
481528
478458
467456
436992
510815
454461
419689
441242
453934
465382
485840
490303
500625
488218
477464
478454
541034
478703
544495
466566
490420
481646
467492
451406
478314
511692
421069
472532
474671
472757
478804
418702
490216
487065
437340
494637
472029
507069
453957
474942
457310
531632
459322
453661
437097
485255
458267
491609
467682
490336
464863
488780
527427
515157
491362
471009
421073
485371
489082
505215
521821
506870
530369
465720
474702
504785
422096
496786
488016
497133
460296
475240
476099
467446
440771
469024
478827
529062
457246
489942
503692
467469
484628
478367
495027
481829
448448
470195
465961
516953
489624
460575
459333
434520
440140
454678
442736
443761
498327
474344
456443
454677
466127
485639
450720
447918
453675
491485
499262
453458
493627
437718
495620
507813
539803
466208
534907
475078
491955
453221
510047
466405
496238
513985
528187
435808
463972
465736
501371
447583
473739
467705
469670
490283
474758
457094
522848
472001
494239
452856
492544
471548
440852
471377
464108
430963
481296
471496
481189
456823
549554
499944
531786
452589
456052
451998
480792
418908
483193
482588
452202
470838
507109
430351
466158
490603
499544
453161
490325
454750
520455
499610
467802
452192
438616
488979
486835
474377
458614
451583
508633
454184
527374
453749
488568
470459
441577
456401
475885
493348
478483
487373
455018
482456
493973
470109
489922
472214
503707
483737
486451
418545
465833
466300
458904
454514
474781
435707
515575
491257
558388
484905
498829
454789
505829
489961
458676
487596
494532
489240
460697
457483
491394
499171
429903
464582
546596
431577
458086
472469
438117
460642
493935
457368
445368
531068
484017
476762
455224
485328
465452
470691
475094
473839
421409
459426
507640
500113
438625
474555
465057
500735
463639
546357
468220
504072
444437
486341
492167
473165
472169
465575
450593
460288
473344
462101
493047
480116
489143
463161
458187
469189
468586
491004
477946
511665
490188
485351
476132
477010
513146
484355
511093
434752
474015
456320
471983
488118
462062
483258
485097
454820
492810
510785
454522
454477
428258
471022
460511
430720
493188
432384
458194
468254
457422
469793
456818
1038911
492047
519768
490373
449990
452552
493435
473674
494017
448425
497154
474194
480692
474473
503575
462654
527029
503494
455916
489251
486752
504151
487376
436800
492527
444254
460527
487335
474926
484158
547436
471031
442412
433557
483407
471021
480084
437997
490569
486423
484468
457999
441351
487806
516591
449813
500477
467408
490826
468996
510296
553318
456363
444190
456698
435051
457032
478675
436157
427967
519637
447972
487367
454547
469158
508266
482469
487404
494134
442040
490293
439863
476610
472850
441665
510113
501192
469112
501422
470026
539773
469119
466329
486902
449989
455147
459350
455611
444763
469279
458102
461731
445811
441079
474731
521842
487987
475810
511009
460504
463984
440760
495156
483302
547671
522498
437597
434733
493857
461789
513389
541890
477069
466777
466619
445792
491993
439676
500942
459545
436351
455770
457376
474640
469728
468005
489347
499041
457184
440081
480304
468841
472816
448490
480562
449271
451873
475102
484967
482226
528558
511310
495396
483303
496074
460677
500776
461519
426533
434890
460420
437308
501720
465359
509073
442984
551613
487480
499658
452586
493788
512708
461339
460448
498518
434603
480085
474023
485544
467779
521528
459411
443589
470978
459442
484426
471361
452992
494002
486697
509712
472734
496615
451328
485735
450901
440909
511491
458388
478989
492190
466029
470621
440371
510106
507236
457462
494693
471904
491169
419298
450319
437735
474134
439097
505136
480371
433770
479049
439684
455521
516649
483423
489890
477540
464483
466765
503051
492555
450604
480820
451653
490437
517791
480727
474828
453014
466856
459870
508880
496030
537306
456029
452870
475080
416053
476418
440004
452804
453102
458742
486087
446259
547178
485302
474381
450342
465035
454372
497716
491395
502151
493960
473731
439169
465639
446424
505859
449087
474997
451938
477892
453360
451876
484261
487030
458787
477854
464072
486399
485855
478800
474356
510386
458686
451189
464127
526478
522979
472320
491343
498446
475686
494033
461219
485948
488113
485693
469416
456126
454165
450306
503420
504436
450646
473952
476085
490497
495559
471960
499271
481950
495647
505260
445077
516362
488286
451410
493207
468979
443645
470685
453468
525606
457771
459138
505364
484294
505036
475360
455016
445147
480344
486479
425832
457542
462671
506020
490118
497450
488715
484522
442377
467895
509999
484330
529631
475962
461945
470043
464241
488926
482742
513332
444203
449252
494279
449009
474104
452009
467545
446036
492807
446049
449280
469814
471329
434916
496474
453354
459286
544116
476698
487293
455576
475168
469539
483741
492801
511046
458427
507502
480452
458349
487481
462808
469239
475148
454697
589458
494385
445249
462148
495241
472912
502084
471063
471305
498369
489410
477451
522151
478051
476451
503012
457572
497257
474290
460393
469347
496551
420032
444839
498115
468748
524837
465384
479621
472135
478430
467582
483011
453662
515412
473955
484237
442413
512824
509180
492866
445544
463294
437956
477074
455538
458736
492737
489506
446401
478520
462886
481829
472007
494957
459649
471370
518952
497966
475300
483467
452736
472539
479541
442339
452591
442131
443105
475030
493104
477929
460374
509017
480490
479862
436283
464606
450817
475062
448186
491546
433334
475184
443438
510363
486449
471259
434760
491181
435238
439873
497681
479009
443400
514498
496967
474955
470956
485348
487729
516724
493169
478765
468201
495451
523097
453950
436182
513392
482873
493958
466875
474866
431048
455537
421987
508185
499692
490778
438159
423726
493360
482936
417102
547945
451218
462060
455761
481317
488592
466166
464098
523086
432226
419390
433909
476043
480077
468417
524208
422371
508869
471371
459430
504210
488206
465381
467808
510938
459792
475774
477917
483364
470732
503489
448152
476433
510119
471415
476861
511324
467766
454873
497926
468138
490443
495840
533215
530570
445235
492830
455695
521559
508189
487464
456851
490999
475648
504935
515572
485349
486683
492893
515304
494114
458796
481439
476680
469159
486695
486998
470572
439199
474727
455183
485261
449480
460354
513777
513717
471052
481367
495597
483984
499064
525345
515520
445823
475256
493209
513988
424604
460747
501152
500692
456485
446015
456280
468464
472281
489384
474139
431519
459142
474432
464392
492851
481889
451207
476749
476343
489341
420502
505461
497315
457989
476439
499246
489379
458096
471898
516373
476416
449693
482055
491818
478160
467788
507040
491218
490956
466756
487789
492399
491706
522541
501706
432641
442363
445403
469273
507881
475734
490644
498686
466671
451894
494919
492136
507424
454069
451998
467066
466367
433665
476739
454553
457577
430164
507457
452183
435878
445647
445414
526607
498494
469397
503799
470693
431385
461862
445702
493007
455953
460673
506212
511740
453405
441994
524349
476037
473021
496823
447796
491726
496183
477662
468378
494344
450847
474694
459434
581211
507420
482655
502238
472612
476417
448075
461206
508541
463736
485980
470559
472077
480450
486673
472694
466542
419584
465628
457753
479913
473952
462699
542936
451642
521120
445500
491126
464312
483126
502046
503691
437087
497228
456622
501362
506221
493759
516563
427086
436264
552042
514714
513903
426781
439445
508563
500250
470075
485602
474496
492787
510270
479958
539991
484900
468534
448800
462998
502899
454780
511990
480424
474040
472101
521473
456729
452366
468214
455358
486840
504313
468287
479414
472139
474037
454373
551075
417916
458684
483508
507630
435625
472281
533877
522243
441802
502206
511826
484254
491135
492017
457365
466600
471613
478223
505422
486146
468703
477862
497748
438467
476752
456027
493412
489231
475061
473716
480065
549753
493464
450427
510753
499812
467471
471291
492491
466824
456003
478070
488784
484060
503077
433589
479193
472067
443437
450608
461607
484844
428959
489202
445033
487850
460330
489793
480122
487239
461911
467576
530859
484875
462977
480820
455706
477114
475263
470842
481914
442088
476817
453034
482414
506188
440712
455987
528308
472225
482467
477036
460999
451728
462501
506717
437090
474885
547633
454275
469023
438191
507066
479899
475153
457626
514081
475592
474435
471320
510654
462444
462041
483182
510444
493232
461664
486944
508198
448277
477516
482353
477778
456154
512343
507017
462637
439467
472021
484601
470234
446720
475290
456890
455376
417084
478717
450535
435696
513935
440701
469490
503079
454196
455633
460953
493960
512730
542508
489974
469077
464909
493095
479576
489262
448246
461451
488833
494971
473765
472680
463890
455146
466037
525375
489279
476373
444150
487514
465195
455409
437678
450992
518718
474901
491606
439986
464318
490077
451606
454236
454524
495149
434653
451979
476177
498860
466239
465789
451061
471184
441580
506167
465438
475009
460385
458791
438379
513216
482991
455820
473905
482462
508662
499504
453800
436718
462563
511050
488966
464078
443503
490153
485080
496384
456411
434260
459833
443705
495645
476880
526200
518303
493422
477904
528918
464062
462454
456463
457291
474558
510696
467792
511974
494754
493918
454972
486740
468249
434172
455150
477654
457542
476836
520527
516923
421194
509259
529775
480394
489408
481193
486686
450749
489662
488632
465013
485300
504024
492111
516153
483183
424273
452807
440039
478650
489349
466629
450025
420842
506683
512663
506828
498112
480089
452525
458935
504139
450553
471108
477083
