2
2
2
2
3
3
3
3
4
4
4
5
5
5
2
3
4
7
4
8
8
9
3
4
11
4
11
12
12
8
12
11
16
15
15
15
15
15
3
4
2
16
10
9
5
18
18
17
11
17
2
2
4
19
19
13
14
13
22
8
22
2
21
22
9
2
12
20
7
7
5
28
8
9
15
19
13
6
29
9
8
30
5
31
10
2
14
9
4
10
10
5
11
2
5
17
12
7
2
17
5
4
10
36
11
11
14
14
24
19
7
14
4
32
5
3
5
14
4
2
5
18
2
12
6
15
9
13
4
17
5
14
5
3
9
5
14
7
19
25
18
5
2
23
25
11
8
30
5
27
19
4
8
6
9
15
4
39
3
18
10
8
46
6
3
34
27
2
3
6
26
3
4
11
38
16
12
25
4
2
6
2
3
20
72
12
16
27
4
22
2
23
4
4
3
9
2
16
8
4
4
2
7
2
6
28
18
3
24
11
12
5
16
14
11
2
10
13
2
6
55
3
6
3
16
16
2
44
17
9
12
9
4
2
3
7
2
2
9
7
17
7
12
37
51
8
23
19
4
6
2
2
2
3
3
4
4
4
4
5
4
5
5
5
3
6
2
5
6
3
6
6
6
6
2
4
7
2
6
9
5
11
11
8
10
8
12
8
9
9
3
14
5
14
16
7
15
17
18
18
16
9
8
13
18
12
15
2
4
22
12
8
2
2
6
3
3
10
17
20
4
26
28
2
27
7
29
4
28
20
11
3
8
7
2
13
9
14
3
13
11
20
3
11
14
20
12
7
38
20
4
22
4
10
5
19
8
5
21
9
9
8
11
34
17
5
9
23
31
12
15
7
11
9
40
4
2
19
10
9
34
10
2
22
15
7
3
3
5
6
6
8
4
8
15
3
29
29
16
12
13
5
57
17
4
4
35
7
4
2
2
4
10
21
12
8
5
21
7
7
4
9
4
2
9
8
11
9
2
3
30
24
13
46
13
44
11
15
2
13
19
10
9
20
4
5
21
7
13
14
37
33
3
11
4
9
5
20
5
15
4
7
6
2
28
4
2
17
11
2
51
38
3
18
7
11
6
4
14
25
2
9
16
4
5
8
12
3
12
8
3
4
3
2
6
9
5
13
29
9
2
2
2
3
3
2
4
4
4
4
5
5
3
2
5
5
5
6
6
6
6
7
2
8
2
8
3
9
4
2
10
5
7
4
9
10
4
10
6
11
7
2
11
5
3
6
11
3
3
2
9
5
5
15
4
5
16
16
16
12
7
19
18
11
7
20
4
9
9
7
2
8
24
23
6
25
24
15
18
12
16
3
16
10
16
7
18
11
18
31
23
5
5
14
10
10
22
16
24
6
3
6
13
5
4
3
12
5
9
19
14
13
11
3
14
4
20
7
12
10
5
43
40
6
18
24
3
15
7
6
19
10
44
6
9
5
2
18
3
2
22
10
13
3
11
3
20
14
19
14
5
51
4
5
3
11
44
12
3
10
20
2
7
15
13
11
2
5
14
4
5
27
2
4
5
16
17
16
22
18
2
20
30
6
12
2
12
3
8
2
11
16
6
3
32
3
3
11
11
11
4
6
17
2
2
24
29
29
5
12
8
2
64
56
9
4
7
6
33
16
7
28
36
44
9
3
15
3
9
32
49
13
15
24
30
5
2
6
10
29
43
5
21
3
13
7
23
32
2
2
2
2
2
2
2
3
3
4
4
4
4
4
4
5
5
5
5
6
6
6
4
6
2
7
7
7
8
8
8
8
6
9
5
3
5
10
5
4
4
12
7
5
14
13
2
4
11
6
2
4
5
2
10
10
10
15
11
9
5
3
15
18
18
7
4
9
17
18
2
2
5
20
9
3
11
13
2
3
25
13
16
3
3
13
10
9
25
5
19
18
4
2
25
22
29
16
9
13
5
15
9
6
7
13
10
3
4
2
7
5
34
3
5
5
12
4
12
3
16
7
24
17
36
6
15
3
22
5
21
7
20
3
6
8
22
10
2
30
10
5
43
3
28
26
8
4
7
17
27
20
36
2
6
22
18
9
5
26
10
16
4
12
8
4
2
4
8
4
4
6
40
12
7
3
16
17
5
8
17
19
32
37
8
9
16
2
3
16
2
8
7
19
15
12
28
7
26
25
21
19
15
6
2
4
11
6
4
30
2
35
3
14
4
7
13
3
17
2
21
12
23
11
21
2
13
18
2
32
7
3
2
16
64
49
2
49
25
2
2
16
7
36
9
15
2
29
3
6
4
15
