2
3
3
3
4
4
5
4
5
5
6
6
6
6
6
6
6
7
4
7
7
8
8
3
8
8
4
8
9
9
9
5
10
10
5
3
10
5
11
10
6
12
4
12
8
4
6
4
6
6
6
3
8
14
6
16
12
6
6
9
15
10
17
9
7
13
7
5
18
4
3
3
2
6
18
15
6
10
8
12
6
21
11
5
4
11
9
13
6
8
4
17
8
11
6
6
5
11
6
3
15
8
13
4
15
8
12
3
18
11
10
7
5
8
7
5
14
9
6
3
11
4
7
8
9
16
19
11
3
7
5
5
5
2
5
6
3
9
3
3
5
4
21
6
9
8
32
17
6
8
25
13
20
8
7
7
8
9
3
8
11
16
8
10
2
6
4
19
8
25
22
3
8
4
4
6
5
20
17
11
7
4
14
23
4
14
23
5
8
8
5
14
6
6
2
16
5
2
11
11
20
3
19
30
4
7
7
6
2
10
8
10
3
20
8
8
3
7
6
3
9
3
18
11
4
17
18
5
5
7
18
5
3
19
8
13
13
4
6
7
5
5
11
12
4
11
14
13
5
7
3
3
3
3
3
4
4
4
4
4
5
5
5
6
3
6
6
3
6
6
3
7
7
7
7
7
7
8
7
9
8
7
3
3
3
9
10
5
11
10
11
3
4
8
3
6
9
7
13
4
13
5
10
6
7
11
5
4
16
15
3
16
7
7
4
5
17
18
6
6
15
15
4
7
3
2
6
6
6
7
6
22
18
10
5
3
4
15
4
12
15
6
4
3
5
15
13
7
7
5
15
2
2
4
10
7
5
27
4
14
6
10
3
21
11
8
28
5
11
6
5
3
7
14
6
10
7
11
16
15
26
4
20
3
26
6
3
8
12
34
9
17
19
6
13
22
15
8
5
2
4
16
8
5
7
11
3
7
2
6
3
8
3
11
8
6
13
16
4
7
10
3
8
8
8
9
8
5
19
6
3
6
5
11
5
3
11
6
18
5
8
4
11
6
4
6
22
8
6
7
8
4
10
22
8
6
16
12
8
7
7
6
5
7
3
17
4
8
8
16
8
3
7
6
3
18
4
9
7
6
3
7
7
9
16
3
11
18
2
5
11
11
4
24
5
7
3
14
8
9
2
3
3
3
3
3
3
4
4
4
4
4
5
5
5
5
5
5
5
5
6
5
6
6
6
7
3
3
9
8
9
8
9
6
4
10
4
10
6
5
10
7
7
4
11
7
12
7
4
7
13
4
4
13
14
8
4
3
5
12
12
11
3
15
7
14
16
9
7
3
3
4
11
6
4
12
5
10
13
9
3
20
3
11
9
5
9
8
8
2
10
18
8
9
23
9
6
13
5
3
7
4
8
16
16
10
5
6
3
3
6
15
12
5
4
8
4
16
8
7
15
20
5
10
6
3
9
4
4
12
9
20
4
3
7
5
16
8
14
10
2
14
4
15
5
3
4
4
13
5
4
14
8
9
3
4
6
4
7
6
7
8
12
7
18
22
25
2
10
24
4
7
4
6
3
2
8
4
5
4
8
3
15
9
10
4
5
11
3
24
7
11
5
6
3
8
2
9
8
4
3
4
4
13
6
9
2
3
13
7
4
4
3
18
5
2
9
7
13
7
17
26
9
14
4
5
12
12
9
8
32
3
3
3
4
7
3
12
6
10
12
2
17
13
6
3
8
5
11
4
3
3
3
3
3
4
4
4
4
4
5
5
5
5
5
6
3
5
6
6
6
7
7
7
7
7
7
8
8
8
2
8
3
5
9
5
9
9
3
10
6
7
11
13
5
11
2
12
5
10
6
9
9
6
6
5
10
6
7
10
13
8
4
7
17
3
10
10
12
3
11
3
7
3
14
16
6
3
6
11
8
8
3
10
9
3
3
11
13
6
6
20
17
7
4
5
4
2
12
3
7
3
5
5
24
9
9
9
4
3
2
6
6
13
6
6
8
5
7
4
5
5
6
9
6
6
9
3
7
5
6
9
9
9
5
3
6
2
4
6
5
6
6
12
12
12
9
5
5
22
9
28
4
6
15
2
6
3
9
16
9
2
3
4
4
8
20
4
6
2
2
4
4
4
8
11
5
11
5
3
16
8
10
3
12
10
5
17
6
4
3
6
4
5
10
5
11
7
12
7
5
3
21
5
5
3
11
3
5
7
11
30
3
14
4
7
4
15
34
8
10
3
3
13
4
5
6
3
12
7
3
13
10
19
11
11
14
15
3
16
8
8
4
25
20
7
5
6
7
7
