342
225
390
133
349
711
471
15
866
267
368
1197
199
78
1380
1219
617
180
1054
827
953
110
1320
543
121
1457
1663
938
736
1148
370
64
316
397
1814
742
1101
258
1387
654
259
1450
1263
161
519
1255
341
1427
279
1576
754
684
208
566
2
207
658
527
811
206
231
1248
851
189
947
151
906
368
695
637
2281
2359
513
774
779
358
41
695
464
759
1103
349
487
776
1343
344
179
56
1909
814
818
634
23
902
383
303
5
1866
129
1109
502
93
1562
373
795
349
1913
1672
1159
687
1570
1616
414
959
2041
762
819
270
435
345
798
1175
305
650
284
1429
1572
985
531
1908
638
829
217
1472
2136
701
1031
338
656
274
35
33
1569
1400
298
1098
309
536
1809
94
697
1198
1189
897
150
158
444
464
625
523
13
507
853
1055
7
359
2058
906
683
2078
1
768
744
115
408
64
433
1446
1683
26
416
239
1474
546
108
702
1076
615
101
1402
3
1081
796
409
834
438
1677
330
955
1294
1903
506
1291
580
441
756
483
367
261
881
778
589
1510
568
627
2427
235
423
549
28
204
1370
2098
488
591
1716
77
1778
201
1005
247
809
191
347
952
79
643
77
1125
535
434
111
1066
167
593
128
1492
431
19
53
522
596
703
12
2026
1423
205
1257
82
63
328
302
98
699
1333
891
88
1319
642
301
273
522
998
999
870
372
785
1002
1400
226
186
148
253
739
622
1438
1629
744
769
166
994
453
486
751
48
80
8
879
418
54
1564
806
860
499
924
185
751
735
361
16
1510
1276
85
1601
1371
1533
537
1679
157
1051
1359
947
563
414
143
1070
1019
920
616
1502
218
52
1266
1739
1960
382
893
218
799
1539
358
608
45
1402
483
927
645
955
630
657
1185
80
1145
20
280
224
1107
335
988
412
291
25
118
514
1504
1091
2254
123
1323
684
191
421
1227
648
143
1191
420
1006
581
792
1572
407
1035
1893
467
147
1498
183
1820
1513
1299
517
460
1351
1098
134
385
989
766
1288
1726
589
73
784
195
1493
633
74
1497
640
30
16
69
1827
57
1033
309
223
2038
210
873
16
849
1421
503
422
1828
945
402
522
1623
841
64
812
1319
390
53
137
1108
1008
1138
1948
1360
1228
1575
668
410
153
56
3
679
860
104
726
231
480
1587
50
839
1416
80
198
2105
311
817
117
125
323
513
1572
253
1
429
1158
332
104
178
125
154
816
1578
271
1062
114
973
131
770
1112
179
2212
821
1473
1209
658
95
160
68
1203
21
355
1808
879
300
1675
408
808
231
32
749
1060
321
708
1378
143
979
707
689
116
618
71
675
1225
20
1316
1350
1641
342
469
91
482
973
939
227
1009
837
280
1149
1578
93
1085
569
323
2241
1170
576
1375
967
263
489
614
2191
716
1369
606
402
1114
85
14
92
800
683
1761
959
60
64
58
535
1963
590
570
1477
86
1329
1103
823
208
170
496
1314
750
632
398
894
520
677
1108
984
728
785
271
233
233
732
1252
266
1811
597
97
719
1440
137
25
604
641
684
544
616
803
906
407
1842
73
677
611
352
1589
739
974
944
89
1612
63
168
104
256
685
251
754
1187
1133
375
419
87
1197
1776
864
675
1612
1029
312
28
545
824
685
299
1188
2161
2042
157
48
11
1441
1203
1426
139
513
807
579
24
615
504
1191
2671
548
866
1846
373
194
594
346
1579
1126
616
1205
1377
1328
881
85
391
21
319
176
846
804
223
1411
734
406
607
1137
140
553
1099
1281
350
1448
987
729
787
1172
172
1193
1753
1018
851
1366
544
300
365
942
604
683
873
173
302
412
1748
835
24
1734
1574
15
1143
331
731
236
556
1066
104
720
673
586
915
1582
1163
222
257
521
401
1209
722
494
408
272
1615
1279
949
1371
343
533
866
1023
604
38
758
375
1573
221
1116
646
182
1785
464
34
2044
1143
762
1400
514
1400
1374
23
145
509
1209
66
278
144
198
206
180
443
378
1875
1401
616
215
101
121
20
490
270
1451
17
548
111
1926
934
545
270
782
1289
136
226
40
83
332
611
594
41
945
2589
1897
75
1108
1747
148
230
554
580
1068
263
190
1592
145
458
1320
565
875
1588
308
1188
253
700
500
116
50
761
699
181
2125
139
453
742
1236
300
1115
696
2309
945
302
589
1817
56
553
691
2492
351
506
325
1469
122
978
1111
1094
1179
1115
1621
93
612
228
681
292
148
495
433
1613
44
1131
1748
1900
250
886
1306
258
246
629
1362
536
1525
931
229
110
307
367
349
834
1864
841
724
1336
1918
1596
1732
163
759
1086
296
842
146
800
309
1691
607
682
1347
865
800
203
796
384
986
531
237
107
302
233
287
337
633
2318
16
1775
434
1398
1167
161
411
1348
689
414
146
289
882
957
526
491
1192
135
1136
1967
331
835
494
1091
49
1550
258
259
1027
375
637
136
745
251
730
116
608
920
81
1777
862
327
90
12
129
449
843
2001
108
228
2186
830
100
477
178
207
126
48
52
1204
1228
55
420
187
108
1453
771
820
21
1591
621
1356
1847
777
1400
424
350
67
1317
952
174
1104
372
114
73
217
380
626
2348
642
73
1290
1087
229
953
401
1036
30
1859
240
506
652
1300
338
771
1325
118
1963
2319
1861
331
364
519
1621
1531
1158
637
960
1149
806
1785
258
921
541
123
1273
831
201
2691
323
603
87
306
528
949
170
131
1194
1133
719
1237
594
703
39
7
1281
450
1469
93
135
991
591
901
1063
27
1933
959
1054
256
368
7
20
357
716
1128
37
810
392
231
37
1420
920
1290
970
724
1907
777
1546
741
729
223
66
1133
247
777
694
517
1189
1009
202
492
237
1496
827
192
920
605
782
1149
821
2051
656
121
1040
1505
2138
1623
1358
361
2147
1934
95
594
635
386
12
740
998
1400
1719
774
683
1072
781
63
1977
1513
76
1568
454
552
1483
1752
234
63
331
1374
1478
717
683
9
93
1227
89
19
450
1428
203
369
1498
1094
484
329
85
845
425
746
275
445
710
805
243
1535
830
332
555
1140
981
408
879
242
365
19
1400
481
1089
15
197
911
249
143
545
1017
1031
456
2066
1764
2
357
718
79
2384
874
91
1524
964
165
1748
613
159
361
1304
386
295
860
119
1223
600
1141
606
657
192
1994
195
847
1974
28
827
1169
1384
131
513
1489
85
329
1410
1647
947
1315
723
2410
258
793
1144
1102
642
12
43
698
277
959
1398
1354
838
285
447
2080
833
885
1606
95
1174
1560
48
844
90
1957
386
397
608
57
540
976
1297
1564
497
828
1513
22
474
843
40
220
120
523
684
1298
1317
250
1373
541
274
845
473
1290
94
1250
76
105
220
230
38
1411
386
927
426
390
1352
599
549
1999
129
30
806
1668
466
274
966
1179
247
1045
356
1609
60
806
631
399
732
546
740
509
345
1919
977
901
147
408
327
1248
241
599
1008
1904
388
243
244
269
986
1328
935
408
502
1636
805
196
2068
1325
521
534
562
123
2428
1519
1292
795
211
260
1394
285
136
66
510
2227
572
836
1081
275
98
537
1144
110
1324
862
1753
273
677
396
865
1678
385
46
44
636
742
126
708
745
460
595
308
2432
578
97
1396
340
97
1972
433
1521
1019
2017
198
597
1540
159
371
669
935
263
1822
1390
731
1930
179
1556
1403
81
295
1280
154
680
519
1497
203
111
227
117
1545
429
1778
1934
434
452
949
561
604
726
374
187
17
207
25
724
505
209
2179
1041
268
865
538
2200
294
310
1021
1137
375
917
373
224
368
1477
79
621
180
239
1561
972
520
1269
21
307
195
442
412
124
121
47
593
1066
736
47
1499
1254
1089
998
589
17
418
39
9
1388
322
1004
26
741
724
236
323
223
73
1130
335
588
613
442
1846
725
143
155
315
124
1054
746
255
242
385
1483
265
144
432
263
1369
482
1462
214
539
236
1123
815
759
1192
1062
1890
334
258
337
541
412
825
471
791
86
12
346
2120
1505
124
1087
993
966
1365
758
2520
158
1708
525
1489
1206
103
109
32
1138
1708
1270
290
1904
1321
675
1397
1297
194
481
894
1359
583
2179
601
1287
34
520
765
132
525
105
669
192
345
622
864
465
15
153
617
502
1049
296
467
1973
653
796
726
181
297
669
230
546
178
1761
973
307
224
772
211
1592
1506
691
622
226
788
388
159
311
434
415
1243
25
98
777
112
402
380
746
1079
2000
289
77
685
1022
949
1345
973
34
146
984
356
686
388
420
1426
119
335
1220
1663
189
910
1147
107
1132
486
245
65
1605
1106
802
665
955
1284
898
1657
956
1304
1093
48
502
304
607
5
1449
479
1230
1927
33
996
1335
284
569
500
55
437
132
352
1489
795
130
741
25
593
242
512
460
47
416
988
149
540
276
281
223
845
951
339
394
1828
555
75
339
118
307
676
1097
850
788
319
353
1968
7
536
48
1245
1152
1853
1341
903
513
855
1171
958
1060
48
206
655
243
889
1165
433
855
19
606
1784
709
1698
859
125
902
1433
1123
738
249
60
1325
765
663
1877
292
96
200
37
36
439
1163
56
1351
156
485
51
36
190
648
310
598
813
232
1703
509
513
444
620
200
1918
477
1038
812
1395
61
397
116
47
1091
1039
1213
1185
102
705
496
824
1250
1319
780
26
87
202
179
1300
1078
299
960
194
831
2233
378
769
409
837
2353
774
75
133
774
95
1114
136
80
1047
162
1253
329
1055
177
563
38
419
485
895
385
1617
15
1065
670
1315
746
1036
1067
871
572
75
337
75
996
649
1020
750
1327
87
659
100
6
408
401
1259
209
111
9
1621
910
315
815
325
335
458
227
1056
1394
95
318
1621
1229
1192
1596
905
809
7
313
467
1525
342
244
254
1321
278
1017
2175
2261
188
208
252
121
1548
1840
1002
825
727
2171
356
186
1122
962
517
563
384
250
610
1437
380
822
2013
361
849
307
453
1049
470
150
220
298
269
420
793
636
446
674
2123
1101
159
775
147
472
1541
933
442
465
1013
285
1212
163
2700
2073
581
159
394
855
802
944
22
295
592
717
115
933
50
2454
485
853
530
456
1074
1754
1041
871
1285
603
1494
212
575
347
289
221
140
334
1339
374
1301
365
77
1900
414
261
73
1064
1581
45
63
1521
120
200
56
1178
218
1859
216
905
374
96
343
1065
301
890
979
1560
1375
794
1193
353
779
1146
494
1011
399
259
1201
1425
301
8
1087
1343
285
1396
2193
1021
842
973
1359
732
2192
1319
352
117
936
1068
25
47
363
190
651
110
121
948
1457
305
1247
218
93
502
43
365
688
689
74
862
337
841
747
2090
888
694
785
1657
911
171
240
1075
249
602
207
389
312
568
681
323
50
1556
740
175
754
121
171
720
275
530
760
1121
30
1452
1320
589
693
1360
161
833
2376
629
202
168
1107
438
110
168
821
52
272
248
355
6
736
576
1585
1419
488
1647
116
599
918
360
290
1035
495
541
477
742
499
301
434
536
153
322
616
1170
216
576
28
473
1119
104
350
250
578
1357
281
796
618
9
192
953
211
804
570
633
8
536
1431
2301
1684
490
875
1160
494
952
631
247
1776
943
669
329
63
756
753
1152
1083
847
453
875
1028
388
329
829
1303
58
373
649
305
231
165
1226
559
1523
674
1238
396
326
773
164
301
197
1252
76
187
35
1240
1944
938
227
221
1109
732
1301
924
80
29
1359
1159
148
131
1248
1532
1587
925
691
31
774
1205
1572
938
633
681
54
640
666
865
359
92
50
1128
885
648
407
320
46
768
951
199
1205
760
515
701
1123
142
1015
445
875
320
883
383
898
1777
91
717
851
1433
17
1840
485
1005
582
165
105
726
366
1411
146
595
30
173
1440
721
843
508
498
864
525
221
1144
1140
1440
421
153
141
1336
307
985
279
274
551
194
997
676
549
252
192
734
1872
1407
358
1904
313
1888
22
544
1683
565
154
1223
656
552
1021
34
213
698
54
1347
2160
867
345
1386
46
641
1344
400
844
216
383
1336
755
694
1212
652
1541
644
344
1699
89
512
238
324
200
339
702
674
1309
213
165
262
986
932
982
1189
1012
648
484
566
1424
202
1256
1073
340
1147
657
211
1289
971
59
181
131
1364
645
934
345
458
1591
200
631
662
735
643
1224
200
1367
417
458
1114
1049
5
697
77
759
947
77
1570
521
1456
901
714
1385
255
1501
1034
2110
215
104
1243
576
524
545
1784
1475
948
878
1078
1091
814
478
758
156
1504
656
83
192
663
251
469
716
1129
687
640
1438
1124
1546
1245
369
644
1050
44
735
1639
527
1178
1060
225
356
76
63
376
116
2208
960
1018
74
1954
609
1231
390
88
1895
499
654
449
504
24
205
2047
140
49
116
201
1310
577
1785
664
180
111
126
193
1068
920
186
82
1519
879
109
241
931
1198
1154
731
66
2281
110
365
26
706
1657
61
353
1540
955
922
968
1288
344
1430
103
355
215
395
55
1449
791
776
378
1256
43
47
87
431
591
35
101
1854
18
570
1045
425
1400
1313
254
413
2017
364
366
532
740
1233
389
453
1199
1737
1527
703
250
558
408
1238
66
943
1430
94
1172
26
845
1186
1612
1547
734
736
55
219
433
1148
248
1067
85
2182
596
900
760
1276
801
1174
1390
645
1077
462
87
672
1000
598
674
456
679
238
1438
18
388
472
1067
424
854
479
325
2406
1278
358
985
1514
547
1113
67
1085
826
523
449
821
862
934
163
896
1246
842
942
54
431
288
2097
1597
1167
788
538
370
324
730
1635
281
863
397
463
381
25
136
642
1559
486
122
519
770
106
1357
1235
1214
398
989
175
430
1024
638
71
747
1039
715
566
41
960
75
573
93
264
522
4
1182
522
1011
949
1095
155
603
763
230
76
620
409
1086
241
1400
447
1977
836
359
372
403
296
1060
1010
604
556
2591
1366
170
1139
1218
62
1384
1099
239
499
1481
587
369
1052
381
33
98
1205
629
1128
941
1846
876
980
218
314
1641
89
195
1511
486
43
579
589
248
812
718
964
20
1913
243
1075
250
321
307
422
102
932
169
832
1043
483
1064
1028
515
569
244
785
1614
928
19
262
303
953
188
555
852
627
997
358
1082
2131
1851
1634
462
1911
76
1603
156
1544
496
1559
601
1154
76
186
396
138
1251
456
1437
957
194
63
319
1107
43
597
1478
111
1501
2832
1508
121
2164
266
1249
1386
928
748
497
1211
510
521
454
82
879
1834
353
163
572
384
190
468
237
413
166
1281
1027
210
577
513
1133
463
666
511
1974
500
734
89
604
2
122
305
1128
992
151
1159
25
274
283
994
249
154
588
1424
1481
404
1171
56
692
666
506
66
32
1212
169
265
1398
1399
796
820
652
782
44
146
711
1196
596
784
1057
1163
128
302
1175
45
744
442
1313
815
374
186
40
486
125
1162
567
876
651
583
856
212
239
288
534
1453
1786
279
166
2004
868
190
583
619
802
816
1415
1008
142
1279
9
57
32
626
1589
1850
338
403
2098
319
1199
1206
1365
177
278
1696
356
52
646
12
106
926
624
801
672
598
1021
19
727
825
4
1366
234
1247
276
481
1203
432
1287
1369
1212
2013
684
1494
328
506
277
616
258
64
271
1837
1454
525
2274
42
789
61
13
1072
245
173
267
2111
1457
970
492
311
1230
156
1108
1191
166
2056
173
830
739
1460
259
1195
1556
1054
135
1442
12
828
83
1275
1386
1346
375
110
1503
277
963
307
331
37
917
273
43
754
334
115
877
220
795
552
315
555
97
352
848
1039
719
1010
54
181
364
464
839
603
321
82
168
2084
224
243
1100
1984
542
355
169
75
342
752
316
215
1083
406
505
1411
509
14
150
475
176
1216
885
88
628
59
1343
1053
539
574
202
793
222
1600
647
68
992
14
594
495
1659
206
190
800
301
338
1030
125
692
1401
269
1469
125
117
649
759
773
714
250
1075
1374
740
116
1421
63
926
570
337
239
258
1780
1177
258
1193
490
823
1127
114
1916
1131
192
1114
1171
999
778
904
609
761
2060
1049
382
42
1918
1767
801
990
921
1099
658
1165
934
1411
184
234
608
891
239
199
112
54
629
8
273
92
69
201
1385
810
1346
1610
2414
288
1534
2492
2389
344
1819
2100
1119
109
1684
540
248
606
1043
557
30
286
25
57
119
927
3
1182
760
212
1601
71
392
770
93
357
1409
546
1049
564
96
1279
1330
1480
139
582
276
2454
443
226
987
920
162
291
120
683
16
456
603
277
453
543
1237
1563
165
1763
190
5
111
1036
863
339
828
1087
875
1149
235
1002
196
1142
536
421
218
260
409
564
1068
1088
440
74
168
202
170
1686
129
436
15
1529
309
542
2272
383
961
998
516
112
23
1840
817
1057
79
37
592
986
1810
579
381
783
229
642
698
34
310
370
73
856
2475
784
887
1087
2083
193
101
442
72
319
1151
1016
165
792
57
189
1477
153
834
1460
827
637
202
88
37
180
1633
1437
1345
1520
1194
708
1060
501
688
520
1627
139
138
586
647
1309
429
503
527
60
649
102
1168
1122
498
1491
113
98
807
620
337
181
1003
1776
818
74
67
657
588
702
112
326
245
125
1220
931
141
177
967
178
32
158
1581
618
1634
617
30
126
568
433
776
68
851
1747
545
1158
1285
220
521
563
56
803
45
38
1339
64
284
12
1314
172
689
1096
510
305
97
1775
176
437
202
1272
198
77
303
1118
1450
1389
772
1144
898
19
1372
494
98
52
143
884
575
87
1938
1336
1598
831
43
138
863
1112
577
169
126
854
22
356
523
1959
152
1882
505
61
994
684
202
505
13
111
1
557
927
1115
46
2
76
769
674
504
2906
1633
1201
817
1086
123
1081
2
930
938
624
439
529
922
358
246
1112
596
594
16
1035
496
228
565
34
385
272
736
2037
509
698
101
1985
310
1351
1543
1230
166
24
713
248
593
540
212
500
584
370
157
314
1264
549
253
557
1377
472
918
45
13
233
378
1669
102
690
106
567
625
11
119
974
204
604
616
228
883
1856
87
290
898
774
1133
1379
149
662
593
1208
1986
1238
2521
1417
921
1161
206
1809
773
383
1595
251
600
496
369
720
452
1174
1092
322
199
150
2215
378
200
1428
742
1150
139
524
134
1150
10
1454
11
631
989
1475
220
135
2077
1588
130
668
703
444
446
455
152
2206
486
413
706
268
129
685
1271
115
48
142
193
644
666
908
221
137
349
445
434
916
1347
618
341
970
84
190
225
205
984
150
55
142
143
353
910
1416
1308
855
1110
647
702
1095
1279
782
999
702
6
823
636
399
425
524
429
220
614
293
174
738
472
1645
837
782
378
1308
368
202
458
1481
1845
17
972
637
449
508
1044
189
344
42
89
168
1214
806
748
1044
674
2419
601
1456
135
1503
2065
265
2611
123
600
361
1661
499
788
431
814
479
56
1684
556
305
719
406
210
50
24
475
281
765
130
2050
1115
48
1281
898
1482
244
31
321
1030
605
594
1942
1863
238
317
1354
600
71
227
192
47
986
790
1325
87
303
1123
28
380
1163
2243
497
148
655
518
182
196
289
709
126
810
183
1059
1106
946
1184
881
2138
1240
281
659
133
59
890
433
1310
198
751
44
85
237
159
1387
430
1691
216
764
137
1227
799
224
1290
1049
792
557
1077
1879
1030
209
657
359
983
763
2196
844
1970
776
1160
228
1909
102
132
233
1980
1635
1043
816
477
203
81
1025
376
52
688
199
205
1068
1342
564
212
330
883
174
768
274
582
96
150
1459
368
713
437
136
452
473
296
215
1458
1177
1098
284
1054
1337
38
53
430
1059
1123
427
1455
109
261
1262
775
1454
542
484
116
5
502
463
422
471
418
393
330
201
1735
88
942
275
722
1496
660
1472
150
216
1375
432
1776
1096
2041
1028
616
1285
1009
556
367
268
402
797
557
668
912
1604
619
1145
191
325
1262
917
575
1863
1273
1124
58
653
1478
585
11
321
839
2096
1263
177
430
61
670
426
1060
749
439
667
70
183
795
80
469
899
27
370
849
1159
150
989
1202
62
1146
296
720
1219
802
327
56
1468
1109
6
443
1133
1172
753
354
1213
791
1462
272
390
265
481
109
841
1363
1951
2199
604
523
205
282
16
1229
784
120
1081
972
135
770
742
187
2097
1042
736
552
24
459
1113
250
439
768
305
868
392
9
227
313
319
643
22
944
382
678
265
291
90
1239
1569
168
1299
578
605
921
1945
236
1104
2
854
582
92
35
2107
1328
443
562
275
42
343
776
79
542
554
157
699
1069
536
322
67
213
1153
396
365
1256
2223
673
1383
309
207
53
21
1493
1878
42
437
1874
358
1189
1327
2506
1172
236
278
363
1525
634
197
386
847
147
351
2196
365
2046
596
160
235
50
625
388
736
667
1285
690
821
779
612
2117
928
635
657
425
799
50
312
406
410
360
827
684
716
188
225
411
146
953
290
809
1309
952
1251
426
820
145
1074
200
79
91
90
484
391
730
61
2173
184
134
1427
616
365
1677
911
62
1218
64
476
1667
1516
664
896
271
714
338
1147
299
1295
105
95
46
678
709
45
1691
575
568
543
615
567
1033
472
323
252
273
885
299
86
1333
409
1281
252
150
1592
84
1454
676
1380
1193
170
294
1426
1343
278
1276
602
186
645
315
1399
1134
608
837
585
1147
10
312
1409
286
2364
39
1942
842
4
359
1444
195
459
1144
1148
1337
112
363
46
703
587
1434
181
848
700
821
399
340
704
848
1626
1532
1149
72
1929
522
593
885
305
1421
1330
1943
297
1124
461
947
1319
77
1082
376
1445
803
409
752
678
1874
760
396
1033
427
828
109
1241
116
1969
217
986
1828
159
824
942
818
94
2418
504
185
1384
519
202
445
991
1168
236
47
1074
492
2026
87
1536
833
1322
106
356
1495
1014
68
99
240
393
265
496
1935
580
1707
191
738
559
346
1293
680
111
458
576
468
444
330
202
923
1450
1044
1064
235
170
328
652
1466
55
134
1046
172
1385
1251
858
551
914
806
77
772
837
231
75
466
1170
918
155
786
314
285
580
989
516
1088
1936
299
894
231
79
79
115
127
59
1337
216
1231
656
1367
805
73
1040
940
326
1016
290
955
1390
1530
1848
799
205
803
123
2153
729
662
906
1790
304
48
1637
47
1335
345
115
611
908
1123
789
603
1587
431
508
107
436
1738
439
886
1494
477
1026
1232
923
1237
1842
560
790
71
79
214
38
504
1571
1119
1
826
190
531
1134
1134
231
203
865
310
561
500
148
84
875
71
968
168
557
437
1232
1037
260
319
658
2150
203
691
1155
830
128
1178
530
2368
911
651
878
233
229
597
546
1208
514
865
64
1010
200
246
276
2110
172
566
650
214
62
175
1979
432
2152
613
841
876
1193
1060
535
65
276
142
488
675
213
213
55
162
748
102
981
1241
654
108
1037
490
516
269
1207
870
13
73
798
988
1794
691
804
1226
95
1102
720
292
358
1213
355
1199
393
600
893
203
812
471
1669
127
83
554
337
1855
1811
553
801
310
629
1175
248
1950
656
474
457
624
1410
426
196
283
619
752
192
254
55
89
201
760
442
1347
314
346
963
311
813
543
1246
339
562
984
232
800
338
197
2050
716
126
320
809
260
53
268
1086
86
59
912
221
636
516
1228
28
250
165
444
1492
118
612
610
971
1394
871
102
1313
841
545
1027
152
333
244
1263
729
142
279
166
353
31
268
451
583
251
1175
185
509
982
597
1799
193
1862
88
1273
957
23
1239
264
1066
1389
1097
856
52
1136
264
186
1351
794
891
712
166
2
185
1374
1349
1750
605
540
899
760
624
1361
691
982
1188
1009
6
150
319
1310
257
845
987
391
24
45
654
630
1064
329
290
1622
226
1020
154
948
1085
195
691
221
273
1008
134
1372
365
419
1466
1000
784
902
294
387
64
811
1395
654
529
459
134
1620
821
851
530
795
667
125
321
6
258
1365
105
1291
84
119
1280
906
839
550
30
108
139
531
1314
24
984
1646
628
711
543
908
376
238
2085
2
2242
619
1068
767
2013
419
1339
520
1936
626
304
815
850
414
326
134
1389
699
446
497
606
345
439
344
41
807
647
171
378
44
118
42
1626
1371
889
852
91
523
1774
243
1513
588
830
57
1190
267
2120
246
759
1846
1594
105
1196
2357
1762
1077
522
90
1042
1329
359
1628
80
1337
1510
1296
137
37
664
616
117
74
1814
165
988
73
1112
913
718
249
59
35
275
258
729
855
216
445
384
1563
1637
164
1049
692
458
512
61
567
480
1009
355
1665
119
734
2595
551
201
472
1274
96
249
522
780
780
299
910
1349
181
2193
103
48
78
1452
81
431
1096
538
2070
1215
221
839
193
1410
458
1293
643
1560
82
1142
238
463
1159
544
861
723
221
1517
56
1232
396
365
262
826
1125
292
1821
380
274
1354
78
1304
906
235
1629
596
471
319
613
1077
845
929
1080
430
258
336
389
599
854
98
438
608
1199
77
867
230
574
639
100
1160
1167
284
1612
1071
1019
149
2752
762
50
20
957
250
928
885
1608
586
308
415
697
1282
658
730
1038
527
439
892
706
38
386
648
393
559
644
1330
192
377
1234
601
570
324
9
65
105
145
106
222
306
325
305
410
422
516
753
263
224
865
921
1029
484
620
1091
434
967
136
410
903
1387
401
1129
398
627
136
342
140
271
1762
106
1937
1197
370
901
1541
2160
535
1706
1680
161
575
98
784
639
796
307
1167
303
614
172
283
790
1495
782
105
336
613
179
88
195
1926
1105
672
279
575
253
1105
922
1776
1076
894
1
150
198
134
314
1120
488
195
58
1241
132
943
119
705
1323
1197
459
814
760
685
824
106
1323
976
101
1454
1099
98
18
637
1702
599
290
710
497
73
763
737
567
972
71
240
1178
149
488
468
114
961
1856
495
572
1185
1337
12
284
1488
58
711
2149
35
310
1207
1460
700
36
894
409
885
150
1254
443
857
624
1621
813
977
851
288
149
910
1140
73
896
2949
1316
164
686
1688
649
129
203
1808
76
1198
291
1620
178
859
1307
758
754
397
705
959
1109
1017
490
281
169
1189
184
874
1453
377
511
274
346
507
359
937
1034
2076
1393
2357
757
391
940
64
190
528
345
290
268
702
281
822
352
1005
1158
941
112
68
73
808
1036
789
291
131
808
781
136
490
874
2641
1336
389
616
1150
219
636
940
180
208
32
112
252
523
1093
642
195
1486
620
2266
1927
260
453
1314
277
846
63
434
374
1571
227
1545
7
980
564
869
166
1596
863
1609
1053
705
355
974
595
362
1277
12
164
97
397
861
553
27
164
186
1653
896
518
612
268
781
2005
1548
1627
413
241
65
1356
1961
552
22
56
491
273
24
636
897
1198
1067
813
1376
1122
968
668
1887
748
69
870
266
967
1369
69
636
92
364
2632
1340
708
254
76
541
14
755
720
225
670
1679
664
658
1284
833
781
540
77
715
719
595
404
1422
139
848
588
174
272
237
1047
2329
715
814
582
351
637
1286
863
1797
149
186
65
28
26
433
891
891
167
165
88
477
99
413
69
290
74
1700
496
113
45
63
187
1930
157
1569
738
287
1137
800
770
1248
2221
2
1186
739
732
1420
51
1044
255
364
178
1139
2216
1175
1609
325
10
1688
1156
282
1396
107
971
413
1578
1030
868
692
1327
882
2668
1715
749
1616
1884
1476
114
43
847
636
712
1641
1733
61
1530
131
731
1255
319
781
2144
1021
167
714
21
1335
189
305
564
224
5
146
599
476
1324
531
173
57
920
2418
626
358
911
21
808
582
229
406
67
338
1037
374
1293
796
650
378
1737
389
914
680
492
1113
1411
970
1099
510
462
1430
306
411
423
133
288
1171
1583
327
1542
1202
382
118
577
1635
1025
1231
136
132
763
41
736
511
750
908
633
1184
562
865
348
1147
581
521
1180
528
625
493
380
483
1112
30
1700
1028
293
691
218
977
661
268
2080
752
187
625
295
73
215
233
492
1540
2009
1567
1274
493
601
738
173
1460
714
1638
481
1427
277
1479
703
513
1245
1072
1259
585
167
33
829
1313
195
9
601
1834
296
2380
345
2143
196
1808
473
1076
485
1037
490
320
699
1064
331
1308
1510
2287
1168
1491
757
206
450
1508
1529
486
1657
1086
132
1137
209
175
342
251
44
1623
472
861
558
225
701
1043
2352
1963
222
82
840
1012
1872
1217
669
446
176
167
1930
1067
17
206
295
620
918
1163
76
1265
278
1373
355
658
162
576
147
611
371
54
456
594
1028
1698
594
852
1225
666
120
59
553
74
34
4
47
118
490
347
848
336
693
1214
1282
15
407
896
226
1355
168
1296
555
1449
290
1518
819
1814
531
30
1249
223
166
964
105
153
771
1431
486
1174
885
1267
469
157
214
219
363
1274
211
1042
323
59
103
118
1598
591
266
752
123
130
1216
173
237
663
1542
1221
656
45
171
2086
771
262
347
1415
2
1675
287
546
292
1403
1267
760
951
932
17
2211
135
351
138
701
341
971
290
1790
2242
2245
256
29
781
155
1365
1062
2196
785
962
474
633
270
524
425
769
795
66
214
323
1077
757
169
1107
851
922
881
960
1285
584
356
128
827
1402
114
853
524
412
129
548
526
1019
1609
514
693
234
319
224
952
224
1228
1143
671
239
329
313
211
683
1783
652
197
1785
1704
119
753
439
972
832
1550
726
2124
979
1076
1030
2058
549
1284
1304
121
481
96
792
1910
626
1545
369
1602
1714
65
1492
705
603
396
127
924
496
29
166
1012
1796
141
283
36
802
113
1313
133
349
1451
223
222
471
12
1227
673
13
239
9
611
634
675
834
28
316
975
303
1066
878
264
120
131
203
260
56
1936
520
481
188
2079
153
588
264
369
635
208
419
998
1059
375
257
839
637
199
209
1003
405
335
119
110
506
264
599
136
2003
675
313
1544
553
711
594
17
25
1140
60
324
1408
576
1510
333
1386
1095
14
945
1166
1047
1237
1270
793
1376
145
294
97
1548
627
2050
481
1659
36
1035
168
308
602
513
385
217
1782
2431
848
82
1340
938
687
40
331
1316
45
665
447
1336
1042
455
1825
537
62
76
946
875
474
176
1263
815
371
564
454
529
823
1252
1448
267
555
1124
151
440
1925
410
41
380
212
502
195
1050
176
1148
77
387
2122
1061
1141
250
127
1503
864
2146
107
1030
1485
268
182
703
143
845
1277
439
809
1120
695
708
507
1293
177
1326
139
1049
1268
103
419
1645
198
1360
676
136
251
401
1325
323
712
130
571
106
25
1796
90
1110
1543
325
87
636
203
307
1010
807
251
22
845
125
284
1215
860
406
490
1194
1674
791
910
1937
1353
535
1119
297
523
767
933
250
671
61
177
919
829
1197
850
703
80
1598
616
640
537
219
269
1366
1876
615
898
1376
663
576
381
763
2062
52
526
248
92
47
1024
71
972
410
181
487
1216
391
1043
1057
356
1370
475
884
1021
301
417
1345
1749
851
543
209
887
1019
70
278
1216
1789
214
74
383
1378
1786
1178
342
423
1323
145
246
19
1438
1460
233
1506
1410
39
726
793
1195
62
400
669
960
752
342
627
19
4
750
66
195
762
1399
28
232
548
467
1114
122
1952
733
1514
1130
1220
746
1165
824
1100
100
16
461
1134
1141
964
301
116
1112
248
499
20
651
51
271
1938
628
312
196
215
1757
151
831
34
2234
542
170
304
79
1111
935
237
831
18
668
150
30
482
619
1851
223
555
594
526
1172
1523
22
31
250
834
280
528
504
2145
1225
337
390
485
1292
1464
199
597
136
480
204
1628
1026
208
1881
503
1058
258
221
49
1605
64
919
384
1592
668
1805
575
264
31
977
333
691
367
1148
1246
278
1324
553
1148
688
908
121
2156
2121
1757
489
644
1019
820
1164
183
102
1376
89
96
481
841
116
524
593
1554
1295
1080
57
414
1593
1620
580
247
1583
1466
74
389
424
511
213
1646
8
1586
400
1241
196
121
454
286
1144
883
51
647
10
1315
2035
194
365
638
631
1031
140
609
772
2175
228
105
180
399
487
1997
692
1024
2399
1531
707
226
1861
590
503
467
55
366
276
700
299
755
319
307
731
174
537
452
114
275
1113
209
473
126
1983
1525
1497
641
1330
409
83
319
912
1950
1087
97
83
1805
1795
903
481
734
1169
459
433
32
609
355
697
379
615
1443
80
670
990
447
716
70
519
635
987
2035
567
1288
1530
2932
669
1838
125
570
1636
1590
2055
610
421
514
252
1595
1141
655
493
446
883
39
633
316
1322
1604
1593
1202
1200
1079
169
76
787
199
100
707
662
1106
693
1554
539
985
350
483
522
1060
37
654
268
672
1187
1115
865
946
8
1341
202
275
260
2103
56
2029
882
1414
534
1588
1365
279
343
2987
1323
231
1123
15
328
493
724
223
506
1481
363
248
331
253
420
1558
746
224
181
385
497
314
1177
339
524
2608
66
282
679
30
96
130
2090
421
551
637
465
1414
819
67
191
483
631
85
740
1301
323
1362
488
261
354
303
441
1887
711
1780
789
38
368
594
1542
694
612
25
355
1607
3
28
619
23
787
966
348
233
30
862
1173
479
881
347
1405
59
260
768
1852
1036
7
970
198
535
1727
622
102
274
797
905
667
471
1354
1397
665
543
52
112
1073
433
867
861
635
158
385
1302
600
13
1736
1298
1746
913
12
57
168
45
1014
758
1376
699
608
108
422
1475
366
467
266
1556
944
33
46
898
976
1419
39
472
223
1295
342
230
701
1075
1192
118
624
1456
703
301
563
1038
1466
868
748
536
1614
162
183
753
1169
925
657
59
1186
648
234
139
288
600
513
204
844
1697
812
647
461
620
1673
182
176
785
1236
229
333
814
605
73
299
244
967
1660
1894
812
465
578
972
406
74
75
1604
1023
797
1731
54
444
147
891
268
1134
290
260
644
844
1182
1691
165
710
665
276
1163
376
1187
631
3
1003
1206
115
1237
2050
381
738
1425
870
384
219
194
483
1531
37
734
309
624
33
51
1006
752
1996
209
287
839
26
233
37
1588
795
88
519
1974
542
404
134
824
30
821
328
815
206
612
2030
123
640
112
600
424
1843
333
116
1230
480
747
281
1122
452
68
556
1508
577
311
502
980
757
282
207
230
1047
133
295
492
150
213
299
638
883
450
1657
1230
724
928
509
688
759
484
560
485
667
1221
213
172
301
1101
273
502
66
173
951
1503
178
1377
234
406
142
1796
516
182
1069
1156
1407
892
554
543
1123
530
1327
56
1051
115
546
960
478
1096
1747
220
46
305
321
1380
583
11
1171
84
1672
790
1707
1400
136
1705
326
270
1277
1560
134
206
226
1308
14
1249
1324
742
170
1626
1841
1587
21
871
496
484
242
1699
1048
1078
773
1496
774
195
1145
289
293
1426
403
981
44
120
770
1021
256
341
274
362
1125
1600
700
688
202
1120
400
1564
864
628
1543
1308
2397
633
399
267
668
63
1112
124
453
600
1117
473
836
1105
193
781
45
38
2230
262
626
542
1349
282
908
197
843
1791
1381
666
1493
1081
439
102
44
10
756
1899
715
1691
1407
165
1445
407
1040
1206
340
49
140
1050
1740
2145
138
858
745
204
264
902
539
2048
405
1634
1746
110
118
170
35
1231
1266
122
726
171
1149
319
1057
295
1070
137
148
256
681
782
106
112
701
1418
216
170
1173
299
156
622
1435
42
531
1647
144
9
1173
1063
2114
590
65
2392
143
1642
1590
583
1165
824
14
582
166
112
420
217
1303
210
2050
668
302
731
755
722
1239
551
974
250
466
555
527
871
1155
1045
154
512
567
1080
723
93
1172
528
1272
240
709
1073
67
1
675
2188
1834
223
815
286
188
1345
1325
352
624
833
1515
44
68
251
407
316
343
2772
1535
1246
75
1205
564
206
4
881
1730
820
168
111
275
1134
1195
1522
288
2331
32
855
440
840
59
5
2043
1017
1319
28
321
1571
51
540
225
279
1040
282
881
1078
2018
438
1268
81
246
127
319
217
1049
142
10
1662
152
1003
329
638
142
15
905
1207
14
949
633
1633
332
93
933
11
1923
176
806
290
393
621
472
643
1639
191
1313
92
769
1599
543
991
678
291
216
728
292
1074
1521
347
567
1243
867
273
379
771
1605
106
368
447
414
636
670
624
866
1495
591
497
382
507
1588
701
34
290
910
649
963
1541
1102
1665
1237
1329
365
506
164
1870
388
996
1248
529
556
1421
216
416
662
1703
275
1695
343
84
506
241
4
676
703
439
89
1674
375
915
2137
251
483
363
2415
790
194
327
64
2584
106
17
564
1678
374
27
601
442
75
384
1936
704
593
197
945
262
1869
102
864
296
528
86
48
869
4
213
15
56
276
382
1391
193
910
692
661
2190
357
384
53
1100
413
240
1694
654
2329
76
1659
291
504
838
2157
1095
232
361
1488
547
866
372
297
458
369
1423
1799
446
417
621
572
177
1131
107
507
1651
21
367
4
1556
701
964
1607
55
37
103
108
1878
429
1427
1414
27
903
1207
343
845
340
1780
216
893
746
1018
493
424
62
772
252
243
1324
63
515
1324
841
641
622
722
1084
232
14
806
810
689
495
321
1195
179
474
558
194
1269
903
993
2201
1133
118
364
55
227
423
1048
669
998
843
686
1675
39
1847
326
1881
824
98
23
309
204
301
21
287
34
401
45
326
280
123
925
867
43
400
769
665
19
155
67
1311
231
220
1781
537
687
588
24
1890
1337
662
60
1059
26
1455
113
1319
1172
33
561
214
245
164
49
76
976
1592
1446
544
284
624
756
581
621
576
252
825
155
103
293
75
1260
422
1142
1157
1223
509
414
1868
1679
602
1696
1281
616
207
1125
417
359
233
980
133
1652
674
595
29
1086
552
2
1244
747
1191
776
357
970
135
1158
16
289
360
1166
223
543
341
416
1328
169
268
564
1836
115
1102
460
1557
83
174
769
778
39
516
383
633
527
548
1665
1134
140
1448
1609
624
521
724
228
40
1302
234
415
960
40
98
1096
1388
588
249
1798
440
80
252
378
1160
1069
140
262
69
1260
1493
979
455
100
273
714
375
737
1287
326
15
1248
292
290
1057
482
666
65
1068
1105
397
1186
2358
249
314
82
706
152
626
222
162
2449
362
360
432
882
2428
380
220
238
189
218
1230
645
796
237
1369
994
1197
302
539
70
1231
801
258
1320
111
1769
1774
1081
1761
1455
644
1312
247
531
266
162
370
1312
919
354
661
1029
119
989
1272
436
824
254
567
283
127
1032
1802
642
312
762
322
437
384
575
792
113
216
1507
847
356
473
61
894
1289
202
923
318
1915
451
62
693
1337
453
529
438
954
138
948
589
670
262
1709
369
257
66
1801
6
713
539
1674
900
1240
201
838
804
1415
2
233
1187
1549
402
1137
864
771
974
1451
158
286
890
824
968
837
1128
1816
497
76
87
211
772
382
922
414
3
280
1264
213
206
748
469
785
868
1191
684
1129
192
729
191
1379
1470
811
383
1917
64
676
911
1499
584
3
584
2209
233
534
170
771
171
296
71
676
767
74
660
575
1190
1260
1954
618
746
231
398
164
204
538
945
573
914
2219
183
133
81
1901
452
1648
686
1506
214
493
37
472
665
1830
495
245
836
453
1309
274
583
399
805
692
417
617
144
953
368
114
1352
70
1984
638
843
366
48
81
616
1110
111
10
292
16
277
706
25
349
1896
1083
305
163
247
285
484
234
230
242
899
15
1877
821
316
17
1178
851
741
153
1967
4
729
1508
1614
1115
1507
1335
752
99
1163
324
791
689
38
247
1097
500
188
404
300
402
242
323
1051
501
246
1281
70
1730
465
1276
341
927
693
831
5
999
1391
222
620
439
613
144
533
946
1384
75
1951
582
1055
260
315
1888
304
449
12
796
833
736
1636
232
1032
1962
38
695
896
213
1008
223
829
93
930
608
72
19
65
33
272
1175
300
699
231
412
82
761
233
487
254
608
831
799
1777
1512
1101
2414
1685
117
751
1444
940
1975
1174
100
341
75
454
833
887
786
1218
779
1805
58
48
372
666
1675
163
1139
722
34
220
57
585
142
865
1025
189
356
146
161
1162
213
783
858
1199
812
2046
959
80
1561
614
591
192
2176
700
90
1080
1675
1978
66
2045
30
686
47
1118
1185
281
1172
454
331
1291
162
9
798
1322
614
1011
1300
444
649
697
981
713
931
255
366
1734
1139
836
1339
783
51
1035
1256
323
284
732
207
1705
432
54
199
608
2345
61
398
417
929
209
418
969
1341
72
48
675
922
1948
156
601
21
618
556
1672
313
39
1216
678
144
1399
487
334
552
264
245
1817
635
229
522
434
154
124
1532
1211
324
11
441
1001
713
934
82
884
1748
1934
951
556
439
141
595
494
363
1108
786
1200
288
821
940
414
251
25
661
118
567
1552
604
489
256
485
553
341
642
572
593
1157
1072
260
52
503
199
98
2193
171
1294
189
172
243
1756
1411
562
1067
333
691
721
1870
900
1913
2099
1967
358
965
670
842
1591
1410
652
149
1494
1058
48
1268
481
664
1605
274
2264
258
710
156
1781
357
649
353
1213
439
303
338
1563
246
787
727
1201
984
326
69
1187
1030
144
261
374
395
572
1110
618
240
361
1259
259
767
8
135
197
1443
753
2167
896
8
485
43
383
63
1755
366
1305
1118
852
522
438
736
679
281
209
68
223
2313
733
922
745
226
821
421
276
390
586
214
1288
59
1590
580
214
77
1137
610
1830
222
646
791
301
404
1299
452
819
216
28
739
130
1158
1638
1486
67
922
6
366
165
321
14
135
1554
345
185
308
832
188
285
1494
369
275
1340
1185
18
548
276
712
712
1466
311
635
168
815
269
1262
274
90
692
47
1202
1272
1134
1
188
195
1122
175
703
738
205
50
1164
1011
745
1296
779
27
1195
424
53
1273
815
617
382
1096
1440
1343
2207
556
209
1186
1039
760
31
1179
1595
513
139
848
775
185
216
304
542
1665
608
529
1187
608
682
513
49
285
1155
301
272
1239
549
274
221
723
734
148
71
1281
25
115
292
1307
622
338
72
554
252
988
680
442
614
1788
775
1198
654
1101
217
965
210
47
114
99
2
330
202
477
7
251
890
233
67
100
873
651
1166
1570
872
408
582
1042
386
1893
1166
371
36
118
716
259
560
760
137
69
498
1582
1360
1321
1539
523
12
2475
495
290
59
133
1757
399
723
68
821
1
88
23
686
373
221
1916
1627
140
749
224
442
78
167
47
1229
1204
5
345
939
1099
276
258
630
692
22
1198
861
905
859
105
1292
507
85
596
423
259
1349
767
120
2102
313
976
487
260
528
750
366
558
1758
706
32
459
1660
908
170
439
1399
347
67
743
1279
1006
132
1154
328
331
401
1222
483
537
348
673
142
2022
2076
976
33
358
75
558
200
1349
774
846
341
318
558
388
21
1084
193
201
654
523
1472
1114
287
419
230
903
30
1403
238
308
823
119
938
824
2618
1478
407
685
200
1171
288
565
158
422
348
2058
118
747
158
932
1065
42
1137
891
193
109
283
281
497
589
1027
683
291
23
554
216
2585
362
1271
1061
192
538
120
221
1197
1732
442
1377
809
529
323
634
342
197
546
378
1923
121
7
514
726
560
458
1018
361
531
685
67
310
488
865
1417
828
727
589
1027
322
928
165
259
544
205
219
1244
158
1380
862
1649
590
840
51
1107
2506
128
499
140
1392
560
499
771
247
359
382
736
294
1446
527
313
268
877
639
1199
350
375
465
78
1223
79
1712
1053
893
109
1511
2136
434
307
748
139
1070
2223
414
550
824
311
408
350
904
1464
1186
1160
186
108
143
185
1234
1084
1076
28
266
902
1265
48
1272
730
740
1703
1753
1321
412
294
407
2065
145
423
1108
133
308
1007
199
239
34
2297
207
469
285
2308
265
302
270
726
1797
153
1423
167
218
246
24
727
507
472
238
2007
1134
364
1813
1186
1075
457
2103
130
600
13
573
1
509
1003
628
284
48
101
372
1083
1093
220
1318
1021
1372
206
912
84
80
768
1433
791
93
1492
897
1026
140
60
90
809
2073
461
1275
1317
887
560
989
1156
1279
662
209
173
1522
1311
997
343
450
733
756
393
1274
467
959
313
993
183
289
540
454
1119
778
243
16
570
1335
408
61
1007
1502
1493
867
1307
608
7
409
685
68
152
1798
1469
699
231
145
49
1842
515
726
373
1066
118
254
363
629
52
81
543
447
878
93
869
167
2234
470
948
2072
1661
2
46
1944
737
332
636
488
1369
161
598
97
114
700
362
1938
709
704
1409
158
318
532
1581
1698
2883
1007
236
735
336
962
25
83
863
466
159
511
909
269
1146
248
673
1330
29
1786
775
857
90
1293
347
959
1875
290
1682
232
325
682
529
1250
74
337
942
195
1882
833
474
730
738
450
1088
304
1300
858
346
158
673
1106
581
1163
1037
172
1691
1878
737
972
1187
27
418
408
437
67
200
685
1119
1979
11
139
1525
112
1708
136
484
296
268
6
114
674
391
116
125
633
429
1041
413
1230
1198
1452
83
10
569
935
454
279
506
896
975
464
1892
1764
160
795
2361
469
1096
1167
1152
604
425
346
296
1038
1376
890
673
86
190
247
111
995
1065
1612
1894
1028
1117
1484
638
1183
1504
1816
18
950
1276
2612
1742
631
1026
690
1094
804
351
1272
52
1343
1028
581
1375
40
557
745
307
450
330
700
697
1731
444
214
401
476
7
303
474
155
215
98
1112
309
91
1442
579
632
187
421
1302
183
253
323
672
690
763
1122
178
639
192
562
1955
611
414
708
991
460
296
669
1097
318
1193
928
224
819
583
691
558
2157
547
389
2158
710
375
469
315
441
857
547
1349
308
826
808
58
39
712
1893
2106
488
206
774
347
2288
486
333
849
210
41
518
98
321
550
311
181
460
1422
822
251
80
157
4
21
1234
347
819
296
763
927
1019
333
171
239
73
165
18
221
335
117
542
14
1863
36
33
877
1144
869
255
99
699
38
1290
115
209
187
758
1229
697
225
542
173
304
64
13
1279
198
961
1183
1003
193
371
1055
341
160
366
423
978
741
509
218
846
865
633
640
29
1751
631
1256
668
229
1148
1047
694
435
115
264
292
2146
791
104
1589
212
281
1119
71
308
318
273
1370
151
882
643
648
470
215
260
851
693
547
1328
327
1037
22
191
39
877
54
798
892
992
606
186
841
13
1368
211
177
539
861
1615
19
284
173
570
486
1377
410
1249
827
188
1288
850
1248
9
469
131
454
1565
1067
522
1052
963
820
220
474
539
284
1816
329
70
334
840
776
790
180
144
478
374
1488
777
343
2095
272
884
230
432
867
104
119
52
81
34
1443
309
669
111
407
110
190
28
561
404
1755
1519
523
395
372
324
1463
215
788
151
865
339
411
1515
52
23
1281
345
673
635
363
1206
37
91
949
12
856
151
1358
755
1
118
1476
78
1471
33
58
395
155
51
1930
631
864
880
213
1369
122
49
1940
275
1080
720
252
1007
2700
583
400
520
475
414
342
1861
1637
190
613
403
395
368
23
349
300
1435
1421
129
215
1742
1907
972
1060
1038
554
1392
1672
1532
37
653
1347
18
1324
333
1146
354
763
174
1578
231
393
142
181
846
40
107
1835
1170
852
1182
119
620
107
445
72
1798
156
390
1608
477
411
1512
1883
388
855
658
416
1068
541
367
1188
121
266
846
1286
479
686
77
297
102
1276
955
281
202
548
1539
503
1237
84
517
499
901
501
1135
1494
415
114
334
241
686
293
807
158
117
2035
303
814
8
753
853
157
1058
312
544
195
455
280
997
1704
480
2095
1188
284
1007
123
218
658
685
400
2047
2044
1098
1301
209
1806
1276
108
500
423
85
1313
678
172
992
551
762
220
373
45
300
410
622
208
361
388
154
2657
1324
218
61
461
1271
815
1443
590
955
479
303
670
161
32
1106
132
1704
140
281
1949
667
86
1061
1270
1552
170
636
51
686
865
682
617
605
43
401
358
655
295
1544
741
341
1047
481
2346
237
1159
152
326
2114
119
779
1512
883
889
413
2634
403
782
253
1228
560
1468
1525
936
228
1773
865
113
82
2076
350
1901
57
773
1431
665
697
2110
233
932
927
13
1140
266
826
2320
482
527
222
578
589
540
1479
478
1976
1286
1136
649
203
400
404
1994
218
1282
651
674
594
906
853
1540
1179
78
1100
1466
218
55
37
321
951
980
714
930
712
977
188
1341
694
742
419
107
822
630
590
1244
1970
20
801
497
154
928
1163
190
911
1097
73
1626
1491
118
1022
966
328
101
42
809
105
1091
238
640
138
78
1214
327
3
765
1312
170
1118
337
1224
143
456
666
735
1946
1368
1872
1674
2052
748
331
581
273
1102
484
1259
20
67
1314
537
657
100
813
891
656
838
1878
939
340
1173
695
666
474
1630
2547
125
298
1001
168
1289
225
237
1655
1629
1924
846
203
1017
1037
60
258
811
1613
209
354
131
1699
1270
582
493
1510
165
445
106
1947
175
182
403
869
188
1420
646
433
45
903
513
864
1383
312
89
1765
277
707
294
1474
491
141
294
1374
778
41
231
668
946
838
1179
54
1350
1549
562
325
249
339
1117
1938
401
43
727
481
1065
905
164
1329
1982
526
893
789
850
244
1057
1843
678
1423
931
815
11
360
622
953
554
888
598
238
474
871
1423
263
702
750
443
1428
542
499
467
487
1093
697
1053
35
955
394
260
1276
467
715
1149
663
547
800
271
69
313
115
1561
927
1279
219
1813
97
1272
605
14
1204
20
1010
464
1913
1098
985
785
1995
387
969
826
15
64
226
150
148
1559
248
1145
63
134
1025
750
28
777
732
1176
568
300
1256
89
660
1561
398
1968
59
1390
652
573
841
1179
191
994
1083
435
29
307
1825
192
552
1163
360
421
168
143
21
336
1006
2112
483
866
471
131
511
1410
1525
121
1552
335
804
1538
1930
1066
277
598
1112
16
102
904
89
850
1486
966
75
1429
92
1636
333
684
1962
1241
427
504
851
440
270
1203
148
1006
1643
28
1148
69
624
113
510
168
2137
865
1620
876
19
1312
268
36
1212
1029
667
665
759
2126
777
1225
491
1940
2121
100
239
1079
125
414
1026
188
968
773
561
558
718
1405
1657
256
310
256
469
27
1628
950
464
1146
746
160
155
1686
840
30
555
627
452
592
151
268
