53
167
212
210
200
87
78
33
33
73
210
36
121
24
126
201
161
88
86
78
91
39
221
109
197
123
182
90
27
132
230
148
157
120
53
73
33
208
138
157
253
22
41
312
258
206
66
166
101
92
42
248
98
11
22
71
119
178
208
41
200
19
5
95
217
46
316
121
205
319
72
242
188
131
121
141
121
248
164
19
153
9
39
28
225
230
40
140
169
6
187
92
3
182
202
79
264
277
148
261
149
193
109
173
123
265
55
286
238
168
178
31
228
70
300
24
101
63
116
179
17
58
136
174
185
5
18
204
87
238
209
268
265
70
229
103
13
17
140
19
17
6
220
90
114
39
134
60
12
203
165
27
198
268
105
312
82
13
205
134
242
163
162
273
221
102
179
81
88
140
247
297
199
95
119
149
31
229
164
43
155
200
10
201
168
152
135
15
216
155
17
167
134
155
38
96
157
85
42
105
96
196
95
118
23
179
203
35
2
155
10
51
78
193
96
117
207
147
181
133
89
170
122
214
12
175
151
214
144
128
87
72
59
231
176
130
23
336
208
137
236
162
150
24
100
98
215
36
52
54
294
47
101
200
219
13
251
110
193
220
126
190
196
86
236
189
229
172
347
188
24
280
66
126
269
247
140
56
144
50
210
245
270
233
83
33
84
73
39
199
134
138
233
213
206
183
11
201
60
140
101
30
76
132
113
108
7
268
105
159
36
109
121
110
132
75
187
123
283
20
247
129
104
25
43
58
154
198
34
346
53
165
155
75
61
39
124
118
15
104
210
146
108
206
191
199
24
194
7
12
165
112
133
15
227
40
40
45
205
61
30
112
79
68
206
139
139
157
156
4
181
188
50
4
4
49
164
216
23
211
117
96
81
80
246
61
117
90
298
2
133
222
58
29
214
2
122
93
216
30
15
140
116
242
19
177
187
125
41
114
147
112
114
185
271
237
2
117
127
202
44
115
218
66
180
85
222
227
139
28
174
14
142
64
94
217
196
323
92
104
93
36
101
223
207
36
188
25
44
29
142
51
274
241
109
79
335
193
125
216
24
84
235
120
55
22
12
185
127
99
107
135
221
202
87
45
141
18
51
240
34
164
128
174
174
60
119
21
174
37
38
51
95
93
236
93
119
237
68
282
136
24
64
171
264
167
88
18
159
273
31
137
128
40
27
77
98
216
138
25
67
96
16
46
76
183
61
184
42
146
174
12
65
147
132
177
215
128
332
170
42
305
79
203
51
231
110
43
163
247
99
53
57
166
195
211
200
181
83
49
306
195
167
202
131
46
225
233
114
244
182
137
92
4
307
176
120
34
68
56
154
51
129
348
185
54
9
72
358
85
103
166
30
149
215
103
51
164
209
137
112
109
123
5
224
86
23
107
78
208
116
215
225
128
174
119
41
280
217
362
193
141
12
8
201
203
43
279
107
72
222
18
137
201
30
287
12
98
104
57
50
273
65
36
180
240
200
313
8
107
190
280
212
74
68
131
51
47
44
2
53
39
194
232
329
29
165
315
22
11
32
15
224
75
51
27
145
200
100
114
55
78
106
49
61
268
6
307
161
18
47
179
156
87
209
85
183
177
269
81
308
216
190
143
8
136
208
188
237
140
180
161
113
165
151
318
38
277
234
344
179
267
112
264
60
213
192
167
81
287
165
195
137
48
199
109
49
24
210
31
7
32
168
111
170
141
102
250
200
14
167
95
214
304
135
326
178
3
195
217
256
30
177
179
137
29
97
265
52
24
205
97
231
49
107
12
213
152
155
194
297
161
197
108
285
58
161
140
23
222
104
78
39
88
184
214
127
107
206
168
16
127
228
210
138
33
184
227
134
279
32
8
84
3
189
9
174
98
92
122
61
85
165
147
118
130
228
55
261
132
47
214
281
62
141
66
124
108
109
251
161
206
113
216
7
19
118
53
89
98
234
134
109
260
83
245
9
32
202
183
39
49
142
213
52
137
210
82
29
157
25
164
28
66
244
174
1
164
226
128
231
221
222
211
96
180
84
15
45
197
89
160
44
74
191
186
17
56
34
123
78
78
118
84
154
208
147
19
26
112
189
241
256
190
12
150
79
223
47
48
115
69
22
170
260
7
28
191
259
332
123
180
207
109
168
94
13
82
112
107
217
226
58
33
196
181
93
104
249
171
244
52
209
154
62
263
59
69
96
86
148
67
86
6
80
91
3
1
117
166
155
103
105
302
178
14
91
52
91
169
58
214
204
210
214
77
36
142
102
159
23
112
98
236
171
115
49
127
91
181
90
74
83
208
253
66
240
87
25
179
178
22
123
103
94
232
184
42
55
191
221
37
244
70
137
117
105
12
84
5
129
30
23
122
261
299
49
164
42
177
118
251
145
183
86
134
164
233
101
277
211
46
243
46
172
232
108
34
201
206
64
86
98
38
334
82
266
210
133
151
69
124
62
137
43
127
228
115
19
75
115
168
201
234
25
60
19
127
301
57
170
62
178
180
88
208
154
20
100
51
104
161
89
70
47
188
58
160
218
69
241
19
104
265
159
87
40
4
71
146
11
146
100
133
269
334
10
16
136
129
128
227
6
188
26
25
200
128
183
112
215
12
223
77
161
230
255
40
111
129
165
71
32
137
15
200
315
232
2
35
259
192
109
22
76
146
97
72
184
104
70
130
69
14
268
218
225
233
40
58
174
243
69
172
221
114
151
215
95
159
338
63
106
133
183
287
58
268
73
176
54
116
46
208
260
183
226
99
131
13
272
171
230
7
134
27
157
239
27
94
173
126
101
222
104
71
136
151
122
72
224
75
29
208
7
197
170
239
34
32
214
116
38
143
35
213
129
23
295
50
256
65
40
12
227
169
226
59
29
49
38
23
108
80
144
130
213
48
207
64
2
74
136
23
31
293
150
62
24
29
189
18
84
339
182
7
74
233
13
100
244
199
180
194
52
121
170
199
202
92
129
74
225
236
117
193
263
1
216
203
98
5
239
226
17
228
59
113
243
297
47
168
160
68
139
146
9
3
97
71
67
299
264
16
114
110
199
163
184
147
218
53
162
171
102
182
347
170
203
95
86
197
152
81
199
161
156
76
181
142
196
215
107
53
48
44
187
70
214
56
168
132
106
57
12
23
302
187
23
173
204
135
157
72
120
114
44
77
247
41
134
33
58
195
115
111
76
47
230
112
177
65
187
130
235
144
173
41
104
10
258
42
128
207
1
74
139
135
58
71
210
200
35
90
72
241
240
93
214
115
19
189
23
53
310
38
91
126
9
4
50
269
189
196
69
203
65
154
56
316
108
189
211
366
192
24
153
197
167
127
190
117
243
22
103
22
37
137
165
16
208
98
49
255
63
177
202
146
263
47
16
17
59
167
144
183
228
211
132
121
52
159
26
241
222
85
50
174
112
207
27
98
120
167
70
44
3
52
28
42
223
206
12
153
101
77
277
122
85
58
182
35
51
229
2
24
252
152
7
105
225
191
152
97
91
72
157
227
167
26
206
184
16
29
199
185
163
246
274
12
79
59
161
226
40
180
78
58
4
220
106
83
152
9
225
224
18
68
190
132
15
261
16
116
208
33
9
271
252
112
250
1
108
122
224
216
78
74
289
164
30
67
195
41
35
154
13
87
100
19
175
91
95
178
48
19
180
86
79
171
143
249
85
118
323
264
82
74
127
212
269
121
14
38
148
242
166
155
220
148
173
154
86
261
43
64
100
56
186
180
68
110
223
6
114
101
87
78
319
140
298
91
211
202
79
10
110
180
147
165
129
201
209
31
61
222
193
53
243
164
154
169
230
64
185
8
1
158
15
179
93
160
27
24
189
230
80
64
66
139
68
167
248
142
74
30
165
163
161
266
171
76
107
72
35
7
96
206
72
119
48
132
105
181
214
171
63
261
170
121
125
112
105
258
342
149
49
251
213
147
173
170
174
166
48
47
144
167
187
26
142
113
88
248
213
242
176
91
222
88
33
216
15
163
228
165
31
134
258
251
101
143
85
27
25
7
29
54
246
218
9
16
207
135
214
187
178
157
115
95
59
106
36
188
149
105
74
9
212
203
121
211
53
103
97
100
9
133
183
112
46
171
84
138
114
23
119
89
82
70
168
211
103
94
138
28
25
144
57
173
193
21
73
146
109
81
27
1
202
174
71
1
34
226
132
73
265
185
55
6
80
171
73
127
147
95
249
186
68
217
112
15
120
132
256
92
122
97
92
28
106
226
215
212
1
129
203
103
283
80
16
207
51
200
177
94
149
152
201
282
53
181
154
58
29
192
16
79
212
215
53
32
131
228
213
186
171
63
2
60
10
48
90
131
45
249
73
174
25
117
199
202
99
59
175
231
17
68
262
84
248
59
42
95
188
260
125
30
287
46
59
113
15
159
112
197
30
180
128
6
6
125
26
213
191
104
136
20
123
184
163
133
34
208
164
202
175
311
76
192
28
295
207
187
26
162
281
119
60
215
45
139
15
220
231
127
215
29
54
218
145
52
175
75
225
72
67
228
189
180
89
214
100
82
116
99
16
138
85
18
157
258
234
167
48
145
316
167
131
198
161
222
1
137
79
261
93
132
77
30
99
295
34
149
153
114
10
180
202
207
33
273
149
96
41
208
268
202
29
150
9
60
116
82
63
151
211
110
167
6
75
19
134
50
152
181
87
153
60
133
146
135
24
147
140
132
219
211
16
194
195
22
222
196
5
169
142
102
212
213
8
130
18
28
84
189
276
67
8
44
31
44
221
185
73
123
225
104
97
224
172
81
27
86
27
108
134
253
304
38
199
212
60
133
11
102
43
260
208
11
184
18
186
196
74
143
106
131
265
3
128
118
93
9
129
76
143
183
186
106
145
172
159
292
72
241
181
172
79
254
125
62
181
104
40
243
44
13
135
151
280
126
40
198
80
173
58
298
23
104
256
228
18
62
88
18
63
160
65
145
185
248
195
230
325
154
177
35
4
109
74
103
142
146
24
41
255
156
204
223
139
293
17
133
96
181
110
195
158
178
240
46
102
192
215
101
341
108
175
77
54
31
25
132
78
210
50
139
292
134
226
135
229
185
190
6
187
194
146
156
141
208
114
45
124
187
89
203
60
120
25
152
268
84
190
186
8
80
14
225
25
229
153
38
12
176
22
139
132
13
58
238
161
104
54
177
210
31
17
123
107
132
67
13
155
156
51
111
196
7
34
167
98
60
125
53
98
23
54
80
118
110
192
127
216
89
186
93
64
170
103
35
81
105
64
109
111
167
29
106
21
54
86
51
257
122
150
122
146
207
205
68
32
201
48
131
111
230
165
74
363
203
61
244
83
121
269
77
206
185
202
207
259
185
74
138
39
325
70
11
133
197
10
124
256
150
239
237
151
284
124
123
76
215
132
272
216
24
51
159
172
275
2
51
147
191
295
166
104
31
128
67
7
189
248
44
107
76
32
127
121
10
66
46
236
97
204
107
147
96
72
24
7
154
134
167
111
143
71
13
70
149
127
72
100
59
257
43
193
4
101
22
241
223
155
205
36
210
103
175
71
187
61
145
153
87
101
51
4
32
271
46
203
183
7
237
7
131
188
262
193
18
53
14
171
222
120
100
215
173
44
191
209
45
133
216
180
59
192
63
75
231
20
98
29
146
135
55
187
140
89
187
216
22
7
131
43
208
40
282
83
97
36
199
31
138
32
240
173
10
8
53
220
200
13
49
75
190
56
212
290
219
184
157
114
206
52
104
23
183
3
65
89
232
86
78
207
178
246
49
143
202
210
86
74
99
234
97
15
58
209
14
136
67
144
50
100
102
149
57
127
195
176
168
246
184
183
69
10
37
91
76
160
198
76
235
261
207
10
132
188
44
104
114
184
39
74
21
125
167
179
186
49
112
169
28
38
111
31
201
61
155
121
130
104
212
25
185
156
249
212
194
170
167
275
131
156
130
79
130
37
9
196
98
31
101
42
202
123
70
70
313
84
51
189
216
16
211
143
192
229
64
3
52
80
236
3
148
352
9
124
59
19
7
135
68
218
86
76
221
14
38
252
82
57
279
202
254
164
81
42
84
317
27
53
196
189
44
158
75
23
44
94
73
175
229
148
7
258
21
70
236
17
134
154
18
30
272
205
11
51
2
75
146
161
130
233
16
304
177
248
112
223
40
272
94
126
60
211
126
91
251
26
180
79
203
56
137
102
189
21
107
273
184
211
29
228
95
93
139
158
186
147
31
4
11
124
137
195
35
236
308
12
55
53
268
145
226
29
118
230
191
44
69
31
144
186
162
132
138
90
149
244
96
256
73
220
238
99
7
38
16
99
24
241
16
41
69
32
178
140
38
138
119
145
225
109
36
96
177
113
142
65
193
2
33
4
88
110
232
5
5
271
21
281
210
75
24
154
189
226
241
28
71
131
117
346
276
218
233
83
110
7
7
219
218
201
136
96
154
263
166
63
69
101
150
84
38
189
207
62
2
81
66
11
118
159
205
70
118
10
197
108
64
129
103
137
106
56
211
126
139
255
223
22
162
242
299
51
62
210
3
169
128
4
103
249
252
190
189
200
204
126
112
231
169
59
84
136
160
75
7
104
207
218
108
361
95
186
356
215
143
12
61
82
67
167
229
232
117
76
68
16
113
259
139
284
126
245
134
197
168
11
168
3
259
152
40
90
127
18
207
256
167
8
132
250
215
129
173
253
38
180
15
227
237
199
53
182
244
124
27
265
4
228
164
64
36
51
29
43
195
189
134
214
193
217
262
225
231
44
156
53
134
62
51
154
54
190
166
130
58
324
128
195
158
48
177
14
137
57
191
284
251
48
109
51
197
69
33
75
121
308
37
60
122
116
329
32
95
89
140
61
60
160
219
123
33
176
8
31
168
207
126
190
24
219
189
305
52
135
198
70
210
211
260
44
24
126
14
197
95
95
215
51
215
194
117
54
188
199
7
94
271
158
251
220
208
72
252
164
163
177
123
44
210
43
111
40
87
220
50
86
24
134
210
24
182
207
112
106
24
38
198
174
48
200
153
164
28
245
80
141
277
154
166
107
244
215
186
43
166
166
202
188
117
69
116
133
236
16
48
269
94
61
13
178
122
59
147
273
75
192
181
49
101
214
51
277
79
167
175
219
170
50
107
3
7
274
48
39
62
95
146
292
217
329
13
113
73
107
205
184
93
156
6
135
161
76
296
85
23
64
150
3
194
131
71
139
263
170
191
23
144
90
163
79
113
102
82
30
152
72
20
191
151
56
163
18
118
57
116
59
42
1
138
92
70
195
22
258
207
23
188
234
161
78
31
78
161
138
145
183
136
104
57
240
21
139
79
223
164
50
161
211
235
169
282
16
127
415
65
287
71
191
53
50
51
147
17
95
88
135
78
172
400
161
257
214
131
159
56
108
24
89
73
107
76
295
82
247
11
252
248
28
163
255
82
180
36
171
240
217
200
241
209
89
114
83
101
37
223
158
21
52
94
112
238
247
190
166
2
117
131
185
82
189
14
191
127
146
77
68
16
75
232
158
83
167
125
5
240
97
20
12
56
91
95
205
19
121
20
192
178
20
33
116
50
251
84
275
123
128
169
184
17
27
102
227
217
73
1
137
62
269
21
45
204
125
334
80
249
193
166
2
7
248
162
100
141
179
192
41
27
13
219
223
20
199
62
82
211
48
75
58
173
221
297
145
179
58
173
3
58
132
198
95
309
1
6
15
180
190
10
23
98
162
94
259
31
61
3
132
289
13
240
80
54
166
281
120
135
252
262
65
10
117
5
97
11
80
98
165
216
60
135
102
204
79
50
153
131
294
196
286
55
62
43
150
182
238
191
45
10
125
132
1
171
142
183
86
103
55
36
155
150
168
162
199
250
58
82
233
155
139
198
115
89
87
218
298
5
9
164
173
119
110
56
59
124
34
321
187
67
97
28
184
202
105
123
159
273
96
135
102
92
79
197
135
125
125
178
191
67
231
291
239
85
63
252
25
106
10
253
275
83
47
35
51
140
204
101
190
29
94
31
40
128
228
171
205
165
78
199
166
108
15
19
256
276
48
48
186
282
10
191
49
133
112
118
119
292
51
75
245
228
280
12
94
167
123
85
4
164
100
138
88
199
101
131
90
112
185
104
235
170
281
1
18
227
219
17
66
9
207
322
43
75
119
184
341
193
172
60
264
111
41
245
171
87
120
24
53
140
52
157
191
156
8
10
133
90
13
132
224
384
255
19
159
86
172
104
183
219
250
111
221
111
197
169
255
178
47
15
127
15
77
167
276
154
253
252
160
228
72
70
92
17
69
118
196
21
166
22
58
63
72
130
193
256
132
188
194
124
136
221
28
82
66
232
117
83
187
152
28
314
105
103
31
78
68
150
220
110
256
295
43
228
239
313
224
126
41
99
214
21
250
129
4
115
201
144
136
171
111
82
102
213
197
166
241
1
88
195
45
259
184
14
124
232
44
127
113
107
307
96
205
199
150
241
69
206
36
196
246
151
79
263
29
7
182
114
222
306
2
186
207
222
173
242
198
10
271
95
251
137
15
164
89
28
142
43
159
248
126
226
285
205
227
232
188
165
216
156
326
65
288
187
251
115
210
95
145
180
104
127
15
47
131
136
23
226
88
128
213
58
140
13
51
18
72
127
125
68
170
100
115
210
180
175
211
45
181
18
88
180
71
252
252
230
339
161
84
152
199
221
101
240
105
116
19
115
35
25
117
23
54
107
119
81
31
210
119
41
229
157
177
155
122
173
211
25
176
162
187
34
35
107
264
65
267
102
153
181
208
29
139
117
248
47
200
279
57
67
320
87
30
78
173
164
236
116
264
166
122
162
43
240
48
159
143
203
229
113
166
84
83
208
221
179
165
187
140
342
171
62
87
27
123
64
151
62
75
235
155
158
156
93
124
69
106
113
132
8
58
99
33
161
210
65
199
121
66
109
92
152
217
218
118
47
20
41
238
41
191
153
232
58
37
245
139
157
119
173
62
129
119
189
202
37
60
189
15
176
121
35
173
122
192
11
66
6
141
318
157
73
61
59
25
116
17
93
112
196
133
9
169
115
33
174
84
38
93
37
197
208
141
267
216
282
184
15
92
59
106
4
79
21
55
215
114
147
63
189
34
82
256
15
126
184
263
12
52
20
127
54
115
113
206
171
56
86
203
3
69
276
141
254
170
171
63
224
1
137
239
104
12
39
67
161
176
28
134
116
202
98
44
260
188
209
94
113
134
156
157
50
200
212
5
191
250
146
180
80
295
77
42
54
141
97
2
244
153
93
86
47
149
28
218
190
177
219
222
172
240
96
237
222
81
122
141
176
260
144
32
194
78
121
32
230
100
127
9
199
245
60
10
6
173
5
163
223
282
156
211
297
278
136
135
171
38
262
238
47
96
174
5
135
78
165
68
29
200
194
166
95
16
38
346
2
285
97
44
104
61
87
189
119
236
70
1
54
122
168
65
219
233
21
165
134
100
13
97
59
84
3
143
322
27
140
134
111
50
57
164
110
55
58
11
6
23
185
4
21
320
219
188
156
2
13
51
6
144
165
78
122
122
93
48
32
82
275
240
252
6
99
209
185
50
109
13
110
112
213
114
140
56
160
64
216
204
221
166
63
221
100
119
77
103
199
154
176
242
148
275
155
376
99
141
155
228
94
111
131
20
227
161
91
155
120
238
228
194
78
127
192
119
202
90
112
98
219
232
125
97
267
279
99
195
74
258
189
161
13
251
197
151
221
44
61
117
152
162
206
44
45
47
223
104
263
185
52
112
161
239
123
55
165
171
275
37
326
1
57
112
25
63
139
3
28
201
115
14
163
122
221
44
300
193
83
22
194
98
192
88
178
135
30
194
52
33
93
197
33
10
244
121
155
45
54
248
92
171
153
190
179
64
184
119
158
223
253
269
171
264
163
33
156
18
116
200
148
70
113
13
132
300
121
73
247
122
96
72
124
109
152
88
240
113
147
222
176
20
53
156
63
183
61
232
78
148
279
156
184
17
172
168
32
131
202
118
48
127
1
141
7
92
226
227
12
234
125
160
232
37
138
241
47
153
148
220
213
206
5
242
238
157
212
90
58
168
23
266
13
268
149
33
168
175
187
50
54
73
15
138
75
241
243
7
64
85
39
107
248
134
187
33
36
193
28
48
148
77
74
325
218
25
55
62
56
132
186
153
247
123
83
183
168
1
105
40
92
264
146
239
129
82
15
156
19
47
62
200
139
238
261
120
162
212
159
18
148
226
2
77
2
105
62
19
198
41
101
118
168
195
142
151
167
160
221
214
43
13
34
90
199
91
39
178
262
51
212
212
14
89
3
193
121
119
69
9
63
149
205
109
43
10
48
2
115
34
52
65
128
205
100
285
40
112
27
68
65
68
76
134
227
192
44
142
248
116
104
18
87
168
11
188
144
28
10
163
232
305
137
108
237
237
279
134
42
180
106
263
37
96
50
48
176
108
135
113
80
60
236
103
195
170
78
176
167
3
197
241
279
20
141
146
167
163
56
29
257
267
163
121
185
229
175
131
69
85
192
92
18
85
279
216
110
19
101
42
185
163
89
95
235
143
165
281
149
208
65
251
95
61
35
245
204
168
160
170
91
127
74
126
73
58
18
369
68
200
31
232
84
234
241
178
222
65
65
250
167
235
110
160
238
199
191
217
138
8
256
45
115
200
230
76
150
96
61
22
91
82
261
144
87
61
65
50
218
185
29
199
129
66
90
11
143
69
242
198
262
25
135
148
106
26
243
111
264
259
208
47
240
148
128
122
297
208
42
42
275
43
137
209
127
53
245
76
267
81
207
71
70
27
4
205
215
145
188
40
205
170
189
54
1
23
68
36
14
264
151
209
147
15
4
69
228
304
192
16
25
225
200
253
77
113
123
168
117
72
110
207
219
304
99
102
303
59
63
20
248
101
174
23
214
88
260
210
42
103
163
269
176
165
56
254
110
63
114
45
85
57
148
9
192
322
129
86
202
176
28
16
158
161
51
12
15
54
57
177
299
237
198
131
109
139
152
265
126
57
192
49
211
11
103
211
16
206
223
23
64
49
94
137
43
73
80
136
250
79
6
191
148
45
313
79
13
89
108
122
80
131
124
297
4
98
175
271
170
67
122
91
102
55
187
20
51
57
193
329
178
150
221
47
200
212
211
70
147
9
100
125
109
96
166
33
3
195
14
97
186
61
109
183
180
20
272
135
317
108
127
24
94
252
93
12
243
86
106
167
187
63
46
54
285
41
112
55
247
245
141
79
188
184
98
30
26
47
168
118
278
159
226
82
193
133
123
136
146
170
105
142
42
132
153
58
184
225
260
80
88
80
139
131
154
29
202
244
83
66
14
190
260
180
184
35
215
171
49
280
203
229
137
39
203
136
189
124
138
156
114
67
218
237
108
190
156
166
152
148
69
225
105
66
127
227
89
44
230
137
162
67
196
68
41
148
54
156
15
98
73
7
78
209
237
112
67
67
175
95
107
79
50
125
52
301
223
47
6
79
11
146
24
40
129
251
258
66
128
241
138
227
75
34
144
179
14
38
155
174
78
87
101
36
27
132
28
28
128
115
186
170
245
108
25
110
90
45
8
270
217
120
2
74
183
120
80
206
101
226
145
54
46
229
4
104
53
112
264
169
235
31
57
212
235
60
64
157
70
16
12
115
71
185
113
82
10
239
101
142
11
37
211
193
148
98
111
170
41
142
49
117
29
73
176
196
112
91
57
229
31
110
108
222
81
136
213
218
68
234
77
200
185
149
324
234
187
47
8
80
262
28
75
159
49
40
240
104
170
228
155
258
71
112
211
176
166
18
179
205
275
206
102
172
164
6
181
101
125
244
5
194
145
73
49
239
136
213
101
46
75
104
69
32
153
19
248
225
149
82
98
130
199
105
225
240
149
40
195
102
113
70
244
32
89
29
53
52
14
50
266
84
147
98
4
242
279
131
72
153
44
23
34
231
44
257
100
70
261
108
151
225
41
163
9
213
96
52
25
174
179
101
5
45
69
28
11
207
226
59
115
54
62
136
156
166
195
237
108
173
50
110
63
189
304
169
62
102
134
11
101
183
265
65
129
203
31
63
221
314
69
166
43
105
95
134
222
123
1
94
84
46
132
206
109
164
197
196
181
75
48
46
94
215
154
169
68
129
53
234
9
19
105
53
74
85
89
279
136
57
98
130
29
122
205
108
110
228
66
297
153
183
118
12
147
243
149
70
149
152
46
135
316
207
71
7
151
36
125
13
224
137
248
81
235
325
247
117
182
66
69
57
170
225
126
195
133
72
114
68
113
268
94
112
36
158
95
104
246
203
118
214
263
25
25
161
166
13
128
31
69
25
291
65
221
99
250
220
128
40
128
168
74
140
244
115
233
20
285
167
208
27
149
185
11
29
17
223
44
169
81
285
58
87
36
147
16
165
283
42
100
214
9
91
77
216
73
158
62
197
153
192
204
262
253
263
276
24
58
152
106
54
127
43
3
159
95
146
43
221
87
86
113
145
105
281
11
282
221
157
231
2
180
9
259
198
159
27
50
187
201
132
111
23
280
208
5
159
168
240
18
163
51
269
117
147
187
5
71
26
98
106
215
178
274
316
105
225
209
146
92
158
68
4
9
99
155
50
186
70
60
152
113
86
217
188
207
193
7
204
1
156
196
150
161
184
101
100
88
167
77
29
41
255
104
166
169
301
33
11
184
186
187
121
237
241
129
106
186
22
89
135
244
164
144
127
175
49
206
15
66
21
163
217
303
283
169
92
130
5
101
66
189
197
39
177
237
97
117
267
28
146
125
214
42
113
2
232
179
21
139
122
52
128
71
8
227
114
61
230
138
73
323
161
37
162
39
160
176
32
130
157
209
131
116
10
135
5
174
12
335
65
119
51
196
108
106
189
202
170
174
96
43
116
100
248
170
71
249
179
246
176
279
182
21
11
10
166
7
176
58
246
103
38
158
60
247
83
168
102
123
44
94
86
64
236
18
37
256
118
76
95
226
137
238
234
180
138
341
198
113
171
8
66
151
83
77
172
298
247
35
250
63
265
182
125
155
140
38
105
183
59
114
157
107
128
96
63
240
26
178
220
142
301
117
45
206
108
267
117
186
142
121
202
105
3
16
120
88
66
249
40
134
86
75
77
29
134
112
132
258
169
236
39
199
88
204
137
260
127
78
52
220
23
254
136
140
152
80
137
193
270
227
65
145
53
149
213
110
59
36
116
209
131
12
145
258
83
142
239
206
85
203
153
134
273
28
328
246
206
116
126
154
213
77
57
219
214
120
164
210
218
124
189
38
129
92
276
91
60
233
224
225
55
32
22
202
8
166
57
39
152
86
81
31
148
72
89
110
84
202
73
224
38
19
166
220
198
46
198
40
181
21
137
259
51
20
149
192
42
93
222
128
125
217
38
126
185
233
150
119
272
146
137
170
96
54
41
48
267
270
362
67
38
203
46
148
51
178
258
103
193
38
58
183
152
294
219
73
76
263
65
242
217
305
96
156
257
88
97
71
133
143
243
224
180
58
4
253
6
213
247
34
172
139
167
87
133
261
266
148
161
56
13
193
143
135
237
207
117
36
121
48
175
91
273
46
99
120
139
39
173
28
148
216
220
150
154
87
184
98
26
54
59
264
10
243
199
241
151
272
178
18
99
74
35
125
192
153
12
131
132
171
239
157
139
152
76
163
77
140
184
137
59
171
197
256
4
126
206
129
19
139
179
206
242
9
1
97
271
121
197
67
233
41
135
240
233
74
56
162
13
189
240
77
4
249
126
207
54
258
77
216
211
201
110
135
190
263
122
149
109
255
97
96
227
107
273
125
252
185
64
260
31
80
255
2
154
68
200
49
82
125
212
141
79
200
261
32
117
209
222
217
217
82
133
51
157
44
91
187
220
66
130
165
80
96
31
109
274
27
1
100
223
179
64
44
254
226
145
105
41
276
203
133
167
133
191
59
116
31
155
87
97
201
54
90
268
20
188
28
213
70
258
47
159
15
72
47
250
109
160
79
84
133
150
191
119
156
72
253
114
20
20
148
83
225
127
76
296
207
4
175
172
5
249
167
8
120
189
114
77
71
122
70
269
139
42
192
84
105
215
272
116
189
270
93
1
169
58
84
203
270
40
238
229
204
43
166
83
234
37
209
44
71
22
71
162
104
128
65
49
249
68
206
100
27
46
128
5
181
60
6
83
32
261
84
226
104
152
33
57
88
254
16
171
216
34
223
188
2
200
114
256
6
255
119
129
184
10
3
113
29
17
12
172
142
48
222
37
277
158
208
41
96
162
59
184
126
139
35
14
239
244
40
76
25
1
73
80
25
320
239
62
161
165
236
24
24
251
80
93
173
172
10
107
21
84
122
1
181
151
113
52
63
45
211
24
169
194
36
6
67
225
202
132
127
108
206
208
54
107
212
23
109
134
44
269
229
23
141
186
240
171
30
113
20
120
143
201
77
104
221
86
129
33
17
140
262
249
151
204
199
62
19
151
298
89
289
226
46
221
197
137
273
102
88
11
54
115
265
199
127
202
41
199
184
100
37
78
283
294
117
21
181
174
46
96
56
179
111
50
156
12
173
233
69
162
1
167
20
36
105
89
166
229
112
176
104
9
180
154
2
48
250
40
93
126
220
48
113
168
126
111
204
156
90
47
241
94
211
192
136
75
237
207
98
57
178
240
81
3
169
60
137
123
109
191
80
10
189
8
173
13
70
79
184
22
232
191
211
182
260
45
241
167
218
82
244
245
26
137
202
123
180
203
64
155
89
171
8
276
116
187
48
371
123
161
101
176
215
138
25
144
52
55
204
195
116
126
174
273
97
217
50
205
174
185
109
102
54
21
249
230
148
122
38
135
43
84
133
130
210
80
155
50
265
69
169
175
113
97
49
132
220
69
45
191
185
66
30
80
225
100
220
87
55
233
4
247
222
158
176
268
180
76
238
57
159
161
158
50
73
161
31
160
146
12
219
167
172
24
290
136
110
48
235
200
48
54
247
160
56
127
106
57
37
140
141
56
59
34
30
173
16
27
260
92
53
205
20
134
235
303
114
271
55
63
168
139
71
40
133
229
27
229
50
259
17
164
40
155
203
86
40
31
277
119
195
66
114
219
161
81
31
52
193
148
28
74
239
31
172
129
151
274
181
193
143
202
65
302
141
148
121
284
161
35
55
251
23
45
131
56
76
49
64
109
217
62
206
110
258
55
106
25
15
230
151
17
146
155
283
139
231
120
198
183
80
124
98
132
163
297
15
12
31
84
83
118
50
293
4
191
233
70
113
162
86
254
161
199
156
200
64
30
302
81
139
151
55
102
28
172
209
107
80
91
49
29
65
67
90
117
220
199
19
150
244
77
183
14
139
187
77
211
242
105
213
23
31
194
29
112
256
198
5
11
166
243
165
193
208
52
96
220
189
132
89
70
72
254
143
211
99
72
113
77
224
82
144
57
25
78
55
3
6
12
70
182
161
31
129
84
176
52
183
121
38
234
24
102
41
283
203
104
171
40
136
68
74
141
150
15
35
145
206
88
11
112
65
167
104
2
141
245
92
47
143
63
200
124
39
107
307
204
54
172
23
72
180
225
181
136
77
178
272
16
33
166
138
181
244
131
11
175
12
132
159
31
111
102
35
117
279
224
62
71
172
235
42
21
4
255
256
102
156
88
120
51
137
98
120
168
186
38
185
128
185
36
113
118
124
36
128
232
205
180
214
110
159
55
192
71
225
19
309
12
73
216
36
277
160
133
101
170
13
72
246
33
34
230
106
11
114
59
148
59
105
204
323
326
292
262
45
51
142
67
111
156
82
45
193
182
193
200
144
51
249
250
12
64
54
13
171
106
114
205
270
232
84
306
79
219
80
242
247
273
297
28
157
153
53
233
201
201
136
9
158
88
161
138
134
273
44
134
136
247
106
167
73
193
202
45
97
110
309
7
15
141
248
8
173
176
161
220
229
127
210
117
67
77
134
48
21
191
90
215
214
92
156
88
45
148
41
236
156
113
47
110
139
50
208
236
35
117
96
63
61
225
11
5
138
108
87
98
188
47
60
57
245
161
100
127
97
149
63
203
106
152
292
247
14
228
155
75
222
133
104
34
96
92
178
43
136
108
33
30
211
190
267
95
27
5
67
77
55
28
277
54
187
85
188
164
44
247
65
106
65
124
62
128
33
51
148
90
276
241
249
9
153
108
84
143
14
170
105
190
294
134
221
88
202
213
125
117
33
217
182
37
137
154
174
192
15
119
285
12
138
241
237
159
123
222
44
112
162
223
127
77
120
203
101
150
165
38
217
146
209
260
234
159
216
228
30
46
81
232
77
59
157
211
181
18
53
138
30
294
246
210
282
300
31
78
99
61
61
199
269
214
79
232
127
94
288
40
132
19
149
56
24
168
88
230
1
192
196
92
57
162
34
111
50
2
314
99
97
102
172
6
126
66
271
96
270
186
30
80
111
213
117
56
178
143
118
147
141
81
206
130
161
78
9
132
157
137
232
71
225
66
85
255
21
184
171
37
151
64
15
77
94
83
196
21
4
10
154
224
181
39
24
183
132
69
151
168
343
136
88
7
182
193
99
157
126
106
268
255
238
135
254
34
133
100
19
233
167
79
83
131
157
232
210
22
25
149
181
103
38
216
115
237
54
284
296
65
194
78
215
41
2
54
258
213
116
295
142
7
54
122
42
132
79
117
110
205
199
142
271
133
221
215
125
78
20
130
109
170
229
79
48
160
157
175
112
112
269
47
209
86
237
75
130
105
8
133
199
235
79
2
126
69
13
318
7
29
112
199
133
179
35
132
179
194
154
265
116
65
126
204
239
133
224
20
250
176
215
97
70
207
283
178
200
142
130
234
123
94
3
68
144
59
166
11
69
161
127
186
5
128
123
70
146
224
94
158
42
191
131
29
180
229
214
68
84
26
69
106
80
162
169
311
81
122
236
22
101
182
79
77
246
24
145
158
57
36
92
143
155
127
105
83
208
224
170
171
27
248
160
55
300
218
207
162
188
191
28
62
164
144
206
47
255
175
113
138
102
92
95
219
47
99
219
92
107
399
112
42
58
188
70
58
203
147
117
134
154
142
31
245
214
88
203
51
17
186
144
93
42
117
90
155
224
16
222
2
140
166
172
51
179
94
171
269
80
148
3
203
62
212
20
189
25
188
168
289
198
180
198
140
126
247
250
79
91
160
162
233
208
3
20
37
209
24
186
94
163
196
169
1
131
61
21
254
251
192
177
248
21
227
140
208
222
86
219
223
178
194
83
37
176
192
229
138
120
35
99
186
160
175
31
18
29
24
95
163
235
35
178
34
95
219
234
21
245
16
157
69
194
121
37
172
298
193
101
86
37
80
37
12
172
258
113
162
231
49
250
153
162
29
176
70
210
148
237
100
180
181
93
147
179
82
236
186
295
173
90
124
83
172
146
118
25
120
129
208
230
69
249
47
103
140
125
8
72
142
165
137
230
87
202
219
267
2
271
176
235
10
58
83
221
38
184
154
62
82
267
127
128
32
102
70
203
38
128
42
78
43
8
286
140
83
240
56
25
67
301
98
132
173
155
190
123
62
255
122
85
166
28
256
35
40
17
218
94
111
231
147
60
65
104
243
91
77
121
215
317
170
21
22
4
217
157
150
24
94
273
58
222
45
170
259
96
281
217
69
67
201
139
181
208
112
97
120
204
89
26
184
216
201
148
32
68
65
18
239
48
42
31
230
182
57
94
119
59
183
154
183
116
92
155
52
29
166
170
142
195
185
85
150
239
179
107
177
104
18
184
146
157
177
118
16
73
206
251
97
34
250
158
233
87
102
160
103
97
83
223
76
171
109
40
105
147
243
148
40
106
182
75
64
19
208
5
154
118
8
114
46
271
98
73
207
75
50
267
24
198
168
130
49
20
212
196
276
42
161
227
236
228
69
101
123
48
104
2
225
44
94
29
221
137
36
172
101
159
279
271
204
149
114
152
2
111
67
30
128
211
99
229
56
74
199
173
112
18
140
12
13
57
130
232
123
122
142
137
51
110
75
125
213
251
41
201
57
179
46
178
155
44
147
161
92
124
148
10
5
188
221
119
155
223
62
161
194
180
195
206
180
190
117
142
163
97
149
213
58
215
71
144
154
47
178
119
101
208
205
179
167
68
174
314
72
256
105
64
164
27
134
137
78
206
64
246
53
109
194
186
223
58
302
100
187
33
279
50
285
115
166
18
94
42
62
61
120
13
68
131
151
177
141
253
190
205
169
210
191
31
93
239
29
169
3
157
206
15
240
201
19
95
59
232
135
96
74
171
144
52
22
294
121
82
116
240
201
143
83
264
178
7
68
107
136
222
139
75
57
150
218
17
193
70
80
63
39
177
195
200
211
94
130
155
153
108
82
153
123
176
1
21
152
48
200
221
122
63
177
173
129
72
154
203
141
269
19
89
145
121
83
173
27
15
94
102
197
299
212
78
119
110
40
48
188
278
20
201
103
5
28
60
64
70
108
8
283
164
112
99
82
191
175
28
223
3
197
479
218
30
279
190
74
212
71
251
126
145
78
116
229
308
100
137
248
90
234
28
273
96
60
242
30
256
165
28
200
106
125
14
284
192
76
191
60
230
228
113
237
91
1
51
208
118
234
145
200
179
245
26
146
59
24
127
73
51
159
243
201
24
63
203
286
95
225
140
200
101
184
175
115
66
157
258
87
288
86
193
278
328
55
45
98
203
108
71
141
237
259
165
135
262
297
124
143
12
2
206
31
160
32
107
60
146
26
121
263
49
175
141
202
165
164
182
11
62
205
196
178
12
205
56
94
290
162
77
128
192
94
1
160
216
266
172
129
251
101
95
107
58
12
234
254
149
128
186
63
130
113
12
158
145
152
30
24
102
182
243
24
273
95
291
85
79
147
180
41
198
229
159
159
186
210
191
200
59
133
98
116
146
77
97
346
159
141
12
37
76
46
199
303
294
169
185
160
201
240
231
51
153
75
148
30
366
11
82
249
215
115
29
131
109
74
22
158
263
183
4
37
82
117
180
59
60
186
84
214
283
39
125
178
166
101
220
290
242
70
146
58
61
51
7
102
233
210
66
42
10
187
269
186
182
37
228
42
146
186
113
88
157
211
3
5
204
154
45
148
92
40
241
212
38
140
205
135
106
236
71
94
238
69
210
230
8
166
143
187
43
225
167
140
251
14
46
115
162
187
269
197
227
68
67
64
105
271
225
172
205
244
65
128
13
174
1
172
124
62
45
139
70
211
158
30
120
111
41
358
77
191
88
22
23
101
131
99
218
101
186
152
122
132
24
74
56
206
189
101
4
90
160
51
91
153
127
274
91
164
200
109
116
14
150
220
83
56
185
84
15
48
176
149
122
96
201
314
338
123
86
15
68
22
256
110
112
289
166
135
209
18
253
71
162
80
4
155
222
323
51
307
232
70
31
150
79
53
66
37
55
181
215
251
140
8
63
36
82
100
203
43
59
223
268
94
51
99
137
15
53
50
161
65
92
125
139
198
4
265
41
130
30
213
104
181
117
112
173
104
34
126
139
177
128
392
134
74
216
5
150
123
128
179
142
147
69
65
136
34
56
229
238
180
124
101
92
132
54
272
74
100
60
72
93
47
245
26
228
25
206
128
30
108
18
42
38
40
60
116
100
27
233
65
27
160
94
25
63
221
176
140
92
159
125
10
201
96
73
34
46
170
14
101
249
118
49
105
34
209
249
44
86
234
91
137
273
102
210
49
151
22
168
137
76
93
273
247
221
63
163
246
209
101
144
217
18
254
247
210
151
144
142
228
274
66
11
124
191
77
18
202
18
196
19
137
124
17
248
236
108
95
9
208
45
12
152
208
186
104
148
71
141
18
132
9
37
118
119
122
146
106
270
170
224
2
164
138
204
199
74
53
335
213
2
312
104
291
7
71
310
250
35
125
79
213
172
160
266
245
303
187
98
41
191
208
7
131
168
127
256
8
162
33
120
33
210
26
225
102
154
214
137
74
103
233
98
84
162
124
205
30
140
186
102
29
275
33
119
211
56
202
183
145
112
205
185
244
57
96
302
190
257
196
183
53
159
163
166
256
69
135
4
196
345
2
167
12
153
141
165
138
121
276
249
60
245
35
42
236
65
98
89
59
6
169
42
233
243
121
165
86
142
144
53
46
136
127
170
178
69
171
32
142
98
11
159
2
154
128
112
206
38
136
98
197
56
68
167
105
90
52
212
42
192
64
45
103
112
187
204
153
251
285
153
244
217
63
24
13
20
104
172
153
27
39
175
250
183
199
113
53
199
97
252
227
191
30
46
267
73
180
32
198
197
246
222
235
74
154
138
51
75
1
227
169
112
204
110
48
116
228
200
36
1
142
205
171
93
116
173
7
91
51
53
47
11
195
101
48
43
271
120
312
64
57
217
154
18
266
171
35
202
179
279
144
158
32
125
181
125
82
187
14
46
35
186
265
159
220
137
108
286
33
201
204
104
181
70
22
4
235
45
166
157
36
125
287
129
32
47
24
137
185
170
123
163
16
308
288
59
280
122
214
18
95
71
1
30
15
227
130
217
31
90
149
30
163
136
184
5
117
218
25
31
168
147
217
184
147
195
52
112
64
105
222
216
129
99
65
162
242
215
252
207
90
156
19
195
200
188
203
131
95
55
56
54
162
162
45
201
58
254
177
150
63
294
8
19
286
118
132
183
212
118
89
73
193
164
13
140
65
116
333
139
14
206
121
186
204
131
141
98
246
87
23
162
171
35
1
135
14
234
183
137
67
203
125
136
72
160
77
110
71
100
248
48
140
10
142
244
42
97
99
8
21
311
6
200
179
225
214
304
309
78
111
58
59
212
134
66
144
266
201
153
84
107
147
223
79
219
182
98
12
109
127
190
161
103
250
223
238
56
193
65
165
237
21
281
50
97
237
136
246
138
57
169
103
115
166
133
145
169
237
300
145
138
160
91
61
130
10
223
194
126
95
231
62
134
154
194
124
254
59
84
32
235
160
73
57
59
234
307
84
204
25
181
297
276
81
112
173
66
112
262
60
23
190
184
283
192
58
128
67
50
32
51
223
117
214
286
82
100
3
132
38
250
23
193
12
182
178
170
151
143
29
114
29
228
260
143
131
240
203
173
189
185
256
111
90
216
182
278
133
169
253
185
149
108
239
266
3
2
201
162
266
56
222
44
69
133
122
63
217
186
53
37
123
195
203
167
170
62
268
64
189
267
4
119
134
29
244
41
23
274
244
136
35
91
79
30
188
77
110
124
22
222
77
87
151
65
299
199
10
79
189
74
121
36
154
90
220
57
145
2
91
189
229
184
221
110
206
81
207
176
65
167
260
150
201
201
25
94
108
192
35
87
184
76
67
10
216
185
317
62
50
145
200
214
227
122
156
7
224
364
202
50
31
107
108
88
216
117
15
118
45
145
106
212
190
88
240
154
16
79
94
176
2
189
259
12
134
32
96
50
59
213
89
207
120
183
61
127
154
104
233
109
89
196
1
241
120
81
76
132
80
96
264
67
76
75
8
36
127
114
92
250
240
265
189
55
145
94
32
229
286
77
163
209
191
66
112
184
37
164
22
57
227
105
190
19
77
250
118
34
196
118
143
30
163
161
237
70
118
115
293
42
104
288
195
326
103
93
256
10
26
214
240
98
130
214
190
117
45
40
200
150
217
148
148
70
237
15
113
15
89
33
53
5
213
112
67
63
182
87
169
53
233
213
30
124
115
221
96
131
133
247
187
81
26
255
64
318
231
89
105
216
100
251
71
89
198
74
132
104
183
197
204
95
172
31
64
178
193
156
198
130
138
230
158
84
181
124
257
183
80
73
205
184
63
204
154
208
142
229
133
103
240
206
270
204
79
8
11
345
10
238
118
11
175
233
240
199
120
133
283
14
237
46
322
247
131
157
139
66
182
124
33
249
63
143
86
72
123
45
83
5
164
181
47
149
110
167
250
136
3
109
149
123
84
146
3
31
94
2
84
93
154
212
5
203
280
76
3
305
221
203
87
331
208
50
34
130
229
148
33
127
135
303
106
128
73
225
80
72
61
235
149
183
292
148
201
258
212
345
268
113
70
223
93
45
87
174
236
232
109
114
118
217
60
212
202
94
58
14
69
248
170
251
262
88
156
37
131
123
245
102
47
235
104
98
228
160
93
187
265
141
80
149
140
108
163
236
158
20
228
160
165
152
25
26
31
93
13
74
173
262
60
286
94
334
73
97
145
196
26
40
44
224
225
155
24
182
224
58
115
34
157
102
256
72
111
180
198
25
175
97
78
190
175
109
185
19
182
10
167
246
26
95
13
199
21
207
86
165
74
200
66
50
204
52
84
41
22
35
112
283
170
51
27
146
26
37
229
210
60
29
62
214
57
121
71
350
88
78
131
86
12
199
13
128
57
282
260
101
32
108
170
68
231
151
256
151
82
253
59
119
149
201
199
204
165
4
90
224
49
115
41
63
231
56
49
1
71
204
17
169
76
244
157
86
44
11
316
146
8
104
92
22
139
231
268
144
151
108
248
182
171
112
15
173
184
165
257
246
150
10
21
107
239
237
187
60
160
278
266
167
236
97
183
282
54
84
161
186
