330103
334393
272119
274893
267626
274639
321900
253073
270560
329046
317592
265205
317659
322898
319744
267113
311990
323231
270194
316366
256092
317280
325408
265188
316441
277479
314071
272281
267338
317140
259377
322498
273939
521800
327579
262003
319211
265074
254892
321768
265561
319572
258941
314946
260457
276363
326345
536856
260250
326035
311497
261041
269578
323508
378857
367511
269238
266264
321438
328992
268193
285405
317070
372928
318858
371170
267921
327774
314886
314222
262570
325819
322825
282785
276390
278065
339064
268923
322199
257632
262993
373974
320928
320847
268952
261149
267395
265335
263401
261083
265766
367280
265392
320486
265785
263097
332524
262660
320375
272798
263829
330589
275860
326341
269555
258177
259820
264093
270545
259253
280155
309085
266390
323977
317942
265262
269044
257325
257162
275933
265772
314904
263515
270436
417658
368259
257115
269135
256509
275548
272857
273579
272949
260173
365722
322811
270677
330961
342580
331987
336480
276882
268873
319710
283261
321673
269577
325120
271955
272891
279623
268624
278230
274382
328437
424939
425167
333716
341722
266320
271993
388531
282277
331997
269509
281046
281426
271019
330030
274451
271662
266821
261103
274663
267891
262712
366587
322501
375537
320547
278425
321580
282943
327879
270004
321478
328431
321506
263021
366440
268945
312731
320792
474040
263016
262943
326624
270127
323278
267184
270228
264329
320192
322944
318716
275541
258532
273354
269515
275031
318860
273209
273044
320322
269525
267563
377409
275667
280269
273508
327520
330693
320140
261652
377602
270033
322624
271705
268800
326181
318519
313490
266358
370818
269480
319843
325091
317158
274327
280074
270000
280446
265252
322878
266900
324533
323178
328364
321027
332914
365466
326870
262973
332893
282152
503300
266221
265970
273914
263315
250825
271806
366950
260332
320575
312033
261325
340773
320801
265038
267656
268246
283479
276163
274511
262110
263867
271439
331911
330637
325632
266840
262353
271234
283702
504574
392216
322748
267479
329068
365135
256733
310532
264921
273225
326627
573784
273755
334014
262512
272893
326272
383358
333079
467979
270572
287396
264283
277798
260916
272752
318047
263124
264590
253969
324817
271720
274693
332702
322814
264775
313158
329536
323209
327652
326160
267894
271546
266526
271140
313463
274465
372994
315869
322279
316738
313200
264623
329618
274714
330088
335759
374473
268024
266767
264230
260536
276932
269483
322355
264467
328005
332269
274543
266503
375388
344023
279367
265460
258477
269963
264176
274242
270729
327596
271897
276914
272534
323625
331892
287544
442695
264967
322297
267950
268205
463546
258396
262458
273608
259428
258092
272494
269146
306129
267957
281752
324734
262219
319978
271795
310381
270194
255529
282340
321188
307626
269737
272749
276700
278053
322634
278437
375572
281367
372423
326589
322181
262435
332128
324203
276192
274838
332164
270491
263585
265622
321676
327028
265516
260063
327505
279477
327575
324185
260669
265018
265712
315426
261196
262708
272975
274157
333184
394020
434399
324783
328300
324954
270342
270753
325536
270620
271160
263594
333540
277812
265421
317426
271211
369491
321909
323760
268648
316604
330594
328309
272765
272504
266338
319633
274623
311758
261149
262196
261814
262029
315278
254415
263672
265426
258139
362331
323516
331295
261568
255319
365120
358774
268182
325936
268148
337164
324129
261722
259409
259399
266738
266161
270692
272658
263288
314884
323954
263276
263653
260139
322249
268699
327130
444197
350195
331724
270717
268612
278435
265996
259607
311072
286783
271606
335663
315038
267969
318802
319976
267871
475151
266264
267499
316095
324330
291954
271772
272269
274455
271570
321855
267427
331938
271097
314479
268241
270055
306083
409425
368427
263545
316013
330093
317478
276525
316878
264876
269632
366627
277689
371480
269114
274929
383244
412783
321060
313102
266304
276618
269679
522938
270516
258319
262290
324520
317977
269884
273067
266415
324139
270836
273809
267312
291559
274461
430797
347036
318010
256260
325109
266456
323771
273238
269543
326480
324851
269611
275684
323377
318225
320422
367730
259368
264141
266620
270565
268939
273127
272798
259917
395234
458160
328455
328449
346568
334640
273629
325816
374640
279079
264402
337699
320588
318617
278411
266972
382581
284349
321972
318249
274391
327371
329404
274953
315771
260119
324832
269433
317774
264934
322769
269311
265536
323732
276488
315523
320483
273134
263134
319701
331852
330401
275076
267585
316891
261443
325522
321198
322707
274127
272532
324545
274069
320510
263682
269326
322419
267830
269877
266130
375909
517362
275231
321250
271443
326262
314303
371083
316208
368145
258721
272328
321404
277062
317141
324395
325366
274586
262250
335066
274772
312919
321118
261509
320708
341570
277540
315714
278120
277214
333341
450648
309870
257878
325965
267772
267244
308195
326886
270975
264711
266600
259216
362473
268107
262217
258575
271620
275308
265045
267618
267929
317297
264367
262408
258907
262054
270591
265444
265732
264366
273373
271641
265283
258005
283385
262887
268728
278980
276437
265939
324806
381049
315080
274934
310196
264416
324167
263934
318164
264105
327099
275438
272083
335999
266123
501912
270028
318011
274289
453831
419084
316387
321909
273599
334309
267256
267491
315467
323116
269687
321430
269093
259774
323089
318195
267447
264021
319780
268472
264087
318724
261354
275842
266780
278222
262968
261190
325345
264040
266262
317964
261925
305189
328306
274309
273275
324954
260698
270977
270876
330895
274044
322817
273550
264545
260925
258954
270810
267444
265392
274213
468575
264538
325222
271215
270109
325039
281363
275148
265900
264768
265619
266269
269070
267758
316723
274097
262495
266889
320268
329100
264514
264282
279538
272239
267247
260553
318019
277843
321458
394463
313660
273832
368078
319177
263097
310063
263776
265442
389948
271302
331917
271589
272558
257388
325785
374238
314972
275033
276720
328560
521279
272676
274326
298898
426789
267239
332809
464437
321485
319226
322221
269890
260579
258701
324688
317455
268898
271360
468274
267580
325857
270931
319676
266544
321096
260616
262154
379948
260625
276929
326262
326622
285465
270563
272901
274076
323603
380146
360185
319505
261788
325853
338691
276309
520106
314626
260610
270054
280693
453313
270365
261993
312800
382195
274455
330798
328919
326075
270071
314929
324229
266539
270295
262221
312006
259937
271477
324326
263430
270444
323859
332159
270568
458134
322018
370117
270159
258900
265204
258004
328414
328542
267943
327931
278592
441430
273209
315019
277872
334969
268505
261051
256972
257142
340735
319785
376302
269204
267306
268844
333773
257471
321420
320079
412995
323402
332415
330151
280086
271487
262045
258225
322658
265883
263708
265148
328974
319072
253730
281771
270867
269910
263895
322630
267307
275703
272336
259186
315454
266820
314296
267862
324078
314683
322867
333494
269761
267428
266825
265039
256015
269950
263675
375697
325877
266774
317729
323778
323961
331026
332425
272814
264867
280474
332536
322182
263436
316997
325304
264950
330740
275404
447904
267109
361826
277767
328849
400404
428084
333729
320378
265447
265457
265479
258029
321313
263713
311437
268879
264244
316426
264675
322053
258374
324686
275960
330594
323128
320384
258842
274484
335601
268780
378618
282089
277503
381506
277983
271146
455622
264731
319501
312445
264754
270486
322553
259693
272373
282956
273793
269514
320824
324795
320640
269391
324565
263430
264625
325094
324404
324545
317706
258127
323693
265951
268031
334159
321680
273352
336415
270111
326362
272616
313574
250018
270296
261981
269200
259341
256919
325219
260508
273041
313037
483441
360506
260716
263616
269292
314250
255581
262934
359071
376902
328121
325884
268743
273147
267342
257932
319207
268657
266182
268540
276843
267223
274773
463525
318437
261514
332308
274735
419718
250335
277423
331944
468583
261758
310704
263137
311135
365828
282605
284512
266160
277129
523929
371612
275157
327287
278562
323901
273788
263088
311054
276425
272712
272608
512101
317340
277028
264900
272838
327176
326699
276307
318275
324330
269035
325258
511267
277549
279298
369950
346013
267172
275118
266538
261529
382153
323243
312789
260376
319859
265559
265072
319670
269250
260201
269354
275250
282592
327303
266254
330819
385655
271521
275636
327686
368117
375635
298021
275746
270538
266911
268594
263706
317481
270261
263708
266943
276059
274612
269419
318093
324195
262374
318839
265394
257184
323637
273260
319771
323225
317229
318060
262531
269645
266757
367857
277420
332413
323958
269519
263170
316787
263019
273015
261373
269066
286668
339557
444200
266547
320029
266480
264881
316422
267048
263207
256428
266082
258934
333185
325883
324693
324284
261065
272495
261770
261660
317763
318785
319146
262457
312828
328333
270805
276997
462411
256233
325563
375516
344014
264892
311459
269478
266093
329048
321239
269962
327380
367848
329152
324218
320654
278551
279558
266928
256395
324713
330201
452330
268731
269151
326811
269368
265839
266544
338793
337801
268303
274982
260581
274926
490540
296312
320151
266107
265918
269245
264924
269698
313272
320636
268817
337457
282335
276987
267620
279067
324988
269172
262669
268055
329758
331043
403576
325727
321879
280974
271131
269516
320858
326651
269922
264645
267631
262520
308903
263715
271725
313095
326604
268055
267424
271275
321413
262408
257100
272623
260603
263432
309322
268256
318851
274594
283044
280122
524978
264075
363240
275199
330141
265928
315233
266705
270370
258363
266415
257200
265806
378167
327960
260103
267871
329945
267550
266003
267387
322320
315517
318370
262571
368072
275322
324780
317739
322611
286117
326942
389347
323306
379194
339072
382731
268117
274319
258769
322359
264308
270207
262198
266208
266340
320433
263411
367757
327158
270019
262354
249463
329002
279626
453357
329671
271096
260392
311264
269860
324485
316871
322847
260397
321589
326898
265431
262854
274353
262797
327172
259142
264103
269870
324703
383878
325552
268156
284196
270121
322226
273081
274259
255027
262541
267837
329453
327222
320715
322646
280270
323811
329761
263190
371390
319209
259752
261470
325767
264803
268110
273019
269431
282760
280392
266296
265512
270200
338029
328526
374583
269746
371710
316411
264447
254810
276810
274377
508670
327880
315648
264192
263733
261114
256699
326770
317599
257973
317282
319382
263175
324945
275184
263312
265476
265201
310480
262477
260591
272090
262387
260918
325394
268174
381342
335174
521222
270849
274372
264046
263098
272470
313502
365085
270014
268537
333019
446025
296038
313772
263359
253967
318373
332759
265933
324932
324866
323764
312153
321696
321579
266032
271352
329674
418941
307859
260476
266096
319317
256058
263732
262610
267679
268868
264447
323893
324002
321552
378136
262305
322579
270074
267711
325891
279763
546157
362268
267606
264936
267256
331438
274705
277940
319078
470632
258473
260323
262181
262033
335095
270317
316345
262535
369786
322485
261614
268117
329000
473572
256723
264346
317939
266135
264742
319485
271649
257503
368673
267750
368662
277626
332863
261079
263334
323973
262297
262208
316217
268015
264774
309922
268172
324551
332912
282890
465340
269767
262941
269079
317263
321985
277099
331036
391827
529826
287649
271136
310079
322677
324053
264620
265845
264940
274686
330270
286916
274648
351761
321494
324357
307469
277721
265379
371964
267417
265543
249195
328441
372825
318873
264563
322806
320513
377409
318279
328281
368314
323753
314944
329868
272873
271115
275773
320368
260702
261409
314833
317129
261365
313628
320388
312429
368586
327916
271419
259404
312906
265746
327909
264588
258348
259642
265143
265882
275072
315734
265109
266945
279031
254699
358446
259309
267454
266886
265419
323054
309203
264607
326493
262616
262623
270879
275789
272948
330204
278310
327243
270688
260842
321296
360753
328227
268464
269442
262355
314502
262879
269978
273964
274495
335711
317119
268180
262818
320337
265837
317046
262058
371208
265704
315925
315705
329071
279611
457588
259979
278250
334681
278085
278736
378770
269488
382945
331954
323676
277396
269592
255577
262241
272742
270222
381457
255426
262576
330009
318916
327940
319610
270676
268793
315681
278992
269219
278121
272470
262362
329740
283852
321341
317263
327520
269682
259023
318878
271742
394400
369066
325297
259986
267351
312995
261364
264932
326266
276609
325082
261060
322044
322094
334021
274095
307063
434511
362397
269859
269068
260616
265938
365336
318577
275673
286875
383770
327139
326809
261532
264891
267061
264288
274054
264876
268083
365170
275354
330206
260060
330297
281221
336288
321182
326060
269368
328790
278396
316278
262908
273023
264814
269549
327431
515241
260334
275265
271193
451361
459720
264287
262423
274612
309732
371132
266829
262932
320368
316173
268282
319063
276689
273277
483426
258460
262491
316867
272982
259039
260413
271460
273009
323797
279285
269223
261560
273343
274409
278526
327232
273766
273205
315262
262632
325009
267627
261282
321907
281442
335235
456907
269143
311521
319186
317056
334370
338199
440474
263004
262149
315499
275698
276354
275080
258424
263100
272409
278040
268152
337583
278974
273618
263305
257737
261084
271522
373842
274768
270656
313839
271443
264639
263671
269092
255759
324287
321524
271230
255914
333047
273574
443223
262617
274934
280227
270927
269561
370680
279455
316053
318630
387110
279194
269378
275576
266238
267941
382021
443654
271419
269709
255675
260169
315871
273784
264772
333200
275492
266980
262978
268845
272367
277557
328334
359452
267449
329818
266833
261105
321110
326625
369466
324550
329903
265901
268958
322437
267101
317600
282051
331243
278865
269967
317472
270778
321345
324132
276356
423041
287031
306218
321956
267443
316289
325510
259377
265323
327670
330098
258176
268103
268529
276272
262481
337970
386827
464730
266716
315236
261176
274728
361325
310061
271485
323756
261002
336068
330449
330857
267591
266917
328039
276804
261537
258955
314653
320438
258316
266670
333040
269713
326825
281534
453943
259302
266522
261348
262514
269934
266051
265731
263365
333343
311007
258067
260635
262365
313065
258601
273100
307898
327376
285916
371069
343199
258093
266188
257992
321591
264283
264478
268462
267690
258342
266558
358469
264055
324229
260058
271499
317066
271642
318366
269649
331256
457892
267162
324541
316215
270552
363192
371883
340735
488876
339336
278761
272751
330551
272509
334690
376463
345666
375746
281824
271088
312888
311960
326838
331819
317877
332897
282629
271575
290073
324460
267342
275863
321706
318450
382549
278596
323609
328914
264914
318931
270991
359592
264992
270283
257213
271865
265250
265914
267875
263158
270135
263503
270234
260818
332511
312087
269207
265632
266889
271215
383288
373183
278602
345856
382891
272384
326686
272275
280707
330100
270128
265886
266907
314274
322307
285309
318922
262648
264304
322736
262801
318526
262903
264633
269032
326170
264023
253364
264211
326807
270764
322679
325343
317549
270237
278911
269321
320423
264702
276282
267533
311906
325808
256278
272043
328016
273863
327735
516896
270963
269093
319469
262560
313704
314618
254306
264189
271732
266229
367946
268066
257971
325382
274530
321340
455377
267064
332468
276437
328322
278541
276141
335849
388428
524788
319863
327180
323172
316672
273369
322222
268242
331328
268995
281319
338315
383890
325089
327529
271294
380809
269553
264078
344753
268180
265528
266539
256481
319263
267759
282923
268736
529940
326632
308352
324629
276826
334063
394473
408280
316302
260301
326060
272676
368550
263693
264621
327933
268045
261479
322215
324735
266684
273760
269835
330116
322056
268679
256973
264610
376621
323697
322979
263743
265116
259205
267381
316863
320146
260240
309151
326644
314850
279537
271491
271257
275714
262052
259847
276146
270325
257797
330058
267873
377184
315966
317524
255248
322094
266921
260443
261700
262022
269048
277853
314824
313623
371057
319404
263662
266103
327615
271848
315476
263817
257147
273655
261419
381163
285230
281124
270566
268450
266377
259393
276504
263378
318181
324179
313094
257597
358665
280026
280477
463588
257190
265764
260770
325375
307735
261959
270229
330144
268702
255791
264055
364773
336890
333725
279151
269200
372449
319708
266633
261567
323220
266339
277088
262271
320417
322263
323782
264390
271823
333081
280369
272897
265919
333347
325328
264577
256683
318484
268708
274702
321696
322506
265099
368959
321855
256150
258869
267646
266281
254832
257476
280735
322084
264340
272003
264638
266246
259986
267503
318245
264745
320680
323407
259264
274901
272946
264657
387241
270987
321925
268278
258903
313741
327596
372467
265744
322419
378790
320903
320974
281343
321342
265199
276241
260025
370966
272691
277812
261672
336647
272228
320774
310943
318237
328749
320871
278264
273615
264016
321112
330120
280303
267317
372065
256719
268604
273932
278082
264005
320705
267976
258679
325333
268053
272821
321916
321497
270095
259294
274084
275268
368274
270641
270747
319046
325561
271351
315311
270944
264949
257123
316331
269352
323195
332911
327385
322959
268906
276162
264265
378072
448640
319768
325293
320391
261489
316666
263984
264101
271659
321834
271454
270369
329387
273945
266714
325659
257710
318046
264427
269686
327589
328451
290850
492704
270306
364777
270745
258555
269093
316854
258448
275945
265134
268351
328465
325976
505170
270879
273842
265159
267010
265315
264269
319973
320209
273722
265176
330410
259038
322970
321510
277532
405219
337819
278255
275044
274060
323994
321622
325514
262245
271135
267125
318394
325896
462437
323017
258683
262790
273407
315031
318937
318035
332976
404332
369823
261387
265600
275960
325945
267964
257189
267026
320428
322285
261950
266385
337464
447448
396801
315638
317412
304224
370213
266368
268037
323841
273244
520294
268659
320507
332825
328620
259015
319193
263210
322944
263466
332551
379043
332583
261360
318036
279017
322571
272458
336550
329907
269650
281518
268688
272984
277370
272175
325192
329916
333961
271414
269754
273878
328595
324295
339223
264701
260652
278582
362445
267350
276614
262675
316007
270695
335454
272025
276731
271400
266324
257610
325209
323102
276899
273694
500800
261816
266041
271490
265647
268682
272041
264854
271978
333672
325222
264998
256484
319142
263342
268771
268753
371058
285489
386820
328529
275284
321213
267948
273713
331944
324069
266863
266203
321066
272962
361126
464824
274976
550796
276921
318113
266801
365468
367361
259397
319387
319154
308613
335397
273875
455170
265816
328407
267378
318740
318756
317109
321663
267745
273354
271265
274212
272602
273124
373302
261588
320970
325503
328739
264866
335138
326365
263810
330970
271559
325546
331229
323752
321571
276428
258566
274656
343110
275709
473170
271798
257559
265049
326675
323270
266115
328593
324945
315196
327347
320786
271843
360231
324155
278800
285441
277742
322333
265730
274507
320145
324646
468999
270785
274382
326892
270001
267554
321660
324854
317943
264998
317186
266223
270954
269362
320644
317005
263625
258617
270368
273984
428131
282879
265694
266867
262098
274429
304961
267213
318749
316218
265917
278586
276887
336601
320715
268027
267543
326167
372813
264668
279240
273312
265393
267971
311197
260173
264415
273960
272627
274502
268204
363758
262676
323900
265010
308661
263793
326097
268232
284006
333833
440152
273307
323421
320492
279455
267621
324338
270230
327391
257880
270494
267206
261069
321406
261000
339579
280931
446049
260872
259570
317765
255924
265104
325652
533925
272439
381350
279038
265372
274504
334822
276453
272679
271116
275323
322632
266122
267975
258891
255784
282427
277068
363514
274528
333798
267449
267074
325709
485170
325625
322378
327912
267550
261643
259636
272476
253974
269768
321096
269650
263093
260478
282703
281024
274625
343292
326527
379191
289413
477633
311387
341982
271100
333349
275139
277279
322322
273319
259028
316660
272956
267318
259365
309561
264134
321705
275892
328637
279531
267776
356258
267868
265970
282487
326335
320511
328637
317788
265533
265104
318662
323943
328560
387853
372266
334985
373272
277541
334783
317441
269117
268572
363135
323541
333867
365227
282043
269406
267368
320290
272985
267335
266273
263348
274731
275727
326509
272451
327259
282058
273705
272304
261602
315620
266633
314152
282893
269655
325210
272296
338688
254253
283744
276701
468693
320239
318636
316092
273099
270033
260631
325510
275472
273707
271664
523580
272061
261732
321532
259522
268961
318620
261064
269210
268354
320733
384595
376792
353383
258549
269361
263445
276109
340783
269379
318670
270042
272442
269192
274715
275582
273116
325673
269910
327073
264573
324637
314431
324732
276932
271481
269293
273612
278100
264298
271412
278261
333396
269423
322135
317978
272553
275649
324893
275645
271524
391996
272007
336355
268134
319046
270291
276341
269628
345908
322987
261823
268723
267599
375731
324794
279004
269319
256741
313003
367825
333621
276844
374782
324413
266876
258162
313001
275488
264187
366990
270520
281366
414595
311539
267830
265890
267965
383719
314731
315313
275141
322039
266773
268918
253524
263008
278663
401964
430053
264160
269570
267888
273864
258179
260099
272451
283014
473620
262887
382765
272175
278123
335104
271455
318242
273329
265090
260369
317772
364417
327972
270790
260625
258598
325361
276040
267494
322838
280650
330809
267602
279964
328956
271731
343782
271082
315892
327336
264692
265266
267028
262621
273465
365500
270376
274340
325262
278264
378718
260419
270403
315681
319812
332882
333378
335953
273013
317958
270042
274364
262932
368760
276251
275605
262824
538301
270891
266367
269737
267052
330046
325928
261838
262220
262648
324865
328832
335018
282948
266670
266072
278740
335964
464303
264624
315425
322669
340069
279189
255327
265722
384520
327115
329588
313340
261798
333575
265126
328868
372066
338931
272639
280729
265031
269325
407592
399431
323426
279664
265824
260686
262443
255279
365541
269789
324162
317072
274180
258992
261103
260893
273838
267653
268684
321118
266332
321801
278637
271794
277251
323765
271171
258724
265056
324999
319784
326879
332128
325050
261227
278817
365460
261295
324790
328509
484893
353443
318461
266020
328731
264481
272557
273421
273013
318795
315944
328476
321691
270268
318869
323212
334953
339450
268413
274425
315188
322300
403953
340079
265295
269256
365822
257098
268103
261549
325112
258860
271647
312305
263761
269735
373951
273554
338379
323061
261509
265709
326704
278437
277410
267536
265900
267562
325302
273356
352428
364789
319190
268483
272275
322155
311726
280255
276663
329199
530637
272235
267848
325784
319397
266681
289991
276062
461591
268030
319993
263326
276407
471914
318254
307451
317575
270092
332386
269438
266552
338999
394144
274660
344908
263363
271927
271894
272977
277397
266501
271504
335383
285853
477862
377571
328066
279237
374019
274668
270393
324931
267154
312773
324524
328729
261379
271070
283538
284722
274266
278090
373053
269238
256584
327330
273926
263039
264997
267976
319823
322397
260525
274916
280056
460727
324952
321920
267366
322827
274766
325955
315989
279556
264934
328023
265028
261654
323141
281679
329385
337094
268030
319209
378980
316070
313304
321620
273092
269439
263746
267192
321703
369250
261488
315259
278628
273913
473735
266320
274136
323144
269510
318401
284467
267787
272615
324528
325806
269607
262874
276739
273087
275568
334005
516426
273449
326744
273607
324538
264947
325721
326518
329148
280745
275569
328962
277727
263474
267824
272893
280934
266738
320652
321788
274416
278269
263623
281939
274085
272817
305264
274394
266305
311746
315624
334475
263866
321054
282450
336467
266270
264812
318540
257171
269667
274175
333448
267163
275110
272005
322407
271677
324509
268479
272741
254724
365255
320066
259597
362138
260816
313429
317716
331478
258853
321140
280342
332334
332706
333544
320837
321431
272284
327209
365203
349909
262090
324445
271536
277643
267757
267196
267910
262800
275612
276165
462263
318669
282382
327894
272841
274908
264584
310375
319658
318384
260888
323071
264713
272747
330681
387162
469148
267541
376281
263495
381906
324263
284913
285831
374036
314783
290421
475443
312183
309015
267235
326085
268946
268183
269404
273937
327286
263821
318594
266031
257909
377971
259974
259512
270340
273879
275939
270276
269601
265258
320579
431782
268790
279367
272499
273044
274260
254294
268062
265492
323324
276254
272673
416134
309688
271302
316451
317371
272104
354016
269458
281231
271857
273851
268488
277296
263566
317082
266178
311873
325761
333671
382219
352100
320507
271333
330087
282182
460042
374209
269962
368759
262012
322870
263011
279810
328956
270535
320962
265187
313253
264317
268910
272035
292640
256061
322412
261961
260894
338563
278766
266725
268904
318893
271991
319864
308299
266923
269154
260036
266900
257833
274165
257735
311966
281764
269940
276907
276179
269790
335029
280500
323892
318403
318653
275574
270886
260493
271693
271677
278859
274783
263438
268406
264032
268383
333794
265847
280867
281585
268965
265332
330426
271162
282788
333511
263222
320571
374579
266367
263814
271179
334390
275306
281856
280909
332228
327905
273686
256392
325086
327617
329511
274713
313905
325059
274830
282320
263865
265932
270959
267288
328539
268880
304450
273419
276005
324753
273755
276369
322542
266944
376430
322190
273906
373218
269261
263106
274232
262940
260918
321464
327126
275997
471859
317961
266548
281061
256206
257772
262202
317628
267610
263687
275986
317483
274027
329193
327744
499455
330242
320744
256364
318665
320639
269968
273895
359456
266546
323930
270903
271062
323429
318441
268289
267055
356404
330860
337356
258349
262593
265967
327921
261208
269734
375939
279440
269586
277915
272188
328484
274083
268709
276405
269334
269487
267488
316336
272168
280392
277499
333741
461671
314797
325818
262271
315008
268328
323681
268880
278074
321037
267413
273291
353006
271427
328126
262409
264859
264470
271029
324744
513436
353199
330367
281629
265361
263535
262607
267626
272526
265942
276116
520364
322459
278346
266385
317160
330504
266869
387284
276171
316774
274056
333019
273124
269571
263280
270157
272214
331066
508336
309499
259130
324180
324021
339755
315089
268349
276567
319989
265212
324183
272602
320613
335833
272396
466714
379100
269384
327382
461756
265043
269205
265476
265410
264710
312887
268364
268292
257984
274449
331487
273809
331160
267407
263419
332324
383246
321982
281566
272276
432586
321893
260904
270287
334802
261968
259409
325351
330458
265494
271985
273894
319291
254540
265405
262954
261878
269219
266086
324923
264007
320897
269318
272293
279473
347521
264159
285877
336924
377137
322542
320463
266658
323775
265002
269082
321513
264944
322761
271829
267106
318656
313426
271757
311064
466351
260571
265542
268596
267647
268921
266002
271310
262917
265295
323193
318253
257785
316040
270354
269376
262096
257668
269300
259219
262270
275640
318188
328067
324965
313174
253117
273101
275144
264632
275134
468197
311271
270708
268544
269702
265977
266648
323532
309731
272103
262884
320263
270881
262760
258971
263051
508457
287602
267095
317489
268228
325098
327080
256267
270014
324150
269745
264081
264358
371328
261699
274611
274229
315617
269234
271275
259040
270845
262524
269353
277699
337384
276061
326337
274873
276562
268489
325407
271992
269132
266134
283374
263650
268489
282229
263879
267206
262766
260658
311916
261845
272562
273155
334683
329005
271425
319082
324184
271901
274120
283209
270626
267323
267177
382298
330238
277007
268994
330953
327718
274307
326079
262080
327200
321966
271779
266517
273642
262429
261865
323184
317201
323630
322304
270274
270670
271233
267176
266773
259900
389568
263373
268558
269990
263116
320338
326076
261804
357415
266583
265831
265879
321841
262662
257045
329491
279350
513142
271297
274516
326674
328903
267986
320657
269671
329541
263994
259688
271350
265190
318127
320749
262327
255789
261839
368305
438174
395786
319959
272050
271632
329239
278436
335259
329000
267627
322686
324723
473458
330997
262150
323449
270671
316842
273892
335732
263069
267884
275967
258229
268355
255888
269399
322941
270952
267227
330112
272137
274344
271607
264783
317969
312049
276551
374781
268634
319416
317075
325437
262191
260676
266556
264226
373280
328592
318422
256380
331095
329451
267738
458980
311619
264481
312785
271769
272147
272464
275057
274201
254014
371546
371070
272632
335089
579458
277572
271819
459202
261289
308314
267564
275229
262272
260924
325118
335177
316621
384726
261254
266601
256033
268378
363515
264009
270542
265869
308780
326278
262330
277353
328869
340011
268672
267623
257443
272412
377836
275188
483764
267652
277855
261019
264082
267968
253600
321895
272040
323381
318307
277202
274716
261463
250147
316879
328313
272097
331039
310366
271075
377116
276175
319476
319752
262143
273669
274931
326155
276167
469264
370156
265168
321218
277802
475612
314167
280065
541951
295779
264022
368173
259341
313720
266764
255888
265768
266017
264973
318660
268940
267237
260432
269164
264552
269088
354344
425614
266854
263373
266740
325413
278472
321394
259625
257297
327404
268194
332357
275375
374210
318873
324191
322423
319652
261418
266740
272511
328799
337790
270961
388775
276089
384786
330063
286372
320754
266675
325458
316526
271401
262878
256725
260725
317656
271315
319557
313300
326236
257629
269941
273716
259873
313587
315010
325644
266052
269299
265487
276020
271061
463476
252686
259142
384269
316785
264293
273299
272322
268015
321634
318330
329966
326611
270260
261308
279893
267727
332119
320293
271598
263994
370575
317197
266497
317247
281699
329092
270840
269806
266396
274945
262945
316262
260543
317304
264998
268972
262525
320280
319675
264720
521210
313661
274800
276432
327919
259521
373142
266805
447008
333065
319719
266051
267173
271517
274672
473821
268088
264784
268829
258186
271661
266043
259045
256478
260361
261140
317745
315755
334729
274383
270996
325490
268254
279932
281168
276353
257848
277064
280776
270665
325759
278538
324803
275140
279676
277353
329135
279359
339511
276043
263835
267684
266229
262037
264914
267807
266990
319382
327685
265664
266382
320226
315864
261911
261671
257159
321018
274167
263643
263424
307552
323507
313005
323929
327575
279249
326844
273683
265615
313329
265405
261725
261547
322230
268814
263857
262328
269118
265140
262058
263063
268136
265045
359791
322227
319935
317328
272172
270024
263187
266525
265426
270580
322912
322590
369869
271884
326139
330033
321021
328380
321705
325839
272117
273860
272678
263545
267448
271414
303537
435636
318269
271438
261598
262930
268654
308123
314248
363820
319703
269643
265496
269031
273999
263083
267445
269437
267541
387140
270646
271370
271621
282917
315356
266728
316478
264015
270863
271988
325074
323673
319812
274472
335400
377041
266068
315261
334436
262005
274512
321993
313077
320665
275926
265101
263331
312230
264886
370012
267642
315176
267726
325383
326064
268370
322480
321169
263444
317512
318988
263455
315614
256854
259532
320002
269902
279807
271033
274160
288108
257319
259590
377555
256107
258276
279738
273767
383439
321293
332526
258935
321702
314732
276182
274203
319932
278638
273735
276512
262933
260590
271314
329479
272751
265665
276234
312763
327759
354664
496599
277288
270982
323601
317110
330318
327023
276175
326379
315115
270747
267673
324321
265216
266656
318815
268164
375790
440151
277964
276887
262545
279389
268382
269029
266974
318807
276448
469354
266750
273159
333711
461102
262429
255024
270232
264015
320092
309984
319260
262381
313312
317007
314836
268412
284032
261204
272170
269392
277355
265894
271440
331909
317206
320132
269769
267893
319161
278346
387739
315436
271382
319143
369947
281458
328387
326337
275862
319415
466799
319419
319151
316348
315175
323338
313118
257514
317140
269537
363655
268738
266957
268602
262079
266705
322849
264272
268176
270677
322304
376922
268415
323789
266364
318390
280332
263012
255144
327416
289266
271598
377371
331490
367760
270888
316346
265543
323332
262126
313525
266494
270014
261813
267961
274803
260653
325203
274828
271768
269468
261839
271984
264202
317498
268034
322484
273103
273050
321667
524116
264816
315187
323463
272472
321329
367073
382953
435801
290530
260748
266716
267658
280025
276932
333293
362841
266937
365914
326727
458594
268023
313232
257205
276915
274115
273615
317208
274488
323321
318163
341019
268092
454363
267775
322965
280790
327309
271283
277258
328890
390529
267716
274734
274559
253577
320156
270330
269468
317727
330203
276484
265758
333573
268588
266601
446143
272574
255678
268306
259186
265426
319986
411390
323275
325086
357437
407764
264701
322390
265297
260744
267616
364312
270627
329972
260622
260228
263902
270147
267279
314614
379573
269074
322176
273474
271227
314461
267988
264237
259069
265418
265161
268387
261664
324538
317427
347471
260426
323898
328282
337153
321831
314614
278359
268717
256982
260329
268099
262171
324793
276796
326315
326696
279211
323479
266810
360365
262984
374982
268406
270143
320849
363155
361778
263467
279935
274768
328517
451827
260813
316180
327411
486445
402622
321366
328777
276135
275533
325926
274032
269511
278699
326550
268862
330546
335328
275296
269861
427829
290353
267565
264608
324814
328427
266935
265284
263546
264314
280360
274883
586189
325002
261105
267789
273159
311517
261592
250024
325349
274272
271751
270513
261073
317590
277948
271395
263304
266237
324691
324259
277474
375705
263135
380056
275030
259294
266333
268930
261973
271645
321450
274654
378124
316854
465169
260558
270540
318432
269089
260673
265877
310191
327226
265535
250424
266204
282312
265978
374592
325816
264513
263220
324663
377699
321576
258211
268314
270903
263616
270144
265867
271527
257312
319177
274108
261541
322039
260155
258688
262818
267784
266896
273548
318062
271274
269209
281284
264910
269104
286712
461621
267045
256642
315145
273094
252368
254189
262817
262509
366635
272149
258953
280565
268935
268783
325995
274333
271807
514943
329486
326268
335295
316156
264413
325242
264595
259957
267495
256668
268038
262782
259837
319718
264165
321256
262720
321080
326341
275296
336847
278260
327437
266958
265772
319875
324220
524261
317026
317650
271939
313309
273212
331719
430179
358346
261582
322161
322757
258590
313138
266852
267004
318979
311651
322301
328997
318910
275824
280078
270782
276935
454300
324985
282577
375431
382207
328488
270238
263181
329475
274654
274571
321889
264958
374537
259410
262104
265439
270114
272423
325019
262881
311336
267990
272626
277800
449188
275717
329327
321408
323435
328034
330511
265271
259162
270271
312309
377726
268264
320207
277357
328305
322948
271133
365657
272747
283235
274738
273530
374535
271815
259301
321869
329102
321446
272854
267230
319557
371449
323400
371530
325092
263720
323285
279869
275585
324055
390723
343249
320565
365491
270875
265014
270917
275331
314505
270832
275077
263600
266182
271895
281951
329306
402856
269481
332982
277816
268864
275069
280075
262979
272677
323001
268783
329886
263475
279680
272927
278077
359182
311328
261533
256073
329294
264491
264303
265620
262272
269671
322919
313043
321015
260920
317138
327276
262041
262183
266706
278315
330103
324206
326249
261230
262666
317368
269622
264276
363871
269180
274445
316676
275554
266159
268138
329204
521714
270733
266319
267898
251743
314675
284842
268529
274266
363320
416681
264512
276144
270113
323238
267836
270710
380079
276707
273737
259258
261385
329774
266155
268641
383275
306268
409130
259761
319772
264415
326477
272976
305160
273652
271845
300480
479708
279831
266713
266348
264072
318900
277495
279767
383031
497926
300132
267686
274935
273343
320187
322287
262423
262479
266347
268255
265937
270975
282837
268293
269245
261558
261763
374829
324358
327405
266267
275482
287342
274040
458928
264387
269955
271580
276352
268800
327096
324515
317835
265393
372226
317091
262297
277006
276990
269426
267168
267524
266585
272428
330150
270437
273772
266814
465299
258389
319742
266616
383665
368546
272020
385857
335104
262161
333364
281188
264864
254466
269445
272926
310177
267466
313679
273828
260297
266169
259974
313550
260828
264358
256974
259092
273508
324931
324279
333226
318359
376449
267926
320962
267364
322046
320442
323277
275450
312767
270434
258740
313573
265878
264744
262695
321657
257697
281247
257185
316713
257053
323039
264626
323473
312946
275686
269093
270620
327474
387092
482049
322715
270277
274554
376615
319553
317080
365344
263856
278378
328024
443999
269780
265757
282441
272540
326361
276072
325812
277566
328118
328159
328833
333510
268384
326468
272929
325925
276129
264858
265175
321641
368837
320982
322560
278335
273777
313144
257372
267430
311384
329513
329622
264595
264833
266934
259115
314628
321649
330799
267418
321544
261778
322953
266317
330426
456296
267786
371871
260308
319361
273384
266171
277024
354983
483671
270066
325704
328556
278711
268619
321112
382654
330089
269631
271507
275669
317556
332218
329218
263055
264982
327051
326356
262872
270450
282579
267363
259416
317757
268415
323140
323100
271878
313948
327576
264769
266451
252136
270613
321225
282957
391245
318188
314664
275856
275910
270500
269941
278969
274561
329291
264561
271649
329888
291535
276545
268473
275013
371672
259019
271454
271838
269811
265278
326976
269931
341985
341653
285386
259633
362949
253145
266968
267128
320734
257940
261294
263526
267446
272470
275705
531829
311117
269649
258334
342374
276070
277209
374409
319266
327771
262834
269451
314635
265348
319429
268806
268763
329883
266150
276280
277292
320970
310154
268354
270535
319880
329702
330912
270174
263290
265556
277094
380772
268586
327879
256847
321359
322134
264717
322902
325857
258190
341873
266383
269778
273814
386280
318347
323829
264988
275713
321246
273423
259485
316794
268295
262243
315224
324601
273811
334507
395258
273162
324920
269592
312187
263686
321682
259619
375945
257922
276071
263620
260917
373955
327128
314419
322392
324442
274469
273801
321588
324237
282755
400693
314342
264778
261631
314138
264733
324840
261295
262057
331842
326498
333811
272786
273920
434068
351602
257627
267891
269610
265041
329304
321842
316260
269228
272288
324646
269818
269735
327633
274493
270806
266787
358806
265602
274093
316651
326239
284485
265838
364430
340116
544205
320291
317257
269275
279524
273903
328401
515543
272449
261040
272395
259668
259168
313411
332509
262065
322483
329276
381149
410965
322243
268910
331119
268183
263549
322106
271670
332062
275304
321506
536226
265607
264709
263284
264031
313503
319226
263809
314544
329218
380765
328266
440542
262254
368720
371550
265083
269069
266919
326096
271063
265489
322572
310131
329952
284644
271677
275279
275144
319278
269315
276554
275999
326714
317846
273732
265960
266724
318442
265654
255130
262586
268883
261137
273234
266352
259987
320004
259268
264922
262580
318007
327953
269939
321844
264257
265419
260062
332299
267952
275488
262724
368549
357965
262126
324838
262222
325003
268423
257008
261070
259703
374506
265394
264889
361694
270009
324013
323891
323139
336668
322542
400044
323973
334834
269197
326918
371804
276655
333140
274244
259936
262492
320350
316323
325648
326011
331507
320407
320620
315856
264315
266357
331799
275002
273559
273942
454380
271097
262838
261357
367052
275346
273822
288125
278469
253587
258625
325906
323340
308042
264173
263113
276296
321923
266331
330677
268345
322659
267066
262671
325763
322474
269570
359285
272170
315891
379290
278824
281438
345047
266361
272419
269136
324720
268315
272386
316771
263886
270641
276186
267223
331287
321240
373596
324151
272602
516005
318263
269831
263074
331647
278206
266300
261177
323231
323541
279061
459034
326336
280406
262827
273979
271111
265991
266654
268424
321352
274542
270736
274263
315985
321415
264899
265946
270956
322022
318891
323782
270972
330423
281902
332027
274788
258096
325714
274218
270214
272150
321656
316462
259203
276824
274256
264089
261709
323344
274293
268967
260972
325760
265330
259659
372853
254178
268985
272585
317424
370716
271863
317924
317713
272932
264821
270792
273242
284390
381019
325163
277510
318628
322723
321454
309199
271969
266446
323407
272029
274787
266472
316033
269353
259697
316095
328107
271137
276715
435315
338958
312894
318626
322572
268042
264493
379075
315681
337061
280676
448505
266790
277001
325938
277798
270806
355100
285348
383858
274785
323358
264863
274049
274269
274193
267730
267243
276097
321179
389547
279554
523490
325670
267164
261287
273715
320586
340177
331127
323759
273997
323603
280282
279974
274514
275229
353759
264725
275404
270482
272938
263433
325369
317112
263147
261870
258728
311511
269914
266807
316223
269101
264025
268140
315091
272839
321278
259063
286699
274845
275171
272026
284475
267459
257263
275209
268668
432059
323830
324309
267541
263669
373482
264964
265804
267393
267188
316206
282551
334877
260029
269891
336495
324261
378245
279369
274316
268827
271421
318349
325330
273313
334065
324392
333101
272989
261367
373943
376509
331815
313885
372378
255647
270053
258642
276090
338134
275841
262028
335506
262385
274656
327088
471218
265969
276929
328361
327225
257695
329281
277557
279655
279270
274582
272372
268508
277538
267079
258440
379786
383585
282895
269090
256854
265315
331925
316148
325650
271497
263064
264308
276889
372516
416398
269390
265327
258346
267376
324331
333855
272740
326484
264602
256981
267536
259640
270144
378547
273417
258356
268244
260734
313968
260300
264320
266922
272596
268038
313928
255490
260338
328559
323549
266119
273529
582714
275678
254531
253277
317820
273706
266716
323852
270126
263396
270287
324979
327250
271169
267006
268871
321123
324545
267651
266435
262496
331508
332018
463492
269483
316971
325602
258329
321640
264706
260516
273962
270065
276697
270664
319766
275119
330350
272610
275793
323997
334446
283987
430054
257578
320649
273811
266371
382817
271609
532018
267770
328977
260580
275112
330310
466280
265867
269533
267146
330028
327184
270844
267727
281327
284186
268366
322708
263276
365627
327778
378508
280213
341574
282145
338752
278562
320362
276768
265092
264261
323860
328492
273095
271402
328650
322661
271451
321026
261284
325541
330323
281161
267998
262384
324896
258192
263261
311821
267150
319107
265445
265128
258447
326045
268086
266040
331718
278628
272272
267869
330166
276551
454087
366902
258906
274564
274157
273935
272900
448899
323349
260257
319897
288013
314593
265046
258382
320543
319128
330176
262197
263410
276593
317064
266794
332027
264883
321815
320667
320227
369492
267798
268009
266760
368634
266070
269029
261852
314182
274764
274425
288384
278450
274471
470597
258544
261212
324682
273992
309281
271882
276786
270360
310893
313982
272967
265816
268530
259619
319076
321575
282042
341365
280075
326863
273636
504372
355694
272748
338186
469668
333833
378987
270506
329548
318993
316744
319109
258215
319111
269514
314882
269767
365616
264795
375663
330654
263062
324683
268050
267973
322957
320516
321498
378944
384593
328239
462491
325973
269173
260963
319848
317835
267257
317859
269960
274958
268624
334988
272021
331235
275638
308429
263672
325821
260514
263946
273040
327329
272219
273869
321399
268948
264052
313833
268806
268937
277584
273152
270881
285279
313490
309180
330469
273158
271065
267993
276238
262850
269275
275239
270885
262999
328151
317565
278511
275841
342137
368534
276848
262500
328004
274469
531224
275107
267193
262295
315695
263230
274972
320410
265166
325732
315134
261538
261021
254728
271252
329135
325385
274334
319284
259341
379098
277444
278958
276433
460883
275242
270981
319433
380893
323511
265115
272254
274344
437090
342058
323422
321372
263119
382311
328663
311278
260543
269248
248754
321610
267694
263930
311011
315929
261710
265827
262574
259379
271314
315346
321591
263510
263327
319593
277511
280825
505063
262924
311814
267699
317077
329949
489317
299088
265695
320308
357200
313712
265286
318438
256446
321483
274086
277636
482095
265205
263378
310935
278976
264716
263496
275199
310783
266964
325254
367337
270823
289289
269308
273401
333475
327255
267954
325417
329830
268896
322655
265290
267053
313885
339134
321573
325239
320184
376886
314802
319473
325765
265661
275937
268410
315224
279322
271594
310837
323752
336254
260311
260907
272450
328992
265881
258235
311095
272875
324006
269564
279455
274051
455954
312897
259257
379860
263184
331607
266336
268554
318467
315488
269789
257939
272028
271132
272039
268607
316218
266147
266602
266433
271275
389284
322907
369395
326380
277134
266786
366924
259920
267744
262848
278945
329180
325761
338725
268218
325290
271235
265815
265656
270494
324868
276371
314049
320109
314365
269123
368020
271310
264387
276707
323030
253866
266234
266299
318172
270763
335232
328398
323539
264186
365934
332591
271862
367371
277155
334147
279369
332246
332322
272240
442931
285845
268716
326021
315466
259887
273636
330218
327501
275720
258007
260826
327974
282600
284937
268051
259647
265191
320109
265976
262898
312993
270384
276263
362811
265051
264042
326188
265698
326416
272884
274474
330976
274549
323192
317817
328448
274961
269085
340470
275076
267853
264630
268181
330956
325818
273283
267795
322714
266302
276306
277534
522654
265969
313883
269215
262426
264596
272437
330616
262079
281178
317229
255666
366758
257965
278219
280848
268726
469023
270732
268697
318669
267670
267789
256442
267978
274924
275093
275016
282287
574686
265386
361100
265588
320698
342450
277145
270582
269801
263502
322194
341744
323946
334648
327981
257096
269172
321151
270366
378402
308047
320849
329932
468055
264419
307380
272259
320359
271154
263871
265026
265030
326277
329644
265699
328279
314678
268760
261261
271815
371523
263919
274460
314645
334369
386099
267101
273445
316969
315968
272984
326924
468531
269690
276778
320148
317306
269640
262983
271990
265797
260323
263902
312245
358290
334157
266846
384174
278406
273892
292964
323364
320783
273221
266610
270356
331264
275635
277676
264161
310902
267828
323025
273552
269683
265632
319010
267494
317542
380826
311016
264843
276626
319469
364071
271522
317488
269614
330843
267894
270150
463107
273180
321720
268443
270814
256817
266950
267437
322745
274414
279466
323739
261181
261329
269561
274700
266911
264138
354793
322813
283807
327253
265837
276608
270415
260611
266451
268456
371682
326942
370792
313284
268541
257292
253525
272712
272675
331932
274161
337680
283102
272982
268775
265601
258516
316155
267902
329206
267003
279621
323017
272843
267532
267317
365929
315781
265374
325566
323183
315005
318082
348778
282998
272314
259578
253800
268662
269947
334742
451693
260016
278876
335674
274477
267478
259473
253139
342422
277442
359964
329463
317181
261931
280207
326411
374178
270068
311363
265624
316524
324771
263631
278683
326628
316666
259457
327931
269642
263203
266596
266320
262148
262889
266058
263443
262945
267329
317273
259946
256116
270480
267974
320496
322578
319379
275091
330646
273021
262077
323520
330683
259234
277293
262183
259449
269772
387806
279447
274471
324898
266407
255021
273557
265044
263107
257457
329862
325735
277284
275631
330178
270662
368249
331144
328765
324018
271529
321580
325946
276276
379521
271712
567114
269966
264723
274240
272078
269980
325474
269643
272567
308903
269945
326568
264201
269636
327288
326505
324283
274051
512813
334037
269014
266390
313507
262915
322460
258220
326323
1057329
280381
274039
333426
261802
267582
312745
369710
329505
333962
268297
280416
266334
275665
275565
273180
317742
319848
260055
273266
263201
265849
324366
313032
258323
372435
263342
317716
266550
273379
267363
278888
271790
275851
264805
429246
343690
268735
265938
269696
255727
313072
274632
268248
317774
264771
314123
258533
330196
267957
260161
271338
267179
316667
267930
379403
272976
376667
273637
277764
277945
442359
317766
388232
338561
283792
330541
262378
266881
277029
274560
263858
380140
317996
329892
370024
333414
275314
275811
283420
267653
313653
329038
261334
316909
267011
259225
269989
382831
270549
271867
260971
276767
270610
272690
374301
274581
282804
324166
276050
269166
336968
271258
325009
323005
368466
318990
268011
260777
323570
276797
277230
450223
264517
263693
321840
267044
321906
380172
269923
268522
323216
319423
277940
265502
277551
320177
314205
263518
270980
268720
322995
328620
321449
365093
268961
323902
273160
368488
316492
274244
343258
374186
376174
330041
325421
275791
324433
366004
326030
335880
281747
266853
280930
265887
268573
269215
332776
514837
376000
266444
319663
378692
267161
261038
325480
268581
321015
317856
323309
310779
270623
255809
279983
280776
276030
264869
268285
271572
267536
271145
276255
326967
323232
270219
321432
271019
264476
263583
317994
262672
324148
323032
261596
258705
376529
261980
456112
271925
332598
263793
263708
264159
267810
274857
307104
407837
270252
263892
327060
334491
281978
331205
386419
329625
284538
325159
323709
329364
317862
335788
344068
274636
280367
266651
258062
317507
386352
328785
272975
272850
282383
440877
267099
318368
338028
321020
260422
269857
324196
326741
271031
320460
264978
368198
261115
259394
270458
316277
266414
276337
272108
325372
259517
320979
258327
274784
328680
277306
287534
375550
334509
260420
273012
261751
266186
262707
266516
263536
261681
261127
259065
314477
337057
271512
272268
315653
268768
274046
318909
309063
320612
258117
269771
262276
261871
377266
326204
265230
268918
370807
274329
465167
284330
277681
318343
268954
264854
269020
315953
276689
278306
276216
316735
260579
259797
323038
267615
264853
371436
314825
265960
393818
447382
273164
273345
353387
379644
262817
261287
381857
377367
271252
332274
274311
321501
270802
332793
272499
512803
270561
328888
281153
375266
271317
272231
262635
373193
270253
272848
341295
278485
323812
327839
336791
277934
267253
327910
327291
324432
317353
319114
282605
269870
264656
261552
334223
529709
297898
325223
328701
269423
283411
274740
402867
385699
366906
264605
258679
312817
263082
280257
274262
329111
335405
268113
317594
267750
269829
271303
269958
367119
310501
275459
313092
269180
269609
322748
331169
264542
330350
330139
332597
380681
265721
320946
322300
259869
271198
271290
267069
270341
262668
270267
318942
327052
318672
324666
264841
333253
267129
282617
281670
519512
272898
334092
324538
322133
271626
572506
264376
265793
271004
331762
269470
261104
265103
275449
268759
278410
268420
365508
283615
322088
329195
278664
470005
316516
327658
377828
269447
319031
273502
332547
268202
274543
329253
263299
330826
417027
363685
270365
267416
271067
271445
281353
376135
268735
276347
377209
282898
263310
374168
271501
258096
324791
325233
277404
265113
330053
272709
379204
327458
273336
264729
264563
321200
271947
272695
269543
325825
380371
341261
279970
259268
315221
267529
265743
313915
328827
268606
276556
331127
325650
323162
283336
276876
269550
278145
263647
263463
329947
285994
275024
338208
269348
267694
256864
261713
264942
265145
273511
266865
319569
267173
267578
261925
276174
272602
256430
264150
312994
272927
324961
270518
278237
267592
266355
263653
273027
320430
270034
262631
318610
277383
328527
316344
265977
328648
363023
260826
270457
267434
269033
266926
262165
257827
323032
292384
274812
377740
283671
278500
327874
329120
271705
268879
403379
377207
261660
273201
261577
319053
335068
265721
328777
320613
256092
366986
273572
320864
273989
331933
487274
262171
275917
274430
331854
270865
264918
267225
320521
269730
325275
522567
316659
262636
277089
279280
264710
517410
276695
320216
263865
256624
267951
264184
272330
329341
263469
324290
264354
263702
317034
265506
257351
260263
385605
387860
322693
326176
333308
341794
327588
321871
267290
320362
276134
275828
321354
331177
274851
269165
272371
517722
326542
257580
263391
260851
276556
265096
265492
315495
270052
283829
271276
320557
316867
266909
271511
274099
459621
262975
325412
281351
508487
264801
315774
274220
367936
411129
270513
281628
263082
322172
560868
260013
256527
265883
272811
275256
517501
270715
265602
335587
326148
270846
277779
277838
277649
339665
274305
456286
329253
376802
328266
260633
253023
274444
277191
271605
321448
283360
318720
264775
324602
320599
264874
326215
269120
266757
506232
266098
268208
402288
379591
262493
262532
264574
374237
267451
277083
329945
271848
256577
320178
328336
312187
414736
255052
314541
271035
287778
274257
375166
264171
322317
262934
268123
312871
329430
268019
284474
314031
313000
275907
331458
449142
329303
270467
276203
276095
260918
265275
272134
341549
569430
259823
277980
280337
286021
269142
333760
279162
290423
326134
272569
452662
309785
335281
270516
274611
383284
266410
266227
274526
280631
268937
273865
332606
264218
322875
320815
256780
269934
321540
254554
257989
315321
275960
332283
457696
317928
274053
384724
429561
294984
278348
267731
279999
268839
270899
265390
316653
329211
321812
273552
274278
280838
257694
263085
323944
372344
270965
268203
269508
259024
268952
265111
320592
365219
326833
278894
279594
274575
266364
268959
269563
321652
333792
338826
278077
272307
327711
375611
274986
269194
267702
267342
281055
275005
323376
276040
277325
259417
320177
275156
256522
317996
272920
270520
256433
268492
272573
270515
309307
278399
369954
261941
327695
262814
273407
461252
316451
269417
272149
263701
314682
267625
271227
333465
268919
313975
260775
262433
278003
325443
280506
269572
273322
456313
372672
321037
339312
286898
275141
267575
269919
273762
277850
275809
273612
273751
269296
326278
276492
459812
258895
330097
338307
327483
329018
328442
261168
329096
274474
280163
322437
276463
323165
338122
272066
328861
272685
328495
275914
279353
327077
388288
329871
333668
329411
276654
268111
367087
279058
260310
323938
268099
261400
342281
279680
273491
272523
323527
270033
266426
323496
268597
328135
320321
321190
340329
279062
386226
267459
273153
278727
273220
321956
333358
328076
419320
301585
265378
274199
369552
321046
294866
272914
268021
280015
260555
315542
319385
265645
370771
331781
323626
499745
322012
329486
277662
276769
326038
380987
279090
268183
325548
335448
332124
273907
276164
285814
269776
258150
261991
262558
268350
330588
281485
273785
283337
267729
275887
266993
268430
268819
272789
270568
331534
321970
271915
255553
276394
286544
275642
269890
331120
272773
438414
344057
276939
332542
271359
275330
319302
277256
272156
325126
267576
266199
269410
318820
274437
378703
327272
332743
278459
269080
279016
322264
271615
276275
253258
268558
323678
279978
268090
327603
276254
459998
266735
329060
332165
470567
321480
378235
329513
584217
383148
272398
333612
262594
274147
278603
272019
269433
273856
276675
272830
279785
436326
329263
271399
329222
283067
399468
424916
318601
327277
280179
445325
268417
274412
277028
275831
267714
320501
275302
270301
281232
378460
295772
318437
268725
254992
327488
279410
280554
334031
321692
269079
371289
370637
362176
264540
269035
266328
273008
270625
269767
273375
326308
320955
273640
276115
265318
315614
266652
270242
258910
271854
325918
457649
276256
332448
336060
275062
326561
323875
334848
385526
277062
281619
332774
322708
274806
276179
283663
273214
322222
331186
272795
330103
337936
267232
258019
322639
276103
275295
525074
325957
263418
334170
279019
271811
288672
269597
327410
267616
257977
326077
332766
272639
332231
264460
322459
331114
272627
273330
435660
265722
270191
270128
273899
333766
478157
269226
326298
276922
375701
259851
277106
331761
277025
264932
384964
455118
325279
334063
333612
446253
268316
317416
324752
268948
267875
279567
265664
273666
384079
320082
270399
274608
271873
274750
270190
268626
328081
270845
336171
480738
265284
260886
324652
377017
370432
270758
267521
260574
318605
433116
346051
330876
278695
275380
265826
324869
322861
324412
281733
328684
270937
280915
274649
327282
275913
279505
325963
268801
267919
328520
271680
321297
524944
267429
275536
273634
272595
342098
383209
332530
264168
380134
267130
268050
327967
332710
283074
285747
278687
326083
323647
334798
283851
326972
271832
273930
332430
273562
278552
273384
260380
326734
448959
254580
280874
323195
324058
514532
330930
272302
379146
275486
265350
460213
262848
328355
279120
278915
274188
460608
508134
276066
279926
271088
265278
271577
329896
277348
335469
333411
275917
320247
270380
280631
275778
270310
362232
396417
322552
340883
327664
327432
270231
272705
270505
275424
334597
269700
265918
270438
269144
276828
329165
314790
314401
270132
268043
278025
496026
287110
314075
378525
271380
322142
321840
265442
268359
258303
319036
330492
323910
279282
262933
269472
335091
461678
428919
321325
264112
267636
254629
259587
265477
277702
455778
271240
270437
311546
260417
271574
256153
261959
257138
313449
319544
328798
335425
359733
258858
267864
259466
266398
270727
263355
271016
270310
473219
269100
268400
315796
325236
343921
380517
275203
364871
254445
272928
256730
268332
257146
260776
262881
271813
324002
267865
322758
268109
266760
269313
327794
325840
310044
320602
331609
338824
274382
262579
327527
320513
320936
264983
257766
257544
314486
321495
263600
264870
315652
270236
321319
278166
317640
263202
271026
258200
320509
269219
273620
325444
349119
278055
283420
464899
274244
270046
274353
320160
269314
330197
272403
292596
325679
260773
333528
259768
342932
269020
260464
378372
325283
262688
263449
321094
273352
263718
325633
279242
457554
262624
266301
307186
267542
333023
266201
270921
272678
271928
317742
333500
315230
262227
266278
328450
420058
301717
263056
358099
272342
318253
264919
259476
263673
310465
266766
326923
257498
367743
324893
283592
328055
283574
262715
261105
257113
267470
312427
274716
268603
253907
266249
259102
319969
324781
326896
270644
319494
337015
266247
262900
266697
271917
266059
326189
470232
318731
324098
328279
322546
324553
266189
260435
256563
267571
262338
318970
270209
263198
274445
256897
326568
264546
266009
264137
267460
269926
265902
321668
271107
259714
374160
263404
320533
277738
258129
259300
270117
321209
260813
270688
268399
262836
259883
263815
258412
262481
367715
279172
325573
262564
546752
327832
275580
318980
268021
344172
323071
265234
271911
269689
276698
266348
328858
260086
338181
327458
311252
266691
317650
261231
263036
313732
322825
267264
270564
270822
275608
264479
270298
319445
270093
321692
318654
265944
273093
267382
326709
323594
316546
259719
269768
321697
318805
267413
325555
316470
267664
263223
326108
271677
452348
375738
260868
319230
266176
463054
318977
272497
320017
315043
274358
261745
327790
267267
266035
340701
269730
314214
329932
274030
267141
265485
267113
262520
266194
322304
314271
270680
262047
375345
323471
363178
264717
327321
329188
276470
313881
268759
323605
319429
261518
319016
273131
264560
267643
284218
426624
348597
269336
269859
262259
318257
326711
320117
318310
269425
330211
386026
346364
277867
313073
333469
273096
322259
282024
269154
262917
266029
321121
271382
316395
269255
269177
278228
318990
329546
271562
354071
324224
318533
259381
279663
334155
327093
274743
266972
322078
267177
325484
284591
460271
268080
276165
267466
277954
323826
325689
330465
265289
314398
368241
258493
271954
324288
320429
258675
318535
273812
321880
273369
330212
330142
272652
263940
268163
272515
272443
319419
273455
328056
320746
331690
261397
258310
318527
264102
320107
260163
311281
375383
320286
329951
262885
266694
278498
322362
266577
271190
271643
266630
264564
257686
268544
271669
269196
314000
332836
337201
274122
314373
266250
274371
368418
335378
315075
261856
373235
266033
267929
265154
266039
266128
271669
271675
324027
280427
272769
328722
266935
262791
322127
318701
261075
270761
273174
321106
370407
263403
322951
371457
270750
265411
341377
275007
341207
280919
325772
262724
326948
332636
320964
274151
260058
270875
315457
276210
367400
317455
280416
263602
269624
265842
261937
324489
287234
265694
329478
265534
332382
379123
262585
319252
269962
316352
272406
262823
480808
319231
267024
269949
268669
325780
267686
256893
274412
265354
266023
279454
374460
333327
497850
284536
362757
319430
265503
327014
277459
268610
508756
263252
266387
314766
376090
267979
321238
263888
325085
265712
275033
323096
361140
260129
318771
268844
364618
260147
322358
369400
365136
273413
261149
277863
328091
327824
270517
268384
259490
261213
315181
328279
386464
476622
278198
267234
330726
370302
261325
368500
260423
256919
321396
317469
331765
273665
458010
270187
266251
316951
320791
269128
260843
263365
260135
272950
266900
264908
274687
262150
262019
263274
266325
270854
270416
319800
265377
265868
268219
267578
282775
266360
270308
266531
260193
267116
276745
274550
520658
325880
280804
276740
329006
326358
267953
330076
265289
270523
261060
322474
321982
273514
264724
268178
283048
269389
323455
263847
263106
256510
315238
322765
268651
250114
374470
323299
267388
279027
278207
265693
263365
328630
262868
262088
267602
320539
330829
270553
460032
261189
262162
323870
258330
279961
262421
463130
271033
326501
268685
324328
270035
264683
383723
335436
464640
328049
257709
320465
281258
337357
320426
268659
266475
266208
266666
319976
264749
317134
266224
314121
269840
265245
263867
255254
267357
317296
372143
286628
379183
276280
273805
320327
332413
340891
316818
321170
278821
283089
269193
270373
266423
275099
267173
279722
511833
252958
269645
314362
330370
325302
270309
327657
339527
257068
261202
316500
273653
271460
267175
380901
260363
309810
268206
263236
261531
327183
370153
318070
268018
326827
330133
273038
317875
373892
261873
275977
321998
270471
262742
278038
340829
320516
264272
253329
333034
279466
526761
257956
269919
324493
264123
264778
265563
333034
528393
268339
321417
331270
338925
277390
325636
457054
267507
264190
267912
259270
322980
262170
266265
308415
359076
329776
326888
277535
337612
266662
309837
280659
262307
317467
264866
261812
275544
371508
271006
279746
406546
483461
324781
328348
265308
325923
264711
321567
269257
279575
280903
457043
386309
267612
321795
265924
326714
272320
270185
265817
320545
268941
272974
258050
324175
414901
309600
262480
329453
282720
341168
265990
263097
276760
334824
331604
265811
266698
310069
320195
366346
266503
366368
327857
326009
276497
330179
314199
382265
341719
320295
265897
275767
320807
280644
278725
322250
324639
326692
270812
309316
271534
319961
264288
321381
260460
326411
275620
383924
277815
327991
273986
269993
270799
329366
267952
261600
272175
333185
328793
279515
261014
267483
330727
274138
262776
275428
321372
258388
254943
270086
267061
321000
316853
265310
271069
391916
332101
325592
272888
273635
257037
316796
270984
265356
334036
276782
329205
368898
321541
266081
264230
257917
316478
314976
329750
265723
326525
278818
269350
332499
379434
278251
327632
259028
271806
275856
259795
277997
269475
326373
267170
260788
313254
265387
328008
262638
260096
275262
271085
329369
336965
270800
317785
328503
323094
322354
272125
269531
321921
279719
273483
509886
268182
266113
314424
319221
268781
327484
269712
312775
342570
274990
388689
327213
272835
397713
322960
274584
276115
260794
263826
264835
256838
263021
274554
260843
326711
352878
476873
321713
266489
262622
322365
321175
270752
322738
371444
317336
273565
283470
261125
267713
325769
277960
258345
462009
274144
322322
268493
269255
263933
264012
267592
264201
258919
260768
261028
328101
357509
436696
267205
330672
329264
269494
283421
320453
363317
330024
321840
269814
273325
270109
258857
266397
322140
278437
275019
335389
369717
267426
319361
271241
320410
268232
264808
321719
264622
324939
256117
270295
375206
260924
263089
326217
334889
277390
261778
320516
363100
263921
271897
311785
274759
362016
321331
273339
328360
381834
269708
265065
321205
264685
270814
256624
319256
266465
260006
325170
267132
321020
322108
361536
320817
271186
265319
257294
313928
323782
276670
267389
320794
274359
264068
317558
323733
268871
322927
321413
270552
329673
463452
262290
254743
272321
265560
261288
270682
256887
330094
318449
263443
258105
263730
277257
381540
262057
272825
318121
268141
287291
375664
269811
262815
270487
260761
326476
331520
271963
261456
270199
277128
324514
321700
504701
274101
276434
272320
356674
326335
321871
259435
259429
267504
307545
328470
270070
317805
261170
261913
263342
318896
270912
335118
322914
330107
274381
317243
329998
262043
269540
271107
278380
272725
277319
372488
270169
267502
262927
262997
269772
273616
324114
313221
256943
266955
265261
272538
270778
264180
253381
328569
326897
270050
334353
274380
260033
259372
328923
260363
269405
282916
263864
261043
257547
327035
265329
372094
269364
266832
265699
319726
309519
373185
324605
311831
264801
262318
270006
313281
340844
382676
408193
273249
314551
266926
338452
336153
327378
274242
387902
405364
268936
269036
326645
268795
274540
263548
388180
273982
389870
279675
268610
257963
321784
266468
273684
267348
274381
269127
318219
266589
264844
315969
328554
322815
313114
323949
265471
267924
326592
335182
283992
271134
268318
315707
264820
267446
252909
266614
321965
324375
269423
274436
261170
316527
264598
324310
263387
269796
267564
272285
266072
269722
317404
264684
251454
259100
318806
259666
270423
260567
274897
380754
269524
262995
329243
273532
263113
315146
332309
264187
321419
268212
253802
330348
332799
272055
261884
264560
277785
452005
368316
273577
383935
459500
317174
429268
320216
273183
267190
268757
373098
361787
284892
331893
326972
264970
319321
316662
315857
317918
326140
326299
261699
325894
336043
272697
260333
329429
333886
261890
256137
266917
266551
280475
307118
434135
318099
280054
264693
325735
377715
324697
323625
273251
258375
326582
274501
274735
264848
324046
327732
266138
272133
328552
271137
260478
271769
274334
270323
466592
311810
262218
272786
267707
276205
285043
318763
319726
263649
271999
274209
561966
333437
331974
466924
271711
265641
267418
323627
272177
270570
263364
323094
325160
274416
376854
502777
323314
377200
263143
318679
267034
323351
378074
272237
256463
260648
322826
332985
411990
370110
257858
269326
325580
271561
268010
317436
266786
261493
270638
280521
269204
271815
267568
268543
318473
262547
267982
325046
266069
309747
271193
273411
260081
267440
256832
262716
269170
267319
323313
333264
280920
268688
273080
367933
263536
267686
332100
275778
275881
278148
326567
261287
318587
274919
413417
377964
295498
274387
274016
269807
260017
307954
320688
264787
264389
272695
256283
262110
264337
266843
265631
322759
272448
307248
267877
262345
264788
258528
262130
326280
271817
325005
276226
519523
334541
259965
269775
259992
315042
275567
317698
268383
264130
365041
276254
316104
252241
281696
329115
273313
265848
325893
286669
327850
312918
268768
274138
265456
265524
323595
335864
265671
279649
320576
258188
259345
274375
261056
271182
280727
456951
268188
262696
344923
265458
323262
276877
268786
263973
313677
268551
278616
327704
385189
331295
269611
270294
259762
319693
276191
268134
276465
412956
328855
263738
364677
275370
322361
273202
325092
457688
252811
266728
272188
264200
266511
319078
333129
328519
322011
272106
271501
269330
262878
257328
324870
274580
278890
327989
335852
266429
269915
333608
278521
277211
327226
416705
374545
320896
259958
318479
266295
329282
273762
275521
323331
316996
268671
260760
260133
266506
257408
307551
313308
276539
258715
268134
267948
459035
272056
268911
259385
262391
271395
270943
316594
330661
265481
258970
320279
322840
318684
364477
274987
322418
314810
318639
268500
276583
402511
338995
261340
314790
320980
323673
326291
271078
266261
269969
266032
319089
264360
268899
262359
314373
269321
318374
277822
276547
357980
427114
270508
267278
319573
286038
272747
269546
323417
261647
267830
316075
261985
321997
263309
326596
316265
263162
273740
259035
314693
267849
262234
312689
275276
274341
367391
347688
265227
267794
258170
277215
260231
277534
276796
268572
316463
265381
331708
368973
269309
257860
258005
278774
333275
331203
324009
260352
274258
341976
284871
295028
280580
290335
342037
288997
371477
272338
272898
271903
344368
268608
263456
260414
277050
320594
372423
263370
275728
273953
331115
325078
285386
283698
344499
287293
296199
285274
291870
276288
326139
321638
270842
268331
268329
334197
263656
322199
259457
266014
329399
383883
339876
268102
252757
266291
321615
316106
268627
321516
266219
320708
337816
280477
352841
617260
302034
340753
295532
275429
270045
317431
318773
268820
267631
264490
272241
325089
270110
272575
317518
256153
276091
264116
261769
316875
265460
268505
324468
267540
374840
336370
474738
327495
268439
310284
272566
271861
322134
322767
324284
272350
276147
461920
268316
272136
268433
282995
351681
253762
280638
284064
278931
275139
357905
271967
319441
266873
267825
265049
264641
271477
257570
322801
272928
322881
276090
268649
261435
264297
276386
260045
322982
276539
327493
407264
282326
308455
319248
322025
330394
373905
331666
274410
311734
267193
268034
322760
270296
262166
262221
260724
375170
267959
318764
271944
323808
270914
270559
267994
321597
373519
264687
262450
322415
265727
250939
328157
326279
362374
281363
327237
326855
373048
320972
266409
279355
262932
259193
266837
331823
264638
311975
279673
325916
263162
339450
273295
272446
261483
314135
271077
264932
293870
341897
293255
346750
288253
274224
285218
341722
405227
339625
273312
318110
327281
264943
317854
273227
342949
344641
284958
286502
287916
282459
349392
380806
277676
272585
275349
268762
324415
321511
266730
371137
268997
266693
312948
268625
261250
335957
279877
268125
261454
314410
272504
331732
332379
381003
275961
317318
321834
332351
275800
328620
278239
271908
272296
261532
319369
323741
333289
255448
284345
267264
389533
414249
314113
270948
271278
277673
272563
334412
321586
316908
264282
323924
338761
259613
265465
260002
267865
312069
265857
272369
272299
326501
270219
261769
370853
280042
330409
261738
320813
266827
260770
271528
335473
265967
271799
327007
324793
276088
331901
380510
497648
279568
258155
365840
315218
263945
265441
271519
271600
397069
370054
322737
326326
320156
315034
329519
268050
317461
333781
269265
281238
268201
341333
424440
304138
261281
272374
