641
58
510
1775
1914
2214
2914
1174
3505
4734
6161
589
3502
1028
266
4194
121
393
6878
615
7146
2285
7772
3913
4237
10044
49
985
783
5283
2601
267
2114
6687
76
2854
5146
2485
4172
874
7614
461
1340
1103
182
3722
107
4573
435
8878
6153
221
4110
138
3870
1174
7644
4218
987
3117
311
1534
2009
1133
228
2719
690
711
2111
1615
947
3976
7367
1120
555
2383
1252
1961
8814
3410
16456
909
3595
103
3737
681
1204
3244
549
2043
1205
1791
3519
2205
297
5345
650
464
736
1554
1060
3111
2925
2642
2388
1523
5619
3455
1071
1140
3097
5618
3187
5535
609
954
318
678
3732
1423
7523
4458
819
1551
2772
1369
3914
7403
1799
2069
1398
12462
1344
4811
5840
2564
9068
3098
972
3026
1302
3095
1005
633
1320
5001
2733
5029
991
3729
113
3521
200
960
254
7129
244
19
5761
357
3309
2877
6219
67
5131
648
794
2205
354
840
489
1902
35
387
383
258
1724
1474
587
5099
1485
398
1845
18660
1742
4295
1325
1779
2244
1280
2994
11695
1065
4006
3509
213
827
8260
404
3952
3262
22
1140
2726
307
7972
896
10688
4788
384
5279
561
2212
681
6638
3919
3867
564
152
8286
965
4404
3875
880
5103
1695
1008
1406
2930
2277
451
1719
13421
4363
6905
1400
2519
5279
1399
4668
260
558
6091
840
1380
365
10950
423
3624
414
6872
2118
1343
998
14494
2082
3804
2322
3348
2811
3526
2066
2201
416
304
2795
1593
885
416
574
9447
1830
114
1197
4615
299
1800
3507
956
773
437
211
9714
2071
3062
7658
6102
3194
1858
277
2076
130
648
280
3400
3962
1973
6527
3579
1164
2681
5001
3056
3388
441
5319
6055
338
110
45
5354
1282
4957
2497
361
20
105
4720
112
605
586
102
334
3450
876
5190
2788
9341
1438
8971
2114
60
1364
21
3455
1251
189
5663
262
13852
2601
678
7100
1612
1114
7736
3235
1915
5130
50
2850
3950
368
5788
2414
3460
2216
1693
2400
450
2419
6290
3310
885
292
4820
914
1749
1505
3393
4561
1554
399
3755
1063
3545
1084
3444
2544
2079
120
437
5358
9489
1226
6161
420
2889
519
535
3245
349
3987
161
2992
6851
1796
1968
4242
313
2422
5276
1232
552
13
4347
5583
2398
4839
130
1628
4618
4174
4533
6658
5025
193
8177
1806
564
4501
1748
627
3914
886
4441
505
4903
3642
2100
924
2378
88
12153
963
2160
4181
3143
4363
3182
130
10324
7766
418
506
978
1191
5311
1020
2196
4860
995
6303
113
1497
267
7093
182
527
652
1384
5538
2288
856
2561
6220
5367
903
1211
851
1775
2481
4621
11260
3038
5731
4175
4108
1964
4157
87
1586
839
9591
473
346
129
2425
3033
1065
6434
2484
135
1188
9356
2694
9063
1237
1535
352
2962
2131
1861
1174
5162
1285
2542
283
3522
1912
212
118
65
1678
2279
946
2672
1232
4707
243
1269
1074
759
773
1465
4042
8024
4204
7720
143
5229
201
1122
4753
4639
1832
167
916
1744
2556
1028
3256
683
8000
2076
12423
453
254
427
2047
934
1430
426
1297
2720
3108
434
469
2556
986
686
71
319
44
2369
7927
2691
149
6377
412
1462
4911
5318
10638
3092
981
1889
1513
8411
4649
1879
971
8516
1882
3868
3422
3159
1575
2707
26
196
3696
484
298
3053
1340
361
456
412
393
1050
8902
759
1865
528
1768
4656
924
1771
939
951
591
341
2819
3442
719
313
2899
5916
2320
859
6760
647
8893
3046
280
4349
8072
2500
5841
8253
172
2017
7783
352
4614
6942
1358
9078
1025
4335
2335
358
5418
5244
199
866
60
739
1484
2607
3984
4309
6027
433
1233
153
3185
3151
371
8108
1609
1374
2154
666
1246
825
2933
3116
8114
1883
4478
1969
3367
2026
10725
9200
1900
4651
8369
601
146
2790
443
6033
1419
796
5812
1276
690
2003
3727
2671
6886
1419
5944
6715
624
7807
909
2981
10614
913
1778
1114
937
2862
7087
1249
2812
299
416
571
1829
6283
263
716
2393
7775
1267
750
1806
8897
3828
1541
1482
475
993
720
1219
856
32
2590
2580
454
4665
671
846
1027
410
617
380
16933
7816
1892
1885
1407
378
2353
8596
1601
360
3875
558
245
3909
7428
4724
2533
1250
2625
894
227
444
2835
1
2065
4944
4114
2757
2463
1636
5035
258
4095
231
1305
318
448
291
11512
5794
5929
1203
4909
5299
1604
2329
326
69
2325
1739
1319
4646
3197
3114
1722
2603
6124
2470
5574
638
5410
7953
476
940
733
635
2510
118
1236
303
4090
3324
1672
600
442
1936
2392
2061
247
4960
5139
68
3356
542
3070
4605
10474
7942
1208
1100
4732
1109
2670
149
1635
4588
5191
2831
903
1873
5638
3930
1653
551
2718
43
1325
4914
414
4735
1010
667
949
6746
2825
3416
2760
906
8895
2254
4043
1578
171
1637
2349
494
7581
227
4048
1717
2761
484
6567
6669
3127
5220
3877
2275
1893
902
5974
2026
4334
163
2171
3232
2157
350
108
5621
2380
4456
1920
2692
3395
1161
2728
1672
1474
1056
325
573
4394
1925
741
1334
9915
2080
5338
2871
376
2017
11
5719
6714
80
6387
8165
7398
2397
2272
5584
2557
6468
2232
1305
8942
1155
1598
2036
11803
3148
9576
2522
838
1583
6580
10602
623
193
3209
1384
839
6767
22
5900
3617
1877
1588
1397
2189
4300
1699
199
3241
936
7965
70
6033
423
862
2446
3790
4036
5680
1843
270
5100
928
252
511
928
1842
537
2982
2434
8610
3519
1130
729
3228
5008
7028
37
316
1180
2982
4856
7713
1917
183
1831
937
2140
197
1402
6053
3816
798
1050
720
1092
751
322
2430
2383
3189
8958
2393
38
4877
5839
673
8615
849
1805
121
319
1821
4290
855
4154
3174
248
509
484
495
4044
5129
571
8510
9165
8054
1048
680
7087
7176
1280
3337
2524
555
2439
2457
482
4469
509
3605
2285
5898
3037
431
9272
4413
2137
1790
5088
2063
7191
3619
1857
613
1614
716
6965
6681
4343
2740
906
357
6165
6146
5913
1248
3031
1534
3193
9261
254
1066
2984
129
186
1495
3311
352
3567
118
1171
2134
13774
730
11534
679
1014
402
1894
3060
55
1696
2373
419
2419
422
197
14161
723
1277
2689
12
934
498
3132
435
1446
4297
1929
4367
2688
2343
2384
525
550
556
3125
1120
2088
52
1680
469
8544
12214
2199
7927
397
1523
66
892
2515
4616
815
53
7333
360
1169
1828
8498
4548
914
715
3401
6049
648
2660
207
3006
5578
8925
2211
4105
3653
223
9681
11046
7720
11235
713
2157
2611
923
2109
1784
706
86
5817
3582
2204
355
1786
1239
2666
1560
3350
9361
612
4245
2828
1955
6513
1104
6262
1292
1402
777
318
2188
9189
403
3938
1150
2409
3225
13213
1832
966
4041
505
2226
1580
2415
4957
475
5
563
12925
5940
4183
10621
2239
2319
5929
3118
740
4369
2619
3683
49
8132
7424
8926
5385
1991
879
11094
4879
2246
2169
1870
8257
9349
913
2079
2419
590
2035
3337
793
8456
769
5129
2583
3883
1175
2553
1459
929
9388
205
251
18856
5441
620
3907
1103
204
786
952
1858
150
1899
2748
1575
2977
4812
362
2732
894
420
2654
4758
554
1251
4296
3301
11182
3767
427
2322
612
3936
1067
3817
1037
3509
922
2291
955
16285
1324
2445
1367
832
1629
595
2282
188
4084
436
161
1308
2290
3234
2188
668
3472
1069
1110
235
553
4829
2797
3507
3610
1659
428
891
126
1837
2048
736
1028
17643
7727
6718
365
3244
3964
5690
3811
302
853
3314
1321
6125
476
3493
1575
1174
4241
1740
2331
10964
6718
1887
10056
4272
348
892
2365
4985
437
4890
2323
2396
3613
392
4504
4096
3984
4148
1556
864
226
2027
317
1503
7156
1410
1435
7148
1716
587
3696
2917
979
1560
2752
1152
4360
2093
762
5871
1109
3814
10685
2204
2921
321
3216
2078
963
490
2288
1711
606
4926
1000
158
1383
9730
2114
6214
602
4410
1346
6236
3367
2684
1651
553
357
3329
4006
3184
6111
1776
1438
2404
7676
1151
1433
241
7463
1594
6055
2472
769
1236
2600
2985
511
3719
709
920
115
3227
2566
2360
702
443
964
1218
2632
4909
1243
4293
1028
2115
2419
215
2965
1826
1505
260
1072
3839
3229
3273
6888
4044
1422
543
5302
3120
1327
6282
194
3830
3229
1680
671
6469
2199
3867
1311
5340
1227
982
4347
1503
622
215
1015
4739
2462
7591
7356
2007
541
6955
326
80
774
18950
892
7873
1822
7488
4262
242
2289
5630
2417
3544
199
986
88
2372
3140
1722
142
3338
607
2597
6968
4564
743
8873
2203
1059
493
785
30
2999
4987
2518
10293
7120
480
2668
2458
5524
1804
2937
717
490
1098
2883
858
1212
397
391
992
847
2270
11844
885
997
812
267
1047
1353
1011
285
625
4566
7902
86
17927
571
137
3082
149
3794
535
2864
802
130
259
3330
5724
440
2059
518
9802
167
939
5269
2338
1182
6183
602
2160
1715
13484
1450
2105
1608
552
4841
1324
506
1172
4942
3778
224
1520
909
7735
236
1586
5354
4431
2711
1461
1105
876
410
1410
5197
3707
3272
6254
242
6063
1503
255
909
488
3030
797
4863
789
66
3493
879
2603
2167
3923
7048
2220
799
7424
148
967
4009
575
1389
4189
1216
2330
37
1765
1049
1742
11746
1441
4543
1068
1075
834
4771
1023
263
3609
4171
480
2386
243
5099
87
4076
600
3527
755
3008
129
948
111
11844
4004
13777
363
5067
4649
5373
2122
305
2933
1060
89
991
4587
4848
222
1593
690
2804
1923
5626
147
3992
331
2971
476
1575
1718
1424
177
5471
2762
1161
7363
300
2233
3224
3878
1254
6282
758
4834
8142
2665
2560
1025
1799
201
640
2665
218
6706
2122
3372
1288
4166
3648
501
2226
4311
3301
947
1523
285
356
9714
3954
724
9429
1265
348
2577
4651
521
1485
4869
2728
19
7232
2279
3725
5842
379
7742
2163
493
1260
4465
3353
3044
3410
1495
10662
151
662
2510
2609
8128
588
3230
1381
8184
5263
7178
3431
791
948
2524
655
6225
2103
980
897
51
2963
3253
560
4516
3227
149
8488
2017
3127
171
716
4197
3998
2058
1116
1459
4665
2697
1277
6381
1493
376
3142
863
1863
12508
882
830
464
12018
1670
7461
1534
3622
2447
820
591
634
981
15814
4974
2266
37
3203
170
4642
3874
4989
4013
2112
3014
4148
923
522
1879
72
32
2810
4617
2660
2330
8025
1065
6
212
1394
1911
894
1610
9320
1210
457
2875
7296
548
2312
3535
11050
224
2156
195
563
1721
1920
11684
1037
1195
539
2566
6849
4124
1583
4035
1525
3592
4276
13575
1719
2781
797
124
1197
3524
9507
5157
2719
1521
1833
1716
1696
1948
2389
1936
4816
1096
6009
1308
1484
6821
826
3729
4163
1651
1740
1794
788
6278
1654
555
1312
391
30
1553
12057
1824
4386
242
104
7316
2951
2444
4671
680
99
537
5853
393
2417
1010
1
4953
3016
710
2774
573
4635
29
1407
4954
2706
1147
467
7519
11767
1905
7288
1725
1785
240
8471
5691
1905
1527
3127
3234
1260
1144
73
901
7053
3075
693
113
2959
378
7987
2979
453
1110
864
672
3528
818
237
10732
369
748
213
2313
5962
1062
562
2747
550
1782
656
584
2174
1810
5513
3414
5582
1110
462
4016
8465
2674
895
307
889
1403
3476
3269
885
3133
5712
2178
1004
867
352
98
1591
2866
970
436
274
4499
6879
7458
547
2009
3188
751
347
483
1676
1840
3157
223
769
276
743
6140
6259
2819
209
1358
1831
4303
16
3285
1902
6862
2827
397
4732
2175
7009
727
2315
3651
3294
3029
7821
88
490
4617
1587
1047
4979
2647
1088
1026
6170
1020
3720
284
331
763
864
555
763
3487
938
1944
1206
1789
2925
690
5562
295
394
148
1939
2574
7287
72
78
17901
2197
9373
4690
1364
9025
251
4482
4363
1324
3460
812
6851
3895
5774
4091
1188
385
968
226
403
833
5727
2297
2784
422
355
3345
384
840
1083
2839
1135
132
4381
673
3296
3917
2758
93
1740
13913
1464
407
4125
6661
1428
358
1954
917
735
1114
337
680
758
2111
1764
8536
2561
4032
2831
295
8546
565
2086
3268
3322
4095
5175
1573
2775
9926
4357
992
7542
1156
2044
296
2303
5489
5731
4661
3577
2537
1365
2421
8361
3637
10709
1420
905
1496
5629
5321
40
2223
2243
4140
3507
495
43
5311
1349
7454
1037
2881
2439
2332
24
1702
1088
25
799
1670
2778
3364
44
1104
42
2217
400
890
12247
59
819
1395
6330
8403
1211
466
6955
1672
1217
195
6179
10632
6646
3173
6143
232
823
2055
104
929
6407
801
3339
5845
6458
1856
6725
254
3380
2460
224
1240
5927
6554
2289
6289
275
2997
1373
2100
927
1310
2171
2465
78
1296
7885
3336
9892
7663
6119
2646
10729
985
5122
6211
1164
944
3122
479
4259
5702
1754
3649
2707
2006
5898
1271
1384
1848
1265
1875
5840
613
3391
220
5511
405
6318
757
145
173
285
6702
6794
1151
609
72
835
4135
503
7892
299
11257
5801
2701
7033
46
1048
1539
4198
1292
1235
279
2614
759
1061
7330
3412
1439
60
5688
1927
1785
531
7159
887
2125
233
2065
717
7596
8664
1845
3405
2348
460
936
2700
446
2787
389
814
2688
6499
212
1362
2521
5787
2022
6786
3931
2569
330
2353
2484
3660
1960
1384
438
1912
943
116
2405
1707
867
166
4578
216
767
3516
406
3607
148
1044
2065
7277
3708
591
12
1123
601
17
5447
4385
1896
3265
2191
9035
4
934
1117
249
9827
334
2472
683
971
655
14559
744
9324
851
43
150
9558
3097
671
829
831
45
2331
1155
2072
3034
675
288
1119
3602
4162
1040
769
159
5749
12
1652
1333
2175
1256
3898
7845
1981
113
3319
1843
940
2437
709
366
4836
859
4994
4738
305
521
1448
5286
3255
1259
2445
54
1222
292
2858
702
8329
5424
1909
1595
1187
126
200
61
2108
3799
95
2352
1800
4243
2352
1400
3729
3145
270
3923
2134
9736
6008
2994
9768
213
8283
4902
2064
397
6699
1244
728
391
2770
557
3855
336
6987
6967
3571
2840
1949
2974
5552
2663
1344
1197
279
253
3310
12514
2755
9189
11215
1212
4799
746
4763
832
109
1949
1286
408
1747
171
1008
3330
2066
268
1274
247
2710
1592
7171
477
3658
459
887
456
11274
4287
924
1811
3676
71
437
109
1552
2439
6751
7516
6659
3313
1076
6320
1634
5945
2431
4285
2891
1859
1121
7743
1397
834
3424
6653
1197
14193
282
4456
3713
663
5411
5281
575
127
1773
2733
2804
193
1855
503
3769
578
1721
3189
564
1557
221
1352
2159
4293
6530
1322
2133
611
1338
131
1374
4646
2725
3625
6801
1203
2907
2377
2251
1064
7191
36
2728
3258
106
4220
2625
42
5819
201
1582
3342
4932
1115
1345
19
359
120
2065
5936
3694
4004
3606
702
1139
3072
4649
363
10359
1395
1537
1285
2964
8934
3474
3043
1611
1375
5683
98
7190
3095
2314
1624
964
4542
167
1659
3583
1322
308
3726
13817
285
1270
2396
1060
2045
10814
6347
1371
1721
31
2070
8312
1554
2443
481
856
6999
1409
2523
4755
1956
54
2225
1364
517
126
1429
4734
1719
709
3380
1950
172
1362
11366
12294
7988
4430
405
3070
1861
2993
1780
3538
1605
7589
2837
881
1504
4931
1612
5940
2770
10773
1483
3887
5590
2655
1320
563
7223
13
1144
4065
95
2949
191
416
777
1835
22
4698
602
11909
4588
1158
1604
990
2676
2783
526
15181
1306
3375
1449
2843
9242
1761
1095
4682
331
678
759
366
1043
13247
2205
1203
229
1176
2145
60
495
5279
832
53
1341
544
344
3392
1242
2889
7279
6969
3076
3317
1081
5859
9162
3204
3184
2836
556
507
264
4342
5591
4751
2743
3755
1568
1122
362
4071
2929
455
149
295
6075
11358
68
1480
1454
3784
2161
998
6724
4073
6399
1341
4687
557
173
332
7141
2305
3038
3894
20
2814
1358
1981
763
1028
760
4778
10315
1199
5822
722
256
1899
1495
1547
1534
1268
1212
273
2784
34
5894
9928
8987
3443
490
586
4
4779
2526
852
133
329
2145
3228
1733
2852
3620
5565
2850
4038
4683
1172
2278
11934
363
243
865
211
4203
796
2214
285
1846
560
4461
469
4125
10902
3719
4276
987
10880
6567
1066
1222
3239
3820
1971
1458
370
3453
1301
4912
594
6952
1073
124
4228
229
3287
5134
282
4813
1743
1691
4085
2251
1096
157
1875
4274
1407
2622
3004
119
3017
581
5689
3995
518
519
1903
48
2843
3728
2919
5217
324
441
17
5462
3104
693
682
1735
2201
737
420
3958
7542
3300
1290
866
4766
754
2916
779
3126
3543
3441
4316
2188
620
2446
2454
946
2788
6145
4902
5744
2898
1635
1911
2475
1688
1043
2717
8531
2160
1516
275
1909
2572
4907
3873
2032
117
2902
73
8308
79
798
4172
4181
1630
2683
19
5075
1733
3180
2049
3539
119
6680
3027
8784
2793
260
111
1126
4225
4488
1888
3232
2919
4596
1150
1631
951
3608
60
375
284
907
220
1016
793
1484
1980
1
581
2841
8095
1197
2851
442
508
6509
1149
1118
845
2046
2801
82
10804
683
9556
1542
4833
13171
1691
2417
1811
1490
1220
6831
2552
9023
2
1572
5342
2974
550
35
5832
2573
1620
1547
7995
658
121
3593
2689
4986
396
5254
644
1387
761
157
736
4628
6477
4732
2018
2233
7113
18
1278
2487
4314
5434
1817
5868
828
859
4274
1828
4826
3806
226
1767
8874
1842
4254
2906
2097
154
1991
435
3058
7265
1140
2393
62
744
512
974
2953
4470
16514
3010
1461
65
1055
2090
1826
8420
2868
2840
715
841
5704
2717
2111
2851
15
1668
943
8813
4023
301
134
6859
2206
1034
2214
921
3490
1549
2065
3247
64
2873
376
1072
826
512
1074
3555
2766
8041
222
26155
1985
1772
155
2399
7246
5968
2260
197
2934
108
3193
110
627
3134
42
3339
9874
5063
962
469
1778
1553
1332
1268
2375
3680
2045
249
2127
12079
646
5967
843
464
437
1518
3385
2192
9075
1434
2671
1928
10857
3603
10751
1389
1318
2372
626
12340
708
189
983
1464
5288
250
3949
7159
1021
1918
1328
1006
7272
2205
923
5578
623
7231
11106
200
3990
2217
1780
1992
351
222
1127
3383
3528
5741
2086
2825
1037
3823
1940
195
4032
7886
654
2936
683
4685
1296
7372
6101
362
2
2591
2
2042
385
207
3500
3969
332
1823
11675
257
4294
620
3209
1985
1131
999
543
3666
2222
4431
2984
6943
3766
3748
1000
3120
11084
3326
1823
1654
98
8566
1494
5258
147
7076
434
1899
3386
2075
3397
1839
1932
5083
4911
444
6121
1148
3052
1112
4254
221
989
3500
3510
1016
2938
1267
556
2768
12388
1464
619
1492
6102
1311
2918
6138
3029
1122
2522
1265
5204
135
675
6056
5411
3373
3560
8937
500
1640
1421
1980
10476
323
3135
956
5001
163
394
8206
62
4567
526
1403
7493
1808
1684
2319
3229
912
727
907
5335
40
3177
1646
10826
2103
718
1848
4129
2061
45
1218
4719
1287
1454
2326
2682
2048
244
7316
556
4930
6080
4998
1549
3745
208
2191
2418
5970
2327
118
1991
88
12934
5286
948
1811
2536
6629
1312
12329
1144
2603
66
3209
2127
3327
1134
6959
3011
77
1066
9027
12850
2727
6684
8106
7418
1996
410
1172
1204
150
9601
1831
972
2997
3312
5451
300
1629
376
2332
1424
2271
272
5444
6995
1883
4365
1030
2438
3189
2054
225
3423
1144
456
210
967
2921
3871
889
2551
953
4657
12751
2162
2104
8854
6390
2483
1448
5746
5223
1204
236
718
1177
2037
4218
1013
493
1779
7362
10646
4512
1931
415
3009
1086
1222
10397
1156
860
2519
3257
8825
5333
1778
43
104
2018
2749
1814
877
1247
4128
3561
238
5247
3306
8033
4024
797
680
1980
179
10697
6570
17695
2323
3913
1262
4651
3239
6469
333
2498
1805
1651
123
5294
2450
663
1851
1306
4669
596
1530
182
1475
400
1537
5837
1865
9452
584
7094
2400
2491
15973
990
3653
547
839
1379
2728
595
158
10344
4231
2360
1575
1313
3905
64
5794
1749
3325
3770
936
3086
1938
346
625
5129
663
38
4293
394
3026
3723
1879
2292
1495
2661
553
3193
455
441
361
797
15036
1828
202
2952
4284
10799
410
237
18
3734
5777
427
2129
69
826
2119
6723
2389
1438
1909
301
1637
9543
3037
2857
1233
770
18433
162
440
593
1004
3041
3239
159
391
264
10278
372
3699
2658
1929
1708
339
69
729
1592
2243
1332
920
139
953
2331
3725
1055
318
2541
7787
4346
2760
1550
2163
3829
3874
2381
2912
136
593
682
1444
3787
371
1164
2046
3953
1072
7921
5623
366
678
2267
19506
2960
5266
5833
1737
1916
1950
1837
4431
2251
824
2844
3509
1568
5
1031
117
4055
4413
1876
1885
222
361
3707
3125
409
4394
359
7653
4320
2251
271
3747
4807
1390
1842
3544
4376
1668
1031
4320
1811
1852
2534
1915
3049
1245
1703
319
2240
1795
2803
1965
223
1691
3149
5729
5859
277
3938
7801
3819
3174
743
1007
5227
345
3057
4865
525
5299
787
763
3802
3547
3204
340
3226
6040
1055
9180
2893
6074
6269
3214
4769
2954
1669
12051
1872
8996
1191
9720
4885
1191
2425
1276
1035
1641
5709
3813
100
1206
1498
792
366
1202
961
4624
3075
3704
548
3415
683
6553
999
950
8246
842
3293
4768
253
1481
3513
3177
1209
304
1780
1039
689
2065
468
1879
11188
249
2320
2106
4022
5576
10479
1331
3008
5637
1988
690
1090
332
2405
1325
3658
5535
2329
2451
6417
1003
5090
493
1117
5444
1414
628
881
6126
3872
440
7646
6901
5352
8692
1932
2714
20
669
5899
1970
2817
1466
2727
1942
9463
1456
52
5846
2649
5460
5670
2496
640
2313
246
194
861
1857
1013
4990
2913
1800
9103
477
5
796
7058
267
372
796
379
1524
3291
474
1966
3103
1229
1495
199
883
1041
6708
6691
360
1187
1740
254
230
1643
580
482
8716
751
2168
205
11335
2790
1961
510
1730
4333
1243
583
1332
154
1256
3710
1528
431
9333
803
348
703
5433
1350
3480
2719
2345
3846
2035
2880
2678
1040
5270
20628
2517
4225
1534
99
147
96
79
485
1978
9580
299
2102
1153
1347
2514
2977
581
503
989
6
612
4707
4617
519
555
81
3187
2825
3002
2970
5064
409
220
7858
1254
4910
813
6578
6744
5136
8999
2726
2631
2442
1301
761
14224
501
92
502
2915
3172
1917
1151
6869
4395
1438
1754
499
599
1226
3877
2287
1274
2903
43
2380
1289
990
9047
1021
1009
465
4670
950
5918
1624
460
644
6747
2319
13607
523
328
4108
2511
2423
836
4285
1041
6646
744
41
205
1362
1017
1008
34
1447
1818
3593
2641
3485
775
60
3789
3771
6596
8525
4376
224
3515
6527
5877
2748
8379
8482
2702
2083
1223
12171
5310
9945
1155
5158
7303
2663
3167
281
1403
978
1291
5506
1657
1259
408
1313
985
7122
1704
128
2540
3328
1332
2603
6423
761
519
1900
5021
4813
345
1005
1636
2531
1008
2483
613
209
6885
174
2097
962
2237
3732
4928
1519
2776
10151
5312
4223
10671
2733
10006
2949
4234
6342
2398
2230
706
2260
1951
865
6800
767
1841
3064
3588
732
583
2548
4000
4735
2588
1975
3368
2681
5928
6638
11635
192
658
2040
4077
3421
6244
1383
87
6559
357
1662
1110
242
955
1520
5509
5327
6966
3789
636
2721
1055
2865
323
1266
2600
1359
777
258
747
5683
421
11448
3074
864
2589
612
2612
510
345
1258
628
7172
1408
3250
629
2672
2344
5432
16528
1765
1451
1037
217
1660
297
1664
263
1822
2234
16
17805
811
3601
1108
571
1959
469
521
2613
13732
1580
4020
704
1961
7905
3013
2384
483
232
2463
2347
1967
1762
5418
11655
4870
4740
9275
5835
11804
3367
848
4002
8457
2492
901
10207
1369
3951
1404
6479
7271
2015
234
889
1081
6610
3785
241
2273
1871
1041
1909
1069
3845
773
1797
334
266
51
473
3749
2725
1089
915
1599
4449
1181
234
218
3733
1235
1855
501
4503
5400
748
4731
1679
923
885
1273
1076
6441
194
65
451
4871
644
1787
224
756
1228
1334
41
2360
2205
3783
2936
4370
297
1563
2767
1382
3693
75
2157
1952
3813
11617
3631
3822
8109
3925
1484
1497
14
152
7376
9168
6603
5315
4377
654
2147
259
1237
50
5818
5706
2207
174
400
13
2239
3352
560
3011
1836
404
1182
2988
1950
2028
860
3332
360
5655
3636
168
667
2162
563
1977
1530
1087
7843
479
7556
1836
856
2475
1222
956
3535
9798
351
5316
2342
4373
1570
2406
3796
2255
3372
6473
1494
71
2927
1436
6768
2718
5156
1154
2573
3213
401
1982
737
5078
4171
3074
1091
1038
688
7552
4961
868
785
2322
331
1885
193
649
4637
3292
1168
2510
2094
276
479
2330
1722
3754
2276
3905
3616
2889
2142
9730
2176
761
2838
1306
5081
1628
432
447
4354
6089
1622
11080
227
6732
607
4907
3041
1606
294
1877
5420
480
631
2145
4845
1030
1243
5376
3643
2400
3573
1418
4682
4240
4149
2656
1939
2609
3863
3452
7374
6526
7556
271
512
592
2881
2502
961
3286
2222
1787
2686
7857
2708
2144
1356
1652
1971
1798
19317
819
317
1839
6017
3338
2847
66
723
3181
4119
1697
10874
26
437
4735
1202
2957
1458
1047
5564
1051
696
2211
408
5223
9466
3305
1656
1400
1037
471
4249
381
8148
501
641
435
237
3654
4009
953
6275
7221
766
5015
3731
7749
6295
455
740
1947
7873
381
183
96
1243
1945
903
656
265
8919
4163
460
234
4702
10789
561
4637
3559
559
6844
1157
13055
1367
662
1174
1458
253
3894
2719
821
1713
26
1290
774
229
36
1992
160
5534
652
688
579
92
2798
300
2819
804
38
1099
2732
2311
1973
811
1283
1428
731
479
773
3194
172
1319
269
3667
3135
8033
1879
316
4639
2615
91
3549
1239
3332
1999
266
3013
66
1136
2601
2858
3636
10583
6240
118
74
1739
2623
4398
5788
4777
2373
987
1127
4328
480
1838
1593
1514
6271
211
249
1303
146
992
2933
487
3599
1717
6284
8222
5219
1222
348
461
368
6057
187
3722
162
2114
2881
401
5450
1079
1853
4259
6420
11916
4871
4310
11468
1676
1955
533
1865
6603
3577
1896
2137
5479
5587
778
1665
3464
16469
420
11
3046
32
323
3370
1564
221
1180
1352
5882
2164
961
2334
514
4754
2372
2494
8971
1366
4699
4076
11
10592
1047
1090
2504
31
2628
3960
960
2587
4846
479
3013
2752
673
1004
399
3014
2084
4669
1525
2329
2291
1582
3218
10943
2811
10771
712
1149
1676
3497
535
3408
4086
2762
3098
2689
5529
1152
2511
5329
1410
5170
571
3541
5549
39
2795
2615
796
102
541
5554
537
5332
169
7798
2525
3631
3891
4733
1187
2420
1155
5890
211
6798
4358
272
951
6353
903
2081
4066
854
5173
13907
2775
2119
2290
2389
4927
6575
881
1766
1375
1323
2413
2441
5710
8703
1567
395
1335
3166
8432
2902
1352
1938
6941
185
1154
2326
1048
308
1450
1254
3382
186
415
4967
4240
513
3818
482
6145
1778
4630
3388
1240
9546
7149
1403
3541
4485
264
6336
382
1953
9260
10290
6607
296
20700
2970
1720
5714
1182
4582
1640
278
65
7338
2416
9498
2323
2739
3110
568
1521
11291
627
7341
316
502
6372
4501
1026
393
611
2764
1751
1865
4863
660
7329
602
575
1362
1983
1643
1469
2738
9462
378
5295
1011
4312
11335
4341
2467
218
8583
201
227
653
6810
3506
2833
1460
3259
162
2505
3589
1401
2906
315
1732
86
292
2336
127
9294
3465
2381
1246
1942
632
4703
3022
410
2195
469
8138
3977
1966
625
3513
3241
1964
7199
540
849
5932
577
1923
2273
2307
1315
1945
1639
6791
1525
710
9138
2323
263
2980
10302
3368
2448
421
3993
3454
1933
4273
2316
17170
5955
674
313
2876
3779
2172
1609
873
79
538
1512
1031
1754
605
212
965
1669
4772
6130
2580
1447
10129
1803
6601
4828
4707
1991
4807
3506
7593
2628
324
2539
1622
3377
568
1472
473
5957
585
7199
725
2731
2488
6091
169
4662
5675
1201
2068
3078
522
28
2858
1577
7328
164
508
843
1787
1810
1953
2094
1653
89
2505
2480
3043
2898
4476
117
320
404
719
744
837
3038
254
1812
1116
1381
326
2109
2062
2972
2181
2598
3776
3245
1379
2444
3522
5342
4368
4497
578
87
2622
1652
3731
369
857
2584
4898
2843
10097
6484
1542
2377
914
20
3289
2219
7454
2955
581
1699
8
5196
11072
2053
17673
17
3544
3748
258
1472
10901
758
1257
473
1374
24
4017
4014
5222
82
7722
828
2985
434
1167
834
19
2613
4257
1269
1877
2366
6697
1682
3499
568
9175
1427
5352
6179
3064
1466
644
6275
14206
1153
4837
2484
1423
1744
1080
5115
1463
2975
4281
1849
1400
2929
2765
1669
1608
276
4323
988
7858
3486
526
7997
579
7812
1845
619
23751
970
951
1404
608
2191
5881
3568
2741
726
876
4849
1484
606
3042
2136
327
2459
8987
9159
5406
9771
2949
5606
1034
1090
5365
5085
328
3742
3027
1277
1149
1919
336
356
7847
342
936
1525
3798
822
940
2160
188
722
4280
832
17
2529
1655
367
192
4584
2431
474
1830
255
108
1156
3229
1581
3323
2103
2854
321
5649
1515
837
1841
723
834
2028
74
6919
403
1051
1806
325
3035
3614
1026
374
328
57
166
1343
533
342
450
2298
569
1596
7163
930
2863
1159
1042
6459
693
874
2219
9741
2165
196
571
5938
5052
1437
737
2236
4853
3054
4389
358
1020
2883
2046
3818
3085
458
3487
818
1238
3278
3197
401
121
748
7384
3892
4241
717
7066
1069
2442
2514
844
515
1334
3077
2307
1328
9780
7822
3202
1803
1304
6334
313
5845
5434
3539
1155
966
6381
2703
1366
987
7015
2300
3759
892
5729
1630
591
972
805
11
7236
1239
3308
7270
2157
3027
1222
1719
2818
622
2698
808
2356
1084
795
738
703
875
4947
1908
482
1100
860
3976
1223
7094
4385
1684
2147
9843
1674
110
1158
2578
1352
3941
7981
126
5290
2102
9955
8086
3119
1688
1797
200
882
3866
2034
344
3744
1443
1409
96
5598
712
1915
1075
4556
1042
3195
6532
402
1947
1090
604
1875
2118
281
9488
4692
1762
57
1669
2777
319
2830
4919
8449
3924
590
655
85
3350
1390
5325
4180
3857
499
421
2128
2287
750
3361
2771
2667
4729
3130
2157
737
4157
3521
2991
2569
2712
943
104
6563
4055
3738
1839
897
12749
1033
545
6943
1803
5260
15879
3201
815
86
2127
2589
7792
249
3979
2534
1865
2556
54
2277
561
6416
5646
1183
4170
3238
1248
10033
266
12537
4601
1857
370
2561
5891
1242
3498
108
522
696
1816
1981
404
4220
1631
750
131
1128
264
2748
3961
5508
317
608
4330
1438
280
2661
18438
8353
5477
2109
413
4226
2385
1977
1196
7516
6797
280
3595
3221
951
1864
6478
367
2464
949
370
1590
3560
515
163
240
202
901
723
4454
878
318
153
212
7206
4928
124
2338
13111
775
4579
285
1548
816
858
986
1511
7164
1538
4069
3570
4040
2104
1849
4046
2098
3751
775
3392
4608
510
2787
3490
4098
731
5205
4613
114
5685
1196
2064
1451
5131
10502
3261
127
650
803
1995
6099
624
2072
5301
1650
1077
4058
3269
3367
507
9384
1453
1703
3472
14251
1993
2029
1212
1160
4
863
2905
3366
807
8484
6620
1091
3294
5882
3086
1265
1400
1862
2793
2056
1638
2648
702
4736
1730
2020
1983
3645
88
2405
1482
711
926
46
6125
1687
476
46
1019
343
5953
1433
4077
1740
9942
279
276
1194
351
990
8897
7830
556
1843
53
5619
2025
865
2661
3557
4273
4235
1331
1689
1519
1837
2213
3380
9568
57
1644
1265
758
10486
926
162
516
438
4806
7002
1632
611
205
2276
5803
1358
2067
1908
2681
4375
7428
202
664
48
147
558
1763
4048
7384
425
703
8874
441
4919
6312
1566
633
1313
122
2007
3507
1904
361
1768
1615
1340
9130
4256
2297
5073
3550
789
484
341
1859
2032
958
693
1462
751
1396
687
1212
1443
64
594
2622
543
5889
2958
6771
5930
703
706
6811
780
1130
765
408
3085
1840
334
1886
2518
1230
427
357
6147
1331
2839
3398
1130
1435
3307
1191
2
1352
377
214
11936
1171
2081
385
12361
2867
1605
4808
9517
8006
405
1732
763
935
3604
935
1496
2869
578
1931
1591
11452
3616
5983
92
334
3849
699
6453
33
695
353
3452
782
2601
4071
1584
4904
4986
2675
14815
1786
3580
3773
2305
5593
4295
4745
494
559
406
9267
4894
2138
879
875
10521
7574
785
7962
280
5461
63
782
3782
25
459
5450
553
295
2701
611
2002
2181
2145
6155
8315
453
6261
3455
4217
3386
186
1060
5088
224
4618
1763
732
1159
195
9556
208
1401
147
642
6802
5162
671
256
914
5653
961
69
183
298
1335
2182
2966
1229
286
751
126
8639
976
661
5897
1310
25
1976
3974
860
3212
4054
3612
3087
1202
642
6456
1218
638
3248
1794
843
882
302
747
4775
1106
2790
760
2490
7974
5825
3012
4787
997
4158
4843
144
1925
1641
580
8126
6370
5965
248
2588
4557
2968
1461
978
5075
4536
1680
1648
10722
1600
1062
595
14714
2965
393
2592
1987
2782
4902
2711
2471
390
373
1747
312
1459
1998
1539
2270
402
1277
2395
1080
790
802
1854
205
32
2514
75
2280
4080
3748
3075
416
815
3308
4182
117
1030
4086
2226
3236
5590
2784
3245
2175
5832
2950
7800
1921
1644
879
1174
3315
1019
1273
257
2502
4294
664
642
1560
195
199
1112
1186
246
1782
6276
4525
7639
852
62
5954
3556
1987
2040
5188
233
422
613
2571
862
2127
4106
8559
2197
968
549
378
225
7689
2352
1314
8890
304
3249
1030
9438
1676
6721
3574
4649
90
232
236
107
779
1217
9410
761
202
3425
464
131
1839
275
7468
2463
432
534
660
409
3623
292
7426
659
757
561
417
781
1588
3097
9714
2689
7790
1613
9454
920
7272
6495
2950
739
3740
2829
2805
1121
7206
3948
1098
356
5002
652
542
2577
12802
1628
2808
1624
6039
3665
2789
6617
8198
401
2186
4276
4672
3597
1353
876
91
2188
350
1422
11834
3819
789
3345
1058
7328
2910
684
7881
3577
670
5
4446
280
4947
1963
966
1980
1053
2647
608
1309
706
1139
2240
3767
1802
171
3528
1694
3361
4150
10007
7
1965
15389
331
56
5261
2200
2634
3638
301
34
832
1744
10283
3638
4092
2851
748
126
4011
769
4104
776
1672
2732
1183
339
498
2055
5869
3266
956
2262
948
4482
768
1706
10268
1541
4143
191
2929
278
2292
1937
3225
2201
787
9863
1052
4047
2076
4827
3827
1064
6326
1928
5250
5533
160
1651
985
1923
3377
5339
3059
509
1137
1169
758
1701
7109
1029
9562
371
85
3593
6470
479
767
4110
8637
3005
2543
1950
2492
619
7001
5093
1922
2643
138
6938
2152
567
5083
16
4127
17308
611
2095
1010
755
4760
902
2806
883
187
7092
724
1126
1632
6065
696
24
64
1885
5603
2668
12812
4459
8838
507
442
8958
2345
231
10238
65
668
785
807
2069
1479
422
2073
7484
3058
6165
879
3343
14186
216
4787
2629
5819
543
1346
225
33
6021
2442
2760
3270
2400
1940
368
3919
2659
5117
2286
1833
389
3415
2789
5717
3594
1366
2626
548
6139
1930
3622
4885
1976
3715
326
1360
2081
10508
3575
6150
1300
4482
1224
5986
760
5961
1585
2931
660
1291
955
4918
940
4139
300
1068
4588
1068
193
2675
2155
371
3429
1304
541
2548
2225
1375
2062
1925
3856
6166
3396
3427
1834
2560
6915
648
2519
264
2962
35
692
7210
1843
6697
2942
1310
4073
1184
921
4361
2029
798
4589
2653
2131
4311
3841
3283
1986
4136
87
3990
460
206
4238
335
2784
6221
77
444
10077
3081
91
2256
4604
5117
3098
1711
5700
2543
666
560
1354
7007
3784
134
2397
1023
6580
4230
142
2524
633
4205
1889
1960
2704
445
1313
401
2345
1435
8347
4819
274
1621
9709
2033
4209
404
2291
554
818
4981
1021
415
1926
1338
6186
279
1036
6026
3410
1496
811
10526
5356
6527
168
140
724
389
6686
1051
5431
367
12272
310
1192
3125
792
4395
5949
1324
1331
2335
10705
492
559
8414
3605
915
2936
8950
4933
1975
1523
766
1182
363
1985
9293
9479
4756
1424
9583
1451
67
1064
1019
1181
3365
1389
194
2279
1647
33
1138
3768
1642
920
9299
115
1108
7147
351
6733
2106
5116
2081
2723
3223
2582
1114
5105
264
1680
1297
1302
2862
1187
2448
5092
3654
737
650
496
2014
1318
7980
3394
5276
4121
294
915
7102
506
3742
5585
8528
1262
3930
92
3259
254
4438
495
726
1581
6926
3063
289
7916
1030
4196
1977
902
1001
7437
3508
1907
2508
1927
2255
510
132
741
625
8246
3469
1995
1399
842
512
1127
1662
186
2670
1074
2036
11974
232
2669
1894
1247
2055
1700
1345
7119
177
3020
2872
1427
888
6841
3954
4612
247
4150
3543
4102
1290
99
3347
527
3841
2083
1043
1868
1634
1493
259
3857
1327
1537
2949
734
190
1570
349
374
7600
886
12388
2560
2358
8490
3757
624
6727
1726
9610
1636
3004
2564
2546
3097
692
4244
1688
11324
1203
14380
631
1794
7354
894
2986
3416
2803
1154
4039
10670
11904
318
444
10250
684
537
1873
7582
92
3204
4958
606
898
2165
1582
428
1282
2202
2296
1079
2110
5126
508
1539
5339
3091
2022
1435
2046
7255
1662
391
2411
1830
2339
4731
5933
987
276
1239
4387
3337
2137
7242
2413
1676
1
2518
6652
344
6
3599
1182
3945
3095
2962
2218
1110
2442
521
295
10553
617
6604
5967
2575
4029
786
6073
1510
4829
2241
1845
1377
1165
5465
870
240
2064
76
582
245
860
7268
1695
806
1304
1050
686
698
7454
68
2094
3108
1290
6006
2299
3261
226
1600
1649
644
1085
1651
188
3954
1178
789
2646
7676
1215
4977
385
1367
3845
1409
2233
1052
1430
2094
3011
1183
2078
4786
2014
6136
4320
2755
10868
7279
193
9264
1875
5514
1180
11437
323
244
4574
608
8365
2096
7300
5057
2426
1057
3819
261
3958
1642
1150
4105
702
8297
231
285
1302
5497
293
6796
2449
12763
2
11720
1521
1786
802
3842
10
2349
1334
2506
1144
1128
4023
1477
3030
5618
4873
601
3380
1038
11412
196
213
738
1061
311
5791
1145
283
14425
1908
2799
685
9276
188
9334
4783
965
1077
681
2506
1280
1840
4697
1052
1596
1301
3256
1297
3731
4647
1701
1048
14455
246
4046
7564
684
2807
3642
404
4518
153
1935
618
16360
6488
1041
846
5498
7102
578
8
7815
1919
5141
2962
12833
1412
1111
210
3674
7338
1557
2071
1252
3013
1477
17
1702
260
3944
58
3205
4956
4815
16570
1375
441
3858
644
1084
859
81
1114
1500
3076
606
4524
6628
2469
3993
28
3670
1030
1448
2243
399
357
1109
1327
2098
1620
376
976
2358
75
1635
482
5667
6388
4185
876
4284
2348
6788
73
6868
2758
2667
724
3076
4187
5320
2262
1398
14
3731
6616
1784
2509
278
3378
553
1141
1270
9688
1584
6218
5139
116
733
1027
329
2104
6990
539
1424
9077
229
964
313
2996
938
706
3836
1353
3210
134
405
2800
5767
2817
2006
155
1048
572
1208
333
2226
562
6062
2208
2334
6725
1391
392
11
4945
8540
5393
6718
7732
372
6174
5141
5968
5514
821
1687
1232
2332
1896
8071
1124
2270
1783
4882
3830
2178
1618
2742
314
1393
7826
3476
330
4126
396
3536
980
1583
1554
5829
1908
553
141
1598
627
816
8711
4993
7107
5963
3478
1316
599
1291
1563
1470
468
2797
2166
232
1127
448
2754
15739
1598
796
452
17
1126
5120
2346
112
934
2298
101
427
1727
349
2932
122
3808
1226
4384
4909
5978
284
343
4439
3630
4337
8
4978
4029
395
2078
5145
2846
1015
3271
3905
7600
2409
3805
309
669
4509
1320
2357
5911
1020
127
3939
2802
1544
6558
1645
564
1722
285
5946
9
245
2125
1097
2399
7832
2843
10023
905
1853
7772
4855
62
646
1799
7522
1260
2522
1825
4763
726
34
1472
8632
10302
2641
2091
1270
2088
1183
3011
3022
4696
455
704
2733
82
3549
128
1061
3132
8862
870
474
3384
2717
2563
696
5815
1884
6381
734
647
2523
3933
2665
7806
280
435
7693
1899
2212
702
3991
1300
1591
2098
98
617
9865
1705
1357
1921
13260
886
1835
2297
1057
354
3741
1294
246
16503
6241
2655
1075
4541
363
7322
6934
2009
1548
207
677
9054
602
846
716
1726
5065
664
2988
3456
3691
12181
2
354
3432
719
149
916
10122
8629
2170
12076
1108
879
1862
1648
6899
52
4109
996
3839
397
5705
2223
960
5302
4441
10215
1839
2879
17954
450
1096
576
11281
4923
1820
7499
1790
3394
184
2165
662
7415
2213
1575
2379
13228
254
1565
701
951
3322
5624
633
2504
1013
3440
3248
444
2998
312
576
480
1116
3064
3040
129
466
400
1189
12226
6179
1881
1789
2253
2019
302
7604
3192
595
3227
5770
1818
1198
5606
1446
4442
4347
509
3591
4928
1019
14091
2541
7536
2110
2369
688
1275
3478
2474
9564
3056
294
652
4071
1152
1075
2785
1690
1401
2709
1420
858
1725
4813
2596
155
1053
1172
3675
622
722
2660
12240
325
915
712
225
13236
305
3361
1268
1864
2294
5204
1354
5346
2337
594
2354
2302
67
939
559
622
6631
3758
7405
1441
2871
1048
195
4693
1154
5138
462
4123
4681
264
1646
833
2879
7142
264
2337
512
7775
551
3631
862
4
2694
7958
7051
635
1399
4668
661
1084
2783
407
1287
6989
2657
640
610
1767
2650
6331
4441
618
4200
75
4066
5505
3770
1662
1316
2848
8487
1540
12070
275
2078
459
3001
79
1377
1524
139
952
193
1598
10720
880
63
1213
10310
138
595
4552
1857
3278
4082
4293
2087
1386
1701
8114
995
2250
669
9879
466
325
278
1190
2277
3368
985
2904
12568
1997
407
5819
3616
317
1757
2676
3121
1812
2663
549
7824
370
3440
2194
3543
2207
5950
203
6417
846
6195
3898
2477
1493
622
5350
5638
216
737
909
1803
135
104
433
16
428
4139
395
3204
3763
1487
1347
1395
1568
1084
573
820
2360
7115
1347
4879
6045
540
379
10391
2504
5939
4647
289
2077
236
1715
994
2667
221
2289
767
292
2142
269
1629
73
7355
5877
3345
35
6890
1601
5141
6919
1563
361
359
4113
1678
6826
800
497
7
210
178
9049
918
4591
692
4328
1523
311
238
3828
1992
1402
593
1504
13500
2431
1297
930
2987
6284
512
1029
2484
1020
1727
3497
402
132
6686
6482
40
6246
2456
1425
1666
4872
3456
2456
970
1053
1042
4419
776
1416
416
362
5420
1055
4243
192
945
1530
1900
2865
3203
7027
341
1461
336
294
260
663
777
6126
578
1133
3795
392
1280
3282
610
634
725
1765
3111
241
3509
737
220
14866
4322
971
111
3395
6198
5777
658
798
1253
6645
743
1465
2798
2992
2604
760
5013
12646
1340
2542
1425
1918
3783
2505
917
4442
4996
4279
1819
2999
56
5726
1478
1677
7406
2312
8965
4618
3918
1671
949
2186
2300
1589
700
124
2119
2186
600
2978
15336
1068
2495
2189
1092
1342
68
1107
1369
144
1032
1038
3582
7157
10492
724
4935
614
4587
3362
171
1688
3609
173
349
3732
1675
736
2332
698
719
130
793
708
7679
3197
270
2428
784
4167
1202
7133
1193
17407
1105
335
1363
1667
592
3154
1559
563
1162
34
904
2749
4459
523
3524
906
12487
3667
761
4512
2620
92
2694
1488
1702
214
2264
617
4425
2231
408
2346
5091
1687
3952
2334
4174
393
6594
2596
1822
1443
5036
741
972
1043
1310
232
4429
5087
3001
277
1979
5621
2081
1878
2055
2783
204
3769
1153
210
4869
2646
3141
6519
1805
1114
1367
215
2064
5962
6865
1786
1734
279
4180
1980
347
2302
1843
5299
2862
204
5436
77
5702
2133
153
330
514
8248
4759
2176
447
680
352
405
5946
875
2595
4604
903
2739
805
2443
1430
22
8410
452
4818
2631
1004
4759
225
622
29
387
3020
66
1545
763
269
1967
3291
2553
95
62
4122
249
8985
2762
6778
343
1019
756
4508
2559
6883
2001
453
3145
2255
983
2998
2484
563
2223
6871
2384
311
2221
1060
106
241
3974
1674
2472
5045
9615
2298
2503
1021
1193
3380
1637
737
1317
13431
3815
3444
5455
2085
127
1359
2776
171
5966
1894
8298
1241
3029
248
763
1243
322
1515
3660
3136
881
9342
57
2767
7300
4710
12581
2789
9828
678
315
2714
76
3871
7829
585
280
3936
7210
3313
4745
831
3977
1202
489
1832
5011
417
4429
1443
3491
495
544
1459
1207
1674
531
1144
1161
345
9354
5735
1940
3005
617
5750
1597
759
4209
3380
3396
796
486
2885
200
4197
2315
4351
481
63
475
94
2798
1341
3656
1009
5242
987
2174
878
7082
2859
8244
2753
228
6419
10849
6944
5368
15665
860
2814
2705
292
835
10958
16
5355
9448
3368
3690
2527
2612
129
7525
8010
1724
2511
111
5032
1169
437
5965
249
1780
4394
246
2828
1616
1490
233
4567
2892
1805
52
1329
9033
1097
280
412
1803
1086
3130
1524
1667
109
181
5895
265
2002
897
4434
716
380
1259
1840
205
1831
2003
4083
3529
2402
10013
72
6330
2142
2498
4645
2358
34
5091
498
4443
1905
1973
4676
4529
2029
192
2851
1127
230
3520
403
1127
4011
1082
1528
7675
2163
4561
777
3246
1330
273
3570
4064
10164
3339
2524
2610
336
62
2382
2028
19289
189
1722
335
548
1195
3025
2874
4145
348
1847
1283
9235
3234
535
3979
2534
3470
1434
144
4611
3615
2820
1504
2764
116
2456
1375
187
794
458
1002
690
1876
312
90
2359
5478
6680
1376
115
2253
3715
2378
3780
3914
249
2558
11570
3424
724
6382
3726
1122
70
1540
7616
1243
157
2139
1243
105
491
74
2395
6060
140
8324
438
10414
1141
725
4999
93
1316
429
300
845
2497
805
6190
14160
2166
4942
57
4403
1241
1489
1485
1469
406
1554
6093
1342
1073
2526
6042
2570
3763
2306
4943
964
1365
1995
151
3313
2298
1759
1049
443
116
2645
1070
2084
1150
862
3703
2500
4730
5092
7256
2646
2544
17120
694
815
8533
3654
6327
2379
4367
1590
724
1821
5317
143
2855
1713
2070
2263
1393
1466
1081
526
5971
5341
623
5227
1924
2870
3665
2134
5962
1309
380
267
2964
6700
894
710
1402
1869
7564
1589
4691
590
2470
9621
5298
478
1812
454
2532
2342
4590
3321
5088
857
3349
3085
2825
12175
652
3997
5430
1286
52
1127
1546
1198
15140
1003
1444
3443
4861
77
2480
485
1824
4029
1417
2454
1352
3214
63
371
1184
1749
422
889
3881
5032
2090
517
3521
931
1800
14230
2396
5431
2740
309
249
7741
1479
1320
1842
5446
704
3070
391
464
6078
7547
4928
237
3354
6773
5901
3297
194
4244
562
4650
2562
587
57
817
414
1378
320
10721
6240
1406
4085
654
1351
4216
2527
5228
3186
5735
5012
1290
5801
6213
1590
4384
1580
360
4442
3283
5808
154
310
2095
1425
2659
4903
448
47
1644
883
419
1250
432
2391
3430
1315
1985
317
8099
12702
392
542
3114
2713
1175
2569
4262
243
3948
2091
2683
3719
1562
731
875
770
1045
1964
671
2512
7116
171
8522
1131
157
6524
3541
2367
182
4965
1029
3471
2782
3327
434
4878
1722
1943
1720
1214
3720
77
7190
806
87
745
2452
7739
5397
1067
3536
159
492
2891
136
1698
2759
3785
1919
706
6767
5245
1
4816
1344
436
4857
127
2844
1423
377
3256
365
1229
3549
546
1706
793
2972
6257
2767
9523
222
1831
1707
6680
1453
595
2844
4600
1389
4648
2355
3138
4306
345
5912
854
1053
2295
646
971
1753
1535
1037
8341
239
8329
1443
834
2252
879
961
639
3914
6907
1058
1694
516
7103
3251
3290
102
1154
5749
935
865
1495
1194
1522
1802
4124
182
1207
4657
4429
225
9147
3562
3032
1741
546
818
3101
5722
2434
7832
3633
13299
4289
1524
972
4684
1967
1049
87
35
4482
1082
623
1164
292
243
2595
4057
1335
3349
9222
234
4707
1309
572
932
4878
20587
2574
361
766
10398
75
559
793
1652
8664
2825
210
142
3126
3417
5170
4421
4397
4801
2060
3537
514
6152
5869
8758
366
4165
707
6684
5490
642
3419
909
8156
951
125
260
1379
7018
461
114
8807
1353
2941
3083
8671
4573
2083
336
146
714
474
7656
1374
556
438
11755
304
4323
147
1231
243
1867
1455
3
2020
256
12696
1681
1349
1916
5975
6103
5124
5634
13
585
2487
5773
3470
31
1171
3223
390
2491
3080
5443
755
5267
5422
12635
3333
71
977
3011
78
225
946
5291
2123
9449
2291
1302
1168
4294
193
1110
5071
1999
2411
9861
3923
1356
9275
1046
6003
4962
748
277
121
265
461
3551
3087
915
8739
409
1169
1760
4215
3780
6141
1652
1206
497
5870
383
648
6092
1186
2155
7179
5764
485
209
1169
2503
5156
393
3167
1468
1339
40
1229
2846
11471
271
1186
3193
6349
7138
11874
2682
3078
442
15371
3135
10184
73
635
3923
2261
1853
1163
331
1320
3543
226
25
4773
305
848
1321
9579
3718
90
13175
1367
5772
42
4515
3704
7883
644
183
1541
867
3397
670
1281
6762
5581
988
115
795
500
1719
163
437
327
1090
79
685
2362
6141
2874
829
1445
2269
654
7314
418
681
1352
2694
3746
3451
338
2132
3532
57
2566
6754
3409
1997
849
5562
4410
666
3661
6896
3548
2202
219
1076
1118
2566
1307
2580
2472
4497
84
801
1233
9248
99
1087
1886
1402
2856
2210
2649
1622
939
1165
8775
1113
5849
1136
750
1334
1682
1129
1628
354
295
600
1050
638
6960
2854
473
584
1362
401
3086
714
138
2875
668
4809
1429
10161
98
667
2931
882
227
706
513
1443
2091
4027
523
3227
1021
6086
1229
959
1133
3316
8091
756
4100
541
8883
342
2721
1795
739
125
4754
1827
2495
903
45
1613
12186
141
3928
239
1447
1593
1345
434
1095
1405
258
3967
2373
252
66
1676
964
4183
1147
1700
12349
240
1405
1144
60
1206
2870
10452
3709
541
3832
2890
5153
4612
698
256
1142
335
3913
1674
1205
392
2428
3958
5456
2113
524
2106
2616
94
2112
7881
2097
1047
2303
3725
467
706
2436
836
966
1195
6182
390
2606
8671
935
1381
1520
1174
2033
1910
11248
2210
48
254
777
1441
7362
2543
2675
2180
1006
6792
71
9735
3672
2772
1517
2208
1465
417
1002
1431
1170
1178
1237
1809
1978
6092
219
1496
1334
14664
1262
62
5529
1157
1130
1562
6422
791
1482
692
710
2580
16
567
1588
53
9421
1757
1635
16312
5096
2288
5134
120
1487
2240
3762
6401
4476
4242
553
208
2402
3226
2870
2773
9430
2845
513
2459
2519
3738
107
3217
1373
3207
205
8646
4435
39
396
168
948
1566
2306
2205
3104
211
81
129
3091
1273
1900
1593
4720
957
743
9
868
250
1056
1307
3844
6965
6335
1534
372
525
509
558
6590
322
481
2066
107
7178
124
2504
12119
8243
720
2011
412
4752
551
4729
644
1135
5022
2785
652
3624
2448
302
8749
1714
8532
6169
1948
720
602
1264
3405
2314
804
1342
816
1526
75
3368
1470
505
4407
2178
564
909
3496
396
1798
2693
1133
12147
2716
2573
3188
7685
10396
451
2379
67
4289
238
2430
6482
680
6061
1609
157
3512
99
2
3427
2484
169
2242
1757
215
3902
686
5876
334
2474
929
12113
1352
2077
47
4132
592
8536
3336
6370
2692
1677
975
1324
3438
668
1100
169
9741
334
1469
3006
1190
303
3510
2682
1640
2468
624
5164
1231
1723
78
1858
1300
3097
4303
5083
1832
160
4837
1160
4
1447
4293
2380
9219
1438
2100
4936
315
2543
1012
85
11864
461
2866
3429
2888
2112
6244
324
7766
3246
5680
2146
2065
1527
2541
8763
3830
970
503
8258
5240
13145
3822
5174
4650
1494
679
1012
408
12314
88
2296
6388
4713
576
873
165
2611
526
5362
1669
872
189
196
399
157
6904
262
2048
2243
257
1760
1858
3401
279
1749
1585
701
3582
3425
3244
1444
17
3273
3313
1631
241
1047
3274
1220
486
12546
7059
635
2866
2023
125
4437
1486
910
35
2924
7669
3443
527
19908
204
848
2907
917
1884
769
762
307
21
2184
702
4833
1615
3230
4741
1489
1586
3790
3744
5293
300
2351
1439
5430
775
1656
1718
12
2157
783
4828
607
3533
4142
4721
1292
1655
1849
1219
2513
5243
457
14490
5038
784
1378
2880
1008
5922
947
1015
2149
461
214
909
2066
933
837
2398
686
59
1549
4316
169
464
1063
3318
1005
2611
373
241
1827
1129
1467
151
1805
1673
4873
1631
1006
1759
1125
4207
4206
2840
841
14614
3016
6304
1496
2439
4209
2756
8953
786
1927
278
7341
8530
3177
2347
6965
3586
626
878
2
10764
1491
996
10220
1566
6945
10062
1356
4989
4128
1698
2182
4741
2913
3645
794
633
745
6471
2811
3187
6839
2020
3856
1502
539
1045
825
3938
266
4166
3821
1493
1912
3442
14437
1021
6652
5425
1088
6698
3559
4709
1344
1063
1902
163
132
7170
866
2556
945
1517
2891
1225
5793
7168
5856
1752
4
2503
1917
10662
7799
260
294
677
3846
862
2529
2101
1796
2426
742
9637
5359
983
9627
3978
2169
4256
212
2692
159
3335
206
651
1773
2852
4494
970
1985
1315
2498
446
3882
3411
1232
590
382
7082
5881
2948
2274
2352
9262
9632
1103
527
4905
292
1771
2928
4082
386
648
1724
5203
293
3264
754
6266
3096
4199
1953
1203
650
996
5282
5263
800
13000
1205
2872
2642
627
734
128
3732
2370
2879
788
7440
3205
2170
915
1059
3967
2622
564
4047
17764
1461
1066
827
1389
1013
1691
3612
7840
84
553
1176
3414
3555
1063
1634
2346
5289
547
1706
5523
3082
435
2500
866
1138
764
8705
1017
2668
88
813
2533
7795
1822
6832
1945
325
3829
714
956
711
1591
2909
2485
7476
7685
5962
1156
4803
6828
474
13796
345
5147
3098
49
6142
4995
8378
3554
4388
2070
6762
8423
2815
2323
1344
2434
3006
1038
2445
4964
419
4085
3638
6676
1048
2946
3477
2936
469
126
7203
3055
348
5179
728
9728
59
1044
1414
5292
1475
87
2468
1692
2056
2252
3255
2240
2480
19
121
1602
2327
2721
485
2236
1707
2098
2128
561
2096
1500
563
1597
2671
856
3213
1359
8461
303
2146
1832
483
249
2039
362
1815
5917
847
436
1150
1929
1834
2487
5839
2758
9751
414
2516
1251
4075
1036
3100
577
1942
2667
2295
1561
6428
2825
8414
892
1677
955
5581
5248
4613
459
1006
6987
10816
3125
830
1104
3497
5127
148
2031
721
3300
3440
3395
3965
3390
3606
1615
44
3926
2639
777
1943
509
3418
1897
2888
1934
8639
5311
2882
4443
5879
220
619
3451
4418
1319
2514
497
9964
2554
4951
949
595
286
1967
133
5513
2935
1454
2168
2088
2181
3389
64
890
6776
4399
1003
4544
3085
1853
1450
2199
4225
1131
1863
568
3638
2264
1453
1996
57
2229
1407
604
1122
9769
7533
9709
2
1754
81
6365
758
249
5382
2378
874
509
3311
587
6641
2010
3264
4863
1077
563
1122
502
175
4123
1481
528
3861
2540
501
749
3995
829
2682
559
2936
11278
3738
1028
2127
15501
4493
15466
211
1219
4072
685
7090
401
315
2881
1856
5
7400
589
1035
182
2544
1021
1925
494
246
3793
2174
6287
1928
1387
13030
2642
4949
8618
513
386
1441
1987
10753
9893
2275
5583
2335
5661
403
2257
3506
192
1219
5094
567
4608
5290
1532
4742
568
1839
11771
1807
510
12938
16823
4005
5792
5344
410
2028
3943
1283
6720
3464
4050
1324
1304
1632
767
1417
3888
1293
10184
2001
720
3473
339
364
1128
3342
4871
8481
1307
3507
5104
250
323
17
4091
1630
2373
5625
1802
2456
1956
3451
3717
2304
1049
2200
319
1074
7291
2027
347
4517
5042
573
1760
1372
1103
236
1132
6309
1356
3428
2186
256
8622
6130
1105
7917
968
3285
10133
3040
1092
1000
590
2830
97
4432
11525
548
3748
1127
1323
1379
1566
2869
212
244
6632
1823
4314
3510
787
5745
416
4202
1199
350
1471
536
854
3113
2186
4821
246
469
18367
284
659
1867
1826
1004
877
2120
2050
