2
3
3
4
4
4
4
5
5
5
5
5
6
3
4
8
8
8
7
3
9
9
9
9
10
10
10
11
11
11
11
11
3
7
12
12
4
5
5
13
5
10
10
15
3
16
16
9
8
4
19
7
12
7
11
10
7
19
8
7
18
24
8
13
12
20
25
25
18
5
22
5
8
19
28
18
15
28
21
3
13
10
9
12
31
20
7
20
32
13
5
14
14
16
10
8
11
24
7
8
6
16
3
39
15
10
6
8
3
11
12
30
10
9
17
15
17
33
14
6
34
5
11
40
19
14
4
19
35
5
16
13
2
29
8
9
30
17
9
14
9
8
39
13
8
10
4
13
26
8
13
8
15
5
6
35
14
17
8
9
5
10
16
14
4
25
6
32
10
33
21
10
16
10
17
24
10
9
16
18
2
9
14
27
12
25
14
7
13
11
23
3
4
21
17
13
32
8
42
28
28
25
12
14
18
31
7
5
6
39
13
3
12
10
50
5
18
12
6
6
9
29
11
5
48
14
28
5
9
21
7
8
13
13
20
5
14
3
4
53
29
7
3
8
5
35
6
10
44
6
3
4
5
5
5
3
6
6
3
7
7
7
7
11
10
10
10
11
11
5
6
12
12
6
8
13
9
8
15
15
15
15
15
10
15
9
5
6
17
8
7
19
19
4
4
5
20
9
3
10
21
7
3
9
8
22
23
4
4
25
10
3
5
12
8
23
12
29
8
8
30
14
12
27
28
22
13
21
15
35
7
20
42
14
5
8
16
11
14
24
24
40
41
16
28
15
7
21
13
5
14
9
10
16
3
19
20
9
9
47
12
6
29
36
37
18
3
7
7
6
24
5
21
11
45
18
12
5
24
3
37
24
18
4
6
14
11
7
8
11
3
8
24
22
16
16
5
7
11
58
10
10
3
8
6
9
16
12
16
26
25
3
5
8
16
8
8
14
12
11
46
4
24
12
17
19
18
26
12
34
24
4
9
8
23
14
19
7
12
11
15
9
16
18
6
53
14
3
8
9
23
14
46
19
25
6
11
6
15
23
18
5
4
13
11
3
6
6
12
28
26
13
16
4
27
24
7
4
21
17
11
34
17
18
9
9
4
26
7
2
26
13
10
41
29
7
31
13
6
5
3
3
4
4
5
5
5
6
6
6
7
7
6
9
10
10
11
11
11
5
12
12
7
13
13
15
18
12
12
4
17
9
19
19
8
13
10
20
15
9
6
22
22
16
2
22
10
14
6
27
8
3
9
19
11
3
6
7
26
26
26
24
5
19
11
6
4
7
26
31
27
11
12
32
23
8
10
12
6
24
11
10
36
37
10
13
16
8
20
17
6
16
20
21
18
29
15
10
10
12
4
3
9
17
6
5
8
2
22
14
12
46
10
11
3
24
31
9
4
8
50
28
7
28
14
20
4
19
10
26
29
14
17
7
42
21
10
26
13
10
13
7
3
3
7
12
20
5
6
62
8
53
16
9
7
19
25
13
21
3
11
30
27
27
29
19
17
28
20
6
37
17
14
4
13
7
7
18
3
33
11
21
11
21
4
10
51
14
15
4
30
26
5
15
15
34
10
23
6
22
34
14
6
15
11
54
7
8
15
6
7
23
33
15
35
8
36
27
3
15
4
40
3
18
18
7
33
22
9
24
11
16
8
25
26
8
4
16
9
18
10
6
21
10
14
13
21
35
26
3
3
3
3
4
4
5
5
6
6
6
6
9
8
8
8
9
6
7
10
3
5
11
11
11
7
12
12
9
13
4
14
14
9
6
15
16
17
17
17
17
18
18
6
17
11
15
12
23
10
13
7
11
8
3
12
14
15
9
9
7
15
28
28
17
10
14
9
8
15
30
8
19
7
23
17
24
30
11
37
35
38
18
7
8
39
13
18
14
27
25
11
25
10
4
3
16
25
36
5
27
4
16
6
8
10
12
8
14
10
32
3
28
6
7
12
25
52
10
9
18
7
25
7
12
16
25
14
5
16
18
57
9
5
19
15
5
22
58
8
18
6
24
29
5
10
26
7
14
10
8
13
14
21
45
4
35
3
5
16
12
48
10
5
45
59
8
13
24
8
15
21
7
10
8
19
24
6
17
14
3
14
17
36
10
13
24
16
20
7
12
26
25
7
3
28
4
50
9
8
19
9
12
8
34
16
18
22
26
33
47
34
10
18
10
15
23
24
60
16
6
4
34
6
8
3
6
17
2
14
11
14
35
10
33
23
6
6
6
15
14
5
17
41
13
37
34
20
5
20
18
