2
18
3
173
106
14
14
16
5
20
30
9
94
12
161
107
1
29
4
4
3
115
56
2
37
66
11
98
37
41
20
26
35
173
50
123
2
54
22
56
92
44
33
6
11
18
147
4
229
10
35
2
17
31
63
34
14
44
48
11
10
43
178
16
74
7
5
111
64
23
17
188
26
11
4
9
31
72
6
118
66
43
16
33
81
6
12
47
2
19
12
19
96
73
33
58
50
10
3
3
6
19
273
1
12
58
16
6
18
264
15
16
20
11
1
1
24
5
61
19
40
11
18
8
16
52
9
29
18
9
26
5
43
55
1
64
11
6
56
41
148
62
13
22
7
18
30
211
4
30
25
23
32
49
6
125
4
55
115
13
30
128
42
118
2
18
27
117
27
42
27
202
45
38
19
49
2
68
13
21
82
9
1
3
57
11
33
6
2
1
29
14
6
64
18
25
14
11
110
10
14
24
24
5
18
47
44
12
56
53
174
8
36
10
46
65
42
57
102
29
44
24
31
17
7
10
11
30
143
11
34
32
61
45
98
8
29
138
9
23
19
47
19
33
207
116
73
79
6
24
7
8
77
9
35
13
15
48
122
123
37
30
22
43
96
199
43
103
16
132
45
47
21
30
27
4
12
138
41
61
10
40
80
26
13
27
40
16
6
38
31
72
113
12
143
29
12
40
1
140
1
3
31
38
66
145
26
20
47
33
95
96
32
64
211
34
23
4
16
145
5
2
27
13
74
38
58
20
46
60
59
91
2
85
21
8
34
99
54
40
147
49
17
3
98
67
15
3
71
13
26
57
1
3
11
14
5
49
52
20
3
117
22
31
32
44
88
23
39
7
4
15
39
13
4
58
52
17
41
27
13
13
23
36
55
3
29
1
9
159
54
2
2
28
39
7
63
3
16
7
72
73
7
19
120
121
84
22
11
17
38
141
73
28
38
26
6
101
71
160
12
10
31
39
34
73
20
24
1
182
5
20
48
27
53
9
14
77
47
10
3
16
17
25
39
15
7
36
7
27
136
1
48
2
24
22
9
36
27
45
9
6
9
1
17
133
1
34
10
3
53
29
21
6
75
26
1
39
34
3
50
44
126
54
16
11
6
26
38
47
29
52
142
11
75
7
207
24
50
48
7
74
11
54
1
9
47
38
30
1
8
31
45
20
10
72
2
3
4
2
2
70
28
129
2
35
103
34
19
3
59
71
17
11
12
9
8
5
27
21
101
30
114
41
21
6
50
30
20
2
50
16
35
140
11
62
95
70
59
8
19
90
12
48
95
6
62
61
7
21
17
8
12
31
9
17
7
125
1
26
109
36
60
29
75
5
1
5
4
6
30
48
39
14
86
28
39
26
29
33
29
67
1
28
72
8
39
12
28
7
110
58
28
13
112
47
78
12
13
1
53
98
13
12
32
4
26
12
5
43
23
56
42
8
17
25
48
22
45
12
1
58
35
41
13
28
1
2
48
15
2
17
5
15
19
26
3
6
19
109
35
24
2
122
34
32
16
48
57
109
3
42
109
6
3
15
143
6
35
18
89
60
241
67
30
138
36
44
27
49
98
35
15
44
16
16
125
39
2
76
93
58
27
40
116
14
40
47
13
33
12
22
11
9
5
72
25
5
15
3
101
28
88
106
121
7
42
161
53
56
39
92
36
37
64
3
66
12
8
47
22
48
2
58
116
85
2
43
10
179
9
9
28
2
162
13
42
46
4
34
22
6
112
38
29
76
23
24
42
14
8
44
30
96
63
12
188
23
7
28
1
109
52
65
49
6
41
26
7
9
9
94
15
120
47
18
28
21
93
53
35
31
11
6
9
3
11
59
11
52
3
15
3
68
18
64
39
5
45
53
61
55
71
53
55
43
17
7
59
32
63
45
21
29
101
1
8
186
8
5
32
100
25
84
2
51
14
8
155
25
53
28
24
37
3
40
43
59
1
19
41
49
123
1
7
30
39
17
1
31
22
64
2
45
23
16
3
6
23
2
38
56
54
54
35
11
66
45
73
9
37
59
14
72
24
4
42
4
46
45
26
8
85
1
20
15
42
3
12
84
5
5
27
70
16
39
9
27
9
34
17
25
1
3
47
49
47
39
43
14
16
52
53
97
22
4
74
68
20
3
37
99
84
26
18
54
17
7
52
43
49
55
1
14
28
3
47
2
8
37
19
6
21
93
37
29
167
16
33
22
80
47
80
17
13
42
38
22
22
5
1
17
54
25
13
37
9
40
4
75
7
58
21
32
11
177
35
1
25
54
49
14
51
14
73
64
7
37
55
26
41
52
11
11
7
34
13
3
61
52
87
56
4
46
29
72
28
92
75
1
10
19
9
10
15
5
101
3
46
6
3
22
13
28
9
76
19
12
38
54
96
39
49
8
22
67
18
34
9
46
3
8
8
83
17
57
26
21
49
6
14
46
83
87
39
113
9
8
137
22
44
58
254
138
37
10
128
21
36
9
3
41
28
16
27
60
5
117
20
4
68
48
29
50
32
47
64
66
93
30
119
219
18
26
81
53
19
24
10
45
4
3
37
1
65
62
31
24
16
5
55
66
37
21
3
10
50
37
26
33
2
160
3
45
136
6
110
82
111
22
21
17
100
3
114
35
4
58
87
80
23
13
17
69
43
73
37
34
34
1
5
1
92
37
8
54
32
6
7
65
1
87
45
45
1
7
182
16
14
13
43
45
31
1
15
82
9
10
131
103
54
43
69
8
16
2
115
51
33
70
60
16
17
34
101
58
73
123
8
2
95
6
77
6
6
21
11
21
1
12
49
4
24
56
38
74
17
75
71
54
28
28
16
200
61
10
12
3
3
23
46
38
48
14
7
125
86
18
61
3
9
3
15
7
74
11
48
13
123
64
17
39
9
14
58
4
35
46
74
49
13
39
14
45
24
13
21
33
7
97
36
34
98
5
17
2
14
9
17
4
35
29
75
8
10
3
15
38
12
15
148
31
31
9
19
9
66
5
58
56
22
30
32
19
29
61
11
39
28
24
84
55
70
86
3
55
12
23
39
22
4
18
15
62
18
30
7
7
88
28
102
13
20
22
14
15
53
134
5
66
150
103
16
64
22
95
127
3
30
11
18
26
96
6
56
68
2
7
4
117
36
44
8
43
71
10
39
159
35
28
16
24
64
61
88
58
34
46
46
5
77
62
17
52
27
77
5
5
23
57
59
73
5
23
44
31
2
21
92
21
1
5
21
1
114
76
33
45
5
12
22
26
11
100
16
31
75
9
1
77
98
3
140
11
1
30
100
43
17
80
20
28
65
98
31
113
3
6
24
38
18
7
2
21
102
7
46
33
1
53
52
26
18
32
101
15
81
35
73
11
188
94
1
45
8
32
54
5
43
7
78
22
13
19
7
8
148
121
45
1
20
95
10
41
10
34
3
29
41
27
58
9
39
15
54
29
68
61
50
39
72
10
6
11
56
82
38
22
69
6
30
9
17
32
12
23
11
11
81
26
51
17
79
41
2
137
16
7
64
28
27
70
77
17
11
77
44
13
4
21
41
11
19
38
168
49
21
1
4
66
49
160
33
38
28
29
1
4
42
41
2
26
75
54
43
28
4
70
27
7
29
17
55
150
14
46
22
3
68
38
31
7
169
1
123
45
46
14
46
38
18
40
12
9
106
7
9
52
56
7
19
23
108
71
70
53
35
44
1
6
5
109
69
188
96
70
46
28
92
44
53
30
15
10
10
20
1
39
42
15
42
90
43
74
135
30
46
18
20
1
2
54
71
16
20
29
15
20
11
13
40
29
173
38
108
58
33
122
37
64
46
1
17
11
18
29
115
36
2
11
28
11
7
27
38
28
14
116
50
36
46
8
16
152
36
69
55
55
67
9
1
9
22
49
40
6
61
45
4
26
36
4
11
32
64
83
19
2
51
135
16
8
6
23
39
3
111
8
32
9
1
83
87
196
17
39
12
10
16
9
36
11
20
85
27
15
18
58
66
117
41
172
10
10
74
4
23
18
72
17
30
18
57
20
143
20
94
16
65
99
9
28
80
79
58
124
70
14
63
85
1
31
11
82
55
40
76
8
53
45
24
4
28
19
12
1
57
29
17
21
8
2
24
84
43
26
5
8
20
53
25
6
12
28
11
27
35
22
107
125
60
7
56
25
15
24
70
25
33
11
41
104
64
25
24
39
12
15
47
48
145
85
25
35
3
31
7
39
57
113
25
70
13
61
45
80
13
94
142
51
1
122
23
8
19
59
10
50
3
21
65
40
73
27
106
84
10
69
67
51
19
77
98
22
46
14
4
26
116
13
34
35
21
2
54
6
34
32
12
12
9
1
14
28
32
47
14
50
157
3
6
53
3
13
110
13
29
119
67
4
109
104
45
6
28
2
35
5
44
11
83
1
57
83
117
93
43
93
49
18
44
14
83
1
111
142
55
8
1
37
18
38
263
12
16
34
4
80
43
2
95
22
86
8
4
92
27
11
12
16
80
23
11
2
19
6
5
4
8
17
101
52
17
64
3
47
26
61
26
138
6
35
142
71
30
15
4
28
3
3
46
27
27
136
18
62
35
53
28
12
45
4
54
73
39
223
57
8
40
197
5
16
11
7
13
116
75
22
6
68
2
2
10
52
265
51
30
21
30
72
100
9
12
17
5
77
26
9
13
14
30
85
50
43
57
52
22
4
3
28
5
47
11
12
27
25
33
26
79
17
35
71
24
60
6
63
15
25
4
2
16
7
66
44
4
64
1
160
1
17
53
36
9
14
41
1
46
33
44
1
76
3
231
9
15
7
10
65
26
4
11
10
14
6
1
13
8
38
2
40
12
154
119
11
21
2
35
24
33
6
59
29
33
56
6
21
58
28
6
170
41
9
4
52
34
13
50
21
50
29
56
19
4
85
98
6
4
35
184
123
14
26
16
34
31
33
64
10
23
13
4
159
17
22
54
11
68
68
15
2
12
11
31
51
4
34
27
29
65
196
3
48
2
53
24
25
46
28
2
18
8
2
34
246
10
153
146
161
15
183
176
31
55
12
94
9
47
2
18
44
83
40
59
23
51
47
1
45
16
14
72
15
13
46
104
23
23
38
49
16
29
52
85
17
26
29
34
68
52
50
1
11
19
40
4
50
61
76
64
9
104
43
19
3
24
4
88
36
69
3
63
176
29
122
54
76
36
30
36
46
8
9
21
24
58
7
50
35
210
2
22
10
42
69
9
8
45
4
59
74
45
56
4
66
37
6
10
34
30
3
10
107
20
80
44
68
29
142
58
18
90
2
26
2
94
1
5
54
67
80
31
3
48
21
32
38
3
86
98
131
13
22
27
12
101
15
55
25
119
5
118
26
77
25
1
19
60
28
5
24
43
5
55
18
33
12
43
55
1
36
1
118
131
3
43
58
18
7
82
87
121
139
54
50
13
59
79
32
14
14
11
50
10
50
21
99
3
139
7
11
25
76
20
47
68
29
4
11
10
67
56
6
31
64
106
85
3
30
23
49
96
8
25
1
30
13
29
10
41
4
6
70
3
174
20
18
30
14
21
19
56
9
33
17
106
8
39
128
8
58
64
120
98
83
36
115
33
122
9
4
28
12
64
51
24
334
40
9
1
10
24
66
4
137
43
111
43
58
75
43
73
5
9
58
17
22
11
5
50
10
41
2
13
5
6
25
57
14
37
68
15
33
112
25
72
90
6
32
1
56
13
97
114
48
26
3
33
110
179
58
39
159
15
19
15
13
11
1
24
44
95
9
61
75
38
7
85
5
33
5
15
31
12
8
37
7
30
9
7
19
97
31
22
89
39
30
65
42
6
37
13
17
90
52
101
20
26
34
39
4
11
147
42
153
9
22
35
7
9
21
70
49
33
17
14
63
92
73
6
8
28
18
30
28
4
62
87
86
17
12
32
59
100
1
13
8
77
20
93
19
5
4
17
1
3
139
25
47
10
5
17
25
32
7
43
5
46
59
8
25
62
85
41
6
19
10
12
3
16
14
12
30
10
47
29
64
1
7
134
12
127
66
36
64
10
150
99
60
95
35
1
99
58
60
13
5
16
27
12
81
48
16
26
3
4
5
20
14
7
111
6
2
13
42
6
6
111
86
46
52
85
42
18
52
23
55
25
19
7
62
33
26
7
63
9
6
1
62
59
133
43
4
6
7
287
126
9
23
117
23
5
47
15
107
57
3
15
20
90
50
88
78
51
8
44
121
24
46
21
12
14
58
56
16
32
47
44
15
17
20
2
40
32
26
1
44
18
13
17
53
23
22
2
127
7
49
96
27
6
12
11
34
179
69
24
77
2
95
39
112
84
23
71
16
160
6
6
6
23
45
79
39
80
28
28
13
32
2
17
3
102
29
23
12
119
8
10
10
15
94
38
42
142
3
46
42
82
46
7
25
55
77
65
42
1
35
24
16
74
56
11
26
61
54
64
7
14
35
25
158
20
42
50
37
3
166
35
14
41
10
66
4
20
15
50
13
40
89
19
14
11
174
84
39
50
42
71
123
54
51
7
16
46
125
18
3
91
89
20
31
60
31
42
47
22
31
146
55
45
18
25
31
22
1
139
62
48
41
47
31
67
33
29
23
6
49
19
16
43
29
53
57
46
38
48
48
79
46
19
59
4
32
20
1
2
93
9
60
5
22
105
2
107
26
4
76
10
3
16
24
3
39
54
1
89
6
38
12
38
4
26
2
3
61
105
26
22
112
23
23
80
10
16
24
41
48
16
37
8
15
17
150
29
27
63
44
11
25
51
84
10
5
7
71
6
47
53
123
2
77
144
85
10
133
4
21
15
38
9
48
6
43
47
54
22
13
2
47
78
84
8
50
33
19
10
5
10
13
71
32
8
43
21
84
23
26
29
9
24
4
2
45
15
5
84
15
20
34
16
6
30
21
1
2
98
14
1
54
65
32
114
21
35
5
12
29
61
36
5
105
26
9
21
34
33
79
62
114
55
34
17
17
3
8
3
13
28
124
5
98
85
3
20
55
13
19
17
10
18
131
56
2
55
35
6
1
36
12
10
16
29
35
47
65
4
24
4
55
69
83
4
67
119
3
44
10
93
30
63
22
7
34
69
82
73
2
32
20
186
3
41
10
3
16
21
10
3
31
15
72
3
11
5
23
17
54
107
52
23
32
53
5
2
12
62
32
240
28
57
35
28
44
33
13
18
46
60
62
10
61
5
15
61
116
20
2
31
66
47
95
98
17
44
4
11
68
48
7
115
10
52
171
6
6
2
9
31
171
92
78
70
16
53
15
111
2
15
68
9
39
34
28
29
23
146
29
13
18
51
1
20
27
135
83
12
83
120
2
32
2
15
10
27
12
40
4
29
24
5
6
3
23
22
57
37
67
16
6
11
130
56
46
17
44
3
77
19
25
19
34
47
13
21
7
24
254
111
42
162
25
19
204
127
24
13
64
8
12
50
4
17
32
26
10
29
11
2
134
12
48
67
42
77
108
30
41
8
16
48
43
8
54
5
122
66
82
134
90
43
52
34
19
7
124
73
22
17
2
33
8
7
39
28
16
132
34
96
17
4
29
61
2
63
24
4
52
121
115
68
2
44
44
34
67
60
4
29
9
44
31
33
74
2
33
23
103
4
30
35
8
3
12
131
36
20
30
14
175
28
20
4
43
12
95
6
74
1
71
13
32
2
167
8
2
25
37
29
7
58
39
1
35
38
63
2
37
6
10
49
48
22
19
33
77
35
143
10
4
8
34
6
7
18
18
14
57
15
41
157
1
1
26
6
75
25
3
34
10
56
7
4
54
18
72
24
98
42
132
28
4
12
71
40
11
28
28
20
15
80
5
1
70
15
9
27
24
23
42
2
58
5
8
111
7
96
40
21
32
73
8
97
49
228
99
17
29
19
22
37
8
9
18
16
3
1
51
4
41
2
9
28
44
27
69
24
8
106
11
10
42
10
11
2
126
14
17
4
58
62
53
91
13
15
8
99
13
19
70
22
14
19
10
5
195
134
23
46
21
82
35
2
35
40
6
125
72
15
20
15
20
5
41
39
88
131
69
60
4
8
70
65
1
1
10
48
16
40
46
8
31
153
117
21
94
10
31
77
57
7
97
3
68
5
92
29
11
7
16
39
32
22
186
45
3
32
2
10
22
3
36
55
1
254
43
10
138
12
76
13
245
64
27
8
31
23
10
49
36
24
47
45
16
102
122
82
7
22
42
50
80
41
16
53
37
2
49
25
49
82
13
115
29
86
58
17
37
19
14
67
5
73
9
21
13
10
14
28
34
107
43
25
14
7
29
42
206
41
6
76
45
12
52
6
35
93
24
10
24
25
13
11
5
28
12
32
58
92
50
30
16
3
33
97
10
56
1
4
109
6
17
8
69
5
26
13
20
45
9
97
18
111
2
41
24
36
19
79
5
1
88
49
55
4
91
81
53
27
18
25
38
5
65
8
8
42
8
92
77
15
75
14
40
5
101
12
9
124
12
58
15
77
33
154
6
66
20
19
37
6
49
1
5
141
48
208
110
44
23
6
16
52
31
4
2
121
12
97
4
6
40
56
3
27
3
60
26
23
3
23
17
23
64
8
5
30
74
16
39
27
34
8
36
3
44
40
146
42
22
26
42
8
42
11
45
22
49
35
10
22
22
88
50
106
3
11
44
100
22
1
12
142
28
9
3
31
43
93
48
37
25
15
102
32
41
3
24
78
72
71
5
33
143
16
65
12
40
16
67
35
5
25
67
13
11
22
4
3
5
17
52
71
14
23
13
100
16
47
112
4
19
7
99
68
46
3
36
13
24
108
62
20
3
78
15
19
160
36
90
91
100
31
23
24
16
58
96
139
20
13
51
112
64
119
42
57
48
31
3
19
29
13
66
57
105
10
63
45
32
60
31
56
9
6
84
70
5
26
16
11
104
96
61
74
10
47
69
50
10
16
4
81
20
75
49
10
32
19
29
18
72
30
60
81
14
80
2
89
13
9
15
80
79
73
4
22
7
99
13
24
8
77
6
31
60
9
105
12
46
29
23
5
17
97
45
58
6
17
52
32
17
30
93
91
73
64
88
47
41
7
7
39
77
6
23
12
7
28
54
69
52
51
66
28
57
4
33
46
74
32
2
41
82
67
90
16
6
160
1
36
46
6
16
90
14
16
43
46
31
27
6
12
18
1
58
86
3
11
71
5
49
1
11
21
29
60
20
118
144
130
42
75
9
60
54
88
2
36
19
15
219
64
97
107
11
20
3
34
58
12
108
78
5
18
16
31
28
87
11
10
60
83
68
1
36
59
17
46
51
44
34
43
9
6
65
20
79
125
25
83
15
27
45
70
42
25
59
27
50
6
8
74
16
29
5
200
56
66
52
1
11
29
3
3
10
22
36
34
45
61
154
78
20
20
95
8
87
15
26
28
18
25
48
110
37
19
9
2
59
95
159
5
39
19
3
58
10
1
168
3
73
23
8
40
82
56
41
4
75
45
77
7
13
3
11
37
5
3
58
200
79
64
1
34
32
6
94
51
69
149
25
5
50
22
127
49
9
1
25
20
18
41
29
129
2
80
19
25
17
85
2
19
4
52
108
120
3
3
176
68
6
29
12
46
32
114
52
9
98
126
32
88
18
79
47
38
13
44
16
3
4
42
97
19
16
20
2
43
16
17
4
20
133
21
8
11
67
85
19
9
3
37
32
17
31
4
62
32
73
67
6
14
94
18
96
6
127
50
23
9
32
58
14
11
16
124
121
52
39
30
31
119
37
39
71
81
37
16
19
18
76
10
5
191
21
1
18
136
12
14
19
25
86
5
44
120
4
29
50
29
5
13
17
88
48
52
87
20
16
160
52
4
54
5
55
12
83
27
1
36
16
86
57
5
73
94
28
62
74
5
15
27
6
96
38
15
33
59
30
104
14
35
25
15
10
50
26
75
13
5
105
61
2
103
65
13
1
88
27
106
2
12
9
90
39
8
59
46
64
19
37
43
103
41
1
35
4
50
148
135
26
22
25
2
13
22
102
1
5
20
96
3
53
6
144
6
91
1
13
100
13
26
6
10
26
33
23
19
8
59
19
40
4
62
21
30
9
282
6
58
33
97
19
4
84
8
151
47
48
30
12
14
4
42
3
10
48
123
49
104
12
28
4
52
18
59
8
3
42
50
55
91
91
20
15
7
46
3
77
19
196
42
22
21
9
39
3
34
16
39
12
16
42
56
37
4
8
38
25
18
37
60
22
117
25
9
15
29
37
76
42
35
46
14
12
4
20
111
13
6
59
32
64
71
85
15
30
105
69
23
4
22
13
7
8
46
7
47
37
104
52
12
59
7
10
4
47
39
37
4
62
70
91
1
31
43
9
64
31
84
7
12
7
25
5
40
21
37
24
40
2
19
21
22
2
32
5
143
85
40
87
15
145
64
31
8
41
1
94
68
121
56
69
37
71
7
36
215
34
20
8
12
100
50
40
87
20
21
99
9
1
38
9
70
1
20
63
6
42
25
3
82
34
12
40
2
122
22
73
43
27
23
4
44
15
28
33
82
13
56
1
23
29
13
3
30
13
9
44
47
74
58
102
26
4
31
82
71
20
18
17
66
56
82
48
12
25
14
91
49
101
4
22
1
112
3
19
23
2
10
11
58
56
31
101
15
81
3
40
13
10
7
50
97
5
12
22
14
67
3
4
59
17
71
48
8
6
6
80
53
114
21
23
4
91
46
19
43
14
38
21
12
9
163
1
55
47
18
78
13
2
65
77
14
48
47
13
3
22
14
16
105
60
65
2
145
43
30
46
48
33
39
4
34
17
18
5
21
20
74
11
150
57
32
13
2
31
12
83
77
3
12
69
14
19
4
1
17
32
57
76
75
47
46
73
114
11
20
68
7
37
39
35
20
6
61
71
83
2
123
40
50
14
13
9
39
12
41
27
10
4
90
75
79
188
13
25
4
174
65
5
30
6
15
3
26
26
77
38
30
11
22
78
21
35
23
58
17
21
254
68
54
26
14
11
28
81
16
24
33
12
42
26
23
84
7
13
33
25
2
10
2
11
81
76
24
54
24
24
1
12
2
39
32
3
42
27
71
92
36
51
19
3
7
103
71
16
32
11
56
103
18
56
15
14
63
20
90
8
63
27
63
2
28
106
67
2
73
5
39
64
47
64
8
12
121
4
52
173
54
135
13
7
3
29
64
30
1
31
5
112
27
106
15
25
2
57
18
24
32
53
127
9
106
10
50
7
77
17
18
28
7
61
33
61
64
2
131
4
12
12
203
75
51
78
35
22
6
34
1
149
39
46
15
13
11
72
29
65
124
13
125
23
29
72
12
48
56
62
3
42
29
15
13
63
5
2
106
41
35
37
30
18
49
184
5
55
50
25
207
71
20
34
71
52
42
33
78
56
30
61
15
87
19
43
22
15
20
14
71
6
3
83
67
49
141
82
79
27
11
38
47
21
57
32
69
55
122
28
29
28
94
54
58
88
8
2
34
68
17
68
69
20
18
61
61
65
14
30
99
3
31
133
37
6
4
36
24
89
60
6
16
20
24
49
44
18
25
104
131
9
117
5
11
4
67
31
29
31
8
32
33
37
12
80
69
7
50
32
34
2
33
41
19
12
5
74
93
91
38
8
15
76
33
29
63
5
27
77
1
38
19
34
53
88
64
12
163
4
83
7
27
53
67
15
112
235
16
4
66
9
27
31
20
47
13
16
2
50
133
66
92
42
14
9
36
123
45
14
28
13
1
20
48
22
2
31
94
5
23
13
42
49
19
8
16
59
30
26
3
76
164
42
76
37
145
29
42
42
174
20
38
26
37
41
41
6
17
76
16
21
51
19
6
37
5
24
11
7
7
27
94
22
83
30
30
19
19
28
66
3
37
48
7
18
13
78
29
44
27
71
15
47
55
6
20
19
2
28
60
35
1
24
2
44
3
99
55
23
27
62
7
4
10
10
86
20
37
25
33
131
64
20
2
13
100
132
56
67
42
25
26
47
123
12
4
4
16
1
5
28
56
13
18
47
12
10
31
62
10
94
83
51
35
4
94
14
37
26
30
54
9
207
71
9
56
160
24
16
29
48
67
19
13
86
85
12
15
18
101
38
138
22
121
41
17
45
119
9
10
7
16
13
64
28
13
66
35
5
38
43
4
46
43
119
35
11
19
59
39
20
62
51
37
9
109
21
149
44
48
99
62
7
30
12
72
10
42
27
61
37
102
47
79
40
5
5
65
2
54
18
25
3
71
20
35
22
94
16
3
9
151
40
75
45
14
38
5
62
29
33
22
11
80
10
52
3
7
141
7
26
23
49
68
56
21
7
40
2
46
6
23
154
78
39
23
25
5
40
92
1
6
4
15
9
68
97
23
137
27
14
48
40
45
4
18
75
22
14
107
14
27
252
19
1
18
35
24
118
40
67
117
23
15
162
19
39
19
13
46
38
7
50
134
10
47
29
67
9
19
67
163
36
8
124
17
122
1
101
4
74
9
20
14
1
37
46
43
105
81
54
10
157
47
41
21
32
2
76
35
31
102
28
46
2
56
20
113
86
15
92
100
42
67
5
48
42
13
3
17
5
2
40
108
31
114
67
13
1
63
10
59
15
35
2
28
16
126
93
21
145
53
5
44
84
44
72
43
93
42
94
28
11
73
24
128
117
42
35
22
6
2
93
102
25
3
30
34
13
48
58
24
144
12
15
161
15
30
7
64
11
2
17
13
72
31
5
48
62
48
34
16
3
50
19
107
62
53
57
10
52
28
9
69
27
18
36
12
124
31
10
67
18
71
72
53
23
32
64
102
1
8
78
23
101
14
18
38
64
105
40
57
29
211
51
15
18
23
21
36
51
129
90
30
87
65
18
24
66
15
18
46
11
44
2
54
21
5
15
74
2
48
70
69
23
80
25
16
2
74
11
48
14
28
21
67
47
41
62
2
38
62
2
1
43
34
9
24
41
60
81
78
43
4
58
86
9
3
32
5
86
53
22
23
24
46
69
187
13
9
5
19
15
4
14
22
15
17
2
86
4
34
46
19
62
6
20
25
55
44
24
218
6
52
62
38
259
125
5
75
57
19
25
130
51
96
34
88
59
14
117
1
4
47
27
6
13
63
2
37
44
40
14
17
1
87
43
5
24
2
21
38
30
30
40
33
33
9
105
7
100
18
4
24
15
19
9
216
40
66
25
97
6
21
54
22
2
34
23
4
79
72
96
32
18
105
31
22
30
87
59
53
80
9
2
139
76
14
15
2
55
33
5
14
54
25
29
11
18
8
2
49
32
28
24
43
55
43
52
29
135
15
9
84
51
24
6
13
2
7
92
23
96
81
11
1
128
24
20
7
5
1
35
15
13
45
22
80
3
61
15
19
6
23
45
68
29
1
8
13
80
4
28
14
163
73
24
14
21
121
16
4
39
126
91
64
29
4
25
13
2
7
94
12
18
23
42
10
73
157
13
10
110
5
39
27
88
74
190
22
18
69
45
35
102
25
69
122
10
54
2
43
7
10
7
26
48
1
20
33
10
89
21
5
42
8
16
10
3
12
91
14
95
41
97
64
24
54
41
91
74
64
23
29
30
8
60
35
24
5
11
25
11
11
4
53
48
1
24
133
43
7
53
19
12
19
16
10
43
15
68
105
23
60
15
28
30
59
45
24
4
32
8
58
12
17
11
29
51
71
26
3
9
10
16
14
75
24
1
59
13
6
58
7
19
14
79
74
25
93
76
22
7
15
26
16
10
143
5
72
11
33
9
3
15
10
60
72
9
37
92
51
24
4
8
26
55
18
57
143
63
35
2
61
8
2
16
61
158
104
158
14
34
3
30
25
2
3
149
30
2
15
17
123
13
55
29
39
1
44
94
12
10
23
1
73
8
16
6
41
76
29
35
61
2
65
131
55
63
53
10
36
103
85
17
25
41
53
16
38
19
30
57
129
36
15
59
37
4
32
2
79
11
146
13
30
45
43
13
47
18
10
2
55
9
75
33
22
24
21
50
111
42
183
38
2
3
53
11
72
38
2
2
95
44
20
26
20
37
56
14
6
11
20
4
47
7
39
2
26
52
32
19
4
103
60
5
123
26
26
67
4
49
47
33
9
38
33
15
39
12
78
14
97
7
33
1
33
76
57
23
33
9
9
30
5
22
72
24
328
20
28
2
1
2
25
24
3
52
20
98
119
2
7
38
63
3
53
80
45
29
72
8
26
47
12
1
44
2
37
16
8
61
7
8
5
54
118
6
83
4
7
31
63
3
64
32
72
76
2
112
98
9
14
7
11
13
61
51
47
98
13
19
57
2
6
33
72
81
11
18
28
8
129
21
52
16
4
104
114
3
36
64
17
8
10
74
95
6
9
8
76
123
50
33
48
33
63
4
15
111
23
11
18
17
17
31
24
125
58
105
3
2
68
78
101
3
15
63
8
148
12
5
41
24
54
56
45
13
11
23
8
99
62
12
14
22
29
58
2
83
125
14
20
43
52
14
20
28
39
63
4
20
155
16
5
98
78
74
81
40
9
6
185
36
89
11
6
46
8
52
63
33
75
3
62
92
235
40
42
13
257
48
68
3
58
32
11
39
22
54
32
32
16
171
97
152
81
52
21
48
57
17
18
86
43
41
5
1
115
49
34
17
95
43
101
45
19
29
32
82
9
96
31
5
2
35
19
30
55
33
71
11
59
71
38
54
89
55
5
103
85
5
69
14
12
25
74
108
10
18
16
8
8
68
42
40
43
62
72
16
77
5
58
40
60
2
25
56
45
99
15
63
78
25
61
13
61
14
40
4
67
11
72
22
1
34
5
32
53
13
5
7
25
9
125
3
34
17
13
17
18
87
8
50
36
30
24
92
33
40
8
2
75
109
9
15
69
8
28
93
45
65
32
40
76
78
16
52
2
15
71
53
78
7
19
241
11
23
50
16
4
52
78
64
3
32
52
87
10
50
19
9
33
25
6
17
5
60
13
21
11
26
64
9
59
42
7
10
10
83
48
14
3
46
3
9
12
17
19
30
209
41
27
16
101
5
99
100
34
9
42
26
49
3
32
13
38
12
37
20
88
25
13
8
1
124
4
85
5
4
8
34
14
54
7
10
1
18
42
16
107
11
38
15
65
3
26
7
54
51
10
3
57
106
1
35
10
17
16
14
7
39
49
19
73
9
11
72
59
55
9
81
43
41
61
22
3
46
10
5
49
10
122
15
93
80
74
6
21
60
41
9
52
18
38
9
41
31
108
45
6
18
14
69
148
20
35
18
14
15
8
10
76
26
147
8
58
43
38
18
30
21
68
6
48
36
57
7
10
48
80
4
7
38
183
14
1
154
43
101
78
10
95
36
7
92
42
27
208
67
42
36
38
28
4
45
78
104
78
53
19
41
6
1
95
10
10
38
38
7
33
8
2
46
53
30
107
12
26
46
24
67
5
23
24
66
215
99
35
35
25
38
129
30
30
49
204
51
28
14
23
85
97
3
15
24
7
66
44
21
31
1
26
2
10
3
15
12
100
84
19
1
5
12
5
16
30
20
151
167
37
35
48
22
16
4
32
9
21
18
27
62
15
30
39
107
17
56
4
60
10
7
29
70
28
51
40
58
64
17
5
1
50
7
12
5
24
51
64
5
66
23
8
30
8
414
139
19
18
10
1
33
12
82
9
101
23
47
51
135
3
58
25
1
38
57
44
4
35
25
22
7
24
59
31
18
9
59
29
68
25
108
45
38
114
171
49
9
6
36
9
155
115
23
65
32
72
100
15
6
6
4
83
25
7
12
13
1
4
16
18
13
39
8
6
16
20
9
25
5
33
10
16
33
20
127
10
4
20
62
28
11
5
4
58
11
36
30
21
30
32
1
1
2
2
57
8
10
4
31
12
10
47
43
6
6
54
39
163
88
20
23
10
139
1
14
8
52
13
4
46
15
8
22
14
101
16
34
16
45
6
203
34
46
2
49
52
17
17
17
4
19
36
5
33
18
16
9
67
80
42
122
19
3
13
16
7
50
30
60
22
113
158
12
9
57
129
46
29
46
30
15
113
12
9
1
75
9
15
25
53
24
73
2
32
168
33
20
105
15
19
2
29
24
24
12
14
39
92
116
25
142
40
25
2
8
6
13
3
23
21
12
2
102
3
4
42
32
45
13
96
27
31
10
25
46
18
70
2
1
5
12
38
18
149
38
64
54
23
49
1
3
22
19
18
14
52
99
69
56
24
40
28
16
93
54
73
115
23
59
8
36
11
107
1
3
22
34
20
58
1
27
14
5
20
34
3
7
9
52
120
2
4
16
1
27
39
9
46
43
28
59
124
17
2
95
12
118
3
106
52
90
52
2
30
79
37
6
61
8
30
9
11
18
91
14
37
27
14
45
29
66
24
15
4
5
2
22
21
111
24
64
16
46
11
49
8
18
86
39
2
66
41
73
13
138
33
16
47
5
38
5
3
6
36
29
7
24
10
10
24
27
96
18
86
38
76
16
110
24
109
15
38
27
85
75
60
29
43
57
9
132
43
14
25
16
141
56
93
38
103
25
8
19
106
6
34
9
59
3
122
109
43
25
18
34
9
21
4
33
45
9
42
54
33
35
16
7
36
49
28
34
10
2
22
11
145
51
35
21
51
22
26
71
21
58
42
18
72
9
8
19
37
2
95
22
113
13
33
4
67
40
169
49
10
1
52
32
55
47
10
18
9
88
7
51
32
5
121
82
15
18
79
71
4
31
29
6
45
25
19
7
22
16
10
12
5
27
24
31
58
16
62
54
8
30
81
9
15
62
7
3
69
28
3
26
51
48
49
12
128
2
71
110
12
50
14
43
17
8
114
62
50
34
46
57
24
4
33
33
11
22
22
22
21
14
37
16
35
217
14
11
5
9
34
27
96
8
41
45
73
12
84
1
26
168
48
26
14
95
22
111
112
52
16
203
19
1
5
9
32
47
53
21
40
78
5
170
11
16
51
92
12
75
8
19
35
88
25
39
1
12
54
5
30
25
56
58
37
101
2
15
27
126
24
14
16
46
119
21
1
3
93
13
4
29
3
42
29
33
19
50
72
127
26
8
6
93
67
43
38
4
118
48
65
24
45
38
50
82
47
46
140
11
86
26
36
11
16
32
35
43
12
28
25
5
5
26
27
4
18
88
13
1
1
18
8
50
4
146
36
48
31
36
94
120
3
25
34
10
7
36
22
29
45
16
58
21
65
16
18
56
14
13
81
28
5
131
14
27
59
35
8
91
18
23
19
15
50
11
17
23
8
3
22
11
97
4
38
54
22
3
12
69
13
28
14
18
70
15
91
28
53
25
31
70
93
1
54
37
52
46
35
128
29
94
3
35
27
18
19
12
7
24
6
93
33
19
11
4
11
18
31
2
79
160
73
5
163
37
22
60
74
14
5
167
72
19
10
73
51
4
14
52
15
4
36
197
31
5
89
33
57
74
131
3
5
14
37
49
13
62
50
90
45
72
16
20
14
31
20
12
117
56
8
96
8
74
27
36
22
19
48
48
9
62
42
3
142
48
165
34
12
58
25
27
43
1
34
2
1
164
8
6
32
50
10
24
5
64
28
24
29
24
44
1
104
67
12
8
10
13
50
95
39
7
46
30
59
9
42
32
28
52
47
21
20
26
1
26
14
17
20
27
36
25
47
45
17
3
60
3
24
15
37
13
16
68
48
29
16
26
48
2
2
18
23
56
13
59
126
13
17
34
5
34
4
22
2
1
1
62
30
37
37
25
54
52
18
101
99
126
82
161
7
11
6
134
35
35
14
113
6
18
81
82
67
10
2
18
4
46
5
43
71
34
123
21
55
9
7
83
38
29
110
23
17
2
5
6
26
48
13
55
41
53
17
15
26
14
34
5
10
21
65
39
52
29
117
51
43
9
19
85
4
11
140
93
32
81
38
45
16
10
6
49
11
52
63
41
5
11
14
10
8
41
98
41
1
51
11
24
28
8
30
4
42
23
10
6
55
37
58
20
21
10
38
6
33
109
20
65
33
4
39
44
84
53
6
53
93
55
4
49
87
8
23
52
58
1
8
87
4
143
15
64
4
28
45
5
35
3
40
183
64
10
2
18
32
36
74
46
33
41
29
29
11
22
92
1
13
43
9
27
14
14
7
15
4
51
1
22
111
9
53
5
42
58
44
32
20
26
12
25
38
23
2
43
31
22
3
11
66
25
134
23
8
3
8
17
5
40
137
28
12
32
15
27
15
2
165
53
57
20
31
20
45
18
53
46
64
10
18
10
2
53
27
107
26
70
108
17
65
49
52
57
1
28
14
32
8
123
52
87
5
55
27
7
106
135
31
17
8
17
12
16
24
23
10
5
5
36
22
70
80
34
37
9
11
24
17
96
28
15
4
32
22
22
19
11
98
45
59
10
21
28
8
11
12
31
17
5
5
74
6
11
108
176
12
155
77
8
19
77
4
2
75
38
26
123
17
100
145
25
13
80
263
1
6
110
26
52
31
50
35
61
5
48
23
3
91
19
49
29
14
59
16
12
30
37
53
18
101
69
6
48
38
3
22
76
31
2
52
16
99
33
53
8
30
9
12
27
10
12
281
146
54
20
3
30
2
4
23
14
43
4
29
2
23
29
8
59
40
27
16
55
38
17
84
62
17
3
5
73
13
29
66
13
46
73
25
25
101
210
34
4
12
45
65
71
139
54
39
64
64
6
19
59
29
4
17
10
6
70
19
17
6
54
98
6
19
103
60
119
38
16
20
20
36
138
89
112
91
37
30
38
12
3
17
45
18
1
5
37
82
95
22
20
53
11
17
28
17
17
51
42
29
76
9
24
19
48
49
8
84
60
22
14
29
70
105
8
24
17
5
116
12
117
10
20
11
19
34
26
229
28
31
42
57
24
30
4
187
74
119
117
24
37
14
85
11
36
12
8
20
8
3
25
1
42
45
28
91
1
19
67
22
44
26
82
56
27
12
35
4
11
6
41
31
110
4
64
188
10
53
5
33
12
27
60
7
2
3
2
102
14
36
7
20
17
21
13
92
78
121
90
84
120
44
2
71
51
1
12
64
41
36
8
71
12
8
25
29
111
83
7
100
18
48
75
10
13
74
6
57
14
39
7
77
3
26
32
41
11
87
201
40
38
26
28
7
28
30
8
103
52
32
159
49
142
51
43
45
40
47
30
25
12
61
63
6
68
9
244
65
37
27
40
75
34
15
72
2
4
5
115
219
124
10
62
26
10
14
125
38
28
65
1
72
12
40
2
19
92
79
46
17
79
57
22
54
49
209
7
115
16
2
2
6
355
2
21
96
27
94
5
135
11
29
20
18
106
4
92
38
84
43
31
34
4
39
38
23
16
17
11
28
91
13
89
44
14
6
13
38
94
28
10
5
30
53
27
12
1
128
8
24
47
49
35
147
22
16
69
16
78
31
1
8
41
28
60
63
39
60
86
14
26
50
52
41
5
10
15
11
45
40
73
54
43
104
6
6
53
94
7
38
16
111
63
8
58
24
50
42
24
263
2
61
101
22
63
12
70
20
6
47
33
25
3
71
202
57
67
2
13
86
41
37
44
42
12
3
142
7
16
42
62
8
25
107
90
162
35
42
109
7
205
30
9
2
74
73
8
111
2
122
51
10
72
49
26
8
50
56
84
7
15
29
93
14
35
67
15
8
28
10
11
46
8
24
51
2
21
46
38
6
19
107
10
106
30
65
11
79
35
31
3
10
22
9
6
46
47
66
4
9
11
6
75
14
40
3
12
32
9
58
18
3
10
8
130
7
17
3
28
10
24
123
117
89
55
31
36
54
169
86
24
16
41
56
24
65
6
37
14
33
14
23
9
20
6
6
38
9
84
49
8
14
39
46
15
17
31
184
199
36
79
51
41
1
93
50
12
25
15
100
14
18
19
9
2
24
14
26
36
120
16
11
65
14
31
82
3
5
2
2
17
2
27
130
31
33
52
16
6
6
43
54
76
7
57
8
48
20
50
19
27
16
34
17
46
95
5
121
1
2
24
35
23
7
55
31
105
53
91
11
21
16
66
18
9
37
153
7
63
55
126
15
9
29
10
6
18
36
49
25
2
24
67
84
15
2
48
23
23
29
95
43
49
47
134
48
10
33
136
21
9
28
192
9
111
23
9
16
28
25
25
2
61
36
22
1
19
68
36
15
21
46
60
37
97
47
15
15
60
72
9
26
67
95
38
22
165
54
5
111
79
61
23
31
3
198
60
14
6
1
4
62
35
4
35
55
68
102
34
13
20
23
5
96
21
6
47
14
3
3
31
62
81
57
89
6
127
18
21
76
13
39
40
5
4
46
28
56
45
39
18
120
79
25
3
29
17
7
5
39
178
43
49
61
1
47
1
16
24
3
1
33
8
70
16
20
45
18
103
120
5
4
34
17
47
15
78
122
58
19
68
66
44
58
53
16
160
10
4
4
31
18
10
7
206
17
9
38
30
14
10
10
4
96
20
92
30
8
31
1
84
13
20
69
39
15
102
35
30
73
13
12
79
111
14
3
33
59
21
159
3
79
55
4
80
13
72
41
14
34
29
104
2
16
104
1
8
66
1
41
17
7
37
70
45
14
75
22
16
6
60
86
22
21
19
33
51
5
72
31
7
7
36
42
26
30
4
5
72
24
6
139
10
141
24
107
63
18
44
13
129
92
16
17
20
23
70
7
7
10
89
75
66
106
23
5
3
6
17
18
21
72
12
5
41
25
50
18
12
42
78
17
20
22
80
2
37
26
3
120
26
45
11
220
56
12
18
37
21
29
126
47
33
48
2
53
137
87
13
23
11
9
5
35
9
6
83
40
6
2
24
2
56
61
12
15
48
24
6
36
100
35
64
31
4
20
16
7
100
88
62
6
5
113
16
35
91
46
4
107
40
1
4
51
7
55
10
9
6
199
189
8
32
21
7
112
2
40
61
50
38
23
15
6
36
5
251
3
72
70
8
36
85
2
7
2
52
106
7
48
6
237
64
55
133
107
10
3
60
5
27
6
4
74
68
43
27
54
21
8
16
11
22
35
13
10
30
25
1
45
25
62
65
22
74
35
9
10
75
6
63
23
3
11
12
30
9
25
54
23
30
41
77
43
14
95
56
9
39
50
64
26
25
10
5
20
39
28
40
6
4
31
39
7
183
7
61
125
42
4
31
18
97
37
15
191
52
17
30
43
22
92
53
11
34
53
38
124
48
34
68
230
6
1
1
42
5
104
4
99
62
26
5
14
45
42
121
1
64
17
98
22
37
50
118
22
133
5
20
50
27
102
31
11
25
110
62
49
40
11
7
8
4
13
64
52
17
24
57
70
80
18
27
38
22
79
19
43
12
6
12
17
50
51
31
53
8
35
17
9
12
52
19
131
64
75
7
83
7
16
31
30
92
4
66
2
44
28
7
47
7
24
31
80
25
33
9
11
56
117
14
10
140
12
2
29
39
3
20
29
77
1
21
34
164
10
34
36
134
35
33
14
11
31
10
61
11
81
4
63
25
188
15
2
31
2
134
53
40
77
15
58
13
7
7
67
45
38
39
35
33
12
71
56
115
9
27
21
4
12
59
22
23
22
25
208
1
67
32
59
44
192
65
40
55
22
28
11
67
44
86
19
48
37
110
6
9
16
17
43
40
9
79
59
52
59
40
57
23
35
8
9
8
25
113
15
50
202
133
31
91
7
2
33
31
5
5
15
146
7
301
78
54
33
2
75
20
5
20
72
15
15
41
110
46
51
28
36
1
103
88
14
79
195
37
18
10
5
10
71
81
4
26
27
17
9
41
8
37
10
22
5
25
69
40
101
31
22
162
14
19
47
2
16
71
58
9
38
1
23
23
78
17
24
17
54
34
88
21
58
39
94
33
43
24
38
89
19
48
39
23
1
8
23
29
12
62
8
11
11
5
90
32
36
29
2
7
5
9
127
39
122
42
2
27
40
254
84
115
26
50
82
70
84
1
33
46
69
149
24
15
78
64
48
12
8
49
51
6
53
56
66
35
44
33
1
38
24
7
1
56
5
7
15
40
20
41
24
5
22
19
30
74
3
84
33
21
21
77
25
24
4
38
65
5
5
10
17
140
35
17
2
303
17
70
13
11
14
18
67
16
10
18
84
24
150
36
12
26
167
50
41
10
5
94
28
3
84
67
43
115
30
17
43
13
5
51
21
25
82
64
19
55
17
54
107
31
69
20
7
2
35
20
87
12
17
15
8
43
18
41
24
38
51
96
3
4
16
6
63
11
4
28
100
3
15
12
11
4
10
12
64
3
161
5
63
30
12
18
12
38
2
63
48
8
28
12
6
92
56
23
84
7
64
47
12
185
2
2
57
99
45
1
24
1
80
3
16
70
40
79
17
19
4
42
189
20
71
39
88
129
62
24
4
192
15
3
25
41
7
100
16
28
1
23
3
98
29
65
4
8
8
195
71
58
128
44
4
139
46
66
101
5
338
64
68
28
14
4
25
13
10
17
75
85
29
15
37
75
57
66
9
23
10
11
30
35
24
37
27
23
15
11
53
24
30
74
21
1
26
65
48
86
15
26
108
20
13
1
89
45
5
79
61
198
46
8
29
63
17
12
5
50
2
6
38
60
15
51
39
103
32
35
