2
13
19
59
30
24
4
127
19
18
12
10
152
44
68
3
12
47
6
16
9
20
11
2
17
12
5
9
23
98
30
4
2
77
89
21
3
20
23
9
1
21
9
7
36
107
37
32
9
21
25
20
14
40
39
24
29
22
55
62
25
82
26
29
4
4
103
7
1
68
18
28
28
30
6
37
15
3
3
105
14
37
63
27
62
52
15
16
24
42
19
133
24
50
15
36
26
3
9
30
36
6
10
120
57
41
6
16
69
46
9
14
12
46
135
7
14
97
57
13
4
15
26
26
53
113
42
14
31
29
23
43
30
38
33
5
58
73
22
36
23
7
51
5
98
23
122
9
10
27
49
9
55
30
3
5
29
149
6
10
20
12
41
86
13
49
37
51
31
34
21
27
51
25
20
34
20
19
4
48
41
5
1
4
43
43
32
10
11
10
74
11
4
13
11
20
32
47
67
41
23
26
25
17
10
16
31
53
41
7
33
30
18
3
16
14
19
42
13
28
30
61
3
38
2
55
13
13
9
8
15
11
39
102
24
64
44
29
8
95
27
51
47
43
25
5
79
60
21
18
13
37
51
5
35
22
15
14
5
33
20
7
6
35
1
41
3
60
15
19
47
32
9
51
13
37
62
21
14
7
22
26
14
61
59
23
16
6
19
6
123
1
73
1
36
8
27
18
9
5
34
4
7
35
28
71
13
22
1
2
13
65
57
23
25
22
43
24
54
20
19
32
11
10
14
37
22
10
37
42
45
11
35
28
63
1
17
6
41
24
19
19
2
2
31
17
83
1
2
30
38
11
57
10
68
5
30
6
8
35
4
29
20
65
9
8
5
121
68
13
98
9
40
26
1
85
22
5
2
4
23
5
10
20
37
1
36
80
10
31
8
52
12
16
36
55
35
26
23
30
18
108
15
8
9
11
23
6
48
48
67
23
8
63
20
90
26
23
3
32
48
8
1
13
3
30
44
2
64
22
100
24
4
50
22
48
3
117
2
112
4
37
18
27
16
40
43
1
9
3
24
31
1
66
27
20
6
34
46
12
32
27
1
27
57
13
37
17
29
59
5
24
24
34
5
12
156
4
37
21
74
34
19
3
54
1
79
30
44
22
18
4
89
101
35
63
2
37
27
50
17
96
11
78
48
62
45
35
52
48
26
23
417
29
40
75
9
1
50
8
22
107
1
46
13
85
24
7
151
64
4
26
28
2
40
30
14
2
5
39
33
13
3
45
6
30
13
30
42
126
17
4
46
2
47
86
39
89
65
20
3
30
60
118
6
7
19
5
20
30
15
59
5
1
10
20
22
25
5
3
22
8
6
4
13
19
44
38
3
4
15
4
13
80
11
9
9
92
171
53
35
24
12
32
19
69
2
55
25
8
126
2
2
29
32
10
9
49
73
45
12
29
8
10
8
18
72
39
11
53
6
50
199
10
91
13
18
50
4
101
57
7
89
44
56
23
83
26
43
28
24
17
11
29
3
157
55
3
7
7
57
43
9
4
88
20
33
43
51
88
30
69
2
22
34
83
22
33
7
7
56
63
25
41
2
7
65
125
22
5
24
16
26
16
18
18
1
14
4
1
38
35
28
40
2
27
29
34
78
38
2
64
6
58
64
21
62
24
9
33
40
21
173
12
20
86
14
12
61
28
68
7
7
1
32
9
45
18
10
30
25
28
61
21
1
54
12
3
6
1
3
27
47
4
4
2
19
2
66
54
54
22
10
11
25
3
51
11
68
1
91
6
1
2
2
21
7
16
28
49
28
43
12
36
113
26
32
47
6
47
36
2
22
20
56
7
1
44
40
9
36
6
28
10
13
33
17
2
25
4
54
21
43
11
49
6
50
5
18
9
11
32
81
44
98
43
3
38
25
3
83
42
2
208
22
18
191
10
14
145
4
71
45
29
21
18
15
26
5
22
6
48
7
42
17
77
43
62
12
14
29
21
9
7
2
1
216
2
5
28
31
59
66
36
5
42
63
130
141
38
7
71
41
20
24
14
57
36
11
13
24
31
13
137
3
1
45
15
15
115
189
58
12
9
6
3
12
39
78
20
34
2
60
53
47
10
29
66
42
72
46
53
15
16
16
24
18
53
6
8
15
119
8
15
9
47
21
52
4
20
19
5
68
37
71
49
25
102
51
42
62
6
30
4
11
28
6
68
4
16
22
9
19
46
59
21
14
194
23
21
7
13
17
43
39
35
82
61
48
30
3
40
16
1
148
52
59
41
12
17
23
10
15
27
8
55
20
56
57
51
4
14
122
25
56
12
31
20
143
12
17
5
17
177
38
5
26
9
27
64
11
5
11
15
36
32
19
70
24
9
11
28
7
42
100
15
48
19
5
11
11
23
24
11
50
22
10
33
21
28
2
33
1
7
13
19
6
12
4
59
9
4
35
7
26
79
25
120
22
30
81
12
5
55
18
10
7
4
24
90
47
65
34
86
3
78
3
90
45
13
19
1
9
21
70
16
24
3
5
5
3
12
34
17
37
17
45
5
152
22
29
9
17
38
57
22
4
12
23
3
28
12
10
1
22
25
77
1
15
40
23
29
22
13
38
25
13
108
47
16
20
4
15
12
42
28
6
67
3
8
26
7
22
19
3
17
23
58
18
18
84
88
7
86
19
22
17
108
53
9
10
4
19
33
22
10
56
15
7
1
29
1
40
4
9
119
74
57
22
30
38
2
17
20
11
22
7
1
19
72
17
65
2
22
31
34
6
27
6
8
24
12
33
83
114
45
1
49
30
43
8
75
18
34
11
48
3
74
17
122
6
30
58
19
14
28
10
4
11
50
10
28
47
32
125
32
1
1
16
16
81
51
3
44
2
7
31
3
7
7
9
5
34
80
25
4
3
2
24
3
28
9
13
23
24
2
38
26
19
11
15
62
32
13
27
58
36
20
11
7
26
54
1
62
5
22
99
33
3
26
57
51
26
3
57
38
4
24
71
10
74
8
40
50
32
7
12
36
49
36
21
19
20
25
52
2
24
26
6
18
10
24
3
99
8
41
1
6
11
15
20
12
28
22
14
3
26
17
3
55
11
53
201
67
39
3
32
92
35
5
9
1
4
47
6
4
19
4
65
8
1
79
5
6
44
20
17
18
27
27
79
17
12
17
21
58
7
2
8
8
30
61
78
6
30
16
79
58
45
54
2
9
15
108
3
3
10
37
13
41
41
4
106
2
83
4
1
21
2
68
6
3
11
17
57
7
85
53
10
12
8
24
8
17
20
24
5
17
32
38
6
12
157
4
67
14
13
14
8
40
35
14
13
1
84
15
1
17
164
5
21
57
49
47
19
4
62
48
15
50
4
94
22
8
5
3
4
16
30
7
157
40
20
33
73
23
72
44
49
12
85
7
75
4
35
34
12
13
103
32
21
60
8
26
1
24
22
15
40
36
5
41
5
159
2
18
23
55
110
28
71
15
66
30
45
30
13
25
5
2
31
9
33
13
30
17
14
4
4
60
92
6
20
3
29
22
26
64
11
1
74
54
25
33
28
4
51
1
35
7
45
1
62
14
26
22
33
5
16
7
36
30
24
1
6
14
14
3
54
30
28
7
6
2
25
21
43
46
24
11
30
31
5
53
48
14
55
2
35
18
6
43
7
50
7
4
2
3
52
53
22
14
2
1
6
49
60
23
20
6
10
24
15
32
8
153
16
26
21
3
8
56
33
24
64
17
3
11
67
8
8
34
12
85
5
2
207
18
86
20
2
23
44
8
61
16
13
25
133
16
35
65
15
2
49
12
10
10
3
41
31
52
280
3
40
23
46
25
20
2
27
5
2
46
14
25
17
47
36
85
21
62
57
32
4
51
7
20
20
29
8
36
18
25
5
24
24
10
1
1
12
74
44
2
5
33
3
67
1
19
41
20
60
19
62
25
35
4
63
21
53
5
10
125
37
26
13
17
37
53
28
42
4
63
22
63
33
20
21
5
15
45
51
58
14
5
9
16
12
43
6
27
9
15
4
26
41
6
78
166
14
23
24
6
15
51
3
3
9
57
41
63
99
12
11
25
1
82
24
24
2
16
44
37
27
4
72
30
16
4
12
13
89
2
49
11
24
108
2
59
62
4
56
1
28
14
4
8
77
8
1
31
10
7
36
22
49
53
25
2
6
47
94
2
7
47
50
14
4
33
28
34
15
47
188
38
14
37
22
9
12
15
14
103
28
49
30
84
2
57
159
30
92
46
13
40
24
5
86
35
15
15
13
47
21
9
109
19
40
11
73
9
6
38
17
87
58
36
8
34
20
14
111
1
93
14
18
74
57
17
21
6
6
16
20
11
18
34
25
21
29
32
50
21
9
92
4
39
10
53
99
49
17
121
24
38
25
24
4
26
79
99
20
32
47
20
32
19
88
15
9
42
24
30
12
13
55
18
19
19
70
7
67
77
57
19
59
9
12
31
60
1
15
12
139
4
62
1
42
12
11
7
3
9
11
13
76
43
11
4
33
4
4
85
27
31
23
13
119
81
42
40
145
72
30
105
124
6
29
101
6
66
57
41
6
15
54
77
15
14
1
6
52
30
44
8
16
14
35
8
50
7
39
7
6
20
67
65
3
12
63
32
16
16
60
11
4
35
90
3
8
38
3
23
86
3
9
16
1
142
18
6
54
38
68
46
3
4
34
10
77
2
93
7
32
31
27
5
42
32
33
54
1
31
29
17
66
4
61
174
138
7
22
20
1
28
48
2
65
3
53
18
47
8
73
22
112
8
43
162
30
66
3
4
21
4
44
14
11
128
13
17
5
5
13
17
22
64
31
81
5
9
97
1
8
4
45
77
10
55
18
138
20
85
4
8
6
60
35
17
1
6
18
12
82
30
4
50
20
52
15
105
124
8
1
19
54
37
44
9
1
42
32
3
69
15
41
59
10
10
40
27
27
19
21
14
3
43
7
2
33
57
12
8
27
15
43
29
12
39
72
6
7
9
16
30
85
6
46
3
28
15
38
27
1
1
3
138
33
4
7
60
10
52
78
38
43
59
50
8
39
102
12
41
4
7
165
37
9
6
54
4
40
31
52
27
82
10
26
4
46
4
12
4
5
27
3
80
18
4
37
1
6
32
82
35
2
155
44
120
43
12
14
70
8
115
27
16
25
31
16
6
16
38
17
8
9
1
9
17
57
138
55
1
62
32
82
20
27
38
16
5
71
78
43
63
26
30
9
90
2
38
52
2
21
19
23
5
28
39
34
12
26
12
49
1
20
6
2
15
14
21
60
11
73
23
16
18
19
10
60
7
1
5
23
31
29
9
40
82
54
8
56
93
35
20
7
29
7
22
2
90
39
14
31
6
1
47
13
5
6
3
26
16
19
17
31
6
13
24
1
46
3
64
84
27
48
23
31
8
83
21
6
150
24
2
81
45
21
25
8
1
51
54
67
54
12
77
12
61
32
14
5
1
26
15
56
27
14
7
10
102
43
1
6
7
19
74
17
6
4
123
49
25
56
3
24
9
34
9
7
104
19
16
3
36
5
19
37
10
7
134
17
94
64
65
92
10
23
85
36
21
131
36
31
13
23
6
15
86
36
7
31
43
11
57
35
9
37
65
5
34
33
13
19
56
41
40
54
30
12
4
1
94
7
39
7
41
114
33
27
97
2
11
128
26
7
62
16
3
30
49
6
7
41
38
11
10
8
22
20
9
34
4
61
12
32
46
45
43
13
12
97
28
5
10
1
24
86
20
16
26
5
7
41
1
14
48
5
10
14
2
23
2
3
78
32
2
11
6
2
17
2
1
11
7
10
2
46
10
6
49
19
13
23
2
27
79
4
14
65
30
79
18
61
11
24
3
43
20
28
75
21
36
34
1
90
7
20
38
18
25
12
14
8
15
5
58
32
12
6
23
19
11
17
25
53
29
4
15
63
16
5
7
72
42
71
14
126
33
1
26
6
16
73
10
56
30
13
121
26
17
6
23
39
68
82
47
60
8
99
26
34
58
40
12
85
4
33
18
21
101
51
11
32
54
48
9
18
43
6
171
28
17
17
5
22
21
30
9
63
28
29
6
3
4
60
40
7
2
95
8
29
55
5
42
56
45
34
99
21
75
3
2
20
62
19
75
51
4
10
12
32
12
73
9
11
16
13
22
24
8
33
24
1
31
8
85
15
44
81
30
92
19
30
28
9
17
21
34
13
66
9
29
9
30
1
57
3
32
11
30
78
95
2
50
133
45
41
3
17
11
2
67
13
7
6
10
4
2
9
22
25
106
57
20
6
36
43
73
12
39
15
33
6
58
16
96
131
18
32
22
18
201
5
4
21
24
65
20
46
74
21
51
64
21
98
56
2
29
2
11
44
99
5
14
13
15
78
17
21
31
26
16
110
4
5
23
51
33
39
3
26
7
37
60
35
20
95
36
27
25
63
6
52
10
3
68
65
1
4
9
20
68
9
5
7
66
12
18
1
20
21
10
8
62
1
6
125
11
78
1
37
7
4
190
13
36
1
14
22
27
17
42
18
85
44
21
39
12
7
31
63
26
10
1
7
38
178
14
8
10
3
35
95
55
20
34
29
1
27
6
5
66
14
81
32
7
69
8
34
6
58
62
43
9
25
17
65
2
11
6
41
8
1
6
18
2
11
188
15
1
27
14
15
61
19
30
6
10
7
5
40
28
15
34
21
80
39
12
107
14
122
24
50
90
10
68
40
41
26
46
47
4
8
33
1
1
30
43
11
65
13
21
1
9
70
51
2
24
19
12
16
66
7
23
24
17
16
8
61
20
26
9
163
63
6
12
17
14
14
2
23
12
20
172
16
18
11
32
27
9
77
9
112
35
110
67
25
11
29
1
46
4
21
58
25
35
12
2
13
7
20
11
17
43
33
33
15
7
39
31
43
2
43
3
108
20
8
69
38
26
91
5
66
8
53
57
51
22
71
90
30
114
27
73
123
13
28
4
26
9
4
22
27
10
23
135
15
54
5
20
1
22
13
105
12
51
10
2
49
5
73
93
67
31
2
8
129
5
46
17
1
16
9
14
51
2
40
6
7
72
63
28
56
23
26
32
173
7
26
12
30
1
41
12
33
17
43
4
177
45
39
22
22
13
85
84
27
27
59
39
49
1
6
12
11
23
3
5
35
72
10
13
8
76
17
41
22
80
52
29
4
53
127
1
10
10
7
5
8
20
8
44
3
69
31
1
37
14
6
49
17
92
43
4
49
11
12
29
3
3
53
81
15
30
9
8
54
14
48
12
17
44
46
13
139
53
66
49
15
30
110
21
6
151
18
3
116
17
31
28
50
30
5
211
36
55
12
51
5
33
42
15
46
13
17
4
47
107
45
92
151
40
40
14
33
19
13
11
47
91
75
40
15
114
6
49
93
7
16
4
13
2
39
2
14
4
52
17
7
1
59
11
13
97
4
1
5
79
4
26
13
2
1
36
35
6
8
108
9
99
6
34
10
6
40
3
12
57
87
25
45
27
8
1
14
22
21
6
59
7
7
35
36
51
35
19
1
20
16
9
77
40
6
76
53
24
24
39
21
12
11
16
7
15
13
36
6
3
3
96
73
53
1
17
34
8
9
7
65
6
13
3
9
6
168
10
19
39
28
10
71
5
63
48
12
77
69
43
18
14
64
75
3
75
9
6
39
50
9
10
20
13
2
3
43
14
27
41
52
33
10
77
36
37
8
12
25
4
1
22
5
20
28
91
61
60
31
15
21
40
12
14
63
10
23
4
1
58
11
86
10
9
103
25
35
51
12
2
19
31
10
24
38
7
45
74
9
2
17
9
17
104
29
58
48
60
126
15
41
7
48
45
7
27
31
33
22
10
4
33
23
3
28
11
25
8
16
27
30
53
31
9
18
18
13
36
18
26
27
4
35
19
50
13
10
20
1
25
7
5
14
69
99
29
27
15
34
112
31
24
104
24
32
61
8
34
10
19
55
14
61
46
19
24
47
32
11
43
57
90
44
85
26
93
30
9
97
17
21
20
26
4
21
54
32
14
20
19
30
41
6
39
37
64
45
34
7
4
21
12
54
22
16
19
5
62
59
5
6
16
147
26
28
30
15
13
46
93
10
18
13
24
64
3
10
9
25
51
34
4
28
29
51
4
101
26
7
8
33
3
20
30
1
9
67
26
1
23
30
11
23
19
19
49
3
9
6
51
54
18
6
1
4
63
9
26
112
11
45
17
41
39
55
82
10
72
39
30
50
2
43
22
22
7
67
4
93
12
103
5
18
51
33
25
15
29
30
13
34
205
301
61
81
55
28
14
20
33
28
18
10
8
8
9
9
4
51
12
18
46
13
32
7
6
34
81
15
9
39
23
5
21
15
2
93
72
25
1
54
24
8
71
14
31
51
53
12
2
5
41
1
20
4
9
98
8
18
14
109
48
20
7
11
23
3
26
12
11
1
37
14
109
25
41
13
40
98
25
9
28
28
105
24
33
4
10
40
38
38
1
52
14
1
6
24
91
7
3
26
21
1
3
9
17
21
5
46
45
21
35
79
62
28
14
29
70
50
25
22
16
40
5
44
69
49
50
49
14
24
20
5
144
5
11
114
1
2
13
38
2
51
18
32
32
38
77
27
8
40
103
1
19
3
51
117
6
52
16
50
8
6
6
12
9
23
10
16
18
19
20
20
18
83
37
10
11
46
15
37
2
5
30
38
60
2
32
7
16
15
42
60
59
29
73
18
61
25
25
38
5
48
39
40
7
2
90
12
13
23
7
31
13
28
18
63
77
16
55
25
102
34
35
7
4
66
33
25
1
42
4
2
36
19
25
7
14
4
56
37
20
41
1
18
1
57
57
8
30
16
93
7
34
89
40
11
54
18
55
13
55
76
83
13
69
14
64
113
3
9
16
7
41
5
40
14
12
1
5
132
14
42
1
17
65
6
70
37
3
22
9
16
13
26
25
5
41
9
20
57
42
72
39
43
60
30
20
28
22
13
35
11
19
4
26
7
11
114
63
2
21
6
15
22
28
39
55
19
1
3
39
19
38
86
16
83
3
87
33
3
77
8
3
14
21
6
12
99
1
52
17
16
7
7
4
37
108
1
6
39
176
55
13
59
26
26
12
4
19
5
78
9
1
103
6
3
10
25
108
11
4
15
10
44
68
26
8
18
26
70
66
6
56
38
87
14
79
12
50
20
51
15
50
37
10
74
5
8
97
18
20
57
39
52
6
26
2
25
17
13
4
4
16
5
33
40
36
62
7
25
67
3
18
53
12
42
3
6
13
75
36
3
3
20
32
88
8
6
15
137
77
15
10
13
71
10
26
22
2
18
25
15
19
18
153
9
16
28
45
26
5
33
1
3
67
8
18
29
14
16
316
7
61
78
24
68
52
73
17
20
37
33
35
7
89
10
87
35
77
10
57
6
45
52
20
6
4
5
4
9
4
34
72
80
35
30
15
23
9
40
6
61
9
7
7
6
139
19
8
4
49
29
27
18
32
20
61
35
25
20
38
41
6
7
24
206
5
10
48
20
2
16
19
2
12
61
30
26
25
57
62
52
18
39
18
5
11
32
20
8
7
26
11
15
16
1
17
32
3
2
32
106
44
90
40
28
16
39
4
21
74
37
104
1
23
43
13
24
7
3
15
12
124
6
15
43
1
110
27
18
31
6
28
1
34
13
29
11
207
8
1
6
29
2
33
32
45
45
77
42
67
53
11
22
86
2
34
16
21
20
40
6
22
5
108
7
22
101
3
29
10
40
2
26
8
42
6
23
128
29
33
11
63
83
46
39
51
53
43
1
34
61
16
24
109
23
14
9
37
5
19
109
49
13
90
62
119
14
17
11
12
2
29
17
31
33
34
36
15
34
5
60
3
14
29
62
5
10
91
3
37
81
7
3
22
6
2
18
30
42
7
35
30
91
14
10
61
28
5
36
6
43
88
54
13
37
79
203
33
77
4
25
8
4
20
85
21
105
5
114
46
53
25
22
72
36
22
17
15
5
31
10
32
26
9
12
17
15
26
13
9
11
17
71
18
48
4
60
17
14
17
3
48
86
57
39
79
23
46
27
38
68
8
19
89
34
13
70
5
12
6
23
26
23
3
106
19
48
39
42
44
7
1
8
6
37
5
38
88
19
80
29
48
53
18
12
65
23
16
44
54
17
64
14
6
24
14
5
65
27
49
8
47
9
16
63
46
9
59
3
32
71
8
4
6
26
45
3
4
12
53
66
29
10
47
3
12
9
18
60
4
68
3
23
9
53
8
52
7
54
102
37
21
98
16
36
25
76
37
48
42
28
56
18
137
20
1
6
27
73
20
35
4
29
63
1
9
74
14
19
1
44
6
24
1
2
18
5
11
53
15
6
6
6
12
7
11
5
29
50
19
19
15
36
47
64
56
31
4
57
50
75
49
12
15
75
16
35
10
19
43
55
75
14
53
45
45
6
44
23
63
93
26
38
16
117
1
35
3
23
31
42
27
17
7
19
38
18
73
33
8
9
57
92
1
31
6
4
5
19
5
5
60
14
78
52
69
27
16
8
1
31
4
21
52
12
11
42
17
83
71
74
14
52
8
11
46
29
54
12
65
20
33
1
21
23
4
34
25
1
2
90
12
79
25
14
6
4
17
19
24
70
232
88
30
116
11
34
61
1
36
16
64
32
9
9
29
2
44
22
30
18
2
22
14
38
44
17
30
38
8
5
11
22
5
34
20
68
23
16
69
9
8
9
13
8
146
2
18
8
40
10
2
2
161
12
19
13
2
154
3
14
22
26
6
1
155
16
44
10
23
29
24
37
4
33
22
15
8
19
16
2
7
13
28
52
35
6
11
22
47
153
65
3
49
73
4
3
41
2
9
4
30
9
8
22
49
19
11
63
157
18
8
63
67
31
127
36
4
41
45
25
14
21
11
25
7
30
37
21
20
4
4
16
53
3
24
11
52
19
5
76
165
4
19
7
20
16
2
9
51
16
106
90
33
23
7
20
5
1
97
5
56
59
35
42
87
11
22
9
84
120
8
16
90
23
20
11
9
7
10
115
10
5
11
39
75
23
6
25
9
142
24
144
18
2
30
10
105
8
61
8
46
41
12
11
53
33
10
27
18
54
57
77
24
8
21
12
13
111
22
163
105
29
58
4
142
21
18
17
6
24
15
5
22
11
20
93
31
22
9
36
5
41
82
1
40
8
11
101
22
2
40
7
78
31
2
109
39
9
2
16
59
7
9
1
29
199
4
14
71
16
45
78
11
43
18
1
7
54
40
5
5
11
21
2
18
75
23
8
2
26
2
39
58
93
31
7
25
148
12
108
43
3
17
50
38
17
39
5
55
37
1
17
136
37
14
3
46
44
23
10
32
10
67
81
4
9
8
53
35
7
15
53
15
30
48
24
10
2
18
20
3
91
48
96
32
43
8
7
10
7
14
7
19
16
31
21
21
72
31
5
11
9
50
2
14
26
14
193
23
24
8
16
39
19
8
1
41
8
14
13
49
11
41
9
40
3
36
1
30
7
87
33
3
7
103
3
29
4
79
44
15
48
12
33
4
19
39
5
43
16
23
2
1
109
92
14
39
11
4
7
39
10
62
2
78
81
7
5
4
82
13
6
21
72
60
10
24
12
37
50
33
55
38
54
12
27
3
3
18
4
13
83
67
6
28
1
6
28
6
4
89
31
24
7
30
5
14
172
164
33
30
24
7
47
12
53
45
4
8
15
2
42
151
1
7
20
92
16
49
28
30
22
88
64
33
58
27
28
91
93
68
25
14
30
6
18
24
1
27
9
14
18
3
25
24
4
35
6
28
2
28
18
15
22
109
93
55
3
23
48
35
22
22
1
1
3
19
107
5
59
54
47
34
6
46
26
13
41
44
61
1
8
1
96
20
2
12
46
15
37
12
10
8
15
32
16
27
4
61
3
30
21
28
27
22
1
13
16
34
26
32
72
100
113
10
6
63
3
27
6
13
111
95
33
63
27
2
100
10
46
112
5
36
14
10
6
6
10
45
30
19
49
52
40
24
51
13
3
10
101
184
79
8
16
2
2
80
36
44
5
3
12
76
18
17
16
15
20
21
2
16
2
20
65
18
11
154
7
4
5
14
28
2
56
78
19
30
55
4
24
4
7
42
4
119
18
5
58
36
12
15
23
28
9
2
7
19
25
25
42
15
12
34
4
50
26
20
2
18
49
11
1
68
27
79
33
51
51
57
29
46
17
22
114
17
103
19
26
10
24
15
25
9
55
14
4
29
9
115
2
34
10
1
40
67
32
6
2
6
113
5
96
25
6
15
14
22
42
4
7
39
57
28
54
42
3
4
33
19
30
3
51
48
12
43
2
37
64
91
3
6
61
13
2
9
3
16
37
14
1
2
7
17
10
48
30
77
40
4
52
58
89
7
73
18
39
2
22
26
7
25
29
44
25
3
59
57
2
11
13
5
35
32
25
17
27
10
16
30
12
43
9
66
1
117
68
12
1
62
40
11
7
13
20
54
1
16
182
28
25
30
27
41
3
13
82
15
25
65
15
4
28
34
12
6
29
51
30
21
19
59
12
57
17
55
5
1
13
27
153
48
63
27
120
20
21
80
24
22
21
30
14
13
34
6
27
3
33
32
54
3
6
4
43
84
30
84
20
36
11
5
18
43
18
20
38
16
5
41
82
54
47
10
13
25
45
3
28
2
68
4
23
59
15
42
14
23
25
2
16
6
137
68
5
21
7
30
2
71
19
17
44
16
24
72
50
49
82
13
76
32
5
27
6
6
31
7
2
8
14
5
44
2
3
50
4
2
60
5
46
22
16
71
9
179
17
27
95
3
8
26
16
30
141
37
41
2
35
1
81
30
44
30
12
17
13
15
4
54
5
25
20
90
56
14
70
2
27
12
19
7
83
52
30
12
8
25
103
24
33
46
11
4
23
60
13
37
78
43
21
21
34
8
9
54
63
5
33
10
25
41
24
139
16
66
51
28
6
3
2
7
10
28
28
4
12
3
41
1
63
43
59
20
41
22
106
54
1
72
12
81
15
69
32
5
25
8
16
35
22
8
27
5
15
68
157
10
35
2
8
55
20
15
7
23
6
8
20
53
44
60
3
10
41
37
25
33
19
82
11
30
95
35
17
78
72
11
7
3
85
43
6
7
38
7
28
22
14
8
94
2
13
8
23
11
24
20
14
9
22
29
11
63
9
10
8
16
12
6
71
120
15
9
67
7
15
6
3
75
14
17
11
2
7
27
14
27
116
42
67
19
27
7
106
24
44
12
7
20
5
57
18
15
12
5
2
11
60
1
47
35
6
17
68
9
12
59
6
3
39
5
16
41
59
45
13
48
35
8
5
81
6
12
14
2
32
13
1
35
15
44
36
43
73
9
12
15
20
90
13
43
29
3
15
32
130
179
26
156
19
5
20
29
88
16
30
9
4
13
57
39
10
14
40
1
13
63
1
2
42
8
4
12
29
19
67
28
15
76
21
36
20
38
2
9
15
16
67
53
5
12
44
114
19
32
51
25
21
14
28
6
19
31
54
12
136
2
4
3
21
50
2
64
26
104
5
20
92
101
14
6
16
61
26
59
40
18
1
21
5
1
55
12
18
74
36
12
45
48
53
52
74
37
15
2
40
20
54
40
6
91
7
27
30
23
109
60
82
28
45
35
37
19
39
60
3
14
37
68
4
26
6
1
50
83
65
32
22
40
2
22
8
3
35
25
56
29
12
12
5
6
1
7
33
43
23
24
5
55
4
107
5
100
21
11
7
15
7
56
10
10
1
38
9
100
75
17
120
43
125
19
1
39
1
58
109
20
27
52
38
8
80
17
82
95
48
2
30
35
12
37
30
5
73
12
6
69
63
72
27
8
55
5
93
41
17
71
21
85
57
15
43
8
1
38
17
19
10
50
56
2
9
9
21
34
87
33
19
4
38
11
11
9
21
100
24
36
41
43
71
6
8
34
72
5
16
39
40
25
62
64
14
29
87
29
25
23
26
49
38
19
5
54
137
24
9
35
55
2
102
69
2
34
15
45
10
40
25
28
37
28
45
8
57
9
48
26
8
33
15
11
24
85
60
2
47
88
72
17
33
44
121
17
47
71
10
13
207
78
58
1
22
32
4
23
10
15
12
12
30
91
114
19
36
21
101
25
99
23
24
127
16
13
58
58
17
38
8
48
30
41
37
16
53
46
36
3
31
8
7
20
11
12
44
29
82
39
3
8
58
46
1
34
12
34
12
14
24
48
22
67
14
53
165
50
34
83
13
112
24
23
10
33
38
8
7
122
5
3
20
48
6
14
36
58
6
9
40
24
8
11
29
9
22
11
1
34
13
15
31
1
132
42
4
188
55
82
21
74
34
136
53
42
30
27
23
5
28
95
12
4
36
3
12
144
56
43
46
75
44
50
25
15
84
9
2
56
6
79
16
16
6
8
1
38
50
54
34
53
17
21
44
21
53
4
5
4
1
8
66
49
13
47
4
1
3
51
17
81
23
42
46
11
12
7
25
9
28
15
7
10
18
7
25
2
47
38
27
11
7
1
64
37
7
18
56
41
34
32
3
2
4
10
7
10
11
7
9
46
3
4
30
32
5
44
94
77
15
10
18
4
8
10
9
8
4
5
106
8
42
2
2
11
120
4
26
21
4
30
37
21
18
112
38
12
139
16
128
135
66
4
6
17
8
23
10
94
30
43
28
9
46
35
1
41
26
4
34
17
16
26
34
21
57
23
12
9
26
3
18
34
3
13
56
1
32
2
11
5
7
22
53
36
9
1
15
17
2
75
24
13
47
26
10
44
21
17
9
41
53
51
10
103
14
8
42
38
2
10
29
54
38
18
23
36
66
20
85
23
36
5
8
33
90
19
3
22
44
27
14
91
143
19
15
4
9
26
108
6
31
91
68
81
13
20
62
13
22
51
12
9
7
16
1
2
2
26
40
6
33
51
11
30
35
44
12
64
13
5
96
8
39
3
1
14
1
51
41
78
27
8
7
66
2
9
13
2
59
25
63
19
21
13
39
31
23
13
168
18
8
2
60
57
28
41
14
4
104
2
31
165
27
56
22
66
77
83
8
4
6
3
31
50
24
10
69
45
17
17
42
38
29
79
26
26
2
27
23
7
9
131
6
59
27
92
20
82
31
46
42
3
20
40
7
15
54
16
11
15
60
23
6
13
8
16
16
2
8
34
8
22
90
17
13
49
13
1
3
94
34
18
8
15
1
22
3
17
1
7
5
21
3
13
40
73
39
13
54
26
11
54
18
6
24
35
16
29
21
27
5
3
17
45
115
13
54
25
22
35
7
3
6
31
1
8
29
11
13
58
4
3
27
17
27
8
56
38
46
16
12
49
46
34
2
25
4
24
53
31
37
8
3
8
28
13
49
66
10
84
30
44
4
5
47
22
73
21
10
42
99
19
62
36
61
32
38
30
4
3
7
23
2
27
33
7
5
23
39
32
23
45
39
27
11
74
111
25
11
16
3
22
11
51
3
15
31
25
21
7
72
50
7
9
19
11
4
14
76
45
32
36
16
31
49
31
65
47
7
38
73
26
9
7
35
4
30
3
4
24
31
36
48
10
109
33
18
35
28
39
13
110
90
10
15
10
80
20
9
46
9
34
9
11
13
8
70
140
5
36
15
43
25
14
46
1
8
7
16
1
39
6
58
5
5
9
10
9
12
36
99
4
15
5
63
1
10
25
19
89
18
41
29
58
25
9
34
9
29
34
28
4
30
18
58
22
34
51
14
5
1
10
42
12
21
14
6
15
4
26
74
3
34
13
21
12
10
12
14
34
46
110
15
54
19
3
23
39
34
24
14
23
3
41
16
83
13
47
26
22
29
10
36
19
30
62
10
135
57
64
52
18
16
28
58
1
65
19
37
53
70
11
35
35
9
47
10
7
15
45
52
25
11
54
9
1
10
31
16
44
1
8
50
57
5
40
14
4
38
9
20
2
6
23
55
13
30
58
15
10
4
18
5
16
8
79
2
31
15
1
33
65
8
18
33
1
13
4
18
68
6
27
37
7
38
34
40
8
14
45
6
42
27
64
5
25
1
3
56
12
56
18
23
6
41
7
22
63
6
7
75
23
29
42
26
43
83
36
65
45
15
1
11
27
93
1
58
43
24
24
149
54
81
186
17
82
65
129
20
48
16
53
53
5
3
20
12
67
1
17
1
182
17
10
55
6
28
4
28
7
28
165
6
9
67
8
82
3
15
19
29
53
20
5
70
27
1
45
14
48
1
30
20
79
16
23
47
80
23
14
27
98
11
3
119
39
63
9
40
3
68
26
46
11
1
3
57
205
38
93
35
59
3
6
30
35
41
42
8
24
48
26
36
54
55
5
12
39
14
44
64
11
14
21
6
62
21
5
26
1
25
7
62
13
14
4
59
33
58
3
26
99
7
39
44
9
13
27
4
25
25
1
10
53
13
14
111
26
47
3
29
5
25
64
12
9
11
21
59
71
55
31
9
54
43
37
29
13
21
23
60
27
35
40
3
51
11
18
74
7
46
4
14
45
11
41
3
73
15
41
8
48
24
10
148
39
58
46
4
24
9
66
11
71
15
8
33
51
26
11
74
27
56
125
14
8
2
15
51
22
1
16
66
6
5
31
34
9
122
1
51
22
38
57
7
30
12
39
11
8
2
1
4
3
42
53
4
32
73
5
5
35
27
7
58
78
19
12
7
5
25
82
17
7
18
49
14
47
58
46
62
43
17
9
5
17
27
13
21
43
12
20
60
7
43
4
6
95
9
19
22
21
50
22
11
5
2
7
11
21
119
1
15
69
36
42
24
43
12
31
136
85
27
6
1
22
41
24
29
8
42
34
23
98
6
26
64
61
3
53
31
36
40
28
12
85
22
57
3
126
64
33
39
20
14
63
35
1
29
55
90
16
42
13
20
9
34
92
78
13
3
6
9
5
54
38
5
60
32
50
11
45
4
6
1
16
12
35
33
27
92
17
30
41
51
70
58
86
36
1
29
6
8
61
22
17
19
2
19
52
20
127
9
14
75
53
2
8
65
56
59
6
7
23
8
45
2
10
15
29
10
29
9
5
12
4
27
116
21
26
25
24
26
3
12
5
6
18
137
58
15
52
11
39
45
20
3
13
36
70
9
1
5
66
13
58
5
122
9
42
114
38
90
5
1
59
6
31
10
10
18
2
8
53
16
48
29
31
3
81
127
3
6
39
6
1
14
32
3
32
31
19
6
90
39
47
14
30
3
22
30
6
117
138
2
3
20
49
19
3
30
32
70
24
56
7
31
48
22
39
3
34
43
27
8
4
8
51
18
10
37
38
204
23
13
53
18
8
22
30
30
8
4
47
10
1
17
7
14
1
6
11
19
52
98
28
54
41
101
47
24
73
31
9
13
11
47
12
21
47
1
86
28
37
6
65
18
43
30
7
38
8
74
31
23
32
4
27
35
34
4
3
10
27
22
16
7
7
16
24
76
29
13
1
6
5
91
33
17
19
9
72
50
53
62
36
25
9
12
28
41
4
11
1
3
15
44
6
17
2
5
139
151
12
75
22
76
31
38
3
25
112
237
12
3
55
51
69
49
30
11
56
4
45
24
10
37
3
46
44
76
30
42
59
14
93
21
141
11
7
92
13
1
12
23
37
28
8
16
15
12
120
130
15
32
6
25
3
8
19
71
9
38
1
29
12
87
35
18
30
19
39
39
35
1
98
59
26
2
39
29
15
52
49
10
17
28
9
30
23
48
26
13
37
15
83
8
2
7
22
1
36
3
13
16
144
89
6
16
21
6
18
26
44
101
11
61
12
20
108
53
5
18
8
6
46
30
57
27
74
53
19
6
15
4
72
22
27
26
37
2
13
17
4
1
114
40
12
4
33
54
88
26
28
71
26
82
15
4
52
3
13
12
59
104
28
83
92
9
75
1
27
20
5
8
36
8
15
23
12
13
23
6
17
1
16
4
3
8
19
13
3
47
16
17
36
95
47
64
81
28
16
4
81
27
16
100
3
69
52
7
19
12
21
11
7
11
64
71
30
3
31
85
26
27
29
31
35
2
72
71
9
25
16
56
8
92
6
93
56
67
54
24
52
40
85
176
7
49
86
46
12
14
13
59
31
72
31
6
54
5
59
2
1
110
42
34
22
8
2
30
6
34
14
40
10
11
49
21
18
28
10
23
3
15
5
36
4
21
3
2
141
3
7
21
28
15
13
34
31
78
3
95
14
12
51
37
17
2
24
6
13
12
34
76
15
22
19
9
147
68
145
27
20
48
47
34
38
14
12
17
38
11
20
43
28
20
7
135
13
4
36
45
15
9
2
40
18
22
25
29
18
20
4
18
3
39
12
3
21
75
15
15
68
5
73
3
18
55
11
8
80
24
29
67
11
23
19
2
1
19
13
17
158
8
52
65
34
11
14
9
15
55
54
66
77
49
13
16
89
42
16
51
11
34
1
5
11
41
58
81
22
83
16
17
14
104
11
7
25
43
5
5
32
25
33
30
28
77
17
17
25
48
19
65
174
19
19
49
19
35
23
13
27
13
87
5
80
4
13
36
23
23
182
50
7
1
16
23
30
27
24
19
33
57
21
6
30
18
5
3
6
3
36
46
8
16
12
7
35
93
9
39
86
27
63
21
32
38
10
2
21
86
26
4
44
12
27
24
7
4
68
30
23
10
62
9
77
10
2
21
13
8
34
13
13
7
1
35
31
55
53
69
57
123
10
15
102
94
1
29
21
34
5
5
2
6
7
27
87
13
79
88
28
5
28
4
8
33
35
7
5
76
95
12
44
5
11
6
6
9
49
51
2
12
19
20
136
25
88
28
102
1
34
21
78
25
49
7
20
2
3
12
5
117
27
20
39
33
70
185
4
4
15
22
23
63
37
105
1
18
6
1
11
83
1
57
23
14
7
34
13
38
37
1
46
7
9
4
70
78
32
28
7
7
70
48
14
49
19
68
2
10
43
3
2
43
88
7
7
83
100
34
36
5
14
52
19
23
20
79
13
54
3
45
39
1
36
26
31
12
58
3
10
42
5
52
45
25
5
24
14
16
133
6
9
19
6
29
34
1
27
41
4
83
41
60
22
8
43
29
36
248
46
89
97
30
6
12
78
31
17
61
42
13
56
13
14
58
1
9
22
24
4
57
36
53
50
4
41
13
44
47
7
3
26
16
12
6
6
126
27
83
52
9
10
41
90
52
10
72
127
45
10
14
56
2
7
4
11
108
25
2
101
77
5
50
2
16
5
76
10
7
11
14
55
5
9
32
27
5
3
10
16
15
9
87
74
14
75
10
43
11
15
34
55
21
6
48
34
14
1
19
30
7
15
111
17
8
30
23
5
33
98
1
108
50
3
67
41
53
35
157
75
12
23
27
30
47
53
79
25
32
8
1
24
39
45
18
3
37
6
54
8
42
63
16
49
29
14
45
45
48
34
84
7
81
52
16
8
15
33
1
35
5
58
15
170
52
22
14
44
9
71
38
36
14
20
54
21
23
20
25
66
37
82
6
1
39
12
35
13
90
63
63
4
53
6
15
43
1
64
117
21
12
23
125
94
12
74
6
49
57
11
230
98
2
8
39
64
66
17
1
3
94
34
12
2
98
32
3
57
46
19
2
45
1
18
31
1
15
1
12
94
66
19
27
2
5
103
5
51
15
31
40
206
32
92
86
2
38
2
33
5
5
15
3
5
14
63
21
73
38
5
21
35
20
74
80
12
25
121
141
2
2
35
1
3
2
4
122
59
50
94
11
57
45
30
147
114
42
52
4
1
13
20
13
3
97
24
24
29
3
12
42
11
29
68
7
4
1
6
10
16
35
20
20
37
106
9
1
1
3
22
23
7
33
19
92
35
23
2
24
25
4
41
81
19
3
11
13
59
35
53
58
17
21
51
4
37
65
4
12
12
4
31
21
27
47
9
30
82
43
23
92
8
11
1
5
5
83
1
9
37
52
38
11
40
54
37
13
50
23
48
33
26
10
13
5
42
125
6
11
53
4
30
11
31
1
3
28
43
84
18
32
66
9
27
39
30
34
49
113
4
93
7
13
40
1
82
44
78
1
2
48
5
6
51
42
11
39
39
151
43
83
122
24
23
26
69
2
23
20
93
47
18
59
2
11
2
51
11
24
22
5
9
2
5
34
45
8
50
18
17
111
18
6
1
25
70
6
44
40
105
4
22
97
5
10
42
29
36
86
83
52
27
6
3
40
7
28
78
15
73
33
8
74
19
28
3
2
36
79
34
10
6
7
11
17
46
123
56
61
28
1
47
23
3
26
15
8
14
20
14
38
41
56
16
34
90
13
13
3
47
5
13
5
46
8
75
52
1
9
19
10
3
46
71
61
3
47
7
2
2
29
12
10
13
67
73
16
7
36
38
20
16
2
13
51
1
8
17
2
33
4
41
9
39
14
20
8
12
50
20
14
9
9
19
2
21
8
19
50
85
78
10
5
10
39
18
87
24
21
114
58
14
38
35
40
7
83
19
19
35
2
1
5
21
7
14
3
7
6
23
25
95
48
52
53
32
49
16
35
85
34
28
60
101
2
15
3
20
104
13
38
30
45
11
40
31
54
59
27
50
69
14
54
30
16
42
68
14
8
96
40
21
26
14
89
25
15
41
63
11
8
29
25
94
43
63
6
43
12
13
36
8
88
15
15
42
70
40
35
9
100
7
48
36
82
38
71
5
74
47
47
76
31
3
56
32
5
44
78
13
19
18
25
33
9
3
88
13
28
29
31
54
74
16
27
40
10
43
24
11
15
30
24
85
33
60
56
2
39
57
12
119
7
21
3
9
35
20
30
9
28
9
1
4
13
14
20
58
17
51
1
15
19
55
2
51
1
30
13
35
144
82
6
19
4
11
4
66
33
31
19
15
38
20
30
134
55
4
35
31
9
23
90
2
67
13
2
5
109
37
30
1
132
22
25
103
33
4
26
27
12
3
32
27
12
46
9
9
45
39
24
79
70
16
1
26
17
3
9
81
59
1
27
23
28
1
5
47
18
21
17
38
130
9
19
35
5
29
11
5
57
104
35
39
31
27
22
21
30
11
21
2
10
6
4
39
105
13
14
32
3
62
2
8
6
7
18
16
28
40
15
27
54
73
21
90
7
17
32
24
11
31
87
5
98
24
52
10
48
57
33
28
21
16
43
27
60
4
34
45
123
11
37
5
7
51
14
29
95
100
2
35
23
28
44
8
16
7
59
38
1
26
5
4
5
2
4
3
61
9
48
24
7
24
11
10
17
28
18
24
67
55
17
45
46
57
41
3
28
85
20
19
11
49
4
9
118
34
50
33
22
27
19
59
29
63
21
36
4
26
10
19
82
7
1
29
3
13
73
14
18
10
9
44
25
13
69
8
18
1
14
75
5
5
3
10
109
12
12
10
6
11
42
10
2
70
15
154
59
39
111
53
3
31
58
5
34
57
9
14
35
26
6
19
60
26
24
38
18
20
2
8
4
9
35
23
7
69
75
5
12
45
26
15
40
5
15
5
52
35
18
7
62
27
24
44
46
22
18
16
30
26
14
25
27
5
43
44
56
101
3
7
97
8
16
31
42
7
1
6
15
57
6
71
73
64
30
57
10
5
16
13
6
94
19
36
131
210
10
4
16
84
10
38
42
22
2
16
22
54
15
49
4
25
11
5
22
61
18
43
46
26
17
39
43
107
1
50
58
133
13
70
47
53
31
20
19
21
30
14
19
3
3
72
8
6
5
5
20
3
15
12
15
5
9
22
4
24
17
42
61
6
12
4
14
40
41
31
8
14
33
32
54
1
3
47
15
17
15
4
18
59
2
12
39
13
10
18
78
81
1
92
18
52
2
12
132
75
35
17
107
3
7
63
1
40
39
21
18
5
12
8
50
107
83
61
7
7
29
26
6
36
4
46
62
53
22
3
16
24
21
109
55
10
64
26
9
90
33
45
9
10
61
23
14
16
58
1
46
37
4
94
18
23
9
5
12
13
1
50
18
17
150
10
136
22
4
3
37
13
40
7
15
43
80
80
18
15
19
43
60
11
99
3
9
2
27
21
32
11
27
5
9
9
33
1
7
75
235
70
53
104
5
12
16
42
15
70
93
39
35
53
31
15
4
15
1
131
13
14
97
16
19
5
17
1
13
156
118
8
39
1
47
78
38
12
25
11
46
46
106
16
26
26
10
65
12
57
37
19
39
6
83
11
3
36
57
74
54
2
3
10
79
38
25
29
27
55
6
12
25
8
7
83
39
37
10
65
29
92
115
16
2
10
91
10
42
24
19
32
1
66
4
9
40
46
12
6
18
3
20
154
78
21
70
21
73
85
13
10
16
23
9
24
32
10
10
15
42
17
3
55
17
7
53
19
20
75
11
39
8
3
87
64
25
19
123
6
20
12
16
29
42
43
1
21
75
88
93
2
39
118
2
4
17
5
10
3
13
2
2
16
90
20
40
6
52
4
58
20
1
2
4
12
4
202
45
26
22
9
44
26
49
7
33
8
15
20
42
14
7
66
31
48
78
26
34
42
37
18
48
13
36
9
48
13
14
7
4
29
1
1
74
1
17
16
25
96
26
81
41
10
21
29
6
87
2
51
10
5
37
4
39
67
