55957007
58698058
57484598
58469320
57136425
59665254
57494590
58802795
58191734
57081462
58458447
56814022
56967973
57968278
58861462
58240057
57877106
57705333
57609019
59165537
58085253
58990394
58844327
57566277
57427992
57417692
57647322
56899722
56020875
58364240
58388807
58431209
56740192
57644515
57585437
59083481
57264923
57256911
57211568
57681272
59358649
56938842
58399339
57523995
57852027
58144909
57074815
57804552
57748588
58482674
59170227
56065675
57181439
58591998
58192066
56610300
56959523
58746408
58429138
56328287
57418409
58029242
56372985
58493420
57573634
59001725
57985738
57929270
56455844
57249255
58292924
56922526
58710165
58108273
55763912
58341597
59346568
56744528
59340302
58235673
58822346
56709576
58313113
56914776
57111898
57866150
57409902
59055673
57395872
55444402
58234049
56759629
57300305
57264245
58249330
57807209
55904608
58041002
57351703
57695206
57356309
59486755
58534001
58113731
58546195
57029110
58644335
57038821
57298535
58086861
59690487
56438144
55655242
57208670
56822211
56562578
57450641
57183142
58320432
56878700
57544962
57489259
57188927
58327350
58064446
57947971
57111970
56789122
56547864
56893263
56094972
56926566
57279855
58756748
58727353
58246508
58691653
56967716
56920471
55907161
56534432
57246348
58098351
57152293
56365655
57201578
58214551
57555276
57874578
56503832
57236129
57770076
58447815
58109906
55544013
58320646
57417487
57446817
58525521
58064140
59340518
55804235
57429784
55870342
57270025
57229768
56768004
57141750
57633710
56524477
57278462
57895867
57513503
56945036
57112826
56894340
56668987
58539037
57528159
57726515
56936827
57659865
58678750
58915232
56843021
57485902
56977072
57973652
58063921
56495942
56557497
58116722
57646363
58419446
58158971
56730940
58194290
58144764
57562620
58126219
57102012
57189197
58678315
57738237
58544603
57729967
57840448
57808839
56975953
57725433
57244532
57989494
58071373
57892624
56843536
58766402
57787675
56040545
58560822
56207369
57889509
57802505
58263474
58292830
58019946
58123939
58770604
58370620
58278623
57539181
57873027
57179725
57402087
57015925
57992486
57182640
56329356
57437646
58640354
57234515
56990389
57742114
56669071
57296215
58000058
57756558
58951013
57716106
57096682
56312388
58122814
57455972
56964595
56717590
57578986
58762416
55948703
58261719
57788988
56786491
56804812
56837249
57985461
58301694
58044689
56602389
57201918
57798811
59106068
57679109
58485085
58641662
58575261
58156211
56818618
58549808
56236920
58655950
58234248
57921708
57739089
59457361
57398423
57611062
56363164
57396544
57388671
55078330
56642112
57346736
56960718
57702661
58082575
56614850
58664800
56801385
57441419
56729453
60102894
59145244
56573514
56956352
57577480
57591543
57594611
58755537
58119383
58429561
59244025
59138377
56439422
57518212
58960905
58012382
57479110
58201845
58381935
58588975
56357115
57717339
58608259
58063787
59013284
58355279
58001129
58091019
59273254
57628888
56304689
58702320
57010959
57288618
57821888
56805688
57066593
59349526
58014007
56476651
57869137
56699343
58654774
57519589
58758309
59185456
57574545
56578192
58141205
57520375
57328401
56718390
57173408
57896050
57738997
58426829
56234686
56360466
57216919
57322842
56397418
57238085
57009575
59045614
58322169
57654168
58028251
57855227
58111508
59020679
57854318
58195369
58121532
56943464
58076553
58585118
57333160
58593208
59326645
57524003
57249319
57076504
58668008
57014476
56809729
57477682
57136568
57885432
56502055
58956648
58292536
58110443
57028473
58062901
56722738
58079319
58247705
57339550
56970396
57332665
58499730
58136892
58582109
56791748
56853088
57266200
57124746
58196225
58484860
57103771
57232192
57649889
58051145
58718897
58377603
56852372
58244303
58508938
57317351
56484426
57100865
57819244
58709979
58259462
56702760
57931535
57903830
58295418
57575085
57137922
57451842
58385225
57855001
58820797
57716360
57326283
56151920
58737779
56659435
57565788
57827065
57339263
58972920
57568486
58304070
55943775
57854831
58010954
58628728
56874908
57795692
57881280
56622275
58312602
56621342
56997618
57069472
58894253
59606121
57847565
57889266
58041969
57238509
57326554
57217286
58284055
57043894
57881816
58004867
58007135
58705952
57598054
58110217
58055019
56804059
57341429
58466826
57052527
55698203
56557313
57639631
57421722
57690937
60562691
57411768
57913884
56803382
56855430
57760992
56946649
56774352
57608618
59885210
56911418
58009559
57733790
56659987
58275626
58686852
57643123
57599906
57636342
57274910
59121121
57753019
57321845
57586856
58218036
56955736
57331253
58473302
58318732
57027733
56830169
56052555
57772953
57606332
58048741
58723822
57670442
56752202
56563476
57896865
57389532
58122217
59850610
57527159
58248742
58808138
58182236
56854649
57809716
56773726
58233781
57028040
58957693
56246038
58762437
57734722
57633460
58803815
58892035
56785419
58125230
57871763
56999222
57581122
58090823
57996349
57749075
57402261
58633568
59376511
57249315
57532280
57770849
58496382
57655847
58326658
56875729
58053573
57998592
57842117
58007282
57364290
57546486
58793320
57974313
57525853
58871527
58596074
56604808
57402158
57529254
56339285
57583122
56030494
56119263
57996517
56475331
58352249
59122577
56937422
58871504
56876019
57602538
57060647
56997288
58584088
58922760
59408690
58158920
58249925
56811901
58399813
57779909
57917152
57937701
56814790
59475226
58432192
58677561
58133545
56317625
57911720
59085125
57787633
58516023
57249209
56669065
57308495
56700244
58236358
57339350
57221765
56805988
56889687
57738997
58077757
57219712
57440028
58883158
57873578
57349411
57457988
56018509
58960532
56611485
56868057
58050560
58684242
56450346
58300290
57365904
56786038
57036900
58069812
57659548
57455026
58175086
56985857
58651177
58924464
58151121
57382392
57221263
56755155
58103113
57482797
59019255
57738665
57076257
57308494
58526203
55806535
58209325
57278206
58416450
56557914
56382412
57061758
56471590
57409934
58136140
57125580
59331555
57590048
57389207
57564391
57862137
57090699
57104539
58578028
56478273
57483488
56368566
57771236
57094566
58607670
57025619
57360087
56922197
57126659
60224458
58815803
57461127
57371197
55821977
56509552
57473897
57492606
59262143
57048713
58305938
56986800
58699132
57795409
58209347
56261054
57411439
57833825
57055573
57180889
58625712
58047108
59111815
57291095
58801429
58108757
57710068
57187664
57497347
57215661
56893617
57333437
58319239
59289403
56677618
58238288
56708212
57645956
57908450
57726281
56654549
58961350
57351509
57945388
57539512
57531424
58397129
57523253
57140777
56876935
57090302
58185352
58256535
58674977
59506235
56203329
57817013
58778663
57245451
56546758
56793090
56143368
58166460
57780722
56233393
57104240
58884065
56989473
57387896
57310809
57090112
56992938
57696604
56453488
57818976
57017096
56236494
56973058
57850413
57179323
58921042
56732697
56738859
57660964
57040732
59743603
57766653
57699757
58706726
56949641
58013870
57119588
57536670
58501597
58165773
56202790
56936550
56168082
58398028
56655966
57402986
57022572
56256518
58378649
56688645
57707677
58730702
57136218
57945368
57823177
57896871
58887817
58186477
57756641
57963117
58136297
57683348
56265863
57956568
58051648
59415828
58331854
57046549
57695077
57777302
56860714
56732596
58358215
56316299
57356118
57382567
55862361
58561719
57584949
56632223
57170033
57933878
57210851
58943934
57383653
58296480
57901546
57348962
57645162
58313454
57510271
58176800
57447780
58768553
57272048
57043646
57809560
56938127
57925369
57244048
57674820
58116057
57516564
58123173
57301356
57549482
57593498
57856310
56511327
57803209
59467283
58660497
58485977
57330016
57090008
56978128
57588481
56902239
56752114
58492031
57323316
56125579
56975942
58185023
59804312
59323055
57325758
57167980
58073518
57514345
57723113
57887431
58626980
58076198
57672858
58642193
58870227
57701481
58774127
58491161
57714683
57165553
56416090
57486203
56804244
58614662
57063778
57518628
58691304
57997581
57449518
56798743
56864003
57543057
57970817
57972555
55957494
57118768
57485309
57244883
59524835
57629562
58350495
57549341
59343458
57641361
55777971
57467916
57790214
57354618
57132410
56942729
58233196
56864289
58528367
57268270
58545940
57587198
59257436
58207782
57178850
59735875
57697551
56986826
57302123
57232978
58349813
56187507
57639139
58378174
58573972
56313397
57238963
58267764
56153509
56869370
56308492
58664871
57192127
58629874
58369222
58364160
59377046
58059600
58907824
57885767
57338271
58018711
57954454
56962501
57430521
57558691
57183178
57460167
57556729
56829330
57959847
58590450
58078744
59331223
57157247
58250182
57657316
58142359
57457510
58964735
57108813
59145524
59456879
58100819
57481791
58323087
58171344
57822443
59152956
58219178
58022619
58395029
57775795
58127651
57549101
56731624
57610300
56948476
57402365
58223465
58505663
57181402
57423061
58352728
58329782
57960295
59558239
57912745
57419345
57086693
57498444
57712701
58089881
55658206
57534035
57510472
57405468
59146813
57203335
58652578
57058282
58429494
58570755
57457352
56074619
58664964
57996450
57489183
58318997
57160147
57818522
58978454
58371493
59207815
57350840
57661992
57395368
57730907
58337824
58457945
58494140
57446852
57077977
57926077
58234210
57336952
56204261
58511978
56309281
59063094
56928958
57233935
56812940
57452091
59510418
56232902
58045300
57429828
58628078
58146573
58201750
58407006
57178624
58427145
58230861
56904291
58264434
56623693
57414879
58195658
56937278
57396794
56966364
56986957
58854506
58008607
58095710
57628683
57560118
57557924
58834662
57257181
57309498
58573151
57732272
58034159
56716519
57501231
58220025
59035057
57776766
57943813
57713717
57083974
58262496
56992773
58218196
57644334
57930396
56736058
58848458
57407183
57487979
58050784
56310258
58582173
58313994
58161257
58932339
57401217
57305455
57239607
58178416
56849697
57245036
57405808
57477787
57230765
56724227
57597120
56830865
56559426
57857424
57847661
58244537
57460803
57642893
58975766
54878457
56943475
56684098
58660327
57187102
57951680
56879906
58094217
59535401
58104082
57344926
56969449
58933160
56980551
57842242
57347145
57059795
57876617
57421201
58456614
56121805
57753407
58057294
57261700
57822586
57662557
57483708
59131507
58028859
57553067
57134410
57309132
58041014
57155519
56896505
56800926
57748407
57733946
56641009
57646563
57138691
57079302
57044292
58482917
57274390
56102882
56575238
58853075
57171137
57333612
57087560
57705551
58819147
56115141
57660007
58347312
59214161
56919993
57349683
58368598
56965229
58372769
57901818
57492430
58168214
58518717
58664864
57171340
56034640
57228896
58426462
57119690
58008427
57278420
57912094
56965058
57869535
57670249
59202120
58969774
57813290
56321235
58134981
58044823
59587431
56667431
58062852
57682546
56503963
57172247
57421875
56506086
56468818
56687311
57814482
57042555
58012863
56277816
57330265
57594131
57662367
57315596
58428998
58431358
57547011
58939039
58670803
58314973
57226364
57101416
56887823
57416896
57555013
57360641
58511775
57765716
55820645
58582861
57405906
58154784
56867726
57614248
58122401
58166437
56480399
56749347
57050353
57943032
56637708
56917738
56925588
57097016
57577583
57356142
58782787
58371926
58186747
58631335
59740229
58079298
57609984
58617736
56853648
57805117
56324530
58731786
57202132
56880487
57759998
57890540
56992535
57370826
58057877
57275420
57466320
57744284
57579922
56543575
58120240
57401165
57206482
57792351
56843097
58218090
57196569
56907103
56643317
56638267
56100594
56803384
55714349
58543991
56521680
58086324
56963757
57046127
55909287
57420117
57929354
58064957
58373747
59288848
58700482
59321794
57233486
57506085
57321481
54979643
56675195
57258917
57173898
58100865
58455827
57319182
58614568
57400208
57131728
57236443
56522897
58405099
58045071
58126971
58266109
57115543
58264997
57282981
58856173
58059305
56600452
58668269
58062942
57303094
58879028
56710730
57335434
57548640
56928636
58437174
55846403
57507799
56579484
57807426
57681822
58553846
57371051
58128708
56659157
57215313
57440729
58527811
58075774
58453250
57484193
57578674
57092924
57495992
57212087
57234084
57722305
57422828
56634960
58228826
58654505
57283624
58759874
55904893
57564700
57747692
57567274
58875810
58958543
56784924
58423243
57200782
57211822
56796098
58806748
58479140
58756299
56913819
57008882
58236545
57160114
57694627
57039633
57788886
56493942
58018641
57935985
59718785
57590587
58097110
57312050
57598521
58130590
57803269
57186189
57668308
57899164
57844973
56948701
59075859
57731929
58760146
57283581
57170338
57153718
57623480
57107210
56154694
58396620
57178122
57567661
57563420
57287994
57412397
58868855
58098588
57676124
56156688
57183995
58691002
58768690
57323065
58734171
58018076
57236585
58729239
57833812
58490554
57933385
56809972
58237422
57238451
57205196
58307704
57200227
57276117
57326007
57199298
58298620
57652397
57192345
58088413
59359695
57512011
57184617
57406643
57014028
57791036
58308474
56201951
56988016
56383998
58343487
58230294
57962878
58147349
58796908
58289291
56272367
58175672
58851639
57473241
57726477
57417814
58718595
56725727
59894332
59959077
59427759
57834859
56638526
57388300
58020811
57316338
57707183
57424621
56353138
57037728
56577427
57007698
57333640
57174246
57450767
58353036
58053875
57809113
57386550
58577964
56381811
57757033
57631853
58935446
58839789
58507114
58223529
57647870
57864250
56903832
56763256
58714714
57053549
57760840
58558648
57500235
56685396
56911333
57087232
58576240
57061101
57428570
57408172
57542898
57421938
58472304
57809376
56135179
57523203
58528775
57346806
57969050
57727706
57598001
57295378
57772550
57046894
57407065
57238956
57244018
58654336
57367556
55740752
57129668
59320813
56653576
58312859
57365424
58321718
56959401
57589875
59113630
57834880
58812656
57804685
56264950
58150593
58366649
57331581
58250447
58186001
56109201
57297125
59514555
57201729
56265027
58662377
56505786
57438946
57859009
57894969
56206542
57710702
58140545
56630682
57756668
58086942
57678367
58749031
58506473
57564857
58012309
56821195
58393585
56270831
57734423
58102837
59837274
55590572
56772174
58065857
57461738
57181926
57078363
56728561
56379350
57704125
57521401
57463370
56782233
57642980
56960946
59024014
57830990
56903697
58475124
57046028
57846105
57549806
58356164
58406149
57176455
57334149
57389373
57079907
56979538
58249139
57310668
59464810
57548875
57775885
57785832
57572522
57827846
58486962
57813688
57525094
57592137
58708947
59448836
58396704
57553779
56830330
59010894
57433179
57551766
57990476
57355765
57484672
57296409
58269435
57386410
57106511
57692044
56099082
57842463
58333784
58557286
57628713
57264037
57945437
58552167
57927631
59062350
57121473
57200953
58041786
57810410
58391837
57618393
57552579
57882178
57114597
57346817
56936642
57412774
57693618
58075574
57929138
55624271
57535879
58182411
57007252
58648294
56988337
58123131
57752034
58766542
59361460
58557823
57231793
56807695
56556956
55081700
57241277
58471315
56438389
57299241
56807018
57966999
58820864
56987509
57022419
58081338
60010387
57431131
57758754
57472054
56359900
57777448
57048595
57592991
56802560
57322818
57502661
57009090
57190086
58837726
57193942
55537911
57069447
57369175
57354417
56875340
58476960
57309706
58555655
57268089
56502056
57687178
58394593
57615353
57224941
56966016
57237113
58612270
57789460
57055518
57344384
57493602
58795753
56746482
57855832
57949459
57773200
56152383
58668304
57660258
56880584
56701406
57987490
57552583
58593617
57200294
56444654
57222785
57503551
58112289
58927438
57767044
57000177
57880142
56217755
57220348
57561155
56650790
58117351
58462033
57513442
57619310
58434779
57863615
57187928
57859954
58300576
56663850
57448371
57768699
58652318
57563275
57093432
57949709
56785656
58267928
57331845
57327268
57811171
58742504
57065001
57680158
58527855
58582598
57635935
57296987
58401853
56547674
57914813
57768281
57244049
56952175
56328888
57454555
58494296
57636513
55213167
57910714
57266409
57822721
57024012
57420651
59105668
58894664
58061371
56890874
57291113
56967778
57998191
58852562
58107150
57129327
57082028
56605484
55483818
58289966
57084764
57193583
57453364
57278291
57373132
57644959
57328912
59017096
58602152
57208609
56453982
57320724
58006585
58093718
58519577
57659047
57136756
56400498
56458891
56863494
57606348
56394079
57528927
58249642
58757792
57441381
57656637
56776978
58277615
57718989
57098022
57527645
56178963
57467179
56456043
57434067
58054452
58438652
57279332
56512841
58056742
58626932
59019825
58824265
57972336
57410391
59639117
57710876
58602897
57311271
57517506
57891689
57691574
58252038
56930077
56437187
57330333
57850604
58280100
55736674
57387779
55646255
57944490
57013948
58268918
57561371
57735669
56763618
59041299
58635322
57179390
56319468
57283361
56395189
57647356
57282583
58477789
56703776
57268708
57700132
58346629
57610140
57502972
57533815
57913735
57237684
58570555
56907517
58711727
55228974
57130714
57308930
58079382
57356364
56689998
56615496
57713190
56032439
58601389
56966119
56271439
57739201
56672204
57020502
56726917
57711793
56916254
58058815
58508616
57313096
57451740
57399279
57655759
57759924
57321837
57159275
55572185
57951663
58830629
57349792
57135038
59713543
58146701
57407433
57459593
58623784
58444656
58085754
57546940
57530671
57856145
57955068
57688860
58214900
57219265
56982836
57485338
57617354
58309230
56239242
57866525
58766368
58254216
57055789
58287732
57557181
59058305
57594848
58268974
57003954
58439095
58688949
57447811
57224112
58346155
57303899
57236297
56605460
57717628
57788437
56973117
56753772
58104244
56972830
57196082
58946026
58725334
59424968
56691652
57740823
56411490
57468338
57731495
56876504
58890733
56891817
58530674
58539436
57386477
56925995
57656716
57958477
57627337
57790341
57759013
57467399
57754695
58168974
58177972
58918988
58667898
57548981
58284297
57723692
57146917
56952632
57495883
59174306
58713929
57847405
58391689
55115931
57893581
58241665
57407050
57778922
56902263
57995694
58135427
58544751
57104144
55913867
57612344
58366439
58122615
57683712
57978945
57635687
57645888
59266603
56670618
57130319
56220933
57329861
58012407
56828884
57777154
59400994
58166292
57538904
56148499
58210439
56582888
57270564
58806347
56600347
58679755
57618775
58817852
58033302
57621623
57234989
57755601
57591433
58731699
58464337
58383761
58076436
58365544
57959344
57519092
58165684
55708731
57515645
58765944
58384450
57766695
57267233
56284277
58439745
57512772
58463587
56197341
57535032
56361480
57071003
58060376
57616887
57471733
57446263
57213137
57665934
57592213
57866225
58576867
57403762
58305839
57220579
56920043
57011146
58540660
58319904
57556498
57289210
56881135
57544290
57934654
57186713
59709570
58507578
56915732
58278413
56896287
57558632
56141927
56356865
56507890
57702358
58041036
58029621
58391165
57457283
57552451
57563300
57578095
59209307
57267294
55855114
59785340
57407123
57475000
58380264
57454344
57650769
57290905
57450509
59081889
58715615
58931105
58441171
57072035
57887237
58572839
57196509
57883462
57480959
56600934
59165210
59850953
59561815
57339333
58129334
59152418
57672092
58433123
56640543
57183482
56651545
56856969
57057666
57989909
57723733
57369829
57883224
58254207
57145447
58646114
56669628
56601671
56583246
57864804
56657413
58405871
57842396
57712667
58702726
57779615
57007186
57358438
57548386
57384207
58540955
56510825
57064777
56299442
56665557
58057707
59438655
59642314
57798745
58150736
56725336
57681401
57879699
58698144
57661295
57357689
57669806
57760354
58042555
58161924
56342426
56934047
58119468
57252916
57337766
58161517
58336844
57482928
58273982
56994555
57380213
57563831
57894853
58321250
57426333
55515501
58618019
56184947
58599703
57285385
58869140
58086271
56835142
58382965
57971531
57677671
57347523
57930388
58983306
57509923
58466214
57623348
57017123
56902100
57105087
56845579
57566857
57215361
57060746
57763779
57341499
58347232
58430095
58176468
57639485
58050472
57511834
58067831
56848111
57100678
57053244
57390693
58032079
58827321
58993441
57224172
56934279
58679655
57111533
58067345
56590528
56292106
58697889
56822498
57124908
58526912
57340987
58130809
56440175
58699569
58961642
57698394
57238898
57091432
58378029
58123262
57621925
56873322
57704494
56718960
57859717
55976134
56667645
57383524
56515447
56690931
57462119
56546281
58503168
56921347
58393706
58742419
55661305
58293491
57057122
57428217
56874628
58233632
58519411
56998516
58489404
58908355
57457830
57056423
57770899
57940066
57854201
56689273
59373425
58944200
57883861
58487004
60172620
57686104
58377158
57302352
58111848
57832326
56949763
58946627
56706657
59067713
58212092
57273785
58584149
58395546
56871582
57381109
59542865
56200309
59161275
59510311
58817860
59171957
56447160
57121304
56607673
57887296
57760828
57289103
58212044
56842724
57921393
57208721
56904041
59394104
57973089
58440265
57445741
58034441
58321330
57737141
59134335
58392684
58683145
57988700
58429517
58845254
58535242
57543391
58751352
58656563
59282959
58279866
56830699
58536503
59184330
58535672
57050417
58450201
58233299
58276299
57284898
57750960
57385890
57551080
57702193
56865478
56786916
58054274
57433786
57082834
56932662
57781382
56508607
58004511
57868886
57367320
58447069
58551905
58089266
58593581
57974569
57509146
58200580
56811326
57734892
56858271
56364441
57057160
57471661
58173094
57791699
58447049
57166417
56752792
55352072
58698872
56938846
57000080
58650065
58363532
57608811
57939699
57057759
58421433
56830577
56319436
57902442
58658231
56637795
57393287
58144469
56436900
58032058
57155317
58109318
56926086
58530609
57661330
58030054
59131403
57666626
57549982
57307279
57006887
57600711
57824631
56603731
59333533
57623944
58726854
57553118
56988466
58344919
59123449
57229920
57270196
58243267
55934753
56697790
58424125
56831108
57326060
58104485
57128938
57179219
58215821
58068752
56243877
57427910
57485189
57918418
56799321
58165249
58427024
57570127
56689964
56836984
58376540
57074304
56742496
59556086
58107923
57747369
57765212
56279065
57481082
58089481
58179521
56948657
57906650
56650927
57623497
57167504
57131587
58139584
58212894
56998413
56678204
57055522
57105744
58507913
57242469
58669875
57498560
57868599
56659893
58647013
57011062
57083690
57816244
57737506
57004995
58866754
57324002
58294059
56456775
58375407
58271213
59146263
57540640
58012445
55868546
57254755
58413769
56489874
57375109
56774458
57750141
57375983
58254897
57176189
57606096
57193927
56472731
58405668
56681379
56713423
58439489
57945481
58033243
58000236
57554882
57394776
56970091
58178560
57111617
58512550
57314340
58340621
56816332
57556366
57968892
58562645
58134082
58071518
55976082
56343220
58320160
57422023
57224703
57029371
58082781
57911713
57900684
57860326
58053355
57949373
56987225
57687716
57570095
55721246
57742244
57765229
58665588
57400856
57618800
56626226
58806835
55962389
57809374
56260503
58766250
58071871
57286711
55937725
58027863
58453413
58048749
59085679
58387596
56482684
56230799
59184742
58669002
58256230
58472589
56073497
57062567
58095791
57517878
56724469
58555573
58938914
58225958
57986373
58916412
56868817
59000551
57931358
56605388
56539601
59163494
57167249
56718503
57032365
56459169
55960679
56286068
58524851
57328390
57272384
58544706
56982705
58262069
56772888
56885319
56591541
57530004
57991989
57536138
57811099
58446370
58338920
57003808
57068877
57432096
56676535
56866871
59565324
58065191
56580158
58039872
56412291
56129746
59239919
57481679
57874729
58047252
59219949
57435771
57525431
57540273
57092362
59334461
58264315
57280067
57920120
56116859
58678716
59670065
57169074
57405389
58474159
56735923
58606292
58464570
57642165
56408790
58652921
57454006
57892332
58417776
55818193
58029331
58542786
58533789
57430905
56409461
57066455
58387019
56300348
56993381
59000111
57459249
58916447
57905936
57934946
56061243
57002309
57355446
57926163
56768300
58295688
57476567
57676558
58153863
56582778
58354268
59293959
57557094
56905938
58289244
59518762
55998671
60143956
58007362
57527530
56945976
58972394
58298231
57620164
56764008
59668466
57684854
58309804
57551173
57469904
57846794
57204188
57161005
59452627
56301802
58617684
58865939
56588715
57208578
57318171
57275135
57603530
56075892
57824076
56747987
58188985
59262549
57210949
57561780
56509180
56742908
57583090
57218360
56787190
57688691
57901588
56666363
56933864
57785909
57552056
56994414
57272069
58738550
59303449
57997651
58702290
56870516
56965321
57663986
57045348
57659745
58247152
57658850
57794378
57141362
57771538
56332789
57257520
57876112
57178410
57255383
57045197
58258998
57749841
58232884
58219994
57974611
57334114
58912045
56540634
57607371
57160308
58848788
56553523
57859108
59226895
56258912
58520562
58761614
56924685
58458776
57216363
57525524
58897929
58655252
58663465
57257031
56686965
56096362
57391159
57725971
55688133
57942457
56915630
57480233
56358489
57911079
58825040
57869392
55811183
57365592
57921415
58187785
58221228
56682695
58210828
57002093
58668808
57324947
56542658
57958131
57279312
56832721
57535903
57139669
56245492
58253048
57365505
57155949
59120011
59108864
58292467
59033204
57217962
57887531
58065554
58206478
56874045
56904479
57223839
58193450
57868923
57257505
58722567
56758097
57203844
58030021
57866104
58605765
57201594
57447560
57322258
57229235
56476114
57519042
57460260
57329527
57664553
57450526
58096128
55386177
57611713
56138647
56811032
58685999
57442493
58892917
57344471
57628100
58088702
58669730
56279277
56801165
57388558
58162725
57668941
57886411
58303837
57657963
57939318
56990173
56584320
57004011
56710535
56533796
58431946
56838050
57906999
58021489
57036368
56484127
58429825
56822941
58035521
57701471
57723094
56456390
58533125
58179831
57270708
56976828
57854718
57277398
57724497
56541724
56992691
57129171
57068526
57983526
58310442
56324860
57206760
58011243
57267500
58282441
58157026
57138870
58976956
57546719
57914931
57229081
58734446
57917410
56070881
59019213
57311968
57054707
58168726
58159259
57221895
57512523
57921119
59307244
59529562
59966992
57317249
57047925
57705534
58310489
57958387
58497769
57670087
57205111
58876813
58385634
58172922
58026271
58423448
57335981
57376355
58696465
58234065
57567986
58204753
57276248
58551887
58120568
58848456
56499882
58007041
57545951
58530775
58291704
57634190
57250088
56466350
57791709
57363796
58440482
58380872
58012918
57122739
58865516
59403457
58032848
56706196
57961799
58730674
58596726
58339875
56778940
56884678
56717159
59530187
56670427
57616126
58149666
57062738
59481698
58438797
58761544
59391929
59020692
58634030
57182594
57595058
58948441
56432204
56888459
58007138
59053414
57187345
58063425
57621257
57854088
56787867
57154992
56585062
58008031
57547882
58443931
57104671
60487080
58062292
57615814
57021201
58152630
57596312
58310934
58165875
57153290
58789686
58238475
57386125
59004665
58115246
57396623
57746245
58212649
57000441
57843868
58705310
57704199
56776029
58042778
57200957
58513642
57091749
57955413
57647992
58374667
57914916
56891949
57195415
57835704
56298662
57526113
58278144
58732799
56274034
56743626
57436207
56921153
58430154
56863834
56715856
58922267
58396738
57652319
58172112
57731841
58822171
57903730
57858879
55243055
58683222
58400550
57555048
56334073
57387643
57588425
57634348
57773412
56413306
57856032
57140731
56597338
58380335
57494489
58680824
57187009
57429521
57048234
57594083
56981666
57946579
57259590
56953293
57324482
56738544
59373299
57117078
57538620
57108308
57368296
57582378
56699315
58364252
57426377
57353492
57743335
56770241
56953021
57854635
57238457
56967898
56190137
58807661
56628975
59337180
57919192
57415960
56930945
56467518
58535669
57769527
57127180
56573600
56476216
59227630
56988834
56417399
58184835
56157906
58051300
57253818
57473492
58211201
58434507
58048306
57981565
57723456
57410898
58109666
57935386
55993638
58260096
57513289
56792509
55874078
58208171
57643622
58015454
57121709
57353999
58192930
57902508
56567725
58099614
57958187
59707546
56947301
59217877
56889865
57780358
57680969
59253699
58020763
57229239
57705078
57427474
56570344
58041889
57530441
57480038
57451599
56977816
57505294
55948499
56879338
56898149
56976585
57025942
57015757
57508972
57395975
57124651
57438671
58052300
58920115
57498615
57308658
55870298
57613855
56823420
56980840
57423625
56638642
60564936
57532198
56589297
57179642
56281032
56454671
56947581
58203207
57085888
58593117
58237664
57757349
58477590
58747998
57343809
56136677
58173167
58068739
57007109
58363051
57027611
58654226
57206950
58779833
56051617
57263071
57158701
58151373
57564270
58639041
56813755
57297090
56545956
58229770
57871676
57825977
57229090
58683310
56975459
58817845
58324588
57512488
57545498
58246881
58289949
59050122
58866896
56648429
56505932
58392586
57441675
56958065
58550204
58985858
56928622
58402183
58965534
58448290
57463760
58949836
57496659
57469002
57254738
58870067
57139626
58849713
57765201
57933064
57618579
58127365
58406099
57552688
57237426
57268224
57711180
56364310
58116732
57992065
56234742
59168758
59997359
58033198
57822426
57509503
57254266
60703059
56645115
56687458
57655694
60569787
57349769
57974981
58111117
58200040
57753057
59574787
57051141
57158904
57463448
58500236
58986492
57738033
57725944
57815051
57804650
57316216
58279757
57347282
57352970
58910117
57501784
56893305
57141687
56846302
59084925
57458470
57535441
57731968
57544140
58297430
57882556
58995627
58130515
56407503
57171078
56641123
59457175
57955897
57255910
56604788
57883312
56622283
56093576
57964432
57973498
57769924
58551551
56659702
57224384
58693933
58566496
58012251
57235559
59016575
57924128
55680754
57860976
57079889
58145737
59497411
58155553
57706535
58771752
57651124
57668975
56594010
58413286
56714776
58087000
58180369
58004920
56863294
56546132
57788568
57909020
58016503
56887175
57647623
58085410
57504018
58297766
58207265
57042002
56944339
57310446
59235641
55864904
57660138
56558184
56545196
56484454
56808625
57616822
57014014
58810243
57474235
57353746
58535300
57556267
58487120
55469946
57830064
58071637
57296279
55967817
57493799
57267907
58681709
57348282
58237258
56727405
57113672
57571801
58182377
57994441
58238686
58452639
57203594
57780712
57396525
58861975
58289779
55793960
57003506
58273107
56741611
59518535
58853126
57135942
57899489
56300022
56376144
58403837
57664007
55012717
57712540
57985750
57109476
57860745
57105786
57518992
59162765
58343587
56892754
56876792
57375645
57770408
56803255
56201667
57499796
57553627
58166719
56770499
59075034
56759097
57654048
58470588
58510821
56895894
57361191
58682963
57592217
56600084
57750477
56953371
58116710
58355774
57832713
56618848
57842617
57331694
56880030
58489910
58851003
56866245
58042835
57007991
57185493
58608624
57989443
57810330
57903797
57967219
57888789
58023244
58938846
56992418
57205878
57903317
58443685
57839745
57706180
57900064
56654824
57489174
56477394
58052448
56991172
58246997
57599210
57929212
59440194
58040311
58405032
58084731
57366456
57393943
57478421
57682797
58645134
58176442
57778278
59762238
57806481
57852046
56159193
56481003
57481087
58070220
58065747
59093950
58365141
58667979
57686427
58503750
56607452
57908733
57868916
56386812
57738799
57025378
57364326
57916437
58054254
56964599
57134513
58412183
57787222
57683259
57180542
58103838
57523164
56839543
58195255
57726251
57834075
57163594
57576892
58878329
55662513
57272364
57674060
57576317
57884226
58053540
58786774
58394249
57375773
57422399
58146384
57166249
58027482
57141072
57170661
56543785
57683155
57598436
57374357
57836063
56909255
57544352
58048647
56787129
58745220
58658873
57551299
58254579
57692634
57684838
56338558
57469149
58070498
58809443
57681945
57836678
58463373
56745081
57994191
57487197
57622058
56967128
57906414
57822589
58998305
56971915
57314462
58403949
58405832
59132713
57135254
58022834
56022151
58336621
57876814
58037691
59079703
58788207
56637632
57746835
57910410
56544040
57552785
57553732
56736659
57376232
57748658
55676093
58135834
58619010
56667616
56581212
55829109
57668046
57588696
58626919
57974717
57921962
56412260
56829717
57626649
57586916
58680831
58779071
57765183
57826705
58285683
57842949
58134029
58107221
57152700
58549776
57851677
56536426
57339629
57640709
57758202
57792918
56371372
57748556
59053075
57446446
58150488
57172420
58291927
59046494
57257046
58517867
57590250
57287470
57740443
57699543
56539870
57865411
56739750
57053026
57182865
58214850
57645473
57682459
56999099
57936248
57180586
58163181
56583420
59502872
55877955
57639230
58166992
57517498
57149311
57237937
56270787
59168462
57393495
56415704
57169614
57759527
56422047
56474737
57935860
58037099
59212453
57466471
55706835
57196795
58136213
56220802
57180796
58584347
58408744
57914782
57531743
58277489
58235915
56819165
57516111
58083504
56372500
58158758
58372338
57997228
57833317
58372046
57913503
56899110
57283042
57990024
57734267
57957649
57226854
59561364
59799648
57692837
57937938
56832267
57063168
57300011
56340897
56355092
57329384
58425263
57147377
58944749
57921441
57365735
58049815
57483607
56918900
56898207
56189781
58584870
56759520
57771729
57395068
57138146
56945905
58099007
57599892
56625020
58534935
59246931
56377259
56757003
59046417
56951215
57861072
57312720
56845632
56813294
57278467
57409778
58061026
57667407
58463040
57771670
58052775
58025039
56805406
58226303
57793990
58494694
56969362
57495841
56925131
58551443
57505131
59885892
57990347
56851454
58889279
57884298
56990384
57963155
58042097
57434240
56653139
55938949
56140074
57916898
57166805
57447656
56422852
59254910
57883447
56929884
58500141
57171638
58191616
58336049
57247932
57321291
57248365
56831465
58293687
58912918
57740640
57203309
56164660
57268829
57798381
57384369
57264326
57860465
58005245
56460679
57495360
57087076
56906822
56991243
57384950
57586049
59044509
56661557
58163563
57403889
58804185
58061955
58023766
57474044
57587329
57990372
57054654
57519280
58007272
58693506
58882589
57295226
58159933
57260339
56716391
57573928
59158850
57209348
57535003
57827575
56999607
59060057
57733039
57060773
57255554
56728030
57499499
56259855
57666366
55684618
58120876
56736498
56510334
57103581
56906876
57689053
57630209
57850636
57594471
58585015
58064359
57715278
56884358
58119208
58993076
59516894
56850926
56904119
56093601
58013717
57923482
57163841
57614483
56963857
56570897
56344732
56307945
56947895
57516351
56756970
56425613
58413188
57634736
55946564
57340236
57835319
58670381
56432290
57605941
57833962
57813858
58402038
58273824
57087087
58135746
57722897
57247504
58490638
58802941
56422638
57716896
57272128
57593696
57968545
57495046
57052584
57041992
56994967
56729455
58975552
57136695
56448634
57676984
57851678
59374213
56798520
59192959
57241073
57639063
57928569
57123768
57708240
58447481
57783351
57001231
57432500
57026517
57730609
58431378
57585838
58749198
57462758
57891119
57274844
58115829
57416161
57595544
57530236
57622518
57700612
57758317
55756042
57847985
57926524
58091556
56852766
57396014
56055073
55866328
58565578
56007660
56240391
58496633
59000415
59842896
57971233
57173085
57994738
56229977
57833090
57616338
58755592
57651534
57478918
57321320
59160472
57092154
57434433
56760226
56628929
57826354
56782424
58855886
57225458
57635696
57784648
57351325
59136737
57031727
57251222
55915997
58092784
57842903
57636696
56065061
57072082
57540276
57962047
56573506
57396594
57748483
58784664
57040647
57908033
58125630
58168644
56839995
58740509
57229313
57476230
57502269
58333530
57241065
58369219
58931114
56371749
57216638
57244098
56772845
56869197
57658857
58800670
56187598
57802723
58439562
59362399
57869652
56918072
58987670
58166294
56704146
58175500
56910705
57987296
57488167
56683266
58448237
57117242
58414111
57904260
58503376
58174863
56329401
56496550
58221764
56857996
56947414
57012642
56905045
56835107
58312707
58726389
56436468
57509659
58010319
57242882
56320686
56621373
57462856
57468331
58983018
56855261
58177901
57488005
57599673
57035149
58583888
58071539
58331170
57583737
57031592
57493635
58188909
57885708
57690737
56826534
57412947
57345896
58366055
57923013
57745319
59293993
57470525
56764678
56043950
57417759
56910618
57673885
58342105
57437302
59514741
57976777
55492324
58279377
57021002
57478009
57030833
57834920
57221405
57673565
57536858
58150713
56648623
56565931
57837841
57890689
56367853
56796729
58490614
58434935
60294188
56516954
57347971
58381771
59813123
58893007
58702064
58301667
57772434
58676655
58822311
56882250
58063697
59467633
56362961
57977755
56757679
59100598
57276538
56695016
58744328
57427468
58285863
56607480
57812634
57247026
56618283
56978801
57655090
56625234
57152232
58273049
58385223
57673583
57135211
57087021
57029214
57642168
58494954
57432020
58282894
57582560
56796717
56823313
57364447
58371425
57722022
57714567
59152263
57424703
56982575
57132858
57614012
57149417
59023477
58776093
58807670
57498933
58404230
56751316
57617748
57984522
59035233
58205170
59041021
56465429
57932902
58304795
57685782
59162720
57841687
57877965
57834059
58858498
57398803
58488210
57964152
59588847
57212392
58571538
57777529
56695085
57213952
56474832
58144068
57887801
57718731
58234873
57720852
58217045
57020816
58236795
57306822
58071059
57794351
56155697
58390949
58830360
58403628
58753753
57566231
57030261
57625671
57086743
57321914
58927622
57447131
57607680
57027877
56473076
57166185
57141674
56482742
56679776
58442149
57965260
58387581
57050968
55520717
57179898
56874789
56918087
58043434
58549127
56807894
56848157
57612800
57750115
57507559
57524952
56657447
56148433
59051064
57245843
55954136
59678533
57497479
57945493
56380435
57604939
57974638
58547747
57101920
57243631
57984118
58859591
58449771
60060974
57481294
56340677
58428266
58561590
57367532
59042128
58312695
56177979
56467422
56692131
57984181
59128276
57805936
58488024
58044333
58468291
56392014
57457361
58338343
58097208
58895105
56708446
57393230
57992111
57570356
56516898
57988762
56915261
57895553
57434035
58942083
56694938
58637387
58476538
57417744
58158382
56911156
59065573
58051998
58069312
57088279
58187620
57468210
56985981
57264833
57913770
56195430
57594934
58038805
57761188
57019068
57750659
57512485
57885109
57101497
56476177
58216585
58828605
56815671
57298345
58193360
57776571
56614382
56539315
57993262
57749292
59093301
56918654
57164250
59227402
58402947
56803221
57756494
57219334
56604652
56753815
57550484
57215408
58478155
57372607
57470587
56428307
57131043
57730104
57769889
58919482
58509852
56842109
56602532
56828173
56330908
57564612
60064048
57967462
58745927
57760081
58450071
58706226
57930108
57444187
57767730
56055391
56450784
57584611
57037071
57711352
58213176
58518203
57018487
57616245
57528316
59081106
57054838
57842818
57398865
57079789
56964581
59309505
56557102
57842516
57040761
56916343
57734472
57567666
57957715
57730690
57458940
57442762
57763832
57550425
55743386
58594198
59141645
56746155
57299431
57186960
56917774
57492797
58517122
57289481
58616529
57383574
56943378
58053138
55979836
57460442
55866029
56608531
56590908
57483572
58219556
58417499
57989958
57674684
59992157
57616230
56171313
57945584
57737650
57837343
57676579
58720138
57613623
59145902
57097020
58465803
58319209
56626079
57288250
56380699
58416162
57751334
58066976
56459308
58153912
58761206
58515467
58151600
58719654
57787169
57978276
57349671
60989698
56143249
57062103
57197450
57353598
58240475
57357620
57139218
57347989
56974813
57733351
58417202
56205602
58216717
57982615
59206594
57861798
56119008
57313553
56970921
59334616
56468290
57796295
57304951
58401184
57473102
56845738
58165828
56492033
56964086
56526229
58534196
58261709
58100450
57610064
57444883
57760121
57813707
57114682
57075549
57209151
58012913
56357937
58035855
58396553
58962079
59362951
57831353
58183621
56679033
58959473
57328603
58519318
56381515
57929960
57476610
58726000
56064862
56774967
57882918
56622349
58859292
57301621
56613078
57954777
57905883
58515024
58948845
58327919
57573767
56817723
57765583
57373998
56892481
56510287
56790478
58515289
57714638
57152534
57341175
59854153
57796723
58260678
56264494
58292116
58085787
57906887
56577556
57240134
56094028
57757044
59066832
58154668
58134127
57654267
57727912
58745986
57709447
58802765
57837478
57557966
57865804
58596537
57865238
57422442
58039517
59127639
58162402
57722282
56197977
57868968
57023313
56416589
57598581
57093755
57436182
58303860
57605551
56877443
57742658
58225830
58636363
58126176
58056468
58811887
57404788
58207073
56853503
57395406
57955480
57831723
57248082
57139682
58703334
56409269
58557040
57533561
58038518
58744290
56237434
58234993
56652741
57369400
58701931
58141076
57971337
57167284
57460638
58039551
58102276
57399560
57255278
57016471
57704938
57504005
58225230
58352049
57995712
58629830
56365979
58200907
58128167
58545613
57851973
58527542
57692156
59228108
59539421
56175256
58614538
58443539
59044279
60276934
59003153
57234838
58917138
57403784
58148268
56838477
57741600
56376094
56646657
59091651
58854953
58844513
56598881
59446138
58606057
57604619
57305606
57359656
56789280
59312274
58443978
57873908
56114575
57834597
57727121
58483777
57219903
57864166
56647126
56876640
56656450
56424726
58610813
56669245
57417665
56994101
57398522
57167757
57131761
58348979
57064015
57393102
57506736
59359346
56994415
56509814
57068906
57701054
56353528
59147371
58109900
58254821
57155270
57448496
58752921
57677030
57109146
58509559
58168828
56207043
57797600
57204973
58894526
57098171
58937682
57933473
58665990
57371832
57520263
58866645
59680442
58639281
57620867
58716764
57630495
57874508
59598665
56659959
56982026
56286705
56668921
56933501
58114105
57975448
59628592
57960175
57509981
57309785
57308797
57783361
58438356
58651081
58060445
56759032
59438652
56245474
56617855
56602075
56976930
58124843
59973225
57781398
58126591
58617266
56561648
58769854
57805359
58454862
57853799
56948734
58904048
57957481
57513290
58778959
57023831
57411932
57284367
57488882
55774943
58836957
56600885
58737457
59190660
57970535
57883709
57160579
58939131
57655379
57140968
57027760
57212735
57960762
58433436
57962925
57711209
57417090
57819739
57460609
57812002
57436577
57717719
57959902
58299228
58361937
56598368
56941220
57824790
57893575
59285200
56051642
57996703
58644818
59014323
58262320
58271466
58018065
58393514
58117017
58721418
56268946
57392164
57628774
58582884
56110748
57015561
56288789
57925059
54816986
56889664
57136029
57557956
56330454
58255624
56683734
56350696
58249610
57524188
57141546
58107101
57547455
58956671
56873424
56799266
57770810
59503912
57563621
56870511
56628171
58704795
56610582
57943524
56670470
58668594
57321918
59228975
56876031
57660977
57321722
58447856
57400046
58546882
58413502
57891643
57763112
58127034
56601938
57903993
58511810
57453617
57631030
59538533
58160058
58429056
57102828
58231142
57730315
56461402
57134545
58217756
58822076
58880996
58917937
57722673
57320425
56498527
57665426
56778641
58560382
57122122
57716876
58270895
57292093
57964163
57771397
59178625
58030321
57889176
58880622
56857565
57874586
56432074
56675206
57030164
58364780
57883832
57874610
57364289
58084765
57655677
57190342
56435018
56605192
58272657
58938235
58298428
58531923
58448413
57840176
57388811
58160196
59346118
57228193
58878328
57946283
58186239
56728176
57634005
56402954
56925623
58000288
57037008
57604332
59070566
58386975
58329740
56761480
56715128
57277266
57052033
57599568
59277240
58479023
57452189
57458428
57541853
57803687
57649357
58033144
59857962
58086968
57876993
58462427
56938936
59052278
57413946
58669037
59036415
58162019
58875349
58306388
57279201
58203977
56639974
56981245
58232858
56810146
57971660
56817482
57452372
58038977
57176353
58609545
56487389
58400892
58806663
57133009
57291099
57191685
58719058
57810659
58018058
59406713
57635098
60596715
57824130
56884202
57270453
57756089
58390842
60013678
58281137
58544470
58089339
57153817
58366404
57351484
57161376
57794154
58068091
57864507
58527988
59098040
56369418
56783924
58499791
58095823
57880613
57557896
55921185
57829590
56359385
57742666
57491060
57704928
58496365
56393087
58379603
57648671
57518128
57524858
56219975
58102691
57674038
57295964
57536092
56311840
58474480
56888514
58652778
57098538
57988349
57054936
58477089
58146793
58610947
58445053
59000227
56529737
58961459
56971278
56899877
56670060
58475884
57338989
57716744
57760239
58107160
57524427
56519316
58622236
59263966
58424747
57318466
58357439
57535051
56760259
59172927
58210199
57077872
56328097
59254238
58257098
57274964
56501588
56989040
57892596
57938112
58080386
57280754
57458387
56657178
56749089
57504209
57470719
57655220
58942581
57994385
57341407
58073381
57747683
58201623
57530468
58459137
58036604
59066350
57029511
58648617
58971313
56439292
57736339
57953539
58649967
58916499
57064768
57757403
57920633
57781613
57392409
57382919
58460793
57958490
57080881
57707667
56295915
57265219
57232810
59122334
58743940
57315098
56861091
58776856
57455203
58377373
57999313
58150241
57662511
58143108
58353009
57566315
58109099
57823398
58622697
57941454
59229087
57882859
58753500
58353353
58518446
58927477
57617495
59257787
57747364
58157541
56997392
57438699
57621485
57925052
57856736
57403482
57461633
57621357
58017334
57674339
56804310
56936210
57482772
58673581
58635187
58299000
58517859
57796661
56185948
56392582
57798261
58766490
57478166
56874986
57073034
57696643
57339746
58347373
57197225
57146286
58933646
57941447
58165364
55736608
58496704
57626897
55912664
56728707
57409460
58385384
59039738
56153160
58965037
57442019
56593238
58165926
56902215
58126153
57622376
57469172
58762138
57656212
56511881
56269315
58323614
58672729
58105360
56804690
58324635
57336544
57967963
56775087
57638641
57917122
58264002
56768485
57869514
56985477
57723167
57371086
58927275
57668357
58367615
57733873
59447910
57216910
57965001
57782948
59454029
56737923
58031380
57059066
57433387
57446290
58975586
58311407
58185863
58163024
56573676
57266229
56769907
56039379
57769643
57540330
57917256
58869981
57193284
57737463
58114873
57500556
58566982
57384280
57406822
56773305
58209910
58098251
56093944
58068712
56641129
57914996
58027105
56662905
55861907
56580003
56472739
57475936
57215954
56855798
57954316
57514377
56636724
58605780
58036101
57857315
57393900
57607422
57477893
57862977
57050315
57425874
58439183
58478659
56137769
56973593
57987857
58682860
56678406
56609154
56369524
57041175
58255504
57637483
57348291
57181954
56839450
57231400
59740359
58323164
57235800
56844629
58258163
57291576
57219546
57788506
57834086
56503282
56998060
57475088
58288584
57025802
56879452
57962180
57327190
59021778
57382870
56557786
56778173
56471193
57228097
58172205
57400002
58579874
58598034
58765346
57872956
56576387
56625538
59071274
56398839
55829637
57674447
58472395
58286888
57176791
59022760
56876328
58266305
58134434
58962874
57707327
58412619
57093917
57064037
57030260
56658217
56008124
57410771
57172171
56572436
57936586
56503647
57746786
57911993
59084658
58545698
57982094
58645951
58881075
57518239
57482263
58381575
56857321
58582453
56799126
57175665
56865600
58467135
57930885
57737349
58537206
57716216
57908082
58198105
56779678
58350580
57628701
58867674
58307366
56843645
56657782
57675068
57415362
57525265
56547449
57443063
57758881
57814235
58634861
56300057
56984187
59919916
58238350
58612046
57007721
56789073
57848467
58900748
56891798
57529138
56449968
57350124
56759510
57530903
56970660
57730529
57425030
56903514
58271608
59944958
56314674
57416960
55495571
56911550
58089714
57075589
57678392
57646401
57058015
56863615
57133309
55910474
57166583
58207244
57864688
57275386
57141704
58624656
57865474
58897150
57694632
58196756
58090710
56888897
57920110
56882984
56659110
57445428
56648881
58502499
57890948
56563733
58211197
56952657
56134451
58441364
57979908
57470073
57357239
56979959
57140749
58684065
58651286
58467461
58407804
57208999
59721952
55433320
58560407
56983205
56898107
57823151
58602357
58649497
57631877
57061359
58643092
58110149
57144988
57362509
58567700
57585361
56993398
57507658
57115087
56131759
57537421
56899355
57933973
56932513
57657043
57790100
58201353
58550500
57580880
58900462
57733198
57073446
57053916
56533227
57859285
58040735
57240472
58915509
57445763
56761055
58311831
58029613
57698251
58325552
57065357
57678826
57875043
57876403
57090961
57533748
57766732
57718603
57770870
55753122
57771144
57719488
56359644
57757441
57659649
56808047
56619402
57272218
57949999
57115381
58367159
57520843
57848459
59280471
58734338
61088245
57825927
58725498
56529680
57688618
58686221
56901568
57882255
57684103
58254791
58081381
57884870
57837758
57953725
57489402
59269910
58180277
57858480
58253326
59390556
58066211
57649562
60241567
56865152
58827488
57897237
59215951
57918866
58225045
58766876
56786748
57553011
57905133
57288975
57290645
56466309
57190488
58018903
57829114
58489542
56863502
58558879
56766370
57088796
58801519
57148824
56484188
59251055
58749829
56685501
57260001
57742112
57040955
58247779
57745255
57827832
56544053
55929684
57304347
58503948
58847580
58238470
57977894
57277964
58122946
57987770
58138003
56851035
57039102
57574942
57814178
57053273
57819201
56735199
56363220
57678009
57782361
56633296
58673078
58223784
57781414
57508320
57606288
57010138
57092060
58482330
57827062
57007258
57977074
57342292
57651194
57345609
57708098
57763434
57584206
57950405
57083369
57048529
58466274
57124857
56904387
57859717
58938062
58642525
57715060
57695557
58745100
57711662
57897729
57786024
58930432
57839373
58357464
57915565
57780209
58459173
56963315
57661611
58463566
57459198
57958001
56120636
57104697
57307679
57569311
57762306
57995529
57863001
58333192
57696949
57317924
58395144
57145782
55975707
59191378
57667514
57883885
57946824
57690291
58454809
56254895
56837021
58474619
58808381
58235722
57303421
56985225
56337647
56664595
58110907
57454013
57790449
55921995
57225383
57258190
56079399
57181991
56847764
56860159
57058418
57369160
56219203
58146597
56377933
56892190
57753873
57941850
58276493
58295294
58721520
57739737
57874764
56430938
57713594
58354804
57675361
57782261
58585091
58233503
59546271
57541211
58313905
57908978
58602563
57597333
58021290
56904172
59233625
58695346
58184837
57908585
57964342
58139697
56213261
58661562
59161161
57590470
59059572
56807534
58669743
57436255
57676602
57290942
57426978
58067232
56587667
56576938
57875770
56914546
57569478
60548098
57792967
58340708
57545293
58253953
57416634
56259568
57239746
56862699
56807736
59279318
58446876
57036121
57833577
58755907
57296197
58524945
57298995
58141296
57177375
58514566
57656075
57654218
59181223
57464303
57068798
56856032
58783630
57452405
58128263
57428801
57114303
56685149
57563810
58660029
56648021
57243542
57100841
56475030
58232056
58526265
58154641
58247424
56820436
56591293
58558703
56727313
57736467
58849732
58907426
56555852
58419353
58250099
58233767
56367914
58029345
58106689
58141671
58470800
56517573
56691525
56536580
58450885
58709843
57189976
58769600
57852584
59647237
56471514
57375807
57584837
57529634
56920847
56565671
55877217
59389883
58234602
57708568
58277176
57858600
58257245
57193184
56384591
57981542
59125916
57535053
58039595
56899905
58111565
57450029
57304211
57723189
57734465
58731756
59541152
57015972
57106524
58628797
56368614
57401274
56372380
56486774
57628181
58354406
58561572
58686749
57614851
58975530
57319457
56771945
58073089
57379458
58216718
58925011
57355478
56201451
58789683
57458548
58378088
57976152
57035764
57754759
58813834
56980771
56938305
56731473
59216045
58441452
57739470
58802612
57479957
58188190
57694606
58213565
57767134
58421298
57940616
57904466
59953124
57729870
57457368
56826166
58465294
55895604
57808651
58716262
58305232
57261486
58646280
57390802
58102946
57194819
56998853
57943597
58085561
57782349
55807017
58586550
58216293
57001636
58632902
58206900
58008486
58075334
56407496
57693467
56964167
58116370
57983016
57115746
58002965
57836230
57523387
57671369
58429471
58154083
57007475
58406085
56579311
57253477
58473315
59440513
58630723
57158355
57828212
58184948
58961441
57499814
58461099
57415696
58763040
57913609
56996513
56613832
58669725
56606290
58203534
58450280
57674449
58629552
59045678
57569412
58918360
58551573
57136411
58081154
57959249
57059619
57873295
57503968
57204251
57924077
57039418
56274337
58053429
57117887
55634831
58066387
57320867
57317639
56506568
57765978
57859810
58161177
58455004
57463775
56704732
57742716
57412751
56567515
57609099
57916676
59140393
56934913
57054267
58181052
56365474
58039047
57916758
58040838
56698653
58137771
56678575
57763743
56345910
58894736
57677457
58584173
58211317
57165988
57226528
58314774
57272058
57341288
59458595
58534255
57143726
56892706
58446114
56902137
58244542
56960056
56252618
57824049
58705725
57360717
57249701
57820486
56403674
57661408
56385458
57876620
57428667
57215592
56885544
58066203
58282853
56648826
57112938
58086094
58961728
58047379
57650849
57038076
58047734
57314798
58283421
56679369
58129580
58444600
57118726
57582354
58375612
57196443
56983075
57970875
57195447
57639717
58125597
56217542
57412208
56735316
56697725
57943105
56938569
58058889
56256725
57247100
58413330
57518449
58277533
57060050
56677271
57658784
58415644
57788198
56433595
57293231
56626661
56948409
57336436
58145904
58258460
56621313
57700561
58259069
57795534
57415067
58746794
59058810
56928795
57594662
58452074
57418051
56919506
57167629
58321834
58608790
56713980
56867009
58056221
57916732
56350088
58488698
58025408
56659641
59204724
57477004
58221921
56833836
56522926
57713325
56841508
56095257
58383827
57230316
57226083
58077141
56908281
57431774
58082986
55905980
57180019
57930267
57020951
58055328
56435054
58360097
57455820
56312692
57316644
58510089
57040080
58189640
57701152
57610422
57482805
57485269
59932722
57656139
57269783
57294106
57837475
58548236
59008045
59145737
57497769
58443654
59210435
57596059
57061093
58286528
59033454
58283315
58898490
57960949
57069810
57014949
56976402
58411379
56975796
58252137
57189946
57834310
56518069
57416638
56362807
58112312
58519838
57965431
58881703
58537384
58277100
57900598
57231076
58121366
57049294
57014372
58456389
57929798
58111008
57362110
59132960
57880863
57627745
55786115
56249484
56670207
57954135
58235742
58412349
58079989
57459290
59868756
57920869
56491071
58037759
58617708
57903854
57428047
58079030
56935045
56738514
56727430
57832979
57724517
57163572
58976546
58781890
58793328
56669659
57076323
58057459
57538352
57727448
56532119
58153574
57060456
57507729
59328033
58307001
57769535
57516063
55630849
58927289
56944493
59621294
58066961
57572477
57314633
56528308
58978256
58501110
59043569
57677315
59286815
57916992
59527174
56585894
57552489
57402619
56890976
57191111
56893842
58145507
56403165
58905720
58317948
57575529
57003586
56359932
57195178
58050268
56237688
58044118
57538354
58111403
56245444
58237585
57585145
56855807
57178559
58519030
57512661
57287742
58793244
58452864
57152446
57050101
57231705
56134171
57610841
58293179
59298984
56454705
60054384
57847688
59118939
59061732
58768209
56971649
59036277
55366373
58042194
55208371
57363671
57675841
57259013
57638482
57271102
58882560
56663530
59344916
57395614
57514666
57586018
57913426
57685672
56756492
57592880
58512392
57893049
57839950
58555118
58622306
56803938
57967612
57727825
58373643
56605449
56005927
56326931
58295558
57985551
56746257
58322428
59314140
56242350
56517582
58362894
57603394
59629171
56824335
58702646
57034813
56676927
56862277
59211350
57291960
57050099
59222799
56936455
56438953
57715827
57317394
57161323
58481817
57171037
57508613
57211450
57766581
58225880
58057400
56464134
58140607
57757842
56903721
56959957
58619293
58054110
59039087
58744470
56913631
57911945
57300291
56166289
57352424
59519557
57803640
57010775
57620167
58161092
57188978
58305938
56606486
57882603
59308756
57793985
56411097
55911227
57869062
58005453
56633362
56682643
56977517
56663149
57195554
57983428
56598771
57608027
57552736
57559807
58691982
57747964
57951047
57249329
57623463
56782798
57419548
58507541
58360152
57442012
56670463
58075198
58760146
58339645
57933671
56981517
57363413
56769300
57911306
58427519
57787390
58832349
56176330
58024472
57099248
57418874
56957590
57661380
57174049
58980793
56508493
57363835
58202963
57414204
59084103
56938870
57432680
58594417
57351648
57010224
57429813
58233428
57506411
58524356
57316844
57598885
56406072
58272393
58774704
58589008
57333427
57440009
57270970
59156556
57628732
58657968
57293807
58471095
57710640
58690371
56962440
57174644
57587178
57500704
59059459
56583816
58065334
57451611
57889417
57421045
57726230
57493015
58505684
56357860
56617705
57827966
58133365
57646166
57240236
57725142
58130038
58658421
56620501
57437776
57750039
58952986
57503705
57159862
57873547
58264094
57134356
56943495
57972308
58522122
59298768
58559381
57666305
56837639
58627428
57449904
57711102
57763899
57138953
56902669
58229962
58704801
57005597
56530758
57190532
57517870
59140266
57596461
57678838
58431776
57648645
57488510
57417842
57065504
56695571
58048374
58025029
57383188
58199212
56749495
58043258
57433940
57042292
58391085
57985469
56990546
56964705
58155553
56978495
57546925
56516427
56800390
56226587
57573713
57396422
57232762
57777968
56073161
57900697
57712413
58167720
57238472
56536084
58545548
56581139
58171241
57537170
58142923
58412293
58528852
56258243
57697747
59236414
58649802
58727015
58093720
57586038
56876675
57873789
57924467
56475229
57103070
57975025
57949978
57329363
56872028
57935056
57957310
57449653
57670065
56912652
57475670
57793424
58726982
55686994
57119176
56285321
59556680
58749979
58273571
58740781
57677902
57978386
57387279
57026935
56767110
57240924
57242330
57690354
57191309
57359546
58327821
57774990
56998252
57834405
57097375
58471272
56763992
59107068
58296183
57848311
57405979
58014049
58713622
57968836
57112009
57479499
57097994
56989452
58205187
59233923
58200343
57489938
56577399
56877970
57394235
57472613
58267487
55824319
56791714
56099586
58224674
57401897
57876261
58674662
57091844
58500650
57994732
57638939
57894336
58917785
57509984
57175203
56289677
58081020
58699227
55762270
56590484
57128705
58858880
57150196
57303003
57831036
59027725
57116338
59296926
57190094
57449310
57298237
58371215
56287886
58005247
57679470
57249928
58030323
57478910
58212862
56550364
57207081
58664191
57008508
58958178
57673169
57233799
57524884
57802949
56186491
56916084
59184754
57054532
57763815
56903156
58029206
57652607
58703752
57071358
58867287
58020804
58793869
57870225
58575013
59246834
57931086
56788124
57686922
58310403
56523776
56481068
56665495
57083690
57623171
58259229
57481872
57695604
56878878
57916973
58644130
57670879
57142471
57920228
57583292
58425768
56528059
58395712
58712267
57459551
58502372
57091765
58131435
57603811
57760152
58366152
57410500
57611359
57350139
58414503
57944993
57850826
56567557
57980668
57746207
56455143
57813156
58141840
57541403
56661751
57964719
56246484
57621978
59644318
59144886
57848900
57262643
58162892
57497818
57288034
58495725
57945297
57831826
57636045
55919249
58053723
57277225
57702772
57700718
56599937
55845581
57275990
57539175
58587400
58649636
56166398
57226439
58791090
57856142
56789826
57792611
57895795
57641818
58178746
58317783
56952577
59084644
57706558
57314917
57938915
58340866
58782230
55568859
57980041
58093204
56451507
57263889
58136345
57264997
57532713
58307052
57320305
57592502
57862567
59152310
57348079
58253198
57959274
57756084
57364435
57484253
56841533
58853881
57973077
57879311
58221984
58426828
58002926
58019076
58492387
57505514
56957774
57704319
58343843
57002218
57255503
58168679
56781021
56917755
58255154
57910739
58426202
56956372
57016072
57248603
58393103
57730103
56735552
57412142
58317504
58488791
57530487
57823825
57127215
57994466
57529978
58981574
56806704
58039016
56779243
58319190
57392976
57128878
58155820
57936068
58478381
55617830
58719977
57952887
58989917
56284371
57469045
56780264
57764580
58511730
58318023
56085378
57623269
57554095
56271324
56478331
56378178
58432685
58494097
58228808
57429035
57475313
56116176
56742481
57470977
59591749
57903284
56840753
57473072
57875718
57241945
58203149
57749274
56720009
58239685
57750619
57867503
55985955
57660115
57527297
57182160
57543355
55979889
58564813
58295105
58153249
56880822
57128725
58192441
57259616
57966265
57184006
56290532
57572881
58978217
57847629
57111833
56972958
57762928
59432649
59557512
57273446
57463994
56156490
58321884
58141550
57746706
57544363
58007798
56811969
57732797
56903258
56802337
56800021
57755594
55800845
56495793
57256959
58586154
57409132
58603040
59260771
56785598
58848222
55990646
57162598
58554691
57958241
58100940
57417642
57736426
57666514
56614624
56335110
57680053
58219303
57518672
58530635
57981295
57225649
57376687
57688384
58027702
56805164
56427851
57511795
58195899
56806668
57731426
58356615
57821380
57562249
58209245
57203063
59025839
58450495
58142570
57356497
57246601
58253494
56609813
57143483
58688819
58125490
56339986
56603407
57430374
57302468
59556263
58372448
56996603
56423071
56798594
56330056
56550960
57508494
57111944
59685640
57694902
57627401
58994576
56712668
58110644
57601357
58495833
56552266
56613760
58740720
57285683
57991887
56711642
58007383
56547067
58155542
57771343
57018091
58595675
57674073
56290232
57930492
57934782
57890079
56973033
56760664
57483876
57963470
58034145
57010119
56815078
57629212
57733229
57922689
58550778
55633089
58605569
57152207
58022326
57757796
57673413
57818190
57085485
57874795
57618562
58728989
58493529
57986520
58754039
57692754
58877905
56152591
58821560
56913801
56146943
56695271
57973279
58201407
58090071
56846003
57816235
57810486
59377309
56858513
58310127
56564212
57159924
59482669
58558555
58585974
59684553
57606122
56771304
57817283
56537671
57755757
57137298
58708072
57303482
57877139
57578696
57020684
56594363
58264833
57985061
56460297
56890102
58066781
60106623
59658793
56506059
57358940
56795511
57782050
56811207
59190553
56964120
58215960
57610340
57697866
57471951
56735005
60154355
57916967
56706671
56442978
57718315
57976023
57074508
57575865
57758610
56536402
57725976
57985547
56998215
57096572
58057771
58132548
58737760
57994796
56776066
57901255
57468063
58647467
57003660
56266057
58441260
58505189
58655215
57842257
58202242
57430748
57004550
58899813
56861809
58677313
57246153
55383641
58757138
58265634
56985075
55740305
58099283
57569405
58269439
60935131
56966852
58124656
58126280
58325787
58720219
57873329
57970951
58257784
57052180
58545077
57718814
57877904
58908927
57473631
58072077
57147430
57401007
57230595
57736601
58624761
58682462
58169483
57676582
56370322
56436273
57426257
58522586
58709309
57227529
57665254
57214641
57364718
56663882
58800203
57598814
56642834
60003522
58472486
57418764
58227114
58460541
57623694
55738239
57615955
57042183
56800436
56202743
57594499
57047882
57711219
56815986
57788548
57844005
56699355
56982567
56854187
58104303
57031817
58952158
57555336
57293009
57818396
56786460
57632736
56964088
59090784
58121568
57549960
57482414
57248312
58197603
60430349
58002777
57202530
57443871
59053338
57706160
57350718
57358825
58289208
57155418
58126355
56955838
56441437
57326655
58209381
57519450
58512183
58528484
57190854
58491298
56316046
57629704
58331767
58051743
57829163
58482175
58344264
57458098
57779424
58436640
57718022
56400029
58223150
58050319
57765013
57516898
56213287
56972687
58600755
57683194
58870466
59033711
59915532
57869328
58085037
56195036
58615763
56781576
58409982
58219816
58796000
57700155
58469732
57952187
58826175
57794616
56618929
58050573
57832509
58980757
57951893
58204308
57616762
57843833
58291058
57900972
57088601
56524630
56755661
56504158
59502513
57305176
57491406
57022818
57382998
55814841
57404014
58483650
57049684
57122499
57757368
55893913
57789210
58429749
57588900
58246955
58878900
58789693
58404661
57223380
58592195
57677204
58375414
56860119
57118784
56541135
58288888
59132907
57602159
56429070
56721260
58930223
58985297
56923910
58146727
57052309
57026077
57501979
57012536
57057403
56759045
57318485
58087017
58271822
57648278
58724437
56829273
57951389
59061250
57725147
59212438
56869286
57273715
57331353
57141726
58042384
57360799
59124366
58756660
58541676
59537893
56380200
57293356
56485692
57871625
57609272
57004686
58070786
57653705
58643645
58787800
57476250
57173673
58059264
56149423
57287874
59529569
57457144
56516823
57490479
58460061
57095202
57409382
57332313
57509627
56444678
58750723
57782849
58742687
57176520
56840845
57373209
56897621
56688714
58503028
55006344
56322105
58062275
59539557
58727621
57003988
58516611
57496357
56116393
59014912
56642300
56827912
57231637
57388735
57109173
57811279
58124155
57087182
58660261
56288192
56640143
57814349
57133840
56986099
58012148
57873345
57806483
57759169
57357915
59444212
57859832
57416285
57053195
57839614
57644799
58433083
58325081
57411846
57867758
57735297
56476894
58000108
56565853
57464593
57126283
57490475
57742772
57047187
58302028
57395617
57780552
57664914
57975954
58612759
58054587
58168316
57554800
57270836
58853805
57498845
56795834
57188716
57779764
57467754
57488015
56976024
56816570
57014650
58728277
56688480
58133263
57876318
57672976
57624594
56782676
57284093
58599990
55314146
56355325
56678034
58900246
57861063
57078300
57784698
57728144
57786593
58233657
58485747
57899233
56270713
57831827
58645137
56386163
57537794
59046023
58209337
57198934
57734268
57684280
58337278
57785960
56332778
56342401
57885981
57657821
56607500
56527924
59039744
58552181
57305622
57644291
58364008
58386286
57923455
57195398
57573416
57284822
57324253
59142922
57891429
57796986
57083760
57980227
56747789
56816355
57353108
57156045
57344940
57504826
58019875
57574344
56963253
58235498
57167177
58060858
57235978
58675155
57662141
56779573
57216725
57735206
58788876
58450047
57602240
56309863
58302476
57245964
58560364
55937085
58755417
58301391
57476411
57541107
57094792
56705576
58841496
57606944
59448954
57469595
58432518
58311751
57343346
59843634
56857015
56297214
57979152
57882582
57997294
55879663
57377167
56441612
57368617
57523827
55491053
56011882
58334645
58850997
58472499
59102617
57734944
58245050
58505843
57790530
58292680
58237699
57365259
58043460
56661103
57005789
58123475
57835580
59083637
58160390
59646008
58690126
59038329
57131661
58280132
57922234
56815248
57180091
58773544
57946406
57546374
58494336
55965266
56792105
57217417
57118023
58220422
58879082
58630473
57853412
57864929
57434698
57990328
57928959
58043237
58137674
57717235
57013808
57353106
59084106
56240584
57585457
58936978
57991594
56665905
55416148
58243204
58330436
57961821
57888992
58454558
55846281
57254511
57761673
57514217
58196035
57190936
57493076
57414293
58610457
58448104
58158919
58515230
57246925
58324088
56955002
58095246
57576677
58302107
57561338
57443716
56241189
56958804
57297536
57200855
58655522
58920000
58020570
58524393
57624939
57897901
57344999
56649162
58118816
57852297
59699439
58295148
58474184
58110660
56954034
57620381
56998895
57989990
59025406
57990129
57537854
56979803
58778086
57083951
58033887
56360196
57875257
58064199
57073582
57813634
57657196
57998181
58896345
57381280
57395667
58072510
57751040
58422448
56127572
57678477
57315446
58404222
57405660
59546495
57302084
57961968
57361621
57258276
56951663
58316212
57160407
57546240
58695495
56927143
56372383
58453416
56862105
59565267
59630543
58233832
57810112
56804939
59219056
58414755
58695748
57684552
55702422
57644691
57812704
58362082
58951239
57412322
57536804
57822555
56901347
57977283
55873934
57118946
57860025
57171695
58406696
56855198
57672442
58244683
58685415
57665330
57623258
56898257
56185347
58232002
58682893
57583765
57962145
58038883
58368042
57894591
58455575
57704610
56582979
59519554
57680580
55810754
57245818
58586664
58511172
57678927
58127016
57311604
57258598
55115427
57756332
57736966
58381802
58901628
57936601
57005611
57847021
57698720
57640902
58609576
57432840
58481040
57661960
58797456
57811357
57869621
59824817
56863965
56946766
56670776
56702287
58570348
57706815
58246002
58620228
57592021
56440880
58658979
59102777
56885578
58242692
59044498
57209175
56438162
57851491
57838400
57740785
57427555
59182966
58911046
57241207
56232151
56516202
56949641
58739994
57314816
56354934
56572784
57976877
58634281
59436227
57809607
58472231
58246252
57697291
59320033
58525834
57381759
57562128
57380880
58419731
58233184
58162909
58226576
57812947
57848583
58224073
58402092
58547102
57074588
58452914
56712852
57804432
58244240
57556128
57334617
57922285
57259727
56983906
57617151
57542088
57714252
59009231
57642163
58250677
56939473
57204266
56515153
57615391
57288366
56895705
57787859
56543287
57636139
58589518
57895598
56871937
59618675
58234947
57491207
58753883
57279773
57080682
58280361
58240678
57746345
57576212
56528849
57267361
58714159
57522594
56781326
59060106
58295083
57485484
58490387
58146360
57914110
58183897
57514636
57568336
57410991
57578806
59401619
56080361
56867063
57302823
58768194
56675562
57755538
58062326
57986386
58722605
58637501
58697089
59565267
57552647
56445131
56377572
56715228
58454862
57238362
57674861
58236500
57779475
57802711
57383777
57396183
57515442
57512035
56440443
58038865
58106159
58702984
58814079
56208595
57367167
57723373
56765676
56965241
58799089
57763658
59104000
56814685
56119631
57425680
56505876
57224979
57382237
57281374
57286191
57674820
56881512
56199432
56157515
56869781
57018583
58194086
58087194
58492774
57153249
58551760
57999816
57667484
56952489
58577561
58353547
55983982
58250797
57271244
57525612
57162516
59045690
57567527
58186186
58084388
57911541
58627400
57708573
59352285
57947977
57931792
57093529
58509420
57962986
57747323
58006899
57532901
59747191
57775562
57326486
56936855
57876795
57058102
57028779
57912408
57987696
57538807
59110854
57236206
57017606
58361710
57515563
55977281
56428217
55564807
57789078
57044447
58364081
57393257
56411644
57392972
57724876
58064370
59099382
57291292
57904049
58581099
58137391
58326280
57815085
59290733
57704281
57929303
58950342
57768272
56224435
57048381
57468330
59583579
58845658
57557979
57477218
55002438
58547756
57272528
59502086
59038486
57812993
58088353
56599885
57954042
56842883
57127655
58388268
57360406
57296947
58675644
58996744
57876010
59070867
57621969
57610851
56818575
58639010
57841487
57838101
57163726
58264449
57018288
57324847
56503555
56694045
56669197
57392080
58171345
58085327
58408168
57877282
55413046
58181376
58378433
58437693
56181374
57716837
57018826
58288625
56933913
57953253
57649298
57888167
57412642
57197769
57010029
57946769
56338403
59574823
57203054
57934051
59758033
57511478
58815327
57829073
56822265
57232327
57820937
57444299
58967834
57846409
57666060
57524979
57999101
57276002
57265013
56831347
57270211
57047944
57149357
57775003
58542186
58018929
57345897
57718599
57827188
57778791
58944306
57772433
57576008
58105352
56899099
57068689
56892834
58103784
60291595
57756374
57530027
57555904
58762686
57662469
57824227
57469147
57534769
56455192
57187019
58199145
58513843
57698142
59499675
58633412
56905277
57846942
56902213
58216883
57491238
58537665
56475988
58495115
55769222
57081269
58296675
57424352
59096922
58721823
58807900
58772329
57758665
58608487
56950241
55836711
56831641
57322303
57491567
57558269
57738396
57800453
57766537
58759811
57719393
58275076
56735237
56763583
56525061
57806802
57369817
57644376
57824842
57161106
57743103
57328298
58470762
57315301
58122612
57530726
58446561
57139524
58163357
58430499
57304725
59676753
58195223
57472469
58680715
57081799
57198930
57761834
57426639
58353164
58230166
57092308
58843807
56641786
59452902
58370891
58573584
56375772
57470044
56745987
57204273
56793997
57101177
56991723
57492434
57560957
57827841
56943923
58472822
57464526
57126046
57266667
57863182
58469861
58129880
57662303
58040816
58287360
57518462
55863633
60222571
57223020
58618192
56947639
57401838
57346239
57854990
57053842
57232215
58653925
56988635
56481282
56790602
58136384
58252073
57119876
58554910
57606133
58031488
58379375
58959500
57920815
58178802
58453740
57987394
57122366
58389206
57165837
58310954
57318762
58677262
57837736
57449665
57130041
59058050
57433628
57727158
57490737
58172589
57955661
58588897
56983806
57976017
56705917
58469434
57793823
57655886
56859560
59487607
57432633
55594095
58265549
56915875
57063636
55809231
56512366
58377484
58147421
58924800
56141409
59380563
56551078
58031069
57623997
57457827
57559521
57609579
58442076
57043022
58048302
58694307
57161996
57807807
58372784
56804807
58123027
58699577
56748119
57052997
57437529
56518689
57711507
57879147
58300835
57077246
57937835
57309061
58212811
58318513
56031952
58042683
57502503
57930311
57617570
57578101
57080474
59186903
57165888
57858235
58818286
57840084
57704843
57891022
58001831
57513975
57553707
57556805
57267879
57935646
57477818
58860118
57529986
58063761
58127464
59249859
56611245
58315261
58013793
56712124
56585907
57283904
56404855
56013372
57258640
57720450
58141796
56552784
58073050
57780546
57585279
56684386
57880892
55955646
57321497
58400195
56819577
57744749
58035158
57929993
58499031
57499494
57478695
58414290
57432540
57515810
57120809
58697838
56776672
56875859
56634050
56460319
58303773
56853151
56565821
56906693
57126301
56141619
58736017
57634773
58954236
57322863
55880625
57046059
58056171
58180109
56832955
58296476
56965513
58100525
57195681
57004551
58354939
57596539
56544653
57638527
57865057
59186096
57687572
56972564
57310664
57350128
56150447
56736665
56318029
57641217
58183692
57056050
57215304
58607848
57449736
58169100
57812962
58057440
57100195
57791002
57782189
58425394
56030853
58367222
58827929
59258941
56643712
57935404
57236502
55983440
57603197
59331647
59339359
57385390
57470715
57343466
57303765
58370421
57649450
56529078
59910316
57849735
58020943
57366352
56775177
56985193
57179278
58002564
57197180
57186495
58027984
58212665
56542240
58749239
58485428
56675054
57363261
58260989
56670679
56950521
56872153
57244612
57338344
58100410
59741068
57881381
56872301
58827934
57001821
57900788
56812983
57028582
59292665
58491727
57362555
57759690
58356556
57880235
57529612
58159029
58921429
58007209
57576152
56438923
58829727
57555505
57926770
57825477
57774084
58925205
57791120
56560056
57807115
58573526
57633504
57858997
57493304
58307294
59043903
56466088
57494340
57444743
58572140
58723694
57376444
58196530
59073496
58194813
57391136
56237498
58977534
58879656
57185620
58567494
56822268
57138109
57678263
57249910
58767668
56982091
57526143
57202339
57539202
57244270
57203289
57530344
57147436
58326088
56762225
57584075
57550593
57311342
57711753
57930309
58246087
58067819
58883479
58021647
58358718
57792625
57096835
57440501
57018704
57481298
56896606
57753723
57880207
57015957
58048155
57369314
56896792
57382839
58159174
56361213
58453570
58181228
58063368
56617562
56429817
57734377
57412664
58074104
57468930
57037654
58429656
57877748
57501052
57424017
57090537
58041765
56661029
56798391
57341172
58037708
58480159
56758360
56990097
57749679
58098816
57485748
58710777
58224520
58029411
57930793
56117979
57834213
58383604
58408350
59053870
57492911
58521046
58259437
57556724
57940262
58666616
56876642
57261696
57655941
56814131
57397264
56731482
57009496
57560334
59011135
58689374
59732995
58573786
58147414
57255079
56652746
56277608
56561241
58048065
57350435
57505010
55894740
55238516
56369925
58610410
57985778
58196607
58234910
56592698
57407743
57987943
57252978
57373173
56161498
57911354
58381168
58267698
57053873
57061466
58029355
59442046
57357936
57600682
57003569
56423009
56739127
56722114
57491261
56973039
58492896
58463236
57646430
57723695
58669998
58002015
59584593
56980195
58018057
57048215
57746949
58389197
57867790
57789507
58112503
58204766
56617907
58383839
57783715
57827266
58834684
57203300
56245598
57626217
57982447
56626699
59424407
58238270
57697374
58302629
58543281
56619572
57684647
58544033
59417088
58211288
56638279
57137085
58619222
57218496
56441095
56908554
57928919
57933259
57090301
57782633
57296606
57586408
58091367
57405273
57655354
57223591
58325553
57384296
58396986
57028001
58463090
57301343
57802026
58314575
58291457
58835705
57444438
57343147
57555799
57138632
57620984
58302740
58033441
58523518
56799747
57649635
57194476
56860402
57781527
57155918
58520641
56596382
56175553
57838069
57415309
57359399
56971702
57512428
57837852
57524816
57688779
58087423
58289913
58719184
58202653
57271870
57592423
56670186
57835067
57518582
57913722
58078768
58679792
58130889
56202189
57707163
56986347
58351989
57420321
57862913
56566292
57633560
57657230
57176225
57451163
57735290
56813448
58186248
57856504
56947697
58218047
57474547
58545633
58194201
58662433
56816246
56588783
57574177
57391778
59233893
58124261
58534116
58500257
57124890
58469570
57664926
58387424
59131985
57718667
56326201
58159545
57209145
59297213
56609453
57683196
58916586
57068033
58179937
57276784
57826534
57008987
58424226
57333693
57718147
57433598
57509436
56699440
57735258
57517537
56979084
56438720
57892092
57175812
57677676
56395937
57574225
57163034
58819267
58110112
57693215
57443598
57751140
59500822
57507352
57517257
58031318
57144674
58541736
56626433
58386767
58081983
56756583
58023368
58132743
58836304
58804166
55926267
58169937
57893953
58994357
57637213
58633418
57684947
55889659
57881645
57237095
56994327
58525999
58164790
57828404
58902653
58055365
58626899
57511044
57163329
56242205
56917622
58598820
57296428
58029865
58036010
58532196
57547283
58104623
57820592
57753739
58839300
57562202
56600922
57482437
56630693
58042367
57453730
59059282
57668775
56808549
57135869
56544964
58731682
58389258
58779385
56692212
58390883
57231145
57264299
58744947
59108743
57715659
56944985
57932329
55932375
57741248
57475259
57036918
57145692
56487804
56436451
57786766
57826523
57174298
58104678
58838246
58000333
56913710
57181715
57754059
57480183
57122215
58332679
56716686
58581136
57244350
56710983
57283834
57867690
57813863
59060858
55755874
56343482
57678784
57387598
59082883
57607460
56628420
58289875
58512148
57159367
57506447
57278804
57731843
58275608
57287296
57094111
57596115
57962224
56897685
57476442
56636409
56882124
57959800
57001933
57762740
55926971
57337027
57692674
58130890
57720091
57657551
58208315
57005543
59322874
58021016
57669698
57996924
57867657
55602517
57206098
57905748
56903124
57381644
58192446
58159445
58837595
56777409
57388482
56932385
58357753
58060094
57229510
56065410
57583998
57230424
58117963
58297908
58046296
58269987
57371716
57434428
56535411
57325940
56917067
58394996
56967245
57352069
57974736
56225178
57634942
57972153
58006680
57684158
57387955
57373044
58141019
56811870
57498337
56618501
57738136
57354673
56662313
57322147
56926258
58344012
58554093
57755183
55668247
58137931
57863574
57952933
58119255
57777380
58399438
58188956
57478242
57043328
57062953
57817486
58159259
58973275
57785798
57398148
56835410
58036781
56943718
58588579
57616543
57537672
57185190
57097817
56945054
57401564
56871977
58144196
56681455
59082640
57553117
57920782
58974707
57870252
58037504
57647773
58120664
56782048
57820498
55890288
55963686
57582245
56571994
57327840
57106762
58129134
57684837
57703758
56364264
58563176
57020629
57896453
58992761
59017682
58145730
58773244
57423573
56640542
57160802
57720418
57155992
57125425
56932425
57079921
57308802
56642084
57509402
57248677
57327350
57543877
57517632
57536160
57306654
56618641
57997137
58698769
56588033
57706724
57827338
57242507
56671417
57120950
57917954
56634553
58238717
57195894
58114090
56585328
56524756
58877187
57997668
59313607
57031063
57361301
57244570
58278437
58002187
58979223
56378190
57285268
57131270
56870055
56701452
57430024
59370905
57308257
57664785
57493825
56784357
57422573
57010835
59151765
59616472
57496798
56635720
57414492
57864991
57788381
57544575
57064478
58071768
57804467
56837473
56750581
57841837
57773609
57010902
58580926
57221446
58127603
56666889
57466069
57802662
58921963
57550168
56738624
57283739
57515272
56571310
56695227
57125254
56956977
58081171
56783745
56834935
57698535
59487974
56926068
56691253
59421894
56923699
56896633
57834231
58475943
59661083
57137643
56287638
59178859
56830411
57925448
57110189
56574752
57856593
58053727
57526350
56911878
57827314
57167470
57790527
56273508
56700490
57374119
58013366
58322694
56865542
57675458
58864784
56226279
57110173
58635267
58898738
58792952
58623378
56863330
57684912
58254766
56867368
56168017
56391007
58275524
58298663
58018814
58697536
57759008
57946856
56539541
56923030
58106327
58108717
58087397
57205394
57977146
57345795
57502347
57344677
57319490
56870999
57106636
58007726
57737169
56830201
57269037
58804709
57924073
57432129
57161369
56926007
57086125
57352554
58380518
57227760
59513728
58470869
58257240
57870747
57791551
57400345
57663521
59455018
58583359
57437560
57695585
56762692
56926931
56964234
57029788
57042375
58275544
57093136
57254670
56530244
57859448
57203866
56755852
57897387
56289018
56742273
57728249
56593883
57678097
58195178
56700056
57405647
57376935
57259524
57634767
58368547
57438449
55002552
58147169
55954918
59917030
56976943
58119566
57234722
57944545
57640704
57459539
57016476
58423414
59407740
57553200
57937693
58157380
57768693
57864412
58464070
58242216
58049946
56843628
58152605
58119328
57247354
57021338
58041871
56696077
57771278
57701291
58354867
57047325
57121002
57488858
56757555
57523204
57783060
57867805
57696525
56869350
57206380
58490005
57147571
57894773
57794902
57076562
57000570
56576351
57696744
58974682
57795385
57008675
57192278
57802502
57874600
56706998
56222882
57625702
57643610
58615129
57060127
58022634
58888073
58445194
56942989
56855248
57807345
58345005
57626416
58547814
57969381
56529332
57553332
57156448
57428917
57290659
57910469
59503807
58372633
57005008
57215075
57374893
56499354
57632529
57785362
57646507
56889468
56578095
56522332
57418415
57751675
56938166
57688534
59745547
58397262
57173110
57622765
57293024
58126494
57995728
59004645
58584803
56455021
57934978
57617811
56825324
58109532
56829063
58203213
57448129
57157996
58927670
57556326
56759838
59068693
59338736
57646997
57889298
57708791
57404012
57547640
59147569
57276509
58667690
57525055
56963800
56543499
57417168
57818134
56925811
57513591
58993466
56045759
58036819
56692082
59635864
57233317
57978248
58983228
57832383
56259861
57115766
58627899
57793977
57363844
57571911
57629293
57544164
57636529
57900539
56315567
57333154
56874272
58193508
56616142
56196323
57069724
55727953
57604914
56674199
57153272
58090330
58164905
56391708
58885541
56267132
57224861
58415190
57984155
58682081
58525378
58100700
57841925
57942831
56608609
58211003
58298132
57753453
56030045
57682541
57632336
57812448
56776240
58074089
56700630
58913294
58413451
57585554
58349004
59298861
57172349
57966688
57794442
57458933
58365790
57865465
57385899
58117433
57910639
58352336
57451328
57691784
56231890
56833184
56946565
58425817
57907771
59164821
57844615
56617037
57825432
57058894
57209536
57706962
58008336
58473248
57298607
57939538
56834361
57735045
56965252
56905678
57292955
57489831
57665715
57614378
57897529
57165845
56748335
57971397
57151260
56810222
59238038
57465917
58622061
58505432
58232038
57879860
56868090
57427480
58351617
57336355
57116893
58378182
56699758
57743073
56641803
59671088
56169152
56663066
58576488
56379533
56135908
56643251
56839808
56914042
58646690
57510374
57489167
57345008
57457410
56823540
58329606
57671009
58277523
57438671
57611565
57268464
56802457
58163922
58641153
57992273
58033063
55976401
58358095
57425776
58160480
59115846
56129843
57266446
57114786
57221930
56933975
57570678
56828263
58361482
56606591
56969543
58591830
59398650
58831687
57998916
57148698
58145755
58152487
58197129
57561159
56840797
57547325
57575765
58901757
57776168
57100930
58896148
57722661
57830199
58714033
58001172
58129661
57639677
57396604
57759745
56798992
56568534
56145220
58728525
57316553
56575527
56447583
58063626
57035086
58597393
58110202
57278837
57613609
58365704
57479754
57268453
57048926
57220681
57479501
56788003
58909988
55649658
58358978
59414122
58593548
57177396
56709501
55516672
57976896
58011159
58712118
57994420
56985630
56359238
60451063
57097463
58953023
58698745
57817550
57076107
57985006
57851631
57741366
56663008
57050695
58818843
58251025
58137975
56727947
58059620
56503408
58217150
57199686
58791060
56523189
58312447
57199258
56769624
56065325
57920381
57577264
56647887
57569473
57084275
57697063
57450414
57280429
57498918
57654786
57145023
59909125
58775365
58256936
58036296
57544438
56320942
56385055
57614952
58783569
57381283
58220683
56672960
56862156
57876359
56551166
57480533
58617435
58488598
57311090
57306116
58690064
57232380
57118409
57613645
57276911
58265111
59678568
56878026
57328053
58282708
57312804
57357220
56935007
58480102
56208759
57387370
57591681
57365235
56979323
57596701
58717761
57766305
58286981
56559401
56767967
58242715
57277639
59296157
57296989
57348347
59025865
57034775
57617234
58318913
60205814
57261429
56979633
57104271
57943438
57733579
56504982
57170308
59952999
57727155
57885059
57805339
57653572
58545607
56637777
57742065
56844027
57297912
56138305
58342854
57165325
56512027
58525931
58021816
57531148
58525465
57473745
57784540
59328490
57324292
56840087
58813805
57362987
58383046
57184611
56907032
58682131
55998315
57018981
57423334
58786677
56035176
58401056
55600320
58362130
56315765
56929453
57438845
57868581
57682453
57477485
58801547
57564287
57707313
56160574
57246103
57537990
57506634
55610635
55757387
57591803
55322389
57756942
56203385
58014011
58237016
57493204
57811771
57144467
58016553
60328582
58023990
57518413
56412271
57627699
58204144
57483608
58426295
58365630
58569969
57823327
58640164
57820077
58260847
57815245
57405739
57445822
59077513
56853400
58376977
57871308
58843271
55963398
58638786
57199987
55641738
58604019
57226768
56454406
56370804
58681727
58478793
57114370
57014533
57798655
57668690
59333229
57991176
57004590
58389045
58288353
55059874
57090256
57484054
56898874
58016887
57758159
58572998
57658689
57084608
57186086
56755278
57699125
57552000
58925389
57030118
57769119
57774909
57381037
58952404
56412606
58148831
58663278
57191839
57990044
56764611
57215614
56333071
57613997
58833384
55929508
57241595
56991676
57508836
58438405
56489988
57698972
57898677
56549287
58375088
57752830
58602020
57527387
56959265
59142554
56455472
58306048
58382356
56875489
58690348
55474203
57505051
58108850
57985008
56247843
58320044
57195682
57230782
57076822
58655321
57065970
58123312
56529091
57111446
57616289
57302595
57723409
58865437
57680217
58667290
58212868
57631621
57523239
56944013
58890272
58078840
59515668
57189646
56442971
57980900
58314585
57815128
57892313
57324593
57523787
56778420
56934177
56466560
57375251
57752018
57672776
57749654
56850362
58562330
60139487
57390047
57882731
56414094
56095065
56681120
57293753
57730987
58533410
59019438
58010456
57732084
57004285
57768077
57910916
58227243
57331193
57195413
56496221
56923876
58123569
56760566
56856801
57852976
57638056
58521898
58463676
57766071
57327757
57389315
58285579
57583605
58015089
57837987
58021707
57279631
56473251
56849227
57610216
58298388
57539705
56883449
57384920
56858016
57210016
57553183
57111486
56603617
58043494
57362376
57637917
59103011
57426492
56590342
58267761
56786392
55599146
57817597
58269983
58922614
57202783
56537103
57496828
55785226
57929058
55755264
57719713
58686576
57825131
57634465
58394047
58295501
57199755
56694314
58524072
59286123
57916395
58818739
57420470
57608355
58455134
56621953
58455264
57920844
57346445
57673002
57911296
56351511
58446684
57573398
56930327
57203126
57628315
57552165
58243945
58559178
57499425
57247742
57877414
56538976
58319323
58255119
57895986
59020936
57949367
57089702
58153933
58583919
57892109
58970462
55733725
57996898
57255363
57373107
57225830
57964193
57352892
58399340
57247227
58036863
59744667
57324783
57609125
56525899
57986065
57848153
57753329
56546135
57727533
57962986
58527314
59548505
57423632
58146103
58575514
58640379
59558131
59017721
58241757
58009793
57428999
57563017
55668277
58308382
57887485
56131644
58138302
58299876
58290518
56866171
56472628
57555877
58726698
58225415
57861067
57897995
56927843
58071707
57459248
58693655
57990405
57926080
56608600
57730003
57487189
57639617
57347942
57693512
58301473
57945681
56970822
57677856
58197156
56845109
58156718
57715570
58191027
57796917
58043374
57684381
57362819
56713659
56381184
56260731
57021602
58132901
58242508
56732269
59162435
56646547
58443450
57267675
58878631
57584797
59449974
58318193
56834023
57698923
58906610
58294609
56213444
57922375
57068306
57335504
58454378
56978233
57485536
57071068
58889744
56799130
57941899
57411128
57541351
57454164
58617042
57783092
58557054
57870944
57112318
58505441
57710500
57620860
57221313
57948419
57086210
57957862
57004941
56276595
57961794
57128692
58064790
56530417
56705413
58760730
57857394
57983374
58306750
58350339
56824413
59020052
57755831
59549415
59706878
59246271
57412937
58383268
56903924
59203572
57365897
59486273
58556331
57787375
57082386
57026543
58055946
57218566
58987561
57137398
56738298
57753219
59426732
56673455
54911361
57741586
57572554
57276973
56525876
55708771
57308848
56832448
56923446
57194179
57909492
56924788
57415678
58110360
58059535
58183863
58031302
57928882
58146597
59174693
58199116
58352632
57248780
57691749
58268047
57842661
58156559
58401485
58398869
57455568
56313052
57062818
58402368
57447371
58218464
58014387
59834913
57006659
58064283
59269218
58618821
58880571
58237767
57328209
57766224
57746457
57364030
59138100
56532418
57188523
58579164
56944610
57406223
57380594
57556005
60515147
59449456
58219214
57006114
56318201
56847344
56064517
57169970
57768823
56629944
59626819
57353270
58112489
56547372
57586744
58004018
58697306
57446199
