19376784
16946863
10706504
8404862
8998788
13021536
6266394
6291584
5955593
10047396
6040181
5650252
5974908
6228444
7539675
7142362
7692828
7715834
8264593
8255455
7506063
7899040
7712605
7689640
7664755
7908698
7656835
7642703
7496317
7459075
7741845
7943051
7425453
7934260
10755410
6028796
6157657
4968927
6061355
5250085
5547942
5376058
5976603
5932694
5642151
5316630
5341562
5892609
5521803
6482752
6193151
5647737
5913201
5617041
5610069
5807699
5613207
5917558
5351676
5911366
7329654
8215689
7406717
6594996
7692096
7387095
11897521
5396699
6268523
6215045
5326348
5688882
5965477
5670094
5697951
5943729
5657428
5953863
5698083
5946644
5383989
5695474
5365290
5675193
5669883
6256743
5952220
5687689
6238193
5954329
6212816
6237291
5946781
6360864
7470419
6463295
5960706
5974698
5385568
5977746
5930430
5977302
7965409
7484340
7116910
8839623
7681387
7394695
7711480
7978261
7682518
7404283
13206275
7276348
7400490
7702382
7730363
7462436
7452936
6924230
7914006
7729979
7649889
7721749
8228577
8219354
7134086
7386508
7636535
7812184
7529754
7206837
7207816
7177333
7980879
7222470
7445659
7207546
7517721
8451834
7407663
7354980
6947393
7639779
7875304
7663808
7740595
7401369
7742793
7516131
7479807
7498851
7760892
8003075
8329784
7502757
7999685
7340494
6415263
5774334
5796649
5761735
5485423
5257123
5617830
5827332
5473701
6033540
5845697
6273139
5733745
5997193
6042184
5992936
6009028
5414871
9861669
5733948
5689203
5989901
5686609
5917680
5506129
5255473
5231543
5883235
5614952
5606473
5464652
5517588
5656483
5629308
6106135
5476771
5485619
5469222
5409985
5756935
5727609
5964821
6096971
6110917
6088542
6356148
5689566
6056135
5748524
6032538
5439174
6020461
5746361
5471801
5734201
6318500
6007904
5756001
6308640
6007901
5757964
6022623
5627565
5880829
5492767
5844115
5957476
5706815
5719265
5994195
5999115
5722532
5770444
5811511
5768656
5728720
5777668
5713267
5738062
5651609
5614530
6196878
5865518
5457525
5238437
5877471
5646436
5960164
5918172
6169710
5590849
5701982
5703275
6022690
6008645
5756939
6295919
7673815
6838574
5901469
5836574
5769015
5839481
9753296
6343991
6394897
6039476
5947830
5553052
5982147
5894391
5483410
6021217
5936566
6024186
6104918
6662969
6329662
5800576
5772309
5768374
5730098
5478206
5423263
6071214
5767651
6027250
5734053
5751683
5691683
5648089
5490387
5621761
5863149
6298440
5694743
6008027
6279653
5725151
5737707
5425497
6038129
5741379
5732818
5723830
5780542
5762268
6197823
5548019
5759100
5893758
5521390
5892149
5346304
5355792
5874666
5370222
5933491
6189136
5861736
5503886
5243159
5447426
5522062
5198553
5493622
5234386
6040313
5748503
5733974
5769688
4956437
5508712
5485032
5507841
4923373
5573744
5288980
5761654
5507723
5787022
5757405
5473952
5900847
5355026
5314085
5464703
5793488
5537532
5486107
5600365
5664970
5643056
5964412
5598863
5353697
6804454
7703544
6486379
7168021
7724483
7327720
7055518
7194082
6924284
6678889
7765280
7223615
7215769
6941130
6684465
7415522
7198591
7259910
10755049
5392173
5214533
5741405
5772165
6157949
5954354
5836257
5757959
5911746
5835809
5606533
5900757
5602173
6056027
5774683
5472915
5198890
5788489
5526371
6119804
5649665
5325475
5559414
5502654
5768357
5771599
5303857
5649615
5533470
5750219
5769603
5775978
5503393
5477755
5480699
5489854
5495581
5232888
5757232
5758726
5526022
5493172
5623504
5881102
5482148
5467818
5651568
5615880
5781743
5500114
5748391
5529333
5860027
6123685
5726680
5501211
5517973
5477043
6041465
5464008
5513326
5483711
5746398
5708778
5474332
5471370
5495820
5504111
5785690
5185688
5176333
5221378
5483016
5548819
6295990
5487202
5740053
5720056
5204314
5610909
5883571
5498702
5761843
5735122
5466604
5732806
5761385
5475825
5732993
5754416
5578901
5604760
5566876
5484840
5710398
5762318
5824340
5917595
5797603
6309553
5756334
5760199
5898853
5581265
5495552
5755484
5593580
5639662
9878085
8012760
7643562
6958093
7843718
7342089
7210815
7459274
7753403
7353985
7201088
6937622
7475515
7216380
7566439
7548921
6919677
7491241
6972068
6951993
7205569
7484249
7165157
6972686
7251245
7796866
7494809
7007722
7483282
7545837
7214830
6670801
7249618
7503181
7497166
7781703
7622622
7410397
6741662
5525583
5250023
5482354
5768835
5510211
6027612
5475385
5744422
5809629
5486676
5170119
5233121
5811280
5196018
5567173
5579384
5474162
5514507
5767470
5308406
5880160
6086715
5486282
5468208
5729229
6368733
4977091
5522682
5513701
5988799
5490425
5222890
5465137
5774649
5766246
5234871
5470542
5756792
6019277
5206244
5729536
5749211
5191476
5491678
6083516
5490058
5493288
5771606
5754919
5750290
6308727
5480933
5467046
5468054
5485712
5765477
5731074
6014725
6327334
5786891
5511936
5505206
5775546
5517531
5242048
5217516
5494386
5504586
5513586
6050813
5759007
5729926
5737599
5507703
5507403
6049039
6059820
5507955
5803511
5464192
5468540
5774256
5205909
5488220
5481644
6056555
5481026
5487670
5475854
5742358
5720587
5467114
5503649
5458011
9959041
5858005
5444631
6264326
5325537
6052188
5749094
5515241
5752155
5234952
5559062
6045268
5740778
5746773
5737872
4915577
5199600
5766641
5747809
5781536
5723465
5504508
5760200
5718553
5762589
5483827
5800911
5777941
5761197
5480400
5495972
5183724
5742821
5205454
5224576
5314878
5278402
5745864
5757898
5762117
5755513
5459881
5728626
5483875
5457410
5484140
5511731
5749710
5504049
5455370
5204575
5242196
5334940
5768850
5482062
5746184
5192019
5507721
5467424
6043558
5755527
5512007
5766791
5707812
6006190
6007393
5271390
5754783
5480315
5181857
5211272
5535654
5725648
4913850
5206139
5239703
5516828
5511623
6180025
5583527
5484413
5786028
5471161
5460804
5794241
5615121
5584736
5516876
5481179
5515142
5510091
5765784
5767689
5752378
6005110
5774920
5513121
5229686
5226761
5757303
5460257
6032673
5243738
5436307
5498106
6037682
5486653
5454304
5455567
5499824
5517789
5489164
5474234
5503911
5199687
5233531
5499905
5749060
5754424
6046939
5491558
5756288
5783106
5478896
5506359
5781083
5504205
5494761
5522362
5493835
5473974
5739332
5196280
9188495
5861072
5484797
5178685
5479161
5475433
5492326
5732614
5503488
5703365
5778163
5218776
5526809
5760940
5773845
5792455
6025925
5478589
5460480
5487772
5170420
5214251
5510874
5735680
5785348
5478286
5456656
5758980
5781970
5774732
5758114
6058724
5498171
5463311
5513031
5768423
5755309
5511123
6030002
5496902
5506480
5495347
5490976
5513654
5795933
5468720
5783451
5755279
5469636
5201511
5879661
5879410
5854783
6082958
5495770
5253709
5480086
5777421
5733229
5492338
5734578
5464153
6020819
5776486
5493771
5797466
5485521
5792516
5774849
5726906
5813824
5756434
5889283
5075911
5576140
6298078
5526513
5467863
5760460
5498827
5515637
5202806
5493220
6035015
5755066
5707812
5171760
5451311
5428318
5467729
5248290
5607335
6241361
5920032
5648105
5648661
5705198
5649562
5603483
5312242
5370785
5703656
5950795
5919660
5387887
5988633
5633704
5367404
5597726
5634890
5265991
5103516
5988359
6229339
5959725
5964938
5676040
5931822
5663051
5679594
5649780
6239962
5959045
5340397
5678209
5974003
5614812
5346200
5593786
5223402
6116936
5874569
9330326
5403894
5995169
5670135
5642051
5692539
5665886
5922081
5627775
5949178
5965834
5935073
5648252
5972087
5674801
5961633
5666546
5673177
5672197
5360900
5673432
5683776
5919338
5698851
5972280
5668545
5644732
5686167
5916993
5369627
5851694
5639089
5488845
5537540
5601525
5515566
5807934
5601165
5622951
6109763
5773389
5486909
5239416
6066820
5386861
5663823
5685703
5097588
5629980
5661392
5646236
5695569
5666195
5681359
5944617
5944461
5093775
5929907
5666638
5909916
5950352
5650419
5966123
6212533
5673346
5659275
5930692
5689650
5989225
5978330
5652467
5653455
5655032
5950193
5631057
6204828
5664978
5637071
5669053
5976712
5673244
5629626
5971062
5399228
5955476
5957350
5963994
5657539
5653742
5108205
5966278
5668487
5681211
5656227
5642253
5921823
5360999
5362579
5919052
5880329
5371517
5752901
5734776
5792547
5765021
5782743
5456282
5723866
5725269
5457109
5750688
5480286
5769584
5461452
5498431
5482031
5476890
6047540
6032495
5727323
5452463
