1149
6568
6971
7470
10354
10409
10468
10956
11193
13534
2887
16010
7248
8871
21662
32404
13110
24817
29059
29950
30326
34123
33017
34412
37514
7673
4435
37635
9057
27739
32176
34180
40412
5489
4552
43163
20663
36966
44784
49272
50664
51620
41012
21229
55155
55705
34869
23164
59760
59104
20682
2902
7077
16099
21554
4917
63557
8746
3633
64677
44765
2623
26081
3369
30491
46248
30981
77616
8270
13566
14959
20304
28103
48971
104950
12861
10810
12703
83551
23829
63186
36320
45705
6532
2694
91903
18580
76517
93444
8640
21205
41930
17673
18348
12733
39152
7621
24561
32772
8197
22495
59487
83706
4944
102786
25117
2056
70806
6259
18037
11574
23017
9830
61304
53032
19359
15975
117384
118684
36010
12267
26391
18070
48853
28375
29588
30823
20104
76698
21098
63300
67625
32127
27739
76508
36849
24570
40824
4181
56964
21773
23834
106748
36743
102904
3611
154146
12753
30074
31441
114014
68496
3828
76292
54704
22007
106895
36158
17022
34750
42258
38140
40987
16648
47834
79336
28811
15491
36195
12761
34872
50916
12443
20511
42285
23949
51484
118268
14001
16621
29139
18148
9044
17999
5363
137691
28306
1291
33187
78209
26298
17835
31538
29294
81067
107512
5823
64394
83940
4239
35116
16535
10568
165495
35056
25702
16987
79636
10507
7105
39627
2753
15801
34074
349
95565
25874
33547
31640
86257
34630
74672
13393
4514
12006
52129
35596
6230
13460
33108
17233
37353
21978
98678
69445
1101
661
19876
7400
27730
32448
4434
20269
26474
47384
48107
14328
40679
30095
102616
10301
11923
14628
76910
33606
8236
2918
118102
38769
29645
44398
98308
17071
3399
64845
50887
142449
7146
4969
3582
16947
81039
10593
45316
37731
244095
29996
61978
23311
27239
44753
144526
5355
7335
21275
30045
17243
33029
11491
36514
81594
28257
81905
106488
5456
17300
9808
21507
30647
9290
37601
13255
35206
16136
28572
14259
7993
59457
18867
7476
31547
70269
24360
2374
48304
41724
59760
762
31583
5814
68432
12528
21476
11129
20470
41838
39927
1614
23682
74324
14775
1183
36622
12631
16804
86177
56421
73671
18445
13529
1807
75215
180457
63769
9872
33097
32589
1873
36547
27882
50375
16651
40237
119324
57599
11819
7597
182290
65714
18008
22874
858
45858
21023
156585
38318
111042
50695
85740
5739
5541
9993
632
7113
60506
37444
3889
7943
332041
2385
30930
113838
100820
11703
9224
4514
27162
133186
25765
41609
20623
47457
13615
64882
11382
27942
169620
135285
71922
397
124924
40876
12802
65521
4623
24310
2686
10950
37264
27709
11350
70649
152891
73902
2721
130760
141839
8786
79565
7745
31592
812
15387
39489
14214
2052
131393
90471
659
35366
64393
24874
11291
16316
13419
49836
31861
53646
49084
14317
6913
20947
110404
10273
33334
75678
12938
180121
37964
33473
11736
16298
50784
7145
11731
20139
42391
5343
165
29911
53407
3110
106435
23820
41811
31332
182049
4700
19409
80159
3279
31425
7122
32660
80770
27374
76207
13495
38820
33751
37585
29238
18923
31570
9487
66837
17390
214975
96244
29662
8957
20758
6324
3034
9382
14836
175052
48274
29427
16274
40034
23492
110584
31019
10414
215780
92961
26542
18519
41021
6016
4768
22502
31376
1510
12694
15109
16409
24762
25871
107923
23506
53217
2082
40687
14332
56482
923
111958
61301
7797
22573
100011
64804
32570
8888
166069
71650
95473
68402
5219
27542
49646
12354
37651
26698
1984
32702
550
2371
21326
598
40246
96648
16881
5138
31694
55403
2325
57480
89477
14832
45916
65137
11322
8432
3035
35983
32912
45549
28069
113936
57949
93952
48150
107325
58046
4394
41819
11647
117529
60889
70569
6107
7877
125209
129467
3861
55905
50916
55591
51799
41612
19629
18947
119552
23768
24279
574
60708
62452
2610
129630
596
8985
2299
58483
82758
30261
104965
138268
34800
3759
12680
24937
2316
54713
14521
35686
2710
203
69674
6864
16733
53090
39718
2165
74635
46322
15227
14076
14074
12212
7171
20700
2090
54626
68009
8404
72153
49178
53065
13911
21515
39111
50107
32264
9690
2554
8318
16240
29074
63909
26695
57287
72340
19013
43142
9768
4034
19937
13854
39136
107901
844
148830
6035
19919
21109
7931
153582
7131
39250
48580
86502
18705
15798
14886
7263
3513
27698
95610
58781
24282
68001
32302
33413
109678
9273
8904
90185
11063
23560
76733
12414
6800
4333
25782
39036
52238
53375
170
105592
36546
42159
48947
5639
4154
22291
23176
2418
48863
14616
22659
29675
13120
13872
18252
57460
13075
5124
98068
16253
20440
52086
40875
21831
110146
34641
50118
238702
5603
65129
41275
20823
3329
9340
7740
178093
114961
112339
15661
17821
31230
51374
73511
22774
57305
102376
6146
48802
25986
73506
25271
7699
94772
20019
40730
3493
70463
579
49352
1627
17779
63682
56345
46014
21817
22599
7065
75863
16107
79387
30302
53495
65808
26911
60554
58233
1354
10138
39516
86194
35707
48345
3625
113774
5099
36080
16171
7418
1728
74285
46087
32089
48654
13610
79281
44998
54647
19006
1872
21911
120018
45256
51684
89976
105968
55565
27327
55713
50063
31350
10279
182057
28740
13125
28286
22422
5842
51894
119814
46643
52419
10860
7193
30807
128826
28440
24365
100801
17983
22748
36715
147246
12685
429922
7552
24599
16047
55680
20802
80756
2873
8849
78460
67088
148
111149
3695
2720
17832
8494
27363
10504
15245
12070
25428
22416
165027
139763
24136
63726
136437
74144
2997
96350
73519
21129
155498
133725
68456
4371
69633
5995
30276
80427
43016
43072
31120
96137
16502
35015
88435
68914
26314
4523
24000
23037
68784
63735
8071
3975
37169
2257
29057
6152
7973
70500
4110
419
10504
164210
9986
34588
29536
88891
24516
33688
8708
32860
84472
32411
173193
20885
63941
10049
14902
39943
47415
15748
389127
71166
7489
133388
39834
64359
11045
18367
33381
16207
137033
12936
55089
38479
77873
21008
5248
2242
67239
12597
870
22807
40575
145684
24074
2507
13138
73102
9035
29090
3639
77853
36260
88320
9554
12681
51793
45046
161
78586
11098
14153
112190
1501
33259
81099
14576
82110
208439
31818
931
33609
9588
694
26435
22946
3413
7828
11681
130332
100125
110122
21641
36838
102314
31322
53658
63614
124449
624
17300
29430
20460
49740
28433
73878
22575
730
25541
38854
104111
37254
68469
2781
14385
2773
80557
347
28387
10599
52213
14240
60277
9517
58163
41657
59160
21493
5992
44575
42145
26831
257829
26607
99378
32203
5290
44760
4871
14726
40996
39853
15559
46539
71258
186474
36353
3013
28154
73921
30592
589
92768
78921
21881
5755
52088
32830
163105
109619
81023
21977
20331
49526
5495
25949
16544
10516
126877
1024
10172
146175
2166
9319
60676
34726
105137
14299
35457
37694
109516
38015
13681
4140
108897
20037
101607
75394
87606
44863
41231
205122
74213
90159
80389
125758
58565
9697
39020
57025
20531
38773
54104
7494
14088
26134
24378
6100
33331
67624
80284
38798
6448
13079
14772
16445
94558
13488
32732
70440
2930
49036
109831
20738
45079
61045
50139
18556
75322
34587
4199
10040
19869
39863
7305
9034
8258
219109
31329
5277
87314
32592
143443
112819
31944
21095
87840
22447
9071
98660
61166
5638
21363
46446
21974
910
166662
751
52727
59067
76563
34627
23732
35630
2514
8821
15204
58833
26617
111821
227623
68446
84807
38968
96426
15595
8917
99997
18530
80925
64900
118940
28775
101110
44184
7316
50521
95307
3409
16157
916
4574
33208
13524
28426
45155
77320
9096
104981
112752
40304
35921
90590
34392
12878
9328
8954
26223
66726
9462
51190
7297
118150
1038
16589
9090
63981
83245
21503
4752
26896
53375
5606
54463
22912
809
12926
110656
13421
5665
35953
3521
53211
8634
95797
121810
16154
59790
20331
19973
2132
21300
8510
54634
1699
41858
129515
71015
2351
13153
37622
86074
37212
41209
10798
26060
105212
29051
79879
44818
19597
65004
10261
2621
16242
16375
52855
100515
2559
37426
21729
190
149868
2653
8926
61357
6483
65908
71297
60874
6246
70956
54440
12939
115220
45289
67746
16481
30832
24526
18436
7077
37261
7133
3577
90213
759
111121
22390
48456
7230
58766
32470
47034
12262
27781
32310
15271
52944
80082
44220
38996
7202
4234
47436
7241
26185
31406
376
167983
87138
6923
18366
9548
10106
9808
1862
1292
101846
58865
67843
6566
32113
48433
141875
113532
78888
10550
105211
55674
34946
30115
28788
19382
78329
7091
14906
118894
81115
27681
70211
1216
25802
16024
26163
61698
6363
27314
44097
6569
42964
34215
41290
32848
36817
73282
117147
149988
112482
12878
35432
116816
44102
17583
27128
9949
56481
251077
14966
7179
17084
58784
72544
12473
54931
8994
17680
4742
76460
79534
106571
11719
30203
148217
73604
25392
86652
51845
28260
22540
38867
4414
29773
66415
142328
37194
50199
36610
85794
24270
1246
63635
673
1331
8505
162509
17740
51643
7107
6348
10785
50699
46489
10856
90962
1811
17809
124849
46431
79156
38766
19221
19779
49329
111997
222752
13946
43866
82370
23723
14277
9818
11190
17098
33409
8832
21524
120258
6259
3789
29605
76553
771
18489
61541
8543
83908
20972
149439
67622
86207
16702
126863
97499
9564
34321
69328
62529
69358
7457
822
11162
16891
39057
25435
25807
24509
44747
56855
9359
58602
96529
36807
14391
15526
42680
10641
63228
35143
15234
98692
58
30601
20183
110855
67231
7105
58054
25948
69309
53696
75401
54530
126834
88910
21392
87418
79806
6553
90002
132560
31226
7028
15606
4272
28926
35423
11027
13062
11470
101879
15864
19404
13346
17291
112026
49189
3620
3456
19673
41283
37101
69076
1051
178886
124227
72621
48970
24810
122360
12688
83242
100909
18438
12003
4048
33361
7648
58738
82065
49431
640
7497
25652
93786
108640
4681
62149
169436
13467
29231
26785
66003
12755
99385
43539
10350
14970
15538
38451
33932
51616
51628
89168
3307
13961
2422
80474
40017
68052
16200
8448
63533
68047
47259
47629
20443
6380
55266
11225
73310
16818
8037
49045
197453
17543
13704
10992
64022
1637
86954
28063
21935
2212
44955
50134
9917
14571
158946
170
61176
33966
86424
5036
34515
45262
57048
54392
11523
10344
31933
41820
23977
38165
10855
30560
15968
66292
5526
61185
10788
148098
72733
6288
112157
67050
6929
18303
18714
53996
22049
124710
25167
38130
23144
55336
50158
4887
2426
68818
14580
38521
34098
1884
8766
15882
74205
12723
14721
103886
77467
21062
83048
12576
16299
6552
27595
176334
50882
44322
42044
4809
38830
78086
27976
9493
18487
39044
20421
6656
1856
21718
54840
67884
34774
28165
17321
98980
27540
14746
61658
51273
43633
61619
55241
5244
3730
244346
93178
66814
106814
8619
135898
16690
41532
63074
86221
66669
28470
113161
19127
1675
109044
16937
9508
32863
67740
2938
80834
76475
20497
16396
35618
5070
67989
28475
113293
73034
56429
5075
101242
1839
763
6109
3248
124141
31076
30286
76341
44445
7156
4449
47812
23222
88327
17793
13116
14687
140485
31152
80329
83235
24149
30810
26808
31553
26548
15921
92343
40269
7373
129296
60298
26886
13897
47694
18598
54004
146523
26213
50157
34486
110784
31642
61152
17310
44571
41786
17073
66628
88058
29279
1303
15507
2284
31119
32732
14507
8697
7138
115848
8781
13678
23020
48236
11930
36954
54861
20126
28152
24757
19090
45497
17850
14634
6546
13856
45871
2437
84157
65130
52277
37865
24516
19627
46727
13048
30130
88292
59415
64379
59869
21334
44623
69205
60231
188134
4457
66141
195400
71029
177883
86932
414
20173
106053
37787
19221
130468
18200
2832
75070
59243
36360
10084
72195
7374
6430
75192
51628
39548
34680
3145
30074
113442
31772
95099
22603
56290
43355
5826
108556
53401
8241
1751
65660
7051
18280
19636
7850
53170
83010
26797
6802
13167
28363
41844
212832
203
56567
3277
68258
11232
19678
56667
19823
94939
33154
122464
21696
38882
29431
30393
1393
30571
202458
1872
31899
47990
26588
13302
72902
99440
144216
17056
114880
65999
9112
14266
24889
27266
122860
137654
36105
19227
9309
29779
1800
194095
40721
6182
84819
4295
40192
47998
19805
44566
206297
129385
16201
114346
42225
10789
65484
3406
68865
59413
33757
23178
38310
126977
27021
26445
20158
17365
96295
125291
41516
16117
43588
73184
97353
20207
34068
15100
121989
63265
43365
7601
5127
53056
76246
20419
9671
94667
51559
36082
84191
15104
1047
16232
8842
45934
57600
23476
7232
10791
14422
81289
22314
29909
4765
27772
2524
44384
23114
8482
43254
59953
24291
97433
53339
51273
39644
83527
49236
36196
10479
7866
131020
15879
8499
17618
10262
8650
82720
91603
8450
69588
17251
58494
40918
90646
5704
70284
171576
74119
25878
3954
116880
223511
11221
55442
252879
56312
5099
16591
24414
12484
83196
5403
100319
1731
42542
8879
21066
36921
6765
16634
17969
71183
29428
22184
37565
30675
4529
271770
82152
33327
35719
57657
2154
15729
14821
14642
33016
101212
28398
29265
22037
15412
9570
14721
33000
1675
21233
42201
35266
82177
70774
963
8881
42593
40762
35155
29062
81897
45384
47149
53633
11206
5388
21314
77377
22519
91016
33371
55583
28466
27994
190706
66840
36691
54477
13173
21515
79669
73485
14050
13425
67559
20853
62956
145666
36619
7387
45710
39884
36611
5431
11895
33448
14288
48343
24445
12895
11998
58373
25317
33352
15159
34919
48138
72047
169
85858
24839
48809
60748
24550
66940
10688
18396
38798
110536
22195
104750
518
1199
47804
55933
135441
12278
152744
33085
7662
27048
63519
10696
23812
96
14366
35198
17549
8313
43827
193644
62681
3435
25152
21471
80937
17153
99508
1690
26360
15407
15614
144238
24875
27323
2906
1242
10020
24782
1224
2709
42410
81522
50982
8979
52063
8465
9907
11321
24182
5389
7553
2794
64101
25388
54835
3117
106949
40771
46851
63526
61249
10454
111959
2727
24511
14336
44919
2821
15161
101017
3470
6052
27600
9199
32779
7971
23155
63210
2108
56801
43747
69294
37921
12574
22115
12937
129800
37021
79777
3791
74098
104305
33185
37799
106277
69831
64504
168763
68999
62930
3703
38125
11192
19940
29036
10284
61076
77784
20376
15927
33907
59407
116912
71568
35455
10880
58050
53525
41064
82091
44676
53891
9008
59112
28413
12758
46391
28668
120448
39044
36352
12068
14757
27547
18939
20032
88579
62843
70237
39141
24436
833
8883
99498
459
50416
10174
36170
6658
74422
31526
84445
7070
26546
6747
7814
117424
2124
115099
34471
21617
7968
29799
510
10976
37062
34371
227240
22480
89283
21465
146866
2537
18243
37885
4096
29343
83161
6640
23951
5040
36049
54948
2250
31524
82482
58984
107290
84053
13871
173971
77012
49903
129625
1849
4751
21326
2419
30297
17798
69436
40565
73636
4986
23309
37985
2371
45918
24624
100759
8534
56256
75742
156091
7609
31622
44575
3945
9424
9962
34120
20931
31436
32794
36201
78632
2931
23749
113989
36207
20389
291
17013
11206
101269
143858
62736
47477
64957
2372
5797
41495
36063
108207
71676
41294
3323
2835
18527
10258
95067
5311
43595
36145
16788
42184
12474
20787
71100
14333
61468
25005
10590
43640
5264
223707
53128
351
21202
26328
24485
8272
72
13219
129681
5022
71796
1174
82076
11950
52081
66510
2369
129969
9840
33043
71132
7195
6385
4082
47314
70184
42691
50269
22151
35776
66913
24967
257
83766
29634
32166
23225
19805
16941
30355
55109
94270
3468
10231
1207
24697
51418
392
8109
35048
12965
37146
8940
38958
35100
21864
1842
33593
12751
7621
55907
82999
8594
31060
35892
2201
15156
27522
42397
41098
1863
34799
114454
40129
61842
78937
2012
86753
23693
51950
2425
125890
179649
81195
25589
68053
3109
23434
124947
74003
22160
10558
87421
689
75604
47104
67970
108004
37897
5716
56230
67341
18467
116017
1607
25128
347
830
1095
1756
2450
2920
3741
6502
1033
5076
8021
9579
10168
11416
11990
12115
12358
12996
6111
13756
15357
2036
16988
19660
10242
21582
5930
22467
22778
12274
24153
25900
26148
1566
27404
5253
24990
15512
8069
18825
21914
1121
12503
22369
32684
5153
7071
28519
29005
37928
23267
11265
7103
18670
38546
43297
45582
12133
47204
47936
49461
39728
11829
18286
637
12267
21668
40758
6299
58332
3003
13969
4240
5398
26242
16911
32811
4068
67492
664
10677
7518
25941
20593
26039
2583
65503
9262
60597
173
80697
80718
26713
5456
56363
53511
45176
89780
59360
88151
12030
53197
11356
54352
51559
59509
41665
65193
28716
74454
67193
13727
114572
65752
21077
37184
8492
37983
108796
24881
15932
36237
6722
1620
4958
59832
12490
41474
17694
18625
5410
6320
60762
33340
33608
1876
60571
28221
45195
24932
106400
117741
56938
25981
8223
11970
139927
11803
27033
15489
24874
23918
37560
58817
52225
28224
65690
116939
2016
28644
38789
3942
12119
55708
8846
64806
12449
69388
32325
40941
148157
22125
4437
74884
87413
39390
181377
126134
40043
12696
5425
88139
9925
18827
12513
21822
57432
81720
4376
33794
5749
346
5421
19607
14166
5619
196064
33428
71002
74790
6745
34764
7943
11537
55554
9773
56472
48917
108214
35436
159443
36447
18048
149729
48588
51247
19241
67064
42672
28210
41724
21735
18895
22347
13008
38210
40726
30689
146577
48628
12167
22204
180626
12581
57968
70128
72322
121856
87005
116732
33899
64324
235024
67044
119950
140285
65307
3479
7628
1638
26632
109538
41393
26989
35636
1751
17393
3167
30487
18072
6234
4964
53191
21999
53477
83110
53
77663
65917
36219
62192
498
40752
2753
80383
23511
166210
25279
100556
161286
26401
30215
70100
13984
31110
18312
22260
3839
28379
38402
12028
103775
19807
2155
103683
6038
74790
12335
13883
52175
42699
67178
36428
10420
30274
48912
8021
111541
29879
14763
90223
5848
13266
20872
50611
12261
3622
57116
40822
8121
16485
8014
80341
90413
11860
52373
56342
27265
10555
3165
49789
5968
19414
27366
70129
45634
19591
24209
15852
65013
30362
62775
15897
75429
8147
139373
102515
62474
40203
37525
18223
19225
2167
116213
94710
339849
5406
71912
41288
49252
116880
12936
14984
6444
70084
11043
30780
32002
28161
46477
88161
4350
39541
101107
36834
580
119009
25842
8319
48047
7615
118138
24601
126446
53368
13324
1849
19622
46812
7943
83828
7803
73292
28026
1215
13025
23097
49774
49820
4654
189685
26277
42010
134959
28753
38696
36135
17713
55160
20469
142087
5258
32290
1135
35338
2197
37862
93421
39622
10536
135030
6310
61827
40237
7304
48363
18799
7533
14529
3640
68837
30035
33819
1740
49498
27079
22475
2270
910
109773
16497
75204
125100
92745
41633
46745
10103
113581
18724
67436
59403
59788
77428
98624
25920
40992
52036
53162
24659
19928
45171
28840
19847
23144
8310
34365
16290
55768
39719
73468
70936
117329
72940
41793
98215
4097
19594
965
8777
13833
47974
56545
11294
35784
23963
27346
37320
35551
135448
71040
2923
27888
114147
78863
27549
94830
33501
35160
808
35551
265
17356
10340
123168
66353
142149
249875
32419
3454
25241
72568
106828
7781
10569
3199
53469
1837
52047
17332
74902
68122
115986
39483
53862
37155
61116
338
46152
51839
31801
61643
80764
52940
113166
145148
56620
78119
50811
108812
43749
30898
69481
3653
39039
22167
33221
106664
20230
3103
39634
163419
63129
36643
179974
90675
15954
19684
92946
13144
3288
32878
70578
24794
1177
10920
101509
27956
47999
89324
71292
21404
14882
99431
3535
60394
21584
28213
4450
9756
125120
19242
35609
38611
93649
24523
2293
12355
111417
130405
20883
124436
55952
91422
78781
57160
9929
12924
34418
245616
44209
25699
5533
36963
13083
2456
3151
43003
130424
16811
50705
32322
14711
29384
15933
11027
12621
9447
18616
10666
31063
45434
70524
117562
87001
148693
35376
12894
589
83762
3505
2626
17945
49194
10299
11321
118023
28361
52289
32050
36323
12419
14080
65895
54677
52686
5980
49327
30120
77544
84649
144462
50809
22423
46479
5173
6965
78836
42079
53562
84732
82044
34591
39178
59173
22091
13998
9161
4113
70543
80202
7990
4240
104303
53890
74027
14967
18006
52604
11161
31787
11960
68405
45036
59651
137753
13241
31646
28519
72385
47327
26873
15366
55558
248086
6791
22604
8196
34735
51443
67690
10182
65961
40367
6019
21798
27526
14058
15229
630
3851
44167
16349
86267
67987
23829
34832
58716
11431
52520
36348
25949
12375
15562
773
253977
20331
1123
2775
27547
36523
24714
71754
12772
80230
148
32492
48761
29457
16201
10560
5065
84553
10359
94353
27081
37314
82817
173078
12723
53376
70200
7921
38562
6665
47519
5117
24984
46834
25856
63730
20437
79554
17394
152276
41874
78012
27811
31675
45230
962
16095
46065
35001
137788
39169
63851
65932
49514
8072
17934
9345
7164
407
3468
68192
107312
82954
75378
26959
106240
65388
80886
47316
5281
13696
110320
1612
1802
16481
27395
4391
47481
36896
15366
35755
36609
72149
85342
74540
7541
43826
1552
7177
19623
28758
38085
109219
51089
4631
5973
127309
93843
13750
3950
78756
17016
7895
2651
147285
24483
21628
19560
19110
1270
12839
79922
10943
75372
18245
41285
100311
31995
53169
22255
116787
11351
25746
43964
105153
69629
123636
145311
10796
7335
27114
100314
4666
4759
37968
36336
55021
11711
95891
83285
28932
58171
42785
24540
61489
12627
52168
23125
46704
66311
38201
55959
57323
20399
14983
10562
16782
11503
29623
21617
5340
17627
51144
29607
41656
92138
88833
41589
35455
33267
6735
4800
57644
2264
34509
37678
17803
8798
324
121053
41781
3364
79150
123181
1270
15467
149260
6943
35192
18475
72748
19856
416486
14736
79102
77160
111754
5266
12483
95830
10839
8905
9804
44740
23803
74250
22972
125662
1122
64683
176775
36530
3701
22753
81397
25827
9341
14358
1583
7313
50586
3863
79535
21319
35464
34755
918
34443
4726
109115
96312
5428
34227
36809
56595
83246
82875
98073
13269
19286
56541
35749
8171
12028
31486
187919
159885
38529
75038
34203
54899
4777
44096
138392
66710
42941
40738
8366
39346
132765
67159
125534
10087
2012
93040
4474
23753
115161
79122
14038
49481
19548
45209
4753
52889
146952
156838
8309
429
31103
24567
39113
18938
21248
1120
4685
36208
39783
33591
12498
3443
9356
50444
111490
205611
278132
36709
104669
117189
67492
25817
9946
34140
228760
141237
36428
36530
109819
14339
10101
10935
33634
56999
4608
38328
93848
3927
25296
90692
54666
71027
10733
112682
76235
7070
19097
23851
104638
3533
8773
151173
36752
29904
20126
36787
60699
33322
103558
55326
13926
14686
23377
23320
17505
18718
55791
74136
12080
36198
93692
26099
157751
137956
54146
48098
110289
23165
41169
29898
87028
31277
7684
45050
108797
15190
60062
37556
27734
5529
20554
78320
3424
122939
18704
30628
27442
43393
5374
40760
130147
17789
80300
5126
14070
78759
55610
42330
126715
48860
42412
77317
58751
30881
45481
30416
82232
10462
81306
29101
6247
50899
13954
31223
137859
32416
80141
52909
32309
35785
4915
105198
133719
11503
35433
78556
34267
2697
5208
45035
22447
64646
97492
15330
1213
62110
80511
12710
62693
30804
1597
45410
17187
7556
24399
14818
46877
21690
30772
41409
87189
1100
1924
12385
115125
2259
21705
39933
24761
31739
24537
55461
52736
56219
112072
20054
5991
53823
143638
10853
42734
51957
67115
47362
62083
18772
108034
75369
28629
36211
47673
362
25211
199728
35127
93376
70535
1012
31683
12485
79177
5678
56596
33722
16512
88535
10769
49758
117740
114681
147817
126643
10656
42369
64427
103947
9253
120158
972
30104
64577
61546
46399
160603
31619
2391
5624
14378
76447
22682
16990
93714
98285
110417
141552
44289
23178
23727
62990
122640
92424
17062
64815
68031
149223
110652
93704
3213
101018
10979
26466
13710
63807
2915
32362
33861
39366
50692
54444
3361
8336
24607
46394
73918
18388
74480
26819
93326
39048
3108
178602
25314
10098
67780
18030
51372
9488
10492
158024
7150
10183
24401
5727
126482
11367
55858
51424
12103
4597
16653
9421
140473
48945
100507
20872
19799
22605
23845
64157
52643
107917
6021
54172
6700
97814
50047
18775
50384
57743
118736
20349
7202
103377
33868
51069
85550
2392
44122
4693
22875
10625
40580
34708
16454
61258
58779
29753
27542
241907
10404
121571
6848
29790
26526
43416
79556
56295
104878
35144
3208
22736
69196
47376
16211
19161
50123
106125
82280
4104
39374
794
9510
34017
26707
12835
132461
4906
16488
33250
171446
38293
48263
82238
69893
32843
8171
16986
75814
7055
52814
92094
24599
48267
26045
16733
99933
15769
4186
91381
20663
83806
89958
17020
29949
11702
71729
13110
43520
35590
2383
1269
16897
1087
152688
20726
21991
47816
18543
4936
82188
18008
63182
34624
33725
68989
74516
46427
80590
122515
166257
223466
33959
50641
15279
15823
29857
69026
28785
42483
3177
71678
91874
2876
86225
42611
109343
41947
21173
67574
27066
179503
49292
12262
73765
64776
6623
87221
33736
20001
57380
7012
9849
60357
43809
5134
6422
5922
21543
66881
18071
12308
34688
15970
9406
7913
8735
61
15090
12105
11865
20664
43697
14912
182202
6218
71586
17402
14252
33509
193
114268
37198
104765
6739
12432
2082
35861
86464
88651
54188
13766
29153
168508
17154
3704
36847
20561
18236
476
120118
1058
39695
45371
86383
30463
14799
54284
10418
176343
7824
103143
4398
82921
37156
53393
58105
53664
12005
77615
32912
10612
11808
146356
30014
3457
12576
27620
6468
2953
11683
49125
81867
61273
58079
1712
4121
19973
121501
13888
27864
47397
7728
9309
7542
8237
89090
25219
2885
63568
7977
27336
8021
47159
51590
88143
39182
163551
55115
70037
79741
2286
100893
18551
70270
90606
12106
3753
42691
14073
45134
84070
26342
53058
12124
22207
27652
4035
4922
22540
32734
86621
25388
64823
33612
31571
9206
81329
22736
21672
17216
152347
97857
256841
23254
14935
91223
2557
27932
133181
134141
4934
80114
48743
1495
9673
18352
7372
8628
6166
49633
2509
16433
58190
4019
76254
6491
109073
31555
131
10885
250
14489
47143
6007
47801
654
22440
33540
46723
16775
7815
16746
37130
12769
39937
7804
39145
13613
57351
5020
135925
46931
11800
2615
133282
1861
41408
5786
15712
52395
8371
1663
127138
92120
51011
231317
20525
37205
110285
3721
58834
36347
52447
26745
13297
8024
41010
7717
6269
3474
25651
28389
47767
22251
63644
70930
44481
13538
3450
23392
93537
128904
11475
22588
59865
64674
47133
5752
9501
46947
45739
47747
33714
68742
105299
31448
10899
7581
55710
43930
294943
43655
44649
1751
42771
10464
14833
26683
30283
18400
42474
106638
1088
37307
1289
18464
71988
60608
57610
24840
11173
63544
153614
4102
49660
33917
1205
87384
44881
101894
6722
81415
9106
148281
110875
5091
100869
27604
3432
58572
62594
26754
57656
33046
165766
21000
31428
43245
10656
17140
40394
12980
38163
62114
3648
16947
33364
69460
24102
95604
86832
51198
48769
126321
11246
8495
4774
59648
139323
35975
126046
95645
37531
37759
32310
18849
144306
49895
90675
42309
58375
110175
55381
355
70948
28017
22894
48521
6825
39135
97788
33267
51151
31691
7722
13214
9277
23092
139170
71955
34298
5359
8548
761
25055
64668
44209
91206
7920
14814
57145
5061
27960
39284
20695
5538
21304
49122
61661
28095
115280
12669
34911
2767
18091
21480
831
39585
43875
8429
63617
20711
240052
8038
26083
99668
147390
28190
29352
35038
24612
28639
82308
6306
73711
40762
19917
4915
25826
25622
94469
23513
36092
55596
74293
34766
22848
1896
43187
16669
52272
13320
7071
20064
61670
77541
3219
86325
936
9097
18405
9497
15070
98554
9221
41604
32985
32705
24029
49343
28806
59427
79806
10842
32107
118227
38551
85456
53948
8278
1042
87557
11674
3764
38510
13823
69033
92190
61641
27093
46798
24581
36203
44700
103694
9115
2396
15953
1091
59232
25620
18673
18789
31685
33050
70936
134028
910
17485
4249
16677
42346
71378
6526
26602
1336
104721
131775
68375
98101
24875
6511
14249
20875
28636
23147
99300
2268
34228
15653
11261
182733
82850
414
32230
24047
113233
8057
9987
111289
26815
4433
55363
874
24881
57287
129836
8407
46250
2042
42335
10216
37448
46876
3925
13504
15247
4119
13662
38634
22379
29737
5855
12915
25864
18484
172371
64854
192433
38682
80944
76186
94284
52018
13579
38540
9107
42759
12532
16671
57557
12116
3500
23720
179220
30861
13546
6808
41315
84549
20259
3490
73891
49668
59582
30900
15606
32278
71342
752
20181
29445
41946
42704
145510
5748
6761
24238
51015
22289
14879
29948
36295
32966
26846
13098
56400
1756
56477
40237
28708
12961
14570
74392
29144
120677
7627
268142
24161
25270
23162
33044
15629
59711
59686
6030
3496
36280
87874
75918
4970
48598
23934
22024
40550
37078
39478
31892
10701
2404
130908
16351
58855
109900
4453
10228
25745
98340
3317
100757
23886
144367
24442
15258
1760
37282
16561
138819
147044
8613
20418
70863
11071
55065
41022
8581
4712
10199
12169
48451
42187
5423
66688
41983
133714
31225
33375
56376
45947
3374
126559
58419
91059
20211
46080
165890
8483
4941
60820
2876
25792
7316
4462
32246
13048
77015
228224
3379
30842
37235
55561
56095
32109
36333
77949
110933
30539
113567
140368
27900
70638
14588
9334
2227
37163
2587
91110
14706
70053
40550
51596
2322
35185
13671
24337
38863
14829
19255
12160
20823
13487
33392
53481
9312
5506
29256
72957
22937
26661
81390
58209
44041
5686
54847
46486
12516
67976
45000
9689
13368
83522
10101
1871
54432
33755
63598
3945
100979
492
580
1652
47350
58217
22500
56310
164371
177674
25448
28202
42274
35835
77744
2495
4785
5469
83322
122530
111526
29198
244305
6938
89541
22523
38159
87373
24014
181520
985
46530
54506
6540
15631
25612
73665
124074
143250
76
12194
23955
37306
10291
26294
32440
34579
64513
130870
11151
37767
45351
20753
32104
18796
8414
6884
93825
57074
5469
111470
102100
25021
16326
46061
24881
21768
27446
18549
39141
3366
51305
7060
8833
28300
70141
29079
78515
52285
49401
58497
22200
66783
60029
9327
107245
4963
38030
30626
34599
15004
148076
2545
23162
134249
38287
40828
68007
82614
60940
5993
25754
12440
28272
39028
91620
17505
25144
2897
45988
17857
27840
35393
17233
43891
9844
64315
20657
89926
16223
51420
16566
3944
2512
32313
37385
12965
53377
30982
10337
38075
97410
34178
224
28777
56280
36829
16973
38691
108785
27615
97637
50649
4822
14289
5803
18544
12424
16004
10177
112894
3636
7554
134654
6843
1517
31162
23769
50592
154676
75196
18847
32109
11424
4633
14813
41887
5255
58589
31379
39907
10104
8284
23026
41115
44164
68495
18491
7636
45126
42474
2151
25811
10973
30962
219
17634
92855
45784
29213
114138
26212
23804
109377
38642
30072
11812
5743
18824
4520
59477
40792
1916
51120
12899
134777
125833
31466
79696
10383
2393
40780
6618
72901
61121
7784
100403
119789
4112
529
14697
34118
158032
100045
42277
28334
98973
105024
337
88669
124053
18128
56356
188428
9984
15489
38889
55718
8294
102507
2206
95968
36349
64013
3388
7317
21950
456
24074
151815
13480
56676
27096
90626
15920
4865
96502
20295
2556
13728
77657
48071
20679
46184
48107
44999
25417
54983
140589
98466
43495
24703
7023
67425
45364
2819
84938
38331
15506
46925
10084
19786
4686
151290
18308
12885
8562
28334
55938
43462
182
111965
12470
7417
12046
24944
34221
67966
2831
34377
14197
1670
33104
13889
20786
1038
10404
42010
21081
18052
35704
74560
18440
14193
8338
32221
8760
51937
32326
16603
18734
60130
36879
99536
184
17128
14299
692
55923
94659
12368
343
555
45
1063
1787
1840
5918
6666
5884
9763
6471
12104
12884
13098
13283
14094
16388
20002
22440
7137
21782
23817
24032
24229
24877
1608
19079
26368
20598
32709
28658
8081
29929
21003
7971
13243
34334
22220
19239
10899
11878
4897
35635
14472
8213
794
25029
42365
13253
31155
43535
31153
60166
21798
40047
53540
54571
56512
16122
19748
17588
24222
20301
60175
23335
53814
6063
68629
11590
11579
71533
65022
67176
34557
69065
70126
42134
334
9012
3703
34282
15074
19069
815
37783
50963
17103
12460
52547
51545
14569
85282
13350
47407
29303
21508
14364
43318
2314
12283
92002
13396
16783
16272
564
66453
33539
30550
49506
14196
15754
9278
37625
61650
23262
30262
48965
1460
77363
71582
92756
17624
62598
17051
122740
37195
122892
21936
18933
55184
6863
27477
23324
1977
48318
16578
93137
36196
20939
79204
63621
87514
26521
475
1701
76629
84221
118817
8990
30807
20286
53945
6924
17530
63019
19781
11711
8090
34582
33861
654
128575
2512
54761
5654
33306
162227
25398
7393
113723
20435
17401
25693
2423
86187
34728
15926
27599
2215
2333
18917
7929
49417
16238
95856
83110
28842
38781
43884
105100
92563
35579
30436
134465
106302
9736
54638
37915
10826
8088
65253
87778
14846
39718
4226
145884
38517
17643
13276
12418
37945
15947
13545
67735
12398
10356
94578
11989
19469
34899
32292
4495
100623
100180
33820
81223
8081
301
157848
8639
4015
4822
45054
44539
25994
53425
41409
103844
18547
10296
134461
15815
124741
172124
129142
47725
82328
7396
35817
51722
90489
6536
30266
12168
168
9642
7964
4401
69385
66992
27005
9753
91009
99008
5996
13657
54027
35019
137444
30391
111304
108991
99115
18034
3900
25832
1612
133142
176341
93321
20266
3281
31467
17017
4168
76596
126412
51841
24870
80593
24397
30176
16255
3627
4655
10738
73739
132384
51454
24308
36425
37805
66075
69885
108104
28782
61
240821
61002
50884
12961
7514
47997
74201
26936
54493
63998
46778
35707
142761
88461
119966
54276
9629
33996
36903
19840
38446
38926
426
87140
24254
36865
28223
57878
10218
20126
57741
168101
12197
13309
28505
42784
21524
129395
56985
34182
21963
68685
7763
36700
87489
19462
29840
12121
77166
59252
26521
33407
8764
14209
21934
25383
38949
16118
7748
41526
58348
2753
54708
139850
53841
60707
46679
48528
112851
86072
42265
3668
3192
94473
14450
42910
6631
59370
29851
9223
56883
11318
2287
212921
28867
43077
13731
202
98458
44524
8471
12320
16877
20350
38896
17009
117169
40700
9957
73595
176992
10171
47881
3438
20751
137651
11073
28242
68789
22734
76094
9886
57813
191274
79093
224190
32774
85239
5313
20779
56451
29970
61231
10307
2841
27313
1754
20192
49087
104100
44693
24877
35824
204928
103562
36808
12883
40005
210
38077
43526
59516
159735
9888
7138
30399
99994
162314
9712
7742
30187
86159
15113
47860
41290
562
912
18342
62261
20390
12840
19943
28849
35039
8245
16974
45717
41361
18153
13432
19000
268369
105154
6595
2571
92148
32171
37924
15291
52122
21184
17988
59005
54833
29064
77529
38029
33853
72331
19464
44960
40594
4800
39438
3444
38829
346
5073
17882
3299
116270
45262
26014
21297
76056
16254
36120
27733
10245
50169
9647
121603
34518
36685
66853
5991
4094
79277
19090
4215
62739
119647
232236
21703
4491
25294
91576
62449
32824
90178
728
17588
26353
90566
17466
46196
39618
15056
9417
27
21612
7899
12512
57789
101630
52209
8957
13650
89454
13314
30066
66039
12811
274
40432
132377
46588
16686
71826
11305
37140
3415
66370
122471
46659
21435
19381
41222
782
25455
16542
17151
51119
111378
95466
9996
34025
30087
109866
4070
14804
109206
35991
30774
20980
2998
856
6307
78031
58923
8700
104365
36093
14361
29420
46683
63331
41408
251548
31737
53154
3136
13512
24885
115840
22218
6663
120192
69136
3085
3015
42591
23244
17037
4492
41757
2122
157992
35714
3164
12181
144990
3886
22543
10204
8987
92838
4941
26472
1549
39481
22151
106400
358
8260
33380
41300
161233
37316
48590
2759
56626
4265
122540
39950
14256
9361
1269
76323
6655
10980
6298
36080
80453
46080
7411
7089
55832
197589
66225
34917
27043
20646
1522
33843
79155
3971
89248
44449
6919
22278
82824
36799
19961
1555
1806
2760
5128
132421
42987
20237
8975
32785
18665
7806
59092
21293
12263
23170
20741
27833
52060
75107
55689
92310
14213
29210
11661
56872
83711
26801
94931
32788
7929
22190
2143
156220
80405
50227
26656
21910
60861
31793
68011
31573
48634
55720
14512
20213
22704
73271
50555
9635
138984
12740
140049
13416
62534
120253
33032
21095
9669
18497
9865
10981
87982
33298
61758
17710
43367
1224
121161
7838
58630
63786
76003
37731
83448
35930
31984
55452
26027
10792
82242
108653
5525
37309
67250
83039
14756
8264
277
14165
2639
4824
41397
11431
38977
58970
44824
37469
64581
37469
95492
7898
92305
124133
1907
14891
36654
2142
230008
53319
47581
17196
32302
24194
5453
977
28135
23623
35117
3549
32108
95987
5456
148500
82029
75988
58216
12473
3928
62642
7171
8829
40890
901
52856
52914
26799
21014
17630
2840
57138
51216
36618
76965
33733
45496
13982
17141
28393
2623
1809
25849
76254
45011
8673
488
50469
132534
17089
29770
51396
15510
117225
29591
13235
65814
170091
12180
31150
16703
22632
62794
6703
48725
7610
49203
22238
77296
31259
227033
58700
54526
18966
33742
4010
37170
179225
65924
27613
35305
27780
40334
10761
833
53344
7415
63715
31773
26423
24436
119323
26591
47945
18946
61349
102109
39170
75381
99429
15553
82867
31406
2334
5830
3001
30204
17808
9922
31299
28329
51201
21330
5584
12686
22670
39363
2195
61157
8616
58118
26700
2485
70169
79601
32256
40809
41398
102024
26580
43609
58325
9200
5376
28464
21929
33410
125240
94107
36022
560
50214
7607
54323
646
100791
9609
42497
137319
43706
63715
61924
54860
53035
45429
37868
131521
97937
69512
113954
21421
147037
64211
26531
60267
6215
7653
63650
77771
49763
404922
63927
73172
2333
2272
13047
30883
7861
31501
7081
68160
31810
26035
5228
17746
37568
16717
59069
33056
9434
50202
47083
73765
95985
27683
43211
1933
917
38358
9644
9768
15012
12288
27388
4872
24351
156637
1782
44499
150369
69973
14029
60448
7011
61889
21692
24257
105387
64796
25502
40836
25866
5608
52273
2302
12047
124566
39840
55422
6838
5593
10149
33736
357
78156
22578
89185
26674
100170
31272
9456
87973
134449
19027
5955
6938
2726
131732
126954
44370
61234
45949
35142
62643
46852
133616
24584
99412
11857
33
44567
2373
58834
132361
35932
36834
14242
1442
12394
15028
54336
41897
6899
54188
3235
32218
117080
119705
313
32743
2140
73965
16103
58208
20147
57658
18936
31232
17424
29898
24035
95544
195120
163997
14714
27705
11770
6284
23854
28545
231504
15918
15373
15723
20659
40573
45896
13076
24739
12698
16371
149952
20517
38766
118550
105774
12650
16605
11188
28990
22457
8596
15775
45369
4182
3151
70855
19984
38987
408403
30839
63316
42299
59363
288
135916
52898
25104
5273
17593
32958
76016
2150
2951
23424
5378
92918
40603
93631
3210
15870
159661
39566
4490
65739
22174
16110
27253
32075
89686
37516
17024
38805
643
14016
38534
67433
60582
5991
45007
39448
16715
24770
49043
20868
66096
34559
27610
17754
19036
76416
3485
24630
83013
24634
43702
33413
23061
30830
6888
18143
48833
67071
65116
62269
43661
89564
4713
24896
41064
11240
90620
163673
127398
33748
117400
73847
38692
51051
64206
99208
21557
18534
91905
77219
5797
23250
105042
4327
22735
17046
44745
112862
12629
75652
3416
93442
65018
71696
24818
56354
7478
24698
17543
23759
9422
110667
57093
175744
7448
50057
105946
18821
20082
1190
158712
22398
50581
2156
19780
2392
63747
18763
29286
1810
198569
15931
42453
6826
57864
1308
61899
78661
8069
48770
67481
18711
6564
56053
2839
43784
57562
10777
70821
12856
127146
21415
19690
19201
80017
61936
46084
104330
20437
46831
107341
124188
18494
36981
27699
18818
48798
92780
33197
70266
39641
56877
77735
1077
91943
24766
37624
16801
53301
3902
22806
510
6381
98327
36698
19536
7901
17409
23400
43637
94595
94255
35288
65027
14040
3426
9260
53788
982
87946
42414
21976
1550
1018
36577
61837
33811
41165
43054
18207
65892
26195
11813
29223
70721
2015
28017
84463
41448
45086
29388
82055
49647
41175
35716
40442
21907
15803
91266
35989
12164
20268
156819
18799
26554
15717
77256
80076
21034
53031
141891
57338
28171
119858
7286
4049
61902
17069
63914
5930
34776
148989
26614
26429
40815
33258
38788
73389
2087
3994
4098
58618
13712
53002
32589
110
44581
118422
46793
19235
19591
26876
35659
4199
4165
69713
26004
396
6897
44653
131429
17470
56827
19349
31191
153172
16816
7930
3687
19647
105132
22238
31402
106729
7649
57289
27976
53608
801
31516
9237
25220
10862
109345
9298
265251
74984
61428
15767
117878
125191
19355
85029
93349
6924
3685
13661
97683
7250
44365
79912
22402
128450
29557
154233
56757
14053
48132
30469
69627
34291
32301
6681
18798
28573
9232
58439
44808
107791
86067
19404
53607
112030
13585
136566
78288
1184
49158
38905
4199
6407
75845
23979
143162
37478
6947
14930
97940
22905
42652
47331
130535
36834
6360
51420
3007
106956
12276
10562
97854
113747
132566
71050
6778
27420
11736
39053
9120
2867
14313
27955
12242
53117
13432
5473
89214
127661
29026
26941
154194
5318
12109
29541
37185
120815
38096
13412
32228
125604
15624
643
79607
28262
14133
49123
20530
108358
13533
55169
25106
36938
21883
55300
16739
1018
105350
65672
23955
22363
82518
77589
2435
96489
104037
4947
71515
6696
24672
23200
33387
13002
846
4004
6658
35094
11025
91111
10836
277
31877
27647
44176
64938
32559
25124
109939
175126
50271
12961
143681
61110
36301
3123
5019
27939
33531
15615
91907
196988
8349
21792
4491
219587
4911
8374
25413
40697
91967
66616
34444
75683
67149
103950
33600
19597
23943
97942
12118
25105
30598
37562
14471
34178
71371
77153
36004
35353
4656
29230
14095
7526
15746
70479
9518
12734
42311
54084
28039
89056
84617
21390
227077
99487
52529
28596
43518
8367
24388
23179
8198
7824
3459
10293
33302
87042
85896
107826
41459
22228
4189
38641
68130
1423
90289
108080
9975
60192
3923
63985
34790
1040
2040
87091
54969
9970
9189
123910
50522
10114
1652
77496
7712
24237
51118
17447
137587
21868
6512
34461
14075
37232
471
16360
24154
6370
70896
99125
12487
140379
97455
9897
71866
16097
100454
21671
137488
54433
34603
19582
6045
1156
2687
1242
4131
199146
16568
35892
3059
14000
47950
2359
17569
41933
28420
3667
19347
41552
4643
21711
20742
112985
54333
8267
84978
1413
16334
34562
30102
83429
27824
17938
46827
80621
8993
8916
21645
2324
71554
28767
7560
37254
9146
35095
3650
150408
49923
8137
9509
84038
29915
28044
39823
113834
37092
6777
9498
45733
4942
71833
7011
4519
31157
316734
8028
9394
60099
54785
20911
1704
77913
28604
10101
71700
9659
155749
7809
41791
15706
2493
114430
38635
15547
79190
107412
90308
13821
97488
63897
51183
151053
7289
9151
46633
24030
13796
43703
13810
77049
13051
34159
60063
64692
4964
23321
37734
25812
7613
332
29295
1338
90913
27076
1135
55779
17476
40681
71329
14215
35092
118138
18208
13327
46765
57657
51111
8282
56785
58573
12831
160450
19660
85997
89677
74189
49893
15300
41351
94219
62648
7418
58573
53631
52469
42076
10312
21177
2067
22344
129655
24907
19121
14999
127477
30087
1420
43791
4522
22927
86279
20580
28176
70935
59462
60192
96235
65824
49453
16012
11210
21162
77205
5994
136526
25363
72323
5763
1303
23200
96135
104779
22603
2505
4493
23149
83414
74559
4683
12159
171918
40676
22931
3807
3192
70247
17589
7904
16958
15687
69093
52268
62146
40868
11045
47108
89399
6883
7440
4318
13881
61722
6495
20381
25606
15315
129887
161422
2596
2303
47702
116933
4561
3196
22122
6563
63759
2957
4599
1778
80701
10026
2935
76819
27193
80787
4042
14191
2006
4322
136389
50536
12185
38625
79158
3701
30111
5189
60929
2284
21659
49105
26443
9435
68429
37567
37630
20226
12990
49528
51809
113969
66396
90443
12256
18166
52339
21515
62051
56183
7644
38579
118841
113184
114146
65540
8357
10129
152844
22796
99486
24993
18176
15759
24707
31308
226865
72975
64744
27129
30546
134401
27117
10413
36419
108855
130886
29494
28794
4271
11211
65862
4762
53598
17644
10608
74106
17110
28522
2447
46838
5490
49662
30785
5091
13347
29638
40067
45983
21387
30537
9880
5158
120088
38079
44558
30378
175092
28473
49137
42619
134318
120948
31570
73027
21677
32166
17183
758
107643
16962
112988
18337
24417
3893
31612
79345
2735
18238
13578
28956
26911
31259
50041
41082
71523
11418
18966
15398
27882
9855
16432
17648
26813
2574
100057
60098
5573
80390
23249
15928
39207
8936
95774
60267
176237
17376
123585
43484
18082
10932
86017
24444
27147
4201
45172
271049
22689
77901
60100
30845
90566
15905
6266
20825
95532
135084
2125
57687
3464
65543
171095
50070
40654
41627
12557
57501
15499
12581
24803
91864
159812
23766
23267
21704
88605
76407
152390
15980
16952
17616
117286
12938
36208
37640
2084
29883
29167
34546
109608
33297
12133
24494
7672
19723
177457
3712
10819
48044
137187
57446
21774
29407
14158
63084
101318
36851
23169
10019
2795
29458
26606
67740
25722
57626
5544
31133
25899
10680
103007
6483
14262
11266
10433
34353
4371
7863
28511
3200
155105
60458
1593
21330
46528
129896
74516
127264
574
56630
16748
25708
143365
2287
10218
152
2211
1763
62567
80327
19381
21339
206223
92094
4004
5195
72831
11566
78109
19429
119712
3675
12236
20463
104816
55415
18301
31907
61076
23678
106943
158734
5920
115752
27331
1688
25135
45184
31853
3428
57518
104855
256801
11767
122967
45506
31667
83322
76577
58588
82239
57686
472
13698
2995
12661
2570
23476
25054
31862
93191
21954
39009
165564
7706
157142
11917
21003
48822
27105
12135
27868
41960
5062
81661
77468
71477
12645
10203
70713
99884
32577
64635
43910
70376
107099
65573
9836
13294
96719
47763
1628
4222
84278
3952
53343
16565
18922
76829
12048
56808
977
52510
48684
73174
2320
55462
66884
22197
19112
645
67383
18139
26232
43182
59501
18253
79897
822
69118
121255
565
73304
170915
106268
17369
30088
10384
401
49113
35896
87749
11398
4950
244
36285
86337
6686
15146
52410
136914
6193
2370
120369
80497
60683
38821
57661
31609
520
104071
24732
13246
103955
269515
47272
37003
36272
15049
60064
78542
22944
50123
26400
11677
66326
8346
21499
12789
55733
64787
20442
13276
30675
7375
28424
83234
75837
218466
64655
20623
16034
79779
80250
28796
32132
14821
25525
76692
89656
116691
59771
127285
65268
22596
5280
20580
65368
96415
27502
20777
16072
48188
5077
97557
50395
13621
12065
18171
50738
58699
119530
16128
77881
49263
1651
2186
8763
141032
10254
23225
17959
62291
18247
50556
105237
15680
65455
55881
24518
5592
69404
19649
78835
25537
41674
44515
19874
72806
203652
63534
22024
11971
65854
14016
31471
145800
19253
67505
19135
5828
38977
75104
51639
31079
54937
815
22222
108468
43383
61530
90646
44680
54863
64180
26932
19118
30439
23513
15751
59892
8617
84168
25093
27710
89381
113258
109690
33248
58228
27582
67212
57952
27798
17978
85412
3108
9745
6250
116191
7081
119732
32627
56682
160528
27701
49623
3686
49894
3783
1766
7072
15200
32821
9331
12111
8462
186670
23016
39190
18523
1795
34103
102813
28622
2131
99655
3810
35921
4070
52512
166558
517
102659
133524
1561
89397
40574
2586
3112
87474
36805
27792
2143
3879
90245
3282
60858
34414
113958
161233
200
480
513
1608
2319
3448
6268
7625
10526
1901
12567
12150
13233
11251
14805
17939
15754
15873
10872
5369
20209
20966
25940
10540
27509
12883
31353
31565
33601
33073
1750
25645
38002
26086
37566
27735
42197
13445
31122
47651
33361
51676
8642
51523
3074
26988
57171
44541
17582
2796
24099
25977
50880
36779
14865
4219
72319
72763
29692
57115
1226
64209
77006
46314
9913
55970
46751
83514
7369
52572
78566
21002
88390
63883
93117
13164
85946
2452
30206
15823
24242
35820
68482
40513
7556
24605
81220
9611
444
110394
21300
125324
47789
104891
7425
61420
10081
5451
113472
48489
10244
26734
29892
20320
13731
18907
63809
776
123892
15640
32783
7922
52107
6492
3050
19366
50287
3923
69316
12830
3552
50142
12954
5093
46241
139061
27545
142709
69943
2024
25656
5555
8611
14253
3715
97988
6170
62735
43565
43530
22173
71284
30092
37935
126475
1838
76246
1147
1252
51380
30781
6165
53729
2633
120803
90475
126884
2539
47505
188113
28528
25575
137331
99008
30847
68640
7611
12748
4726
6879
67808
20472
69791
727
4095
16402
56863
95311
206513
117495
25020
50924
15310
56173
70384
37077
67777
54393
10843
12051
120588
15477
40338
9578
772
17051
47002
44019
11403
14212
37448
39249
3300
4851
4859
46136
112427
1453
27424
25097
15424
28170
15888
28915
25229
4138
89173
94356
36806
38395
16938
49784
2556
35590
4626
161656
343
105682
15864
151998
60881
120515
11452
43943
53579
2529
100692
10386
42483
25211
909
50796
142870
102191
106370
23003
54748
55761
30727
667
31666
45878
50786
23868
180024
26694
49009
15847
13556
40773
85932
23551
11985
42260
19592
61029
16531
112746
36663
60660
21280
121158
23398
31225
12109
84693
37931
35315
66632
64141
13347
2988
24763
142365
79400
57705
10765
11423
18636
120968
58834
83724
16898
4295
29962
9091
45562
29570
59661
7307
23524
20555
66526
14943
48528
1921
5759
36920
20838
16537
6231
35077
131531
15120
60128
15001
26426
38143
8558
10505
1751
25168
10227
24806
4709
34816
4901
23123
3718
21119
17794
20093
33673
5525
21910
9679
15782
59913
30433
53018
71659
55719
11499
30441
41280
8554
40431
39482
4459
45678
107365
20657
2052
68314
75002
68663
57649
1196
44581
48888
55193
14529
109
23482
5711
81717
16206
24874
76408
44993
12269
22751
15957
63560
21719
35426
118277
17133
21127
12657
60230
49954
13702
85157
57352
44769
8123
40723
28375
4543
4885
20256
1425
84803
126131
1184
3994
35785
52751
56007
71938
158978
55139
41280
43848
894
65499
1555
65172
100145
29979
29999
1081
1533
46870
2796
21455
46582
4751
24339
22620
28727
18161
31402
35932
55591
71768
81789
16844
5582
36301
44699
70815
85725
28300
1861
59895
122257
27317
59
28678
17116
78554
117109
45493
4035
30965
11034
108851
37872
44648
66226
135270
22073
18158
17920
23791
54513
11546
187759
30165
36745
21224
17405
30123
18922
23949
34425
26213
9771
6260
192689
18075
29080
16592
44686
19045
182687
12624
12669
9246
19653
92552
29269
26783
20583
75485
119900
7519
22045
10842
13031
94342
49114
208784
134979
1654
28736
31031
47348
52363
34602
26962
54264
8551
6542
36877
30210
16026
24810
36127
76317
164346
47625
50635
8168
48192
18890
40217
35151
43613
11118
146524
55571
8665
26225
22325
5044
48194
9850
18565
50890
2353
18921
6583
42223
48145
425
12343
23072
42009
13210
9355
11094
9211
45564
180790
146902
35992
18165
8529
76464
39887
2909
6020
22053
42059
48219
24840
174282
110355
2089
105747
72354
72492
66707
29191
53
21359
77160
77663
73046
54399
107805
6776
49482
2466
8258
46271
29837
7833
90743
58100
12621
13204
9056
63122
28912
44073
49308
5186
134544
95446
6841
28169
33428
253611
5207
3653
24900
79340
6464
92195
67875
47160
48285
1823
12286
26019
63603
17289
79744
70611
50267
717
45248
28504
50534
16474
167240
38896
27139
5847
75956
18478
48231
41290
14051
256071
45394
45881
106812
10800
83740
27897
62943
3224
1760
63025
10379
65041
103541
107818
85876
56349
2946
22090
68278
45963
100181
7097
727
11021
119065
36713
150382
73993
26905
219074
17451
113029
25879
47631
46679
3294
78486
96758
43095
20163
1426
88921
120712
75563
4749
5394
68822
55682
65928
41946
60748
45564
3800
113059
21907
1302
65100
25894
56383
4224
66013
151698
200358
35158
28362
18794
10454
35047
49837
16943
59869
99714
5510
9836
154260
48021
96914
31251
27315
46779
25420
9613
43142
4689
11711
44466
5894
143888
40087
10155
37860
4552
5915
7473
2252
124008
8915
6485
76360
5846
75871
110201
26116
2376
23884
49235
40368
48258
63208
19141
39977
9947
32469
30791
62187
43491
132131
33325
8183
2278
844
57103
108914
13715
81074
59239
78926
4230
270598
27213
9067
48389
90829
14683
34885
231871
39577
8460
52765
52236
4551
56518
116820
111717
102307
32085
18790
85711
23636
21807
26213
26024
46703
56842
15890
39116
45503
23950
35926
56115
5789
26745
7346
14965
64105
83932
25407
4348
11736
38342
90858
20349
16968
117485
59797
45212
17696
4941
44486
26377
31375
98328
1222
28715
24001
6704
52550
32486
5690
54824
65583
39631
77738
11998
2597
37665
38488
44852
32226
7865
25183
244
57836
87395
23969
15984
6373
32579
10011
10471
24081
47291
318209
25935
5162
6757
29292
20818
9359
13020
79533
45825
12211
11658
33824
8595
14034
7090
58384
303
40624
42262
31755
31507
20490
129644
27604
21885
57278
48976
185550
9350
45210
4515
63042
51529
10179
39254
54530
63417
63957
3019
52571
101606
25138
223987
77549
14087
53541
67406
15746
51248
43155
1149
88144
12132
129401
23180
66614
75328
18654
57003
41119
185481
106171
41880
6607
76024
61136
50203
1944
9633
154266
19127
74751
19500
30306
23715
4490
785
44900
20192
13161
15312
138427
22356
42697
51762
38169
34546
63014
1756
3264
23849
45204
45200
73941
14945
23659
14621
21637
16002
30305
91281
11335
38872
48515
4344
5793
38674
16596
14591
38839
11328
114537
126850
26213
382
17046
155449
75048
38836
2275
17875
28498
102596
177919
72541
31590
495
3165
22205
32176
52722
2067
7997
3706
17664
744
29565
153913
15285
88480
5549
30393
35567
4205
1752
117689
63628
76693
38940
23754
7206
10924
38653
10424
25757
33881
30573
26082
20336
50389
80579
4142
14841
44561
16610
14728
17584
4359
11329
2156
115083
13187
43899
10607
7573
46148
27624
6329
51501
18828
30093
23994
15127
1734
79246
29356
21966
77818
15210
37909
71420
45453
101575
30215
91692
183155
12608
54309
47325
2718
42482
26111
4393
7246
16399
172924
4070
6480
14449
14722
7847
45933
68966
40255
95939
19424
1056
12910
22110
12247
1797
34043
89437
65687
102280
6739
8413
31624
25438
31175
14850
31460
16711
10022
35946
43997
47601
212706
15859
15691
105046
542
17735
66592
32999
14550
62696
165251
3295
59604
8962
2027
119889
39877
5337
9609
29618
40816
22786
27719
29919
59714
3856
432
23517
12858
108230
26013
16982
16473
149229
16836
19953
5059
14770
38833
133551
52495
66107
69896
24944
36735
26573
42653
27167
44803
35988
107577
11293
39708
118206
37451
51527
82882
19891
38911
91973
47485
3635
15496
18158
61357
32459
29054
39993
13519
18107
4915
23507
12960
65302
33496
12322
25325
196142
69017
77092
29702
83537
15373
14719
34406
8814
65158
16854
107272
3892
105622
273604
37825
19031
34098
68401
86674
13527
64720
42917
50303
97271
55491
7943
6072
37277
2340
27614
4986
144289
164515
224454
3796
22309
36087
32559
45013
97152
1033
34471
5521
104749
6281
41715
2045
134847
2076
37086
66445
14462
65232
83613
27551
33792
16104
31306
21453
266062
31093
9980
10929
25240
122405
1195
94626
7468
33449
10681
89474
30513
111428
16608
16140
8004
4884
21636
12919
110403
72783
38236
23614
35605
50388
19811
20933
106055
1697
27693
93457
14517
2449
78126
21454
54856
45516
70090
52493
41690
23364
86411
9758
54475
34742
71671
9970
83198
38881
14645
85471
29906
85218
20216
6144
32007
18704
20890
73524
3657
42180
125596
21733
11449
929
3880
10021
20820
14980
53526
143851
28344
124333
6817
3583
16413
28004
4273
49893
62864
30200
31099
16249
20860
147681
3734
21485
115367
39949
28431
14051
11119
58942
10224
52785
42463
64916
206823
49552
39152
16628
72484
7048
81112
9538
30931
8302
53404
41891
29537
55309
82696
13509
21261
11391
21196
67537
79149
18593
60129
27601
17558
105212
16473
51233
13517
53751
95161
49860
10168
142159
25392
20226
52648
25194
29052
27069
83850
79521
320955
18031
20111
6286
36875
6894
28101
12077
8990
12585
48177
9599
28623
6392
66398
13031
25363
36031
27282
594
65422
52193
69229
141377
12778
121548
21394
167517
16106
92034
11336
41425
90047
99462
68873
34495
7267
65114
65563
16239
547
1159
15379
37133
40516
915
9020
67482
43745
49232
3560
61509
17228
24550
31474
4629
123524
53673
2697
107922
222773
53336
91267
122946
8319
94397
39924
26234
1898
8724
142052
35509
91527
11276
33697
4082
64252
116607
7161
26026
29860
85211
1344
30823
3102
5154
25251
46850
29974
147411
7826
23973
47594
195706
123669
88127
1096
19694
33801
1476
217666
27749
9642
33042
31794
38720
17233
81253
1803
4983
53924
24255
96943
89848
32642
15767
15128
40862
159675
17727
25512
98102
60603
15424
81023
45334
26347
33004
32884
83061
53382
111035
7941
10046
91760
78506
47344
10800
18117
13903
51711
41657
2233
26264
26114
120540
131325
38352
116144
27460
4776
22330
89308
48070
123108
60281
111351
38786
130235
49974
16380
6074
69059
27518
10140
222843
7885
8126
70204
24725
133
42406
58705
116931
29158
10556
13561
31432
46170
58619
67363
14447
18097
49037
60110
58533
68895
17814
236715
20357
28776
124043
54060
70977
170415
26914
8983
77379
29114
22597
107616
5793
14025
5614
5985
4839
5940
52625
18543
125160
30775
61619
31693
38851
7018
34718
68471
49309
112212
11632
62230
23129
71921
45917
18245
58265
53300
45182
20978
50689
34006
74365
207944
7580
16004
89965
20263
88014
50598
17505
56876
3499
31491
8400
50243
80179
43346
104268
150217
24486
50441
77716
57529
5993
41751
64799
50939
48886
1999
3820
79170
7556
11097
127176
8450
19994
5275
101501
34736
35004
6903
15960
3005
59399
12864
12551
9639
38550
62494
28294
3532
38670
5517
66338
5544
32749
492
3658
51275
30364
66655
1115
4785
2730
7303
63000
18200
1779
109514
13168
35434
20817
9140
51052
170689
11748
63208
66745
23683
22087
13084
16916
47677
176396
64843
90521
11278
66720
43625
18101
25646
44036
15440
68307
16228
92464
26480
82720
43271
96992
61017
9746
10977
89040
24924
261692
98901
17892
55709
222938
13346
1369
63455
35899
68630
20044
52860
36775
126957
15216
115150
36490
26777
71308
8004
18825
58260
52009
53040
67860
154480
21929
19946
32561
106927
53843
74290
77489
111468
31293
47650
11910
8889
139244
5090
19517
84317
16552
31225
128068
107837
42894
23826
3225
110315
21717
82604
16213
21420
50903
4214
666
24940
20071
111600
65420
25062
138351
10298
2965
23458
21939
55335
167990
52548
84320
90385
171719
84396
15118
48862
9350
247385
90797
2533
45764
48754
6155
31434
143671
47718
92308
12539
23350
27453
15776
50673
25325
12148
23678
46632
18712
8975
17920
5581
64861
43585
10322
2392
52266
31996
122557
11028
7115
7262
27050
84482
62244
52202
179393
59686
35875
2264
160913
50739
6169
135962
7752
21427
8230
123947
59859
47064
28713
52432
22455
15880
1503
24516
27218
1115
147696
6730
116429
170011
92082
154146
6653
21622
9052
12949
166666
17789
68538
25634
27253
1834
84669
46786
6624
57306
3873
86159
107364
9954
15574
1635
1702
18427
22700
96443
55413
25869
22965
21712
20751
21097
11071
173
23038
106
19284
33216
81360
66823
4904
69717
15913
23436
37403
52446
71087
20489
52942
30126
2041
20381
23410
58179
26367
6121
24785
116423
16687
22961
107660
19340
126123
56717
48921
4701
110615
1246
38089
23862
66961
22227
17749
51275
31726
45074
48662
1499
5473
34225
158509
117196
75762
30091
95419
37305
60213
35103
36198
85323
72909
3105
12720
14093
10467
2256
122217
72936
11683
9096
4159
35556
75496
19945
39853
16577
39450
29986
15132
74818
180617
26357
7311
7401
107333
108636
31452
34977
22243
20385
34646
27050
11276
10831
71084
141602
20704
63400
72450
72906
42937
22772
57692
60695
97784
37038
60328
568
3671
13663
12264
27214
21831
129904
81144
37432
46312
30090
77085
43800
6593
35247
11177
178064
28115
34644
67100
42350
72035
12321
43839
31982
20256
8995
16778
59723
79225
12119
18489
22061
27004
9928
64456
152503
4592
43824
112893
73563
90324
2101
29258
8487
14907
42351
48834
11991
49694
23439
29640
7642
17435
49043
42725
117943
13694
8370
8316
26858
3590
40760
21709
1074
15608
56639
27190
25733
41605
5268
52207
36566
57381
38730
249
72019
7915
94412
100113
177618
9506
30979
108995
31422
13579
3554
442
29863
1786
67905
42336
50270
8568
89937
847
5881
143604
92639
11533
2259
241
22405
38762
18371
39551
5135
20614
12290
123573
34164
101253
54807
86434
8755
31737
81792
25131
108985
34510
31970
93419
44231
68725
3052
57077
16879
15207
26890
50858
30465
877
76482
47429
110454
24507
19883
25519
30850
75388
115
75878
46667
37847
65991
17939
103265
11790
3210
31620
16777
34395
96758
35047
133543
19370
11980
40353
16283
10570
7456
30364
47739
3266
36644
6416
3067
12315
37339
43612
37152
106128
27559
25589
4942
17357
14896
401
31076
8065
78228
15553
53818
26169
12309
53352
40495
105210
3513
25228
4393
54392
7442
5958
24787
527
29997
1994
14371
31867
15943
47958
57526
6354
142118
46062
20756
30953
15513
64532
21991
1155
329030
12099
14696
10218
61972
34323
11537
36708
39085
19597
69087
45413
50905
8518
10162
11621
22763
14544
5701
40283
54286
63303
34070
24261
2106
96771
68021
28696
53263
23735
46307
33720
13623
67204
13187
1763
24852
25515
10136
25067
91015
25269
90720
33042
58917
47641
149834
69210
97386
90207
9441
38867
9546
10196
22059
21603
21093
3982
65249
44354
10989
88905
41980
26504
10201
1330
143670
154257
3179
75049
31524
4296
22496
12524
183884
17113
92041
76394
5241
66229
43731
131568
8160
179056
2032
6181
486
1253
31365
2756
2605
56967
770
13737
33839
6530
27697
43416
47730
17944
13053
7761
23207
106409
48727
27629
31239
63407
25946
111071
46829
90341
41078
41136
27784
103147
996
41054
50756
18970
25346
4969
87988
23110
42373
5457
49117
9294
7901
29928
34391
180546
61825
7014
7226
10810
53795
33537
47268
1207
57047
45705
8374
146529
57182
26133
47686
38698
14838
105708
41353
2347
3047
5421
253409
35809
34818
226903
2320
246
64003
72379
59453
8357
63374
44989
32408
72509
24431
10352
48200
5043
94328
28217
77203
28373
46336
242
21350
9471
155344
41159
40589
32644
63738
4378
20655
31709
6574
62911
16736
73688
84512
98399
111301
62845
218
55185
24013
27296
13906
33094
21653
19797
40537
16518
4212
81602
45162
59336
63145
176147
14248
2343
48874
65374
31132
42318
44056
56127
150753
26355
23973
16518
11609
21109
13551
22198
6964
18086
101108
38116
45948
53249
2327
14469
105311
21590
71707
1359
39632
138318
21748
37506
58871
52125
17104
33299
18694
61607
32990
76461
82458
4651
46205
7765
22894
13349
26889
13703
235412
25570
16705
32653
29220
15238
73059
171990
1243
25471
1993
12375
5256
31672
30098
56767
16466
22860
8173
19503
36386
59900
104674
2207
5012
22826
57759
30375
71496
17518
24621
55343
47065
10016
39964
14050
107790
127497
49556
41501
3888
101096
38848
22172
15897
19648
10528
13741
21391
41436
39104
10131
63064
9556
96348
104994
30641
