48
67
131
129
144
141
184
223
240
176
262
128
274
285
352
372
373
7
399
368
294
627
613
633
656
51
697
747
126
822
355
101
141
843
673
861
84
152
1046
782
686
302
1016
386
1910
400
902
913
1302
625
89
425
157
616
669
517
1246
73
1377
1675
436
963
1750
1605
226
1112
1876
433
2043
1897
492
1921
2265
900
632
32
2337
613
1130
31
577
103
1434
793
2597
25
872
2709
1659
2168
1497
2257
163
37
258
99
1410
193
2935
573
1350
761
1589
410
185
2756
822
432
256
1946
710
1813
3298
422
3372
246
2637
645
3474
240
259
764
148
857
3791
893
530
1347
1527
2126
3584
1081
2267
169
955
675
305
3995
1139
1354
272
3628
462
685
4343
1870
2370
1424
2270
1928
586
800
1423
356
2325
782
786
979
66
2746
1052
1435
720
1080
388
550
982
217
784
541
924
22
3210
2753
970
4082
331
362
739
549
309
1426
3207
1406
1333
1393
559
309
978
333
2111
3204
262
278
760
138
1240
685
594
22
26
345
913
594
252
268
2110
364
152
87
804
151
1571
944
763
1838
86
164
134
1068
965
806
1000
2319
192
801
2041
1145
257
256
191
1399
1216
3288
127
427
847
783
1072
65
405
3673
1980
2527
971
153
967
130
1660
1809
81
157
822
2094
1910
306
2103
1114
956
45
324
192
392
241
1811
837
1983
1205
434
983
1410
1825
690
2196
530
681
1009
1555
1188
1588
14
1349
221
1297
2262
275
1391
341
5111
433
747
558
1042
260
4318
713
581
2007
1576
216
324
465
5516
2377
136
261
74
2168
1498
1013
2098
2041
1651
242
4047
3339
65
957
712
8355
1599
962
562
355
3096
2754
2208
1834
39
575
478
470
1644
1252
978
443
373
3246
773
2562
1798
1591
145
1295
59
68
2610
2268
371
2481
840
2092
882
264
380
823
1025
13
3819
1191
1128
613
1533
1558
2131
656
744
1176
366
1373
503
2033
38
214
1446
699
2561
1428
1531
1115
785
786
5247
1873
326
109
6850
1957
2896
1123
2463
1055
1517
323
24
3525
887
2352
246
413
1401
4484
75
502
2983
461
4922
623
37
1524
578
2024
783
62
81
803
1547
442
348
597
1170
560
1134
3645
682
275
3421
890
1217
164
3739
4413
984
372
1219
2228
1868
562
1826
599
42
1780
1144
143
2748
1058
768
352
1624
4771
460
1500
484
559
2520
935
590
358
816
1543
1392
1712
39
548
34
1157
4480
830
556
9
838
274
1344
113
6164
1769
718
634
1034
642
462
552
1799
1660
977
2744
4746
3334
288
35
1753
624
381
3171
299
284
122
1262
1822
1170
840
76
398
950
538
1475
31
2258
2462
1109
631
192
506
5582
274
809
1242
498
1856
920
695
686
655
516
1939
2539
1791
840
549
54
2006
212
2339
765
150
432
1955
296
151
4599
3913
263
261
838
617
130
446
189
795
2243
1107
2643
125
156
918
4369
1507
3155
419
2465
3726
1265
52
3051
266
138
728
3498
279
1798
840
1221
12
290
236
2132
1502
7440
237
1598
4948
2609
6371
3129
1307
1510
645
1210
454
1694
1335
725
240
2542
1711
602
759
2246
1030
313
490
1363
3799
1676
3495
364
798
825
1051
3332
1661
1903
871
1218
742
1692
2607
201
655
394
680
1344
555
93
293
1993
1374
4301
2078
1475
1633
205
129
95
597
838
312
224
2653
900
216
339
6065
578
1481
548
23
904
3474
540
2392
913
1461
620
467
80
679
296
5113
2122
2199
188
1609
1360
3373
491
1061
1263
1900
617
4463
1686
2943
954
653
2136
4487
1006
27
1329
184
2386
1960
508
816
777
236
196
2938
4416
163
529
567
1713
142
1075
344
358
930
218
4
100
3054
3371
661
74
623
4328
145
526
1230
460
86
285
282
247
2701
795
2703
1035
41
2915
419
76
1225
1394
67
222
212
3130
729
998
140
1744
459
659
140
921
605
3368
561
58
946
2900
378
2324
567
955
2601
157
2444
2190
1799
1246
1000
1042
2330
1237
54
1153
100
580
404
1289
614
336
158
3106
2005
1969
4114
14
255
415
2203
93
942
6194
372
204
1725
1296
1046
1222
1827
621
1121
347
2386
2171
931
1027
236
3148
1046
1112
2338
57
3371
1270
890
499
689
243
2115
2761
551
684
2071
610
1999
38
699
277
571
1829
1477
2645
215
941
2601
1681
1115
321
4073
1017
3324
1122
578
3502
1663
176
1301
715
733
6191
4037
931
367
3438
179
40
1034
1950
110
838
661
2927
2523
2208
1189
5433
14
4005
372
4292
1276
501
710
3304
3403
1934
438
687
1554
3077
2278
1032
19
274
2273
1305
3604
1302
142
1658
1441
1142
1004
184
471
201
92
3011
858
3396
2844
1016
3438
2055
1361
1203
376
375
862
1220
1465
2336
593
989
482
527
878
1964
161
941
4338
345
3730
2958
2730
1626
138
1045
3
604
930
132
2405
1651
61
1761
413
2126
3954
2444
494
2656
521
120
1548
1825
992
2242
584
1771
4272
778
163
1990
1716
769
61
429
612
2285
5
3024
1827
1494
822
1686
1812
452
429
4354
2041
622
2418
908
1086
1055
1173
784
957
21
20
426
947
1371
1359
2776
1837
874
2014
177
784
1835
63
2846
1970
780
4387
517
4005
174
1483
297
1494
510
6855
377
1571
981
1177
2619
159
659
723
1080
609
1174
52
578
758
654
973
1334
503
15
1183
951
1114
459
3294
3432
70
2096
4
909
979
3371
328
1505
504
1580
4539
451
1462
332
2612
3309
622
3729
104
2560
1768
91
61
228
2188
879
1294
3669
3478
6076
754
1428
1031
1098
3309
1053
1771
5922
1933
701
531
1720
224
16
247
357
877
1044
164
87
1293
127
289
2825
3312
998
617
874
253
1887
881
4064
105
3975
576
837
593
338
274
120
799
161
386
124
301
199
327
1813
1651
484
825
2366
1136
1324
1834
436
1184
1553
5040
435
1524
1315
1214
1933
1778
129
2292
2654
2253
222
487
1255
1144
3092
50
326
4
1109
442
1470
179
813
7645
1202
286
968
558
166
385
1220
303
399
161
1952
1990
848
70
399
1431
303
1511
42
340
4936
3799
4183
84
402
614
780
218
873
387
889
450
2209
754
2626
2656
1261
2006
477
2996
2354
915
93
48
3125
1290
481
516
403
2254
1925
578
3951
70
299
488
1064
130
1559
1506
3443
1923
560
26
3564
1277
624
395
2459
341
3995
369
629
490
1559
4292
1003
1556
3368
915
137
1707
5553
247
839
380
159
2750
123
1719
321
973
248
1435
232
284
3097
1435
3076
1892
203
2228
726
308
1044
948
1112
232
448
2494
201
66
485
279
8909
1184
135
372
569
1840
1921
966
2446
1325
764
445
654
581
1360
1398
146
2074
672
311
560
1090
254
1530
323
328
1331
1436
541
1025
1865
256
1042
2819
1171
1716
228
130
532
466
115
2289
1563
493
2897
140
64
960
157
303
765
2627
2726
2080
852
1105
5714
1859
122
778
546
1906
1079
1300
1029
1023
66
875
266
1211
946
977
1104
848
266
1126
292
1409
378
380
4849
1217
299
2023
695
3627
58
1812
219
66
1079
2279
840
500
985
531
398
104
1839
170
1112
1727
1724
930
1277
2841
638
212
680
744
143
4923
1777
725
132
1519
505
240
164
655
90
1622
1956
133
280
256
853
2792
273
1632
695
2114
1631
131
81
1385
924
6037
3407
153
535
884
238
1630
1831
232
1342
375
3272
1992
33
146
6359
290
879
1053
35
1548
511
2618
4332
1489
816
207
1219
117
1929
5745
541
3348
1278
2370
359
906
608
355
778
354
2952
572
3878
300
956
3304
1093
149
1114
696
370
3596
561
1508
1008
152
1169
459
1210
4522
2794
1904
877
1854
2651
232
2233
2043
596
1413
962
479
4901
1270
227
1316
1562
1682
1125
651
660
3306
256
1424
1016
612
2051
1182
3676
3494
3574
1009
290
129
2434
440
86
433
853
1764
754
1823
1166
200
6078
1404
945
1809
214
90
511
376
2967
912
1761
1850
2721
2281
1177
345
3719
1772
2071
193
2274
96
243
263
1634
2868
4126
342
1102
3535
596
293
722
709
126
1834
1282
2171
455
873
183
236
1547
412
640
273
403
5125
421
1771
197
593
306
3151
399
7462
593
234
555
579
482
1063
2655
1335
1415
4048
1459
382
323
499
98
801
1068
2912
1699
365
3267
727
892
211
2783
3138
1916
2537
292
3045
1175
1452
6144
1685
4007
2558
2381
253
1386
1234
1823
650
2140
1184
631
3811
953
144
3843
1522
718
1399
1916
535
3860
3865
1229
930
1254
1733
314
2490
978
1050
105
605
1702
372
993
676
1119
252
7381
283
656
566
162
98
1329
652
3103
347
79
3113
1394
405
72
249
567
4225
319
3406
1785
2320
941
232
81
2305
1130
841
850
456
983
2975
1809
1925
921
2777
444
1485
1300
462
1606
1457
4390
921
657
2678
1592
717
1051
1972
320
530
892
815
5315
682
3402
722
1638
366
1164
866
1944
1324
23
1762
256
8632
1565
397
19
600
1044
2507
142
1309
1378
2683
1149
648
1833
497
2620
6768
1155
95
1300
596
743
1165
4330
506
3111
266
737
844
882
1654
1331
1453
652
467
2364
5325
1728
581
97
447
4711
3400
1517
308
610
206
1043
2406
1499
5041
232
4177
1101
2326
2078
1182
1174
868
157
3686
1905
2305
2666
715
1828
688
2318
697
398
1113
1067
1370
1179
3662
232
3820
657
720
835
494
346
4869
502
127
443
3373
547
2041
374
1411
454
3044
3913
775
3549
2502
784
51
1514
1855
1844
1508
736
692
438
1468
2544
703
729
457
801
3778
296
566
1278
265
1915
1374
364
138
1308
2762
1022
1008
655
1815
267
2860
235
284
749
336
698
1658
2125
192
109
2102
553
4327
1486
557
2192
1185
1082
960
170
766
355
5170
755
397
1471
600
527
5032
33
4963
764
781
1649
2357
1181
109
852
6124
1247
352
1412
2340
1839
421
1060
90
797
292
1240
759
3106
877
455
4726
1285
498
376
1909
5327
659
328
400
544
363
1712
547
390
893
596
1103
1746
444
2342
661
1944
126
892
717
1705
24
272
451
832
1112
741
284
70
2418
369
496
625
1667
424
491
3364
1390
1167
425
178
1282
3695
7607
799
247
169
932
1122
1290
1083
4798
736
2173
395
169
1451
203
353
1844
1995
37
1370
3302
913
699
3353
1129
808
1210
201
108
818
1038
729
3288
3108
787
3219
188
322
790
1110
2960
207
1468
291
808
2086
1158
1231
763
1289
918
975
2745
1231
1455
217
845
1796
419
55
23
1717
53
4505
21
2247
1792
515
1435
1809
7377
88
1809
90
5053
925
2911
1149
1341
906
3681
1561
923
2639
2234
1479
4848
1797
1293
3206
870
299
1207
549
1078
1538
1388
1023
700
2830
375
131
7171
568
2355
1009
910
639
359
256
3055
599
393
2730
1393
1877
87
1896
113
3774
3401
3372
309
963
829
4298
333
2643
2231
1215
3667
3413
733
246
856
289
1040
738
581
399
1057
72
1705
2460
548
671
159
20
1879
3236
3687
490
1097
3151
480
111
92
212
130
57
505
1379
2082
4310
574
1083
938
487
3594
253
2706
4561
6513
1339
638
577
1190
206
1723
1638
2520
388
937
438
866
940
93
477
532
3491
1245
1310
1376
133
617
526
1924
895
193
1336
791
3274
1246
614
472
1853
1345
215
679
235
2191
190
1672
3294
856
885
1630
1329
131
795
650
2426
37
720
6105
3027
1129
1330
1105
1326
77
793
1533
988
409
1922
3305
3276
1350
4750
432
595
1999
1231
340
7169
472
809
2587
149
6604
3326
3568
1103
152
493
1655
66
1951
684
37
621
360
45
242
1228
1075
1732
1131
324
1743
347
1892
1744
1307
922
68
802
725
1014
2527
766
485
200
276
2782
2905
2312
1488
1731
37
530
876
782
631
3126
4130
888
214
1002
2550
850
363
368
2589
641
2094
694
472
2596
167
325
2130
867
2221
1696
2893
166
348
626
243
225
916
68
3562
5793
1154
892
212
947
475
2859
854
911
1260
1528
1215
8234
501
732
642
1120
709
410
192
1114
369
2562
2007
169
440
1320
856
14
1417
34
1170
790
915
2505
1114
1415
512
252
198
252
2032
4832
1364
3553
610
891
1523
862
50
1326
1169
400
3432
3633
748
3108
4466
802
1364
1322
103
3369
1030
1267
630
4022
2458
270
755
4887
1768
2186
121
358
198
1668
97
4473
1463
1182
720
184
1301
132
435
5272
3297
112
1026
2854
2813
232
988
2901
960
613
36
1347
372
3600
684
822
526
967
1136
182
2929
323
120
3451
1819
2071
2445
581
3717
280
84
793
687
3164
2280
3293
723
94
169
619
1356
165
2036
405
275
469
2378
712
2844
1391
68
2180
1211
1223
1058
125
1559
1939
682
2296
2450
357
1025
859
324
620
1195
581
299
68
207
1192
2634
2917
66
489
3156
3168
1418
213
49
636
310
1304
18
1199
1048
980
3988
349
925
2433
761
1511
2576
1001
949
519
226
829
1095
574
515
215
3475
44
1388
1100
517
1997
1180
2057
4093
337
108
408
2922
881
615
1158
965
179
6793
327
1260
1274
1528
3143
749
1535
951
1032
1355
922
3576
265
360
126
170
473
21
648
1309
205
824
737
1486
623
2267
1012
620
5646
855
163
1546
24
1727
543
1721
577
2058
420
3731
1779
104
1484
787
1051
940
3225
932
406
82
661
887
290
386
589
8
28
59
68
63
58
225
256
183
253
316
368
416
458
510
520
305
555
624
102
645
671
872
754
149
162
273
195
852
770
871
69
1043
1005
1006
261
575
283
263
579
1156
819
1245
1254
1256
63
598
1282
1120
1423
1130
2036
1536
228
484
366
482
825
103
1694
597
698
1864
1896
990
483
631
631
1083
1184
256
493
2256
2338
1083
1153
729
1959
1436
875
161
2409
256
2268
321
800
179
2783
209
1183
682
1053
2971
651
2092
2894
506
218
2883
2964
273
2004
583
1384
3361
406
3193
573
778
470
2055
1978
490
3033
68
3784
258
1223
1726
309
1544
1025
2528
1958
4095
3853
2032
652
1108
137
240
565
2241
1458
21
473
3527
3091
3157
1690
667
751
1041
2052
1274
3590
572
1221
156
2480
391
685
639
798
3087
2783
258
3930
938
3287
299
600
1946
73
2323
598
526
1896
592
1430
1680
776
1102
1398
1231
795
2340
1398
1104
540
1569
2727
757
2851
243
57
949
875
619
1904
1447
62
1146
858
626
1029
2091
818
1560
193
209
1215
2248
1323
1705
2508
3008
25
1753
3537
956
2398
327
152
1805
1134
824
1803
1737
1253
277
146
128
528
718
1252
3733
501
2139
2427
796
959
876
873
1679
543
596
265
346
1111
877
312
59
243
1065
591
812
394
569
1366
1784
562
3639
216
336
2404
534
1884
442
1804
219
2474
1180
648
98
831
212
769
1676
707
874
426
2737
283
2240
2543
1737
347
802
2204
4424
1727
1721
282
797
639
332
1242
2108
2312
814
282
16
2598
3669
1468
202
188
108
1848
106
894
900
879
203
342
576
431
165
1272
2903
970
675
539
606
2856
4884
1824
1117
750
873
203
2478
745
2293
371
519
1088
1344
1897
922
2789
347
1971
870
404
24
656
1235
768
5970
2745
1019
745
200
802
528
196
75
597
77
1989
628
1298
2992
2397
4680
88
2326
815
1116
791
1463
442
2797
528
625
1335
3529
4220
126
1283
1422
982
1331
2499
69
468
3739
185
2133
543
1341
68
566
744
673
101
2205
853
1220
509
254
122
5067
963
3310
425
2993
345
1111
6335
510
114
411
509
2862
268
1684
385
434
1727
142
5517
1141
1444
1127
4306
3789
526
1538
2824
78
97
999
491
464
358
52
1919
52
739
1100
1655
1379
1329
2163
106
274
387
650
2706
653
4090
433
519
2215
818
359
1776
128
1272
265
10563
1379
189
4418
496
607
2021
3209
109
279
888
1519
1556
232
1604
1380
93
67
2320
1377
516
115
370
80
1739
162
107
98
802
814
2870
1016
5513
2341
3892
659
720
224
2344
2195
1028
883
5741
138
592
1861
560
3089
1606
2742
2567
62
531
785
2197
3464
657
1461
732
2286
1972
1164
3275
4346
372
806
3555
1000
88
100
39
80
2247
215
6825
586
1361
370
3566
1112
1303
359
6331
296
1645
2867
605
282
143
1577
151
44
76
923
2801
1523
109
982
23
1184
1082
1227
2110
2724
120
2886
552
445
494
3385
49
1420
1212
470
1610
711
439
1451
180
3768
909
1423
1372
1484
224
653
2311
2648
638
792
1066
438
544
1053
1027
329
8800
1162
1014
1090
490
742
110
3146
3149
160
879
1662
147
252
615
784
9673
105
1111
1431
579
277
1477
2576
710
154
11
613
1119
215
3734
579
2833
862
859
322
236
1160
980
18
875
444
1161
2251
472
95
245
2118
302
384
14
988
1105
523
1524
162
152
2367
520
736
673
551
1217
1057
995
1808
228
616
720
33
147
737
2572
1067
1154
166
101
285
1248
1956
2964
1504
1302
2008
1244
93
648
1696
434
163
941
1547
664
2844
8089
2575
468
2251
550
2234
269
1436
2364
914
988
395
238
548
1520
544
1547
3961
1606
3734
2680
1842
6548
850
1099
816
432
2887
3845
629
577
1943
419
752
161
3847
699
2656
1299
825
1178
158
1969
621
1116
246
165
41
1096
1105
1760
4076
933
1004
44
4572
4444
620
2599
2613
29
1269
2460
1397
2201
593
1507
1211
2309
528
403
1020
340
3212
3424
3866
849
1908
4644
2131
506
652
2372
1629
1241
545
612
1189
1835
720
1294
904
464
504
152
508
591
3178
469
242
76
1000
281
44
1650
2455
276
159
1260
1567
388
4083
718
2196
2391
1576
183
1352
1398
4429
382
439
1962
186
1669
1227
251
866
1289
22
2086
863
8505
444
1366
30
4851
146
114
2582
1420
1078
1756
4428
2168
829
384
1837
3390
71
828
382
529
554
868
5588
369
41
1816
1539
499
3431
2618
4474
1945
2306
1410
604
753
3350
194
851
438
2109
11
419
687
698
1879
362
978
263
3719
673
279
2732
191
255
1367
2868
1267
14
936
536
1824
3190
1530
984
645
145
978
566
427
2263
3016
2753
716
156
364
1302
1098
434
1332
589
3902
977
393
423
162
2045
513
269
2764
89
5529
2806
2049
3760
2037
1313
362
2867
749
1260
1273
112
2215
1008
4749
520
442
1153
1539
713
152
2422
1218
1576
2951
1654
3260
492
488
203
1413
4320
3001
2607
2889
549
956
750
1935
599
434
911
397
1879
1321
1148
558
1101
4352
326
720
635
2788
1869
1006
533
2785
2747
331
3115
1092
2249
11
122
304
810
2518
3802
1531
726
853
2376
481
2191
848
2404
1108
890
329
145
1101
35
4086
930
2061
1408
35
522
510
1459
321
585
1599
133
479
436
790
344
1282
1214
7691
1005
246
200
608
1930
3016
1597
1329
144
249
2954
1143
375
897
988
5
266
860
1221
1837
1113
429
160
2498
43
8765
2190
1109
2278
1069
3106
518
3232
309
3017
276
1670
1859
1040
1292
28
4438
17
929
1431
331
3349
567
1304
1455
658
95
3031
449
1896
252
1240
306
698
68
92
774
1859
1162
3
4462
610
1339
408
2905
1709
287
631
588
981
671
2401
289
858
993
1443
1985
311
835
2552
1547
169
2847
505
527
994
395
1381
2119
109
325
4456
339
1921
974
2028
352
640
2306
532
33
1065
1535
491
2477
1427
1484
14
863
2509
2453
2047
443
323
649
997
2884
3385
2297
858
1392
1541
509
1032
415
611
4414
436
1729
98
631
77
459
1362
74
1320
240
2635
1030
848
32
2348
41
745
426
683
1371
40
401
241
1560
233
3356
778
49
399
2752
472
2314
3171
323
3162
3284
4829
224
5102
1733
514
414
221
478
887
188
550
44
2019
2077
1206
431
1192
350
238
1571
581
835
1528
40
4080
288
922
110
2510
473
2101
220
3318
170
148
292
3163
1648
2687
814
446
81
824
1367
3847
1401
623
201
2066
1105
193
1424
86
142
941
1542
265
472
1369
1045
267
13
2804
591
1308
3676
149
87
4137
3167
628
2442
3272
1802
720
2073
165
416
1407
158
497
3180
824
1056
843
654
990
568
715
149
78
3424
378
252
344
265
265
221
2428
650
1645
654
1176
329
786
175
420
1073
842
764
2649
4822
2143
1186
588
41
222
756
105
123
3542
274
302
1200
1048
2981
939
303
874
702
1087
1523
2596
1496
11
3181
1420
1436
1460
1636
687
1218
802
519
800
1390
170
1798
462
2685
1265
964
741
261
850
3368
230
335
2144
1284
935
1084
1107
4563
274
2029
115
756
703
2798
860
41
1360
1485
846
1380
839
14
1342
1761
2727
1003
978
221
1024
2185
138
2355
504
17
750
1471
1944
502
1126
2075
367
417
49
141
1204
1108
865
3231
457
196
1085
3128
445
386
3731
1633
937
3319
914
30
531
265
607
282
2321
1474
754
1792
29
1558
1146
493
1131
46
1626
236
3937
49
3140
543
3669
2966
4010
1252
1812
246
11
1351
515
19
5177
63
4204
3065
1878
3049
875
994
3506
1323
1126
753
32
1561
2045
1258
833
974
734
1762
1263
2249
2291
218
1472
478
418
133
3369
279
225
370
3545
615
28
986
124
41
2419
1143
21
2723
213
397
1499
327
282
1023
1741
584
2057
308
204
3438
2048
268
599
2736
486
1106
103
618
689
1074
1573
1702
2675
1080
1782
398
754
6527
422
1025
1801
61
2191
1783
969
1073
1343
641
526
783
1637
848
3467
451
635
188
651
3745
4815
2469
993
634
671
631
2969
216
67
623
975
1029
2343
1883
194
1896
4957
24
2125
18
44
718
4423
1211
17
93
1379
1394
3138
218
470
425
1533
1093
539
125
8700
4097
3988
4072
827
930
510
1201
885
515
3557
431
78
4278
909
600
1047
186
288
305
2422
4212
1485
819
1507
1762
3464
3214
3772
4976
16
71
598
3821
358
565
1101
932
107
2701
2971
3826
1697
669
649
724
180
268
36
2739
4999
2199
917
161
1880
381
194
1187
793
219
663
1897
1075
4224
6770
1179
425
405
2104
274
414
566
470
2336
723
2947
1315
208
764
7225
731
1700
1169
331
2741
1093
4462
152
746
342
232
88
177
1086
182
1542
2218
4
2001
2679
3510
159
1993
382
704
512
56
3031
2290
347
4698
133
862
595
959
267
963
298
1542
917
2139
268
248
300
576
373
284
1800
634
497
393
3213
3674
489
1453
3494
861
2899
918
413
494
4193
4415
1424
222
1283
3137
649
2373
2230
829
1272
710
644
416
1716
242
1458
489
3091
2232
2563
69
251
1830
85
1818
151
1075
3357
2903
690
338
326
912
570
299
56
532
854
560
1421
122
624
1026
284
314
3714
1976
1253
1619
174
1629
3752
2765
4286
5084
15
20
5431
657
49
1534
348
67
1538
386
5999
1086
517
134
1804
1680
1235
167
1543
5684
2516
4151
3264
585
179
720
372
155
1427
3059
126
3060
837
2085
380
1242
622
1646
3047
4172
2120
2413
637
631
1850
469
1682
1865
1624
1668
2538
315
808
2003
4181
3234
1138
1732
2650
2661
2588
410
1222
3386
130
1157
573
448
18
136
703
4286
1293
47
1003
1051
463
3250
1609
966
1487
735
4320
1032
193
3718
1068
1489
19
1476
1387
1498
269
58
855
199
152
2942
1904
2140
595
1607
923
1372
2229
808
537
1435
2880
5231
174
1765
1133
411
3028
1404
88
167
1739
439
901
70
2239
1001
722
910
305
1241
1971
2735
1794
1611
1105
1230
302
7290
531
1283
141
2100
897
3338
3863
2166
460
594
3259
82
1941
2413
1014
1483
1717
2107
116
10
2220
912
176
331
1079
63
2786
1932
3739
514
140
520
2564
1339
189
419
18
100
1118
1133
964
443
4134
1138
1109
2283
697
2846
363
7397
4250
1455
187
2013
115
2393
1194
140
1731
960
1499
2390
736
162
1845
2104
615
4272
1579
5830
1129
526
718
79
56
4788
912
4501
19
135
830
435
4567
4148
913
3902
1174
1145
472
1228
3621
106
733
1206
396
782
126
1377
655
2583
1672
602
1587
3318
476
998
411
91
1892
854
1408
839
2134
1045
1645
1121
2237
1208
195
1363
780
1705
771
3482
839
203
1717
4233
2135
1058
181
571
3605
185
1269
355
309
2680
137
1806
7582
2156
362
3058
32
2541
1178
2098
2463
496
3211
1397
3570
2092
49
2987
250
6597
662
39
1109
1330
3518
1881
1666
269
275
883
2236
1078
743
1641
378
4332
778
3095
1870
1378
204
893
2241
614
2726
797
2388
243
267
2553
3
104
233
931
1510
388
5228
461
166
1087
326
3194
681
1940
261
921
5547
884
954
1217
1004
1452
615
976
812
4062
717
198
806
3258
1060
1586
605
1851
1627
1920
730
1636
2795
2304
1402
397
28
73
354
677
2256
621
215
955
840
481
599
64
3259
980
430
778
1430
295
1652
1311
48
846
1205
2616
980
2069
999
1453
575
777
274
778
597
108
4117
5096
2224
710
496
610
4194
98
221
207
962
995
560
167
225
2851
1815
1376
1984
408
1479
553
101
26
352
2577
420
357
372
428
224
909
2297
339
190
379
1652
952
369
2499
1502
2039
1714
2959
248
1844
1978
463
269
133
1604
202
947
2305
1072
256
2467
1168
532
738
736
55
2465
1115
2141
37
164
976
694
988
125
1427
3715
2855
464
4391
80
51
614
330
341
312
4094
736
570
46
1383
3163
4595
2159
1678
2232
2195
199
3562
2920
686
170
1531
273
4156
287
2069
1013
949
1069
380
1624
306
968
140
448
5393
4707
1099
241
240
1140
1829
37
1669
1756
3703
28
1502
566
3093
1653
1115
2266
1138
263
2571
388
74
988
1460
1564
326
877
417
805
2440
2328
2888
499
1683
930
1683
919
766
2100
1046
532
3501
214
1421
690
3107
576
1892
1164
249
226
8947
1333
2592
1638
2913
253
304
2761
3649
6045
538
930
655
1081
2516
88
1834
162
562
3551
1294
740
2217
1017
366
18
397
352
2469
1639
2482
652
7355
3870
1190
541
397
580
268
1057
257
725
324
1539
1295
4852
1885
1624
929
495
1653
159
849
5496
1798
3439
1202
325
2066
857
979
98
1728
883
1637
191
639
969
1732
40
5
694
530
438
1235
2152
791
1554
865
209
504
529
928
2144
77
3537
1460
9376
850
289
335
1529
86
693
937
3389
1799
3511
2966
607
155
995
747
1800
6187
362
399
2432
324
3861
1575
415
214
560
4474
2771
957
960
701
1472
107
825
3584
261
1046
927
50
1402
655
1305
2628
3960
1377
1136
1393
253
815
511
23
876
204
302
10
2377
368
3918
880
65
17
1587
843
1457
115
1096
138
2513
1416
1414
32
888
2503
1682
1049
3440
808
47
2157
1615
3615
498
1135
2084
495
6618
3229
357
610
1255
2554
14
195
801
2042
2082
3116
580
1099
121
454
25
45
71
127
156
197
216
231
253
294
442
433
440
454
522
556
368
578
60
436
718
756
312
778
371
843
883
117
893
915
350
766
1099
1129
1161
536
474
403
1197
1206
251
1240
1302
1340
903
1076
295
1266
329
1455
2079
371
45
624
1517
1558
763
1426
737
1702
1697
504
26
577
575
517
1877
163
698
1941
1694
25
2025
683
204
1073
2131
2142
322
918
600
456
722
1031
992
713
1219
1819
1340
1886
1644
1217
1490
2939
1413
827
749
2016
928
1938
1232
313
1833
1370
2498
3372
2854
494
89
414
1022
49
455
606
715
1134
244
559
2431
2743
108
168
1157
2046
1041
51
598
1644
226
542
954
45
113
2570
509
3186
1282
2525
1628
1479
1006
685
2425
2008
2948
656
1940
1517
1073
752
154
70
134
1264
2937
712
3254
270
90
134
1208
1288
301
208
494
1213
2909
1169
1080
2450
1201
4145
652
861
150
3466
1321
4954
536
136
143
1023
3859
1353
13
545
2107
3095
1864
1252
887
313
1257
2613
2249
872
289
97
468
2213
6099
396
197
451
472
223
1362
2101
222
1032
3507
2417
2840
165
1281
1606
1228
1500
920
113
230
3466
1735
178
1559
653
2036
446
2204
82
1337
101
238
451
479
495
134
3302
109
903
518
3237
2253
211
3511
267
1168
505
1703
96
1887
1395
2709
200
1151
1158
3877
783
1947
876
1728
1335
382
1312
925
1638
2544
4327
455
2335
656
221
6032
501
634
4151
890
1260
671
660
2052
944
1139
159
185
243
2779
1542
1057
731
1568
129
1567
3287
1946
9054
2648
4548
171
155
1710
3921
2193
5860
44
2909
514
279
2287
4503
318
2144
1149
1856
1581
768
2019
1535
601
429
2749
85
443
1903
444
1614
1039
2564
1405
248
215
181
1868
1550
1592
978
703
2616
1305
66
2014
969
294
1137
211
574
491
2906
728
1151
587
1291
117
198
407
574
5166
8
3580
1554
337
1763
670
894
2407
1057
691
2288
1081
3047
527
759
1653
247
94
740
526
879
2409
206
1073
68
244
2643
1600
1445
564
2898
83
5070
390
502
212
534
406
2460
3
2249
242
3590
1521
1465
213
710
1581
1128
54
492
2312
2073
619
3153
761
882
407
1259
767
1049
547
749
805
830
751
2306
97
2147
867
5980
3837
755
295
775
1370
1537
553
836
214
3630
1182
804
1777
513
2779
288
1276
296
226
619
1196
3896
1315
360
81
2257
5104
4378
477
1622
367
281
18
11
1907
111
1127
175
2440
857
508
275
2702
233
5522
730
133
535
510
2025
631
65
2177
1166
2304
2140
5911
322
1596
111
683
1661
1203
1648
7
629
1986
91
49
1215
390
1491
963
1282
2026
823
3747
349
1608
581
132
147
226
1442
385
1201
1738
677
1553
8302
391
1734
1368
1199
279
1274
1238
575
4077
136
494
302
4437
39
1000
2231
2065
194
615
1225
1148
2127
2079
481
673
342
278
2195
615
1118
2589
229
950
36
943
3154
2103
259
1193
1722
889
121
1668
846
2187
671
404
667
4729
489
718
203
2516
1838
919
1204
234
344
1671
861
534
974
1983
142
2642
2420
2411
2528
770
1746
864
815
713
4381
50
501
1809
2351
772
30
717
2732
2518
620
4118
1453
1522
5348
2155
954
1373
1583
756
574
1109
272
3987
1144
1465
211
2284
1090
1237
177
233
1321
1985
665
1646
999
413
2490
3428
275
57
2170
1302
947
1707
48
476
2242
110
798
138
284
76
611
92
1754
466
336
1549
7410
1354
1608
2955
2685
132
622
5960
525
204
500
300
379
60
2378
1480
1038
259
1096
431
528
1203
4609
982
1030
444
455
986
489
560
1240
2151
132
83
693
181
988
1187
316
887
218
2937
371
1401
707
279
353
139
1528
201
1408
271
436
991
802
2897
3017
2056
1206
743
1043
1123
1207
983
620
3469
1600
110
1041
885
1440
762
1594
2203
430
791
315
607
680
12
798
386
1042
1422
3184
2190
69
2457
4020
1090
798
3401
109
1582
1263
24
1007
2403
301
5279
914
22
3122
418
967
2229
150
960
1352
229
696
3813
164
707
2395
1521
181
4346
499
1717
362
161
1482
965
883
2259
558
520
1499
972
1544
296
1774
1171
69
1821
5344
1094
2836
141
855
88
207
251
208
2878
181
1812
2762
308
27
3026
570
881
466
1394
34
1524
691
1012
301
981
669
188
2046
657
239
1238
3433
1493
1947
161
5015
236
409
10
577
555
2458
1047
2403
193
574
144
2625
2107
498
648
616
1415
387
1469
1291
1024
179
720
3263
1625
4077
3553
190
13
2161
37
1216
3364
111
10
404
592
20
2255
1612
301
2248
191
220
742
279
787
352
10
376
1768
433
435
787
380
2071
430
1337
876
452
2300
710
344
1406
266
82
886
3054
596
256
744
1605
219
41
1829
3099
1078
814
856
968
338
7308
2054
1534
615
380
140
716
814
4463
413
7394
101
2399
2468
319
2962
1114
5889
35
117
308
272
431
639
938
1627
210
1875
2783
365
1689
14
3042
2324
72
234
2102
917
2360
1441
1556
2631
1560
1285
749
1055
1614
178
3960
840
25
272
935
1703
894
330
1137
957
2123
1711
403
838
1180
964
83
1186
74
20
2727
985
1564
1791
3126
1012
1339
417
2551
2945
145
737
592
837
101
2061
167
2617
1371
3048
497
295
731
701
1661
180
1064
75
2478
3374
546
307
465
2219
2847
479
86
305
764
1538
857
1146
2571
1815
35
494
1997
256
1950
332
2217
212
1345
575
211
1611
1611
994
11
1623
907
600
189
1122
132
1231
960
104
419
2578
888
452
2005
820
1762
268
873
44
381
1858
683
103
323
1064
1795
1014
2091
1971
2795
1908
825
1218
3170
1157
343
199
456
228
1563
1211
379
1253
842
303
233
2628
5436
801
81
1646
2390
3298
976
687
206
306
526
26
716
492
4039
13
807
837
642
51
831
583
920
1829
1634
276
629
52
1926
4149
305
2378
852
1660
1925
790
570
249
1510
398
699
1151
1856
1263
43
2240
379
797
370
1586
277
596
2088
2899
6942
64
355
73
520
2245
1288
2013
400
333
1132
1343
295
99
1488
1520
26
75
1336
2459
536
346
10
124
1022
839
543
313
2005
421
1084
4258
3798
730
226
2014
1139
626
3094
155
2466
611
1029
513
1310
514
93
987
679
3293
910
4211
131
1160
1928
2506
1226
1547
1284
489
292
6632
902
739
366
1011
1731
290
1048
1726
571
2125
2484
1403
2795
5597
1194
2061
2037
172
3870
92
36
859
1986
2598
125
952
335
146
562
335
1745
1079
47
2520
2158
105
3475
13
89
827
206
1031
3008
1006
298
131
1084
316
2893
1547
3358
1796
1157
2343
1808
2001
938
167
711
1979
1822
2936
603
2222
964
116
358
2257
407
48
2174
1974
551
708
2140
1145
600
125
75
318
1731
5875
1287
683
2915
484
1468
1683
520
772
3359
56
1419
882
1667
1075
1644
1000
1716
1122
1515
472
1711
283
2117
1553
694
2925
281
698
312
2574
1672
6468
116
177
387
683
977
1823
1252
1586
1870
1252
1852
689
259
621
301
687
5055
271
1293
2195
297
2750
226
698
1319
185
6043
723
1713
341
1904
17
1308
1038
137
2045
1684
269
76
601
758
556
466
386
51
606
2095
509
1880
277
306
1062
336
1692
907
431
949
529
390
407
532
1141
40
788
1396
2068
2235
350
1875
152
1457
1149
2863
91
326
206
1391
181
333
1320
661
707
1113
219
897
4350
524
253
1161
480
130
636
45
922
105
94
674
875
2215
1574
1199
336
1965
751
1975
325
2825
1104
105
2289
39
1229
1100
391
1667
99
552
636
173
182
526
876
174
1004
2903
1035
2828
213
83
548
1109
772
10
98
679
1911
2058
153
1382
1068
811
2440
128
1334
1080
35
553
1419
1755
1152
955
5176
2152
3872
197
3396
1287
1460
1514
2605
1030
1833
16
891
464
806
2051
1754
1345
7046
203
364
1449
1521
363
1685
469
421
1626
346
45
803
364
1651
715
909
219
1606
329
126
494
2437
953
206
2501
855
395
686
1421
968
285
1944
716
142
6150
2606
6
1555
997
871
451
1072
1486
2092
171
658
1364
2112
968
516
824
6198
1042
718
881
1058
1065
1462
7219
630
438
873
46
1030
356
2409
811
3974
1473
1938
746
1916
786
358
1723
625
520
985
235
165
170
81
706
1258
2187
1355
6577
666
171
498
68
673
1175
729
1255
3744
2095
1428
397
435
635
1105
525
1463
1252
1375
937
1166
556
6191
451
868
1138
783
97
95
310
95
707
1083
1749
778
29
1138
913
3130
3122
305
1552
52
1058
231
2017
484
3448
2288
105
2332
368
1795
1967
1825
2066
189
4809
2943
382
329
947
780
176
259
1684
776
583
45
1261
2482
60
1684
105
2074
810
3767
531
3975
2313
2308
335
107
582
61
1593
1278
213
1294
1418
2624
246
1537
763
217
915
1472
112
1640
659
3754
412
1232
2893
2137
424
802
1403
208
572
829
272
2025
1568
1647
1258
865
1041
925
3652
977
87
3581
471
231
4341
2814
799
98
776
2718
1670
751
1957
384
319
1194
244
1114
4396
3036
1290
4610
201
1415
1561
197
1118
1639
2187
303
577
1523
1445
2346
465
331
431
260
724
224
1322
76
1185
734
1343
2723
803
193
1094
1591
1683
496
1161
174
4955
319
479
157
78
2825
1708
1221
653
1894
3468
872
38
438
1223
32
249
278
1743
851
866
1914
280
401
3006
339
1464
533
2794
1006
754
1821
376
3637
639
1492
1427
533
2225
2248
113
1039
92
1848
4731
2777
242
524
410
227
3406
729
2774
294
596
300
315
4579
702
1144
200
772
3515
3693
1233
2372
28
90
1256
921
477
2187
1306
542
66
2434
3478
709
132
4567
1214
439
569
1249
1832
1752
1154
1136
464
1691
284
1518
138
19
194
562
923
280
1006
1219
1661
58
650
2025
689
246
2107
2440
2392
2324
281
1045
755
415
109
2468
509
18
2025
11
377
2711
208
2621
1462
639
1495
4264
475
864
3605
138
285
327
1373
2393
1866
5
656
148
437
896
2057
1087
274
46
387
2997
2749
3303
493
383
1601
1258
187
2815
3994
900
1125
259
39
387
939
1526
358
150
1605
314
19
1002
162
18
1615
149
532
997
5061
7509
2842
964
966
5697
655
815
2420
65
3182
165
1296
430
2662
2617
175
1425
482
768
1468
603
535
1596
1020
24
1069
1825
3398
1416
1055
255
3315
2009
1054
26
1280
1990
1543
109
44
812
2117
1480
513
712
2460
1696
1696
1097
1441
3047
144
1775
758
239
972
7
323
823
145
2147
1375
175
1832
1687
269
3237
2221
18
3619
3095
12
319
750
1562
1641
370
4039
3326
730
1939
583
1702
435
934
1906
399
2389
1069
642
1466
2658
2268
793
312
351
1422
3446
2202
36
677
2386
609
876
522
1425
2281
1297
119
24
631
1214
740
674
153
3399
505
936
1296
1164
2173
1242
106
304
3171
5173
2646
1051
7
89
2980
179
1876
852
2167
388
1397
1245
1627
351
3756
519
435
1672
920
1148
1750
97
39
1477
1059
1843
1625
111
885
1947
329
1192
660
270
76
700
636
133
1481
448
4213
707
1751
146
3392
312
250
707
1591
1078
1280
1024
3190
567
817
248
729
1391
1451
817
3313
1336
1084
815
128
2588
502
1968
74
2713
582
744
584
799
3852
887
846
443
2752
235
2222
857
560
341
3234
3043
6667
421
1286
316
1267
1805
982
1458
1362
1712
1188
3312
126
1308
717
2580
944
1310
1764
1965
2734
1987
692
964
185
418
1808
411
1330
1051
412
93
3001
554
461
93
205
1905
516
698
1745
865
849
2484
1698
115
673
441
109
563
1146
285
400
2286
1010
1212
376
3512
851
592
2167
229
1888
790
1248
987
1068
131
341
5002
19
597
1974
1532
95
192
562
173
3268
4910
648
381
1004
1504
1912
381
691
413
1008
129
365
638
919
982
318
1449
1128
561
2923
1352
642
1204
4288
1067
1595
541
39
2398
803
892
830
4142
68
2044
293
2007
2332
684
558
57
115
1327
1404
2613
2901
752
146
64
533
556
824
1127
331
1428
1313
616
937
982
920
755
2131
508
3414
277
1858
1867
105
5382
1550
2053
271
43
1551
194
1425
1252
867
1592
1301
345
435
3126
1205
3159
415
2198
1038
728
223
1022
3911
575
3551
572
14
267
565
708
1311
481
1076
1114
1849
3055
1719
1703
1293
1026
249
1659
954
2597
40
112
1323
4011
136
403
2608
1428
493
1217
636
454
69
1209
1065
1269
3925
1592
1916
3344
422
3495
1299
70
1658
1470
1709
315
408
1023
222
4090
616
674
320
860
816
2220
59
2613
100
276
20
1225
284
2914
290
43
156
1260
2946
936
1073
1359
529
1159
35
517
1788
402
27
1376
1391
343
1654
4525
155
151
570
323
2077
1110
2124
3222
815
2277
283
589
399
4155
22
1838
1687
515
328
342
3116
1528
877
1457
1548
2620
1400
2531
99
878
1326
2191
5815
641
1124
2025
226
3078
1407
1863
4158
2511
555
110
1103
464
65
916
37
4941
836
3151
530
1560
534
834
5743
1647
1005
151
1641
2212
5269
1456
193
736
909
1881
3070
824
1827
303
369
1415
3752
139
342
1161
362
507
862
3888
1807
4493
1774
343
5698
2352
2015
964
270
1672
292
1514
2940
743
2264
784
143
398
3711
43
1182
1260
2099
1756
439
38
395
17
304
2871
21
41
116
189
161
254
286
286
327
401
433
399
215
366
542
559
334
634
673
674
698
725
740
303
146
538
159
952
951
954
562
998
71
80
557
670
1827
1402
1416
711
1092
1467
862
910
1638
802
1645
1679
1670
706
227
1769
393
1872
1938
1963
1527
1067
2261
235
471
2143
399
2148
17
219
3023
2195
101
765
231
185
66
2413
770
45
13
866
391
1780
2132
1781
2002
1196
195
1796
2590
665
1131
288
243
119
2937
2124
2952
1866
1011
924
244
32
14
1013
129
342
548
1719
645
305
1497
93
2872
1791
1036
768
617
3225
1816
480
676
675
722
63
1340
2402
2390
1261
886
1495
788
1773
2261
3055
290
405
1063
2322
632
51
2136
2063
1290
3877
252
1186
704
547
1402
1187
1385
1875
1029
2459
953
200
1336
324
1482
744
843
597
671
3699
3755
1630
1341
3157
4868
1582
617
1517
1246
1581
408
646
940
998
2219
206
2234
1209
316
535
1718
2219
184
482
1645
2029
1430
1851
207
96
1159
249
58
2317
838
1675
509
1210
864
2141
390
229
3524
3116
1005
3144
3300
62
177
1529
1652
2825
4240
4851
418
744
1597
187
1969
954
624
1645
126
2202
929
1859
607
738
169
485
711
28
163
3515
1178
111
222
4420
422
1685
216
784
5571
5173
418
1407
1259
259
255
696
3253
262
481
1460
1844
1241
558
57
3877
12
131
1969
153
701
4083
1355
1255
5135
302
469
1004
1346
650
3617
945
1488
396
615
3803
1332
592
599
340
1432
2524
386
3092
965
399
110
2950
104
2243
417
712
4346
5067
2713
747
61
153
537
220
1072
30
2768
484
2552
2123
1084
64
1608
4091
363
1881
2280
176
475
4646
67
2994
2619
5007
146
2807
2960
1755
233
324
482
1129
630
1675
497
388
1502
433
2608
1840
3862
69
2038
105
873
3450
845
440
2290
790
792
715
1018
2081
1163
3356
1052
588
766
130
3424
782
2377
2154
357
2091
3388
44
341
1271
1627
254
1475
1104
84
2604
1499
319
700
2261
600
1750
5848
1795
1684
320
679
1182
5184
47
1873
2242
214
708
816
801
4579
150
2177
2166
669
138
337
274
317
2635
2323
883
245
566
562
1172
2115
562
410
1821
765
325
627
130
1879
4290
2719
10245
559
1755
1594
2581
490
140
2278
297
627
1738
1502
1574
2680
1503
3009
349
745
441
5
3082
1787
194
238
1444
3071
85
356
95
664
87
582
1194
2265
824
1819
1165
765
621
1989
118
2128
4323
1390
3145
365
1630
1573
7704
332
925
1111
700
243
507
210
812
1424
400
1707
2091
1585
1941
96
2213
753
1690
952
495
911
2390
380
2604
273
453
1336
943
193
339
280
167
94
902
2035
365
1210
951
251
2236
1100
1544
940
421
2959
957
462
3
1576
2146
526
1246
289
251
471
571
940
347
504
454
1966
32
2219
863
1585
1181
644
2264
572
357
2030
973
3615
2829
350
1468
5331
4038
579
554
2222
79
541
505
31
634
1391
1516
2373
1574
293
642
889
2180
1800
248
1626
1377
158
1158
113
836
2469
270
71
2598
271
954
162
1242
356
1723
374
2839
1402
1532
425
1658
947
754
1014
1461
1324
1024
897
472
511
4195
1062
3580
1868
182
2171
1645
707
1267
3251
1343
343
1532
1781
271
1280
1100
871
3421
801
578
546
1011
1051
1465
6697
679
2187
763
174
2985
1738
772
1580
2564
4632
908
220
749
190
2331
841
1001
2453
4392
1186
3183
2367
1158
1950
787
5507
152
1079
543
369
1635
542
261
4395
1921
1856
810
69
3299
426
244
2565
895
39
3381
40
2074
260
575
2376
117
1861
1104
73
979
1360
1873
1576
1330
3153
124
245
1697
623
193
1195
890
627
611
493
629
2154
1788
1517
770
836
146
296
217
1278
5
1118
2583
2549
387
3142
297
1292
1289
5885
1030
3241
951
593
203
1197
1496
1197
1595
543
905
78
1258
15
414
509
834
275
59
130
847
1656
649
104
132
1873
3352
359
3159
472
1116
556
2132
1582
326
371
14
1794
2714
3260
494
3147
1929
1184
779
3256
521
319
23
1126
340
1394
2015
2033
1056
2260
171
2168
2169
421
566
243
503
1591
825
1063
2708
555
1332
2437
972
3470
324
1370
37
2356
608
1050
2889
848
637
430
2438
740
381
135
382
2162
3444
1787
5490
103
1458
64
4493
3145
1179
1381
970
5247
1438
876
330
1133
2380
734
253
730
1137
143
1792
3860
398
3125
3500
405
166
898
264
5198
627
648
1591
726
1717
215
418
19
73
2986
349
1055
934
201
268
113
1197
101
705
835
745
2620
699
1008
689
2124
314
3013
100
2019
2801
2543
641
237
4705
1616
2393
1814
713
771
2220
190
93
962
2021
239
2514
2320
58
2284
471
323
2737
76
775
1224
1403
718
5043
1087
1632
458
764
1430
894
4818
24
2838
2553
824
565
583
1714
905
363
905
2632
1142
642
243
1052
206
296
877
1398
626
944
102
370
1832
1442
580
206
2006
556
489
252
240
1780
1866
1436
1941
316
51
180
2011
498
323
89
324
349
302
1199
87
953
1431
1488
102
751
1879
753
936
132
1033
98
576
2534
1575
612
2868
1051
2101
4595
385
3808
401
1814
2674
1089
2516
517
699
251
277
1349
849
2490
743
1794
2028
4074
1220
800
526
1089
996
124
724
1510
222
1664
3206
455
497
786
1206
659
1278
704
1073
641
2378
497
773
552
119
286
766
1373
2140
3163
388
1066
5474
2666
1568
5146
4369
537
2481
879
618
1776
45
290
353
868
847
1864
435
148
1706
480
1401
634
3010
3206
734
644
2483
3281
4955
1846
58
1760
817
979
6920
3202
988
2649
196
1669
140
2309
1380
439
1710
2653
407
1504
3025
405
1992
4887
1013
750
529
2558
2895
1270
341
4765
2602
4827
197
1736
940
1443
506
2549
2369
2364
1255
2235
2818
2945
2340
1456
323
79
565
1273
128
6815
4760
886
896
6
563
778
2089
1550
857
885
1008
1667
454
524
1709
690
1520
1163
11
1886
2216
2230
3248
2735
415
1293
2254
1422
113
1590
333
226
1384
1378
9326
1520
720
129
2257
544
315
458
1357
194
208
214
826
217
280
2717
179
3557
584
355
1384
791
1542
701
2100
8958
681
444
412
387
40
195
917
357
784
1414
695
1662
1043
444
2027
154
605
1985
3166
293
1869
609
395
714
42
593
1175
1927
350
71
1918
2264
1191
1701
2351
1147
97
753
385
214
2714
243
1088
4204
231
134
952
190
563
681
4276
511
520
756
1607
1789
2415
466
183
152
97
1478
327
3625
1144
132
4961
487
50
2763
4951
1107
1141
1592
198
275
2576
621
73
414
1145
359
2209
1000
1247
341
1086
229
1666
1759
227
4395
8287
6937
882
724
2668
1273
2679
1622
367
1725
1035
882
495
4476
1199
3554
821
1763
3931
1620
1389
1172
1332
1547
3643
2673
254
536
4825
858
1452
418
877
256
122
693
1151
60
248
1418
720
2088
229
1721
744
67
1657
423
1006
2231
184
112
1233
694
4065
1865
1826
1388
369
87
813
2574
120
1032
33
89
2234
882
1456
873
2725
152
1389
1722
308
710
944
862
411
946
80
2633
836
2009
1189
701
1338
229
1191
2081
1087
760
1160
1888
1137
1079
2160
3121
26
589
1036
431
3376
1202
967
593
1026
384
2477
2126
1294
3726
620
645
2962
386
3413
51
183
844
1203
3597
4042
277
13
2574
939
958
894
67
669
342
35
1896
2714
835
465
1560
33
1523
540
635
943
357
790
2864
737
473
844
210
1577
2673
4695
5637
233
1598
3268
53
1338
439
578
1048
658
393
1978
615
1721
541
21
1593
1736
1202
1462
644
909
1647
784
2071
312
202
257
1061
2228
2158
688
1411
623
4456
1454
84
1108
360
1036
2741
540
18
921
3168
1543
170
998
711
1150
718
525
873
892
194
497
4348
1069
1194
2952
476
132
761
1502
1577
1288
233
719
1239
1090
544
1807
406
1142
996
930
1705
891
607
1014
1728
75
236
7154
155
4653
2979
648
1505
1224
3583
838
1203
92
2991
1839
969
1839
911
3500
983
2898
2095
887
2295
1784
2670
814
1095
962
276
1196
885
365
2958
484
1373
475
5106
446
2456
2922
509
84
2251
3163
1721
1251
757
549
418
196
1390
3635
3653
729
162
1030
7
1493
2093
1074
3897
139
58
291
2503
3320
1497
2581
321
1827
767
269
1022
354
458
2125
2757
602
3250
1471
1411
2095
131
124
1027
2432
2359
2767
1083
1005
136
1214
1711
814
201
819
521
4157
1751
3206
796
3365
5855
229
2149
748
624
667
530
1331
3213
3041
1509
775
2115
144
527
1632
190
1821
400
593
984
3760
3115
603
2771
1522
364
627
497
646
1608
2589
5016
711
5464
3553
1692
2203
89
3779
281
236
516
170
466
38
3960
1144
1420
3376
551
1830
3990
26
2827
337
37
1376
2027
2265
1292
4115
4977
4046
243
1048
3193
884
146
166
1044
2689
3115
646
1780
257
978
2661
1143
476
1259
771
504
2888
1946
1932
747
1874
154
283
334
827
272
1536
225
304
972
447
97
627
7558
2258
2748
2115
1038
2480
682
213
1690
790
1591
1147
438
1645
2830
437
1610
232
3536
3152
3272
4515
1111
840
1660
1489
706
284
658
580
203
445
31
1948
2399
746
5
357
20
2701
690
1275
532
743
610
1824
2244
166
414
1074
654
44
489
1241
59
2201
966
1569
746
2011
832
305
2336
314
1825
1544
1204
1225
2850
1405
144
905
592
389
1507
843
2164
1324
1758
4165
1409
536
352
669
210
535
1836
703
529
2560
1064
1550
1015
357
682
1208
988
714
1250
162
1134
1681
548
1534
3032
876
454
100
1037
3096
539
1424
2441
782
1300
1355
926
1010
1134
2796
882
551
3740
1444
991
5603
766
2341
550
3248
15
2035
610
2504
1217
1524
135
334
50
4176
2875
881
1880
2411
21
435
14
1541
78
1164
1347
4139
469
1232
4381
68
287
488
259
364
178
106
798
3767
535
1808
315
136
122
120
1231
2864
413
2391
2070
279
164
458
123
795
789
59
1139
2137
947
1140
382
2128
1119
1668
421
341
3
3803
323
1073
1620
754
2045
180
277
1321
849
1258
1520
658
473
3969
350
372
6879
3198
624
773
376
764
1717
1056
489
295
4039
143
2362
101
858
1025
724
970
1079
3693
4943
2340
93
679
1158
802
3598
1058
1723
3081
2293
160
1603
1912
588
11
323
368
539
2767
148
4274
2616
8
109
467
3481
2080
206
1813
437
629
245
131
3095
2737
1649
381
801
2432
262
1084
141
1490
527
1041
106
11
678
1943
493
2442
238
294
1115
1357
1908
3099
310
2286
550
325
1783
416
706
1840
1204
147
1411
589
276
197
395
1200
1720
1664
212
1273
8
111
198
767
1128
363
580
86
142
234
3498
4489
1297
1488
154
1202
58
29
609
777
675
463
536
706
2668
1218
190
550
1513
1903
540
857
1313
137
2482
1132
2470
1187
409
1807
796
2397
2643
804
521
119
792
2043
2301
189
9443
3709
720
1607
2294
682
1014
2965
1513
1543
2454
199
2352
731
1662
2676
964
255
18
856
153
268
1108
1604
489
24
5534
567
597
51
64
662
1388
604
702
192
473
277
2568
588
977
173
1450
552
56
2451
434
1548
2678
1226
254
1566
1632
3608
800
526
2483
140
303
2147
1644
1869
85
1502
483
1284
541
360
863
5743
1028
96
498
2610
191
676
3205
3001
684
695
1945
124
688
1533
3103
1026
1632
639
908
279
1916
25
424
505
1881
794
1225
267
377
244
920
1128
583
5474
3207
2119
1264
236
59
620
156
171
3200
271
4016
4240
64
1153
714
748
123
906
3784
1205
3804
426
900
1185
1016
483
2610
72
20
1993
1840
1004
172
3523
1262
106
3485
2862
1271
149
1046
1240
3395
217
1758
931
1694
457
180
329
15
880
91
134
1928
3346
1253
1186
3567
433
581
2714
225
286
400
812
7328
734
419
2623
1596
619
721
408
2777
214
455
304
925
107
1360
41
7791
806
1856
462
1872
2350
79
1571
673
3389
1450
951
838
96
644
2233
35
449
24
2234
2389
44
982
192
724
1177
371
1168
3841
2235
1294
911
88
2172
985
261
374
380
481
59
1985
567
418
320
194
1142
1826
1095
1052
2729
13
3124
130
476
890
1882
1159
437
419
284
1185
385
424
1955
883
3933
2023
61
2033
5279
1006
2514
2709
2086
1916
164
7000
70
569
683
1245
400
1702
1111
2158
3949
3410
135
320
465
332
77
3888
549
432
839
602
5
818
4737
1910
2152
5532
1195
2021
1880
643
1285
102
168
443
1951
2003
1188
807
1173
2655
1271
974
225
530
970
2240
28
3162
1183
3345
474
858
3126
348
16
290
1077
50
1858
4105
1197
1172
231
846
742
34
1248
141
2208
258
811
4126
378
732
1099
234
1976
1444
3615
1758
564
1563
1832
137
81
16
160
538
1631
2840
981
348
1008
463
1877
1188
804
1522
97
1578
315
2442
29
985
1058
1069
1782
1065
895
878
168
768
2136
173
53
931
119
328
1917
1753
3312
1583
1968
96
394
2859
911
837
1111
155
1165
212
1923
783
1183
1203
426
184
991
3340
2689
1111
1181
1532
3588
2072
1945
41
1474
261
2317
219
324
1524
1366
3503
2519
1927
872
2210
6100
1244
80
1223
550
1458
2904
113
329
2197
10
390
276
302
267
857
915
427
134
700
1122
21
2032
1241
214
2068
2598
1035
1412
