11031288490
11042344996
11539451961
10854092377
11489471773
11490014164
11493830387
11591656952
10865180520
11535485858
10884140958
11513660603
10821192137
11502697342
10216229281
9206341031
10979170857
10976669690
11271041197
10554549828
11414245680
10715974317
11599589272
11551797666
10753047802
10708393963
10722005099
11315459910
10658462154
11351409778
11291316930
11344390767
10669142171
11299563366
11255903891
10679266984
9378864168
11355587124
11956302576
10921697231
10913267534
11427381225
11393750202
11325101100
11256886975
10623007238
11344646680
10728205716
10696181341
11298165538
10701272809
11315199668
11302330283
9277742396
10333484591
11737709246
10996830743
11521626394
11476423907
11507019300
11491133430
11489753605
11504685878
11537357238
11507958999
11525941398
11572956338
10826904831
11219293548
9496790639
10055111108
10014163420
9497901598
9466818969
10816612301
11626922692
10858877508
10566171125
11240216575
11364956945
10639210832
10649584862
10661814111
11316427721
11276005012
10679985589
11284262851
10686780463
10656291445
11109894539
10966318233
10897029934
10805361769
11576536424
10217042414
10902451092
10900738059
10905911755
10883551584
10935794591
11550513512
11600163370
11154266781
10147465720
9653807644
9680138324
10519332551
11753846796
10966902543
11527083376
10804193661
10952067867
10857485268
11507405763
11515365861
11518031397
11507149472
10829085473
10813915279
11514385423
9719710330
7650786716
7228449383
7291382315
7608617639
10914027067
11593478362
11449089846
11406955678
10709687495
11317441637
10682398123
11338909609
11356185440
11380738301
10696681359
10695235190
10716349348
9679363901
11611673892
10906070505
11472158847
11428194514
11368183387
11387972622
10672844184
11315982236
10677273868
10643762206
11357487240
11317468758
11312456054
11386064731
8460338536
7358989102
6932659420
7476795413
7452939848
7615051790
7240661930
7656340591
7721822370
7838984629
7782444568
7419394859
7408336264
7751472645
7290260176
7267927721
7687789360
7711793035
9614897905
11496193776
11509303643
11523203739
11470091599
10847484702
10868290263
10862465929
10861352140
8831752603
11733013161
11694318783
10872266803
10856997059
11498836878
10823840748
10831064796
10824776223
10824072750
10838624727
10849905344
10853829490
11493882634
11483048296
10327339445
9273921430
9909672865
9302851579
9956337941
9328799684
10034209292
10549614907
10984362962
10774495248
11416157051
11402289224
11311830271
11332446222
11284207455
11284424718
11289202179
11310134170
11276206469
11285912508
10623017455
9292799280
10250364082
8515131153
8613429859
7794896413
7324478756
6905990253
7486658641
7437857179
8729225037
8365290657
7389504650
7761171543
7378545405
7371673477
7326093026
7834071812
8055937005
10795380298
10871111995
9599963409
9162060063
10031045007
9421755020
9529996331
11231070267
11654888344
11014553566
10903869193
10785167854
10839815422
10859810142
10819827246
11439939983
11305422702
11306221432
11292530301
10634865598
10664388820
11267859467
10536707990
10972375087
11493264440
11442223884
10855372912
11299417610
11347182549
11433573806
11373759323
10702812035
10690106976
11374787305
10707247706
10690240195
9000942166
10512815213
10505279870
11694032616
11607033463
10864114793
11501499952
10910255325
10940495127
10925528152
10910489867
11567968724
10900361875
10868843631
11579334418
10884277732
8219786191
11565800380
11414016003
7503932335
7639931178
7771632553
11512776017
9990260582
10601398160
10718351884
10762022171
10720754034
10704381527
11403746023
11373863302
9059794389
11460596675
11373149599
11368326174
11289126229
10667042670
10655147599
11321450754
10665576582
11304585990
10620044247
11276083693
10629945618
8787345422
9739174940
9735115828
10763510073
10714056833
11405987489
10637056090
11290108968
11465729870
11522646421
10838368806
11457157435
10911541247
10834784087
11517081206
8926177462
9227056345
9937960102
9852711220
11224867981
9085488810
7365220512
7734067227
7266765724
7673116218
7647041935
8961291216
10855352524
8178750415
7707367955
7722213453
7712727276
7291406553
7709789593
7695862011
7278440903
7694985948
7292044396
7291039019
7787731445
10842358072
9135731251
7745625885
7686321745
9393018808
11367895693
8464741884
7599511799
7576855872
7571782992
7599191395
7583447360
7153141706
7579009813
7161411512
7151704647
7587669329
7586602931
7144100779
7575636120
7082196640
11799418575
11692173830
10811599557
10852630082
11568084923
10871957224
11504618165
10857844242
11542150929
11508177534
11530418688
11531567609
11539727448
10181113584
7478884940
6946502215
7470119882
7454764752
7551784529
7199143166
7240486132
7245113168
7272338994
7778340059
7410445396
7861383009
7379826390
7724829424
7711257933
7697498621
7701203240
7710019862
7271994266
7314858029
10882152291
11516282882
11522535264
11539985247
11485221985
10914001769
11612746724
8975892423
10288852857
7203981216
7610672315
10848593333
10998894949
11657325964
10781869376
7529425582
7231636626
7169911703
7601640378
7580258393
7179533393
7596762454
7605661256
7178184373
7170569009
7599276743
7182862358
7171038428
7178839708
7581449364
7583897073
7496730987
10937833105
11621411522
11714983678
11586453540
10833146325
11441334813
10223031709
7697519402
7691070385
7265196329
7713293822
7713795092
7716654548
7698804893
7711836547
7747462925
7273053411
7276728584
7311029809
7269629059
7093311741
6935358700
7056798514
7448297569
7095630844
7617974021
7699243601
7717997120
7337898853
7341151077
7841039335
7860632085
7808167699
7304738775
7714016632
7687498892
7689160237
7723817458
11375022374
11319166888
11294857415
10631443516
11950319894
10644617984
11333278042
11288454309
10893974207
9947066107
10111575011
10202940468
10186111805
11001157299
11082022251
11675916274
10881120940
11481299886
10752093637
10741293501
10754597817
9329313223
7626314296
7141400386
7173324213
7628620346
7591695434
7188832561
7623868596
7161305651
7602649154
7774135506
11583350196
11710275695
10977773167
11533937243
11440989656
11472915986
11479569400
11505409262
10821305783
11523976079
10872023764
10837758378
10859824862
11526109152
11540633195
8967031049
11579287424
11502101314
11415617129
10749908354
10725327209
11338370254
10691359569
11341611681
10655832001
11321084831
10651748903
11303509083
11294544563
11307578140
8005422917
11611226243
10927586868
11474135673
10719362663
11369650416
10699702282
11332651550
10705725510
10665868415
10669751576
10640083412
10725149790
11338371905
7354008812
7136687939
7383313866
9703302578
10664336141
10825204606
10790272288
10723105632
8334625558
7708609613
7278908163
9145416081
10650983670
11339953230
10655446954
11358247980
11380330709
10666894887
11299187318
10189859880
10165946728
9520100047
10187172787
10692986150
11702305345
11550680487
11484433580
11553171452
10873312219
11518565272
11533493527
10864558235
11524795276
10845635877
11562070154
10881697749
11552410102
10121302208
10048955850
9410912986
10289304255
11010756822
11737434289
10903484307
10857612594
11456773208
11532218232
10879853553
11375838810
11297686999
10674901744
10679408211
11287505831
11307588484
10694612228
9803251807
11127548565
10957028531
10869353049
10809160171
11519388050
11572409843
11467962209
11549689935
11504298348
11521866181
11535557289
10848177002
11532775116
10152663706
11052138981
11089685162
11668932941
11535562168
11525563228
11527411196
10848699646
10878751868
10859268970
11567100956
10913082442
11580025255
10891538552
11563363287
11491035504
11076565873
10353689582
11175718801
11267716700
10680125626
10703816915
11558124690
11572708571
10630269013
10004070714
10764467891
10725151802
10751042111
11564248213
10862075525
11602723769
10862629705
11518185829
10944903165
11595326000
9316590274
11642377419
11075392929
10987335568
10863589653
10829047380
11460729690
10830182483
11500318876
11540692656
12168705018
11526290933
10817388492
11504247408
10868395125
11513431688
8656721966
10175082185
9712922892
9751952078
10804011374
11045626821
10905446026
10838000436
11487733083
11282395950
11272944869
8476284480
7678468905
10902539616
10865691998
11500863775
11609561752
11524872449
10848093571
9715506704
9840852737
9171691063
8968536678
10481186958
10586975957
11379735671
10891303467
10953369593
10955946506
10823642148
10743486745
11327750767
11331293175
11339756803
11296536323
10682871198
11325112993
10692725162
10675905006
11326758864
11305469917
7473740516
9094026728
9044640707
8203808034
7496024658
7101364355
9315343647
11465612294
10863664707
10927763067
10967227366
10794187935
11476294200
11386469215
7442921304
7595657003
7582666175
7158229849
10400509740
11321510893
10684079332
11318774091
11325715169
10661840348
9369245666
9202035544
9926200824
9490435789
10992014870
11054777768
11712651335
11558281853
11505763801
10824591608
11505889238
10874947773
11493944743
11515713529
10876624883
10881637330
11525879351
11636994952
10887411317
9114145953
9421946349
10155481741
9412467930
10955551917
10983286350
11051063259
11597231405
10821163490
10814038711
11455884669
11484250475
10844182658
10808006036
11520752280
10821728519
10842121068
10920496945
10865067790
11547764186
7979626213
11221610983
10653540611
11338629884
10790429742
11551247137
10956623426
11458110065
11424998618
10781628701
10843283725
10839257904
11502985868
10847747791
10842422933
11583832013
10826139062
11526707535
10875118908
9158136340
7480004792
7621429781
7647644806
7648170463
7675434677
7324461944
7404573944
7852893887
7826184341
7765264241
7707588791
7693329691
7252337662
8521195035
10948194413
10852709362
10850894011
10863700797
10894121904
10850504304
10863662442
8489613302
7718157194
7691858852
7181409435
7761885112
10767810129
11566711112
10400663440
11387880741
11342160214
11320917976
11303895903
11352142510
11344143164
11329984325
10686685272
10685313622
11312226330
10463330335
7462296395
7331147168
7469179249
7410295324
9363143251
9991753651
9960775236
9505457268
9681154675
10974425659
10854238785
11483317776
11422398116
9532137143
7579476360
7587916392
7167312236
8713617145
11317766633
10648764836
10681547631
11344698624
10663336915
10685315148
10305149553
9786679860
9512298319
10610688585
11314558740
10687882946
11353444545
10892338804
11623761418
11496832921
10829615571
11407858903
11346379633
10814349600
11448635262
11389073841
10687009786
11352692720
11998411254
10745179211
10704745365
10298439890
9695431505
10196072419
11026514943
11710933073
10897728844
11482069026
10853772910
11562283604
10882908769
11525420727
11515955680
10872778515
11549125055
11481234118
10894283945
11518895753
9600178505
9579271321
9132081941
10426477039
10761915104
10759556308
10882096651
10979839101
10889016652
10807469926
11484007395
11397239418
10703021175
10814674218
11523362298
11545760868
11562960515
11574106494
11549247669
11591751890
10491429317
10112893243
10059951718
9643952072
11380452076
11528394122
11426421881
11347998452
11300193118
11372968211
10706377281
11295357141
11264263764
10616788300
10669198127
11276260182
10638255713
9361757277
7337160931
7420404416
6970387217
7063431907
7617998998
7681577731
7231582374
7279424198
7322638747
7856764329
7972171964
11674988126
11559440335
11465101063
11519347932
10890274825
11549141206
10869209582
10847262854
11543419199
11486091068
11481809698
10869135098
10837686491
9957938366
10657178192
11447641433
11502066278
10993783453
11629877654
11472444096
10749485442
11114368777
11202495338
10599903696
10666714879
11330674867
11282681590
10627061477
11279778207
11291629945
10710602934
11260676849
10695843019
9550412458
7326341910
7308500158
7785991046
7711118730
8944080823
11385390952
11364214060
10641817132
10663272731
10266163640
7587381439
7597879812
7586009563
7159400620
7609658293
