20
5
7
1
1
2
12
4
4
3
21
2
15
6
16
15
3
15
6
9
1
6
1
3
2
19
3
8
7
1
6
6
4
6
1
17
9
6
6
2
1
2
7
4
8
7
11
2
7
8
7
5
3
6
4
2
1
5
5
1
2
1
16
21
8
15
7
9
9
12
5
1
6
7
5
2
1
2
16
1
1
7
2
11
4
15
1
36
1
9
3
2
9
8
5
2
3
7
3
3
28
3
20
6
13
6
9
15
11
1
10
1
10
6
6
1
6
6
7
8
13
5
3
2
7
7
10
5
2
12
2
5
9
26
7
20
4
8
9
7
2
4
8
5
2
8
21
9
7
3
1
13
10
1
7
3
17
2
13
18
6
3
13
13
12
3
28
16
7
23
7
4
8
28
5
1
5
1
1
2
19
10
13
11
7
18
8
1
3
3
13
3
10
16
1
1
1
11
2
7
8
5
3
28
1
15
1
3
22
3
2
32
1
12
15
2
4
10
9
3
3
1
6
4
5
4
16
12
7
1
38
31
7
1
1
5
1
12
18
3
12
9
5
2
4
5
4
1
6
1
1
1
17
3
9
3
4
22
2
11
2
2
1
11
5
2
7
7
9
3
13
3
1
3
3
7
9
3
2
10
6
27
2
4
1
7
5
2
11
7
14
5
16
1
9
12
8
11
1
23
19
13
2
1
7
12
9
21
18
3
13
1
3
6
5
6
15
8
8
6
1
1
2
10
23
3
3
8
10
5
3
14
1
5
12
3
10
11
4
4
1
3
5
6
13
2
3
6
2
4
3
11
1
4
3
3
1
2
1
7
16
7
12
8
5
20
3
3
3
10
1
1
4
3
4
15
14
12
1
29
3
8
4
9
18
3
8
13
4
7
1
4
6
2
3
16
17
5
1
6
2
4
1
3
3
5
8
1
16
18
1
11
2
1
14
9
6
8
5
19
2
4
7
12
3
4
14
1
5
18
16
5
4
2
2
1
3
10
1
32
18
3
4
4
2
15
4
2
5
1
11
2
11
1
10
2
8
35
55
3
12
2
1
6
3
2
4
18
8
4
3
5
2
2
9
13
8
3
3
2
3
27
9
1
13
3
3
2
1
1
14
19
8
14
2
8
6
37
1
16
3
29
1
14
8
4
9
9
6
14
2
2
1
11
12
2
3
20
2
1
23
3
1
13
8
6
1
1
3
7
7
16
5
15
2
6
4
11
10
4
2
7
5
7
22
1
5
2
3
16
8
2
8
2
1
8
2
1
9
7
1
5
4
1
1
1
12
38
16
1
16
23
6
10
13
4
1
2
4
15
7
10
14
2
3
1
9
10
1
1
2
2
20
3
1
25
5
8
9
10
6
2
14
8
2
1
3
8
7
1
9
2
23
3
9
2
6
13
7
3
6
8
4
2
4
9
15
17
4
4
25
5
8
2
7
1
3
1
12
8
17
1
14
12
11
7
6
4
14
8
2
3
10
45
5
10
2
4
18
2
2
3
5
2
10
1
8
7
6
27
6
4
1
26
11
6
6
6
13
5
12
3
1
2
1
4
28
11
5
17
6
7
23
15
7
3
13
2
18
3
12
7
1
6
13
6
2
5
12
6
1
2
2
12
2
8
2
8
2
7
11
3
9
1
11
1
8
1
31
19
5
8
11
1
13
19
8
1
6
7
30
3
21
6
12
21
5
5
1
3
5
1
6
1
2
1
14
1
8
6
6
20
1
3
12
4
9
12
4
3
21
2
6
25
9
4
1
7
1
6
3
1
13
15
1
6
9
8
5
3
11
2
6
5
19
1
1
3
3
2
1
12
2
19
11
1
11
10
1
9
7
17
13
17
8
6
9
35
9
17
11
6
4
5
11
17
2
18
13
9
7
7
11
15
5
8
24
4
4
2
9
12
15
2
4
9
9
4
2
30
1
21
2
3
12
3
12
1
17
10
22
2
12
9
3
8
6
3
7
3
5
5
6
24
1
6
3
4
7
28
2
1
1
1
25
8
1
1
9
10
2
7
3
6
17
3
7
3
6
3
1
6
6
14
8
3
1
14
8
5
5
6
3
3
2
5
3
9
15
24
3
5
8
10
1
11
2
5
5
2
4
2
11
2
10
3
2
7
3
1
11
8
4
9
10
32
5
11
2
6
11
6
13
3
12
10
16
18
22
1
6
8
12
6
9
4
7
15
4
1
2
2
10
14
12
8
24
3
2
6
2
5
3
1
1
15
12
4
29
3
1
1
1
9
4
1
17
29
5
4
