445438
449972
416140
427801
447199
413836
484029
464805
463641
427827
440008
460603
472460
474201
439555
500987
441034
502116
453384
480646
475040
436785
499355
424051
460979
481247
474906
460719
481418
426876
411978
488487
431999
480349
456714
437435
444812
470859
437379
444126
454458
526648
413394
464988
441007
450372
416707
521563
479943
472911
488204
457717
426073
480412
401755
468963
473532
439183
424468
493044
457838
546468
463562
457691
496585
500581
546494
498918
524892
503521
429891
441150
466425
442163
441735
445923
472819
464908
520433
454495
453234
474519
430292
479197
468115
440955
414032
495705
439420
523922
601102
474660
485175
435042
472649
417887
448364
451181
440027
470391
434560
498998
493111
450333
499407
465836
498075
425779
427296
420270
521161
476330
438781
434786
432627
518324
425927
474348
487673
438632
421872
440752
436256
428833
418774
437333
418312
482751
424104
454516
514818
397067
454385
458178
388372
444513
463845
444368
446352
459844
548159
426409
470514
481380
412425
485559
435236
413843
416869
447877
440544
425503
482043
430086
474115
538256
453595
422365
426142
459248
399714
463933
516265
512798
452440
429364
463908
443647
425700
417892
427832
506803
421213
452573
423078
451130
434144
458184
417585
430802
442012
427564
415468
438594
496165
447225
446842
451805
444291
463670
515327
400092
454876
481231
429439
459242
439385
479320
460262
442614
501512
482357
527063
444713
429425
493140
460155
449983
434180
534050
531340
447407
490965
465855
487797
419880
475656
487394
503774
400176
484508
471449
512179
448101
457526
431047
454832
449591
478629
439381
445233
455172
439966
429711
435846
508105
426598
462980
462505
467109
405798
484242
466391
430529
457820
538605
451601
471335
482823
441313
485948
508192
396601
431832
435118
511828
456783
551922
452021
505554
436061
496549
430420
487537
436700
462892
466445
460002
439588
448052
452192
422786
451751
434379
420698
529754
479642
459065
471250
467435
468544
415656
461965
425593
459970
443375
451463
464290
444145
406790
487313
436835
489083
460595
456755
447466
466099
451848
437173
437552
455920
453269
464132
439665
459213
411837
424807
415857
439178
429751
434267
425309
439766
408584
533977
470408
431026
493605
486073
448142
479388
431572
434883
440389
490961
434087
418780
412745
421089
487887
441344
483336
437860
503495
536155
560279
427482
476657
416638
436443
442764
439576
433650
454629
462395
488889
424647
447548
504680
471705
459885
440671
421040
486985
427623
528502
435923
493687
461523
463114
413260
473761
442537
452096
450274
480106
428534
454994
490804
471439
431016
478714
430456
464075
458233
426571
409252
445726
436713
467348
470960
459939
432704
426122
473841
452609
504521
438153
444068
447515
438218
439583
477241
494206
440103
455467
471918
493777
425749
447805
454067
427278
469197
439423
459242
438913
502924
410532
447404
454696
440089
489389
413546
418119
433576
498456
433490
456937
477470
489718
499791
468862
438953
437942
448146
434242
454883
408739
428305
499831
456960
440793
447638
497352
408527
459450
540065
455645
404758
475212
457076
441263
466951
458586
484615
442195
486401
416085
424757
421239
442690
453646
425064
467404
476041
458578
547960
471700
460902
504602
479142
443432
528563
475382
499019
443311
421518
449569
434873
424194
450580
461547
440933
605329
489521
452569
433726
426856
513972
499721
436751
575737
468586
411593
475121
428991
433571
453824
419012
445667
482028
509880
414034
427554
417654
458206
430609
400478
508027
440081
482470
419820
456353
477919
452259
451808
485259
413406
431625
439484
469983
504004
450528
432815
479037
521205
548971
415829
415530
435923
462279
479903
485108
469220
444364
438393
448011
456299
427268
430754
502439
450958
411851
454947
479496
442560
428945
443207
429990
495228
504632
454485
445837
476846
500133
449598
403193
412590
447514
472554
461034
474945
514086
480374
521915
434283
437912
427368
429854
473357
476541
440537
452475
441308
464077
513692
422836
432409
432108
467758
500912
429829
435891
464923
454700
453007
464152
456051
476515
422281
461784
451675
438669
432265
491801
415151
450577
439933
485700
526051
440946
492329
442780
475582
433963
498089
422380
462304
495540
444477
444206
474465
409207
475177
508004
486728
544732
437226
468984
417581
433315
523792
443275
430750
488998
527451
458437
462485
484617
427188
466777
422375
463067
502749
477823
417581
436850
452531
469117
439620
473321
445096
463626
465206
491499
457126
453260
449427
453186
444607
410267
439395
485878
420300
449933
435314
457555
432394
504871
436500
482924
431648
483180
447612
459737
440906
442076
443211
528692
409777
446617
414633
448260
470448
444302
411972
430411
427791
426296
422827
475156
449495
562494
493153
439499
435222
395509
452674
415353
439391
409292
437815
463536
442534
455698
446461
430249
460946
481575
422301
443115
531026
514472
541924
453858
475794
436350
480348
427512
468449
490778
450176
437850
443149
461293
429053
483905
483069
516041
461594
420343
415663
464768
433669
432922
488861
431717
512495
470544
431759
487671
498258
441541
449622
426176
422538
446279
425304
436358
388877
437756
394866
458081
434114
446423
500289
429052
499060
481306
438742
416659
474904
449284
442632
416029
453476
426378
438345
448853
480681
441757
449652
442120
421813
443144
467090
586731
484296
414882
511195
451172
423327
470995
464093
484428
394737
426953
407920
500553
502024
448164
448751
436680
430329
435687
504849
443265
450522
451517
428377
518292
552738
460132
484795
446651
442016
456949
452140
457693
474010
461170
469279
502053
494438
404190
434404
429908
422130
513618
405185
434435
426826
444755
491815
457350
465429
455592
473991
497776
486748
440634
430201
451478
433584
482099
470226
453427
526040
508680
455607
474569
463316
440103
510189
435208
409020
420297
480521
498577
411650
429803
453516
447404
409088
438412
419278
382764
476903
403805
463839
448797
437467
407588
436540
451345
515271
467073
475176
545444
440848
438592
453401
467216
439323
559355
971523
497324
457357
446287
412047
426301
461251
446551
455775
462143
526121
477072
431454
432907
442512
446247
440823
443416
434498
481404
416084
503145
464609
477333
441320
469776
573435
468423
427937
519056
481256
428256
448064
562236
451502
480908
449610
436109
460230
445289
461330
493301
448615
413921
503964
542788
460079
449627
447366
451653
422215
429765
397992
445487
467256
430755
495613
423280
435940
435718
410929
458979
396538
431566
454210
485782
441344
431785
440151
489742
480501
444497
447190
484392
550730
437159
458036
440577
437008
447522
427405
509570
468354
442614
452442
434346
449428
435946
443116
456534
466142
430870
434779
504128
516228
463956
461729
502538
488557
418174
445275
428817
454954
479853
433825
441097
444133
450602
409237
479462
451325
486301
451348
418545
461017
430420
409519
414611
487359
470159
448617
433359
503969
460464
462779
452374
416605
484254
454374
446564
457101
473584
429767
438845
451212
454302
527129
455920
463126
435168
437974
444710
476921
517403
479014
570993
453513
424048
424724
441197
484518
461934
514383
449050
491379
443143
480330
440469
427022
434465
475426
457272
417199
490320
488831
481988
460976
480177
412391
418034
449750
502798
503783
508760
510981
428625
466500
454041
480202
461635
463893
413289
460554
534848
409367
486013
439808
461144
456083
431157
456982
452434
439032
431390
425975
461872
429624
435075
441559
460891
454933
410612
495726
448543
482606
468728
461052
408638
419880
452516
461108
477973
434261
498072
442455
441163
448859
466730
447216
452078
440476
437179
448366
470456
429059
482880
463526
447111
436535
400076
451221
593642
504311
433562
583615
496861
445165
448533
449490
485690
419218
447233
547243
419812
427877
487311
472052
418943
436132
427861
495269
471874
497529
466649
493103
506505
475196
438460
441370
421809
467814
459398
431465
418704
413613
468881
479726
474075
419791
465571
469948
448456
435517
430982
455621
444704
447073
441690
511061
538073
436752
439347
421222
421010
438230
479657
434099
480066
488924
419350
460382
532662
452026
448813
447944
425177
465563
450185
491718
532997
423751
438881
434383
475456
468624
394804
415997
448964
414087
480313
485914
399093
448333
432889
464344
583718
422785
455462
417023
483081
414550
434855
416926
411708
451179
462437
498642
473280
459115
421592
464841
433343
459819
478475
446752
419257
455377
429569
479132
461798
444216
436104
499683
453117
442882
420001
450629
486864
494047
453050
446575
488607
464513
524592
436786
438700
465225
485132
419628
501763
425065
451121
463325
415303
461105
456743
434300
457711
487123
498494
430627
492034
423945
439800
518831
421031
446026
425495
478487
453692
440343
416500
424899
404001
458305
387864
466822
419037
416510
435001
425869
437301
524375
436035
441987
405522
452751
442030
422387
579920
453773
478211
450222
440250
479704
437182
432063
439021
450564
428179
457478
436308
459886
471072
434700
501311
432172
490805
445022
484381
442969
467631
469971
434917
473243
436284
437867
444561
414810
448205
502874
483390
493291
466178
417762
452961
453411
413563
452643
471971
415036
486907
442316
420572
498434
437412
445394
445889
438398
423721
419707
437411
435601
442253
429586
455248
473659
417217
476818
431191
485171
474503
437315
465715
467860
504935
460239
487161
427748
453296
463661
435405
428725
431145
404642
458708
409400
492154
488330
451648
404316
494403
437158
487691
388869
461761
520244
440069
466933
470180
507949
446173
448069
483074
491365
492541
428351
432805
421931
452533
441542
430342
507646
430120
441313
546043
435792
446352
446714
417571
442897
446676
478357
437550
426065
478586
493882
475056
448681
528633
439890
445906
427101
420921
449233
464253
455390
450964
465314
464378
430386
416261
444883
456840
455566
491612
436181
424391
484668
494777
495461
509036
514679
421697
464504
504790
484210
435696
444575
471696
418697
557226
402995
480652
448147
449651
441956
490134
445806
455219
456016
394755
439181
455992
463089
402186
430000
521351
487301
511905
481391
434340
489803
406134
481393
400158
441954
440883
422155
435085
444121
446533
452468
426030
439104
461597
425610
463110
442934
480647
485385
447566
456325
432479
483303
446297
434221
413434
436836
444681
477246
413836
527055
443789
506428
463314
461869
443079
434834
452063
469018
467672
419277
494617
422603
446009
426450
414145
412803
455713
418869
415213
510148
451798
460950
414040
449262
427434
444348
543761
430956
451702
501796
417660
458853
428834
431838
450120
424168
446687
463829
429991
470359
457319
491289
397107
462268
418818
457144
500665
470719
441080
500401
399511
477645
468878
503551
461677
463874
419960
501033
501040
458250
452744
478393
421894
417444
446628
439183
452077
484732
442442
482991
444133
424106
444483
497323
485280
445849
465523
411124
439871
546287
431303
445568
462011
424488
404156
441109
454511
454120
484335
467738
417399
472144
446870
475189
434333
404897
512870
460452
526409
436221
439093
445574
416928
458574
510629
406372
436695
463330
443908
447070
421968
420795
537316
438583
514195
439288
484689
472086
510441
637952
402705
417733
448788
423007
445433
431296
415601
477384
483067
429780
495466
460778
470667
487848
414411
448561
484877
539063
502300
425545
438905
449913
466430
455690
479966
464992
450631
429808
422617
453620
400377
474413
471749
426339
434294
458787
465978
468211
479074
447604
440164
523923
465169
475392
401634
452511
423927
449676
482927
430228
441156
399927
449207
482454
428194
426935
521667
485539
450363
447559
449683
460488
462335
453918
443182
422284
437992
441195
493938
447746
438514
440940
508732
455014
492681
432155
460079
522934
408066
441735
461164
451421
465639
513303
425688
488830
409220
500079
479061
456767
466036
475368
480144
439915
460954
500398
466042
452020
445004
434411
438874
475538
543893
446470
400799
450581
413511
411755
448684
466895
418794
456008
482911
472657
468421
442682
459497
420312
425978
472207
443585
468083
435263
454070
422599
441650
466520
453756
498659
455712
428725
496398
426287
431291
450649
431499
440106
467207
488718
473519
456377
614869
450038
428732
457055
405846
449944
481713
443326
438029
429178
437072
495850
456011
502136
502544
474083
441530
427207
502842
497216
452540
491238
432604
456227
408663
430363
441436
461126
424251
457450
435210
437242
432794
457830
473792
416857
441397
453368
422520
450938
416345
447955
463670
490641
459353
439370
543482
416392
444205
451608
428162
456129
472076
439053
456777
392285
475156
440070
520281
573250
468124
446450
411070
595434
458110
424234
402451
453498
441906
492345
438402
434921
476277
449825
428751
457300
434914
461950
447783
447924
506231
451160
416241
466708
469224
499947
434532
464812
499018
458077
459754
455597
431442
431964
504951
516560
481637
449578
444997
456193
457258
464091
466947
453138
451352
466141
456598
492148
440175
426153
487573
469450
425471
469769
463864
451322
569329
442694
439204
470009
478583
511261
558365
431655
400644
454682
494115
471871
467034
424584
481127
456292
440871
486316
493784
503153
476876
428098
441432
495115
471713
440308
444464
403311
405719
417135
470344
520478
426731
448646
430426
483718
447432
413390
475364
439486
484009
416799
447107
433579
474500
453706
572097
455320
506166
452855
431247
416632
499543
443343
442195
419383
427799
478511
436480
428640
514829
481621
405759
431728
472167
469587
436175
445699
521384
419087
447565
403819
441632
464134
495451
522479
474680
484854
460549
428788
432139
418994
472355
451071
489915
502399
502372
436374
428850
448273
433839
483587
427148
446528
527046
447880
423400
435969
428203
447291
435999
466243
478419
409742
472047
460939
407669
440703
477897
443052
491060
491952
499218
406658
474156
506022
461877
404604
435243
482299
452184
445352
466308
423027
405256
419547
433773
492666
441432
443218
446310
454424
430041
461356
442261
551871
488587
428883
589843
445330
444863
457103
411728
484966
463788
452573
514785
521952
446533
432078
428249
448529
438330
433452
475780
554662
436770
454638
457570
486063
461898
440467
419491
439686
495644
445130
424447
500746
473893
399983
455113
444062
410894
446918
431628
429677
430403
512890
482943
494726
446388
465595
436485
467308
535670
449512
408972
487367
411734
420083
486545
424488
469434
432722
437219
420405
490003
429760
420260
450917
459884
422501
452136
460549
480349
464521
469398
496012
444578
519715
466582
432150
489166
504211
464331
439483
436032
474792
449645
498839
487308
479694
461759
420178
514321
471208
419468
410570
440557
442650
419357
432849
451260
413155
451572
443939
415963
491792
439979
529847
414075
419725
469605
443615
400483
440671
492259
461435
407255
444910
486004
491812
437575
426578
432263
427775
442502
418500
476775
502241
443733
446709
484365
436441
478540
442997
433378
425795
496601
420655
523124
455258
477265
473241
507400
527468
444771
454881
561027
448699
471446
417756
456323
403578
497249
453660
434948
417156
408324
421204
440301
461141
423005
416030
416692
434844
466222
442702
420213
427048
413886
404001
456731
458554
452433
437945
446989
461622
399525
401068
468061
506536
443856
427911
438770
447758
454694
463767
491275
426998
486494
435959
437486
417368
503059
441250
505766
458060
423706
413556
437518
512783
431958
412725
422245
520073
474565
449042
446752
471737
435947
429302
456798
451185
394774
494016
400372
468605
482727
526294
448904
442028
412525
461036
423826
448403
433552
461739
457996
457266
492300
452050
467232
450272
429457
449190
460157
501396
429548
431841
481725
448724
424292
427271
438663
475486
460380
448959
444004
450465
445780
464957
443893
420491
457048
483312
462303
456190
439502
504159
438874
409973
452725
440766
440954
429019
505390
468572
445225
471836
442801
430169
499359
481167
467400
426786
459301
476102
498176
434280
485945
452245
478432
446647
431489
439370
502361
521503
442638
466729
502008
422657
415969
433307
433258
444254
501073
492064
478454
448636
420265
438434
428757
443345
432338
436758
475656
402559
472643
441738
450934
429536
450041
454112
428493
464152
444823
486909
432865
415266
439007
505394
530159
425459
426687
455583
418751
438325
492046
420243
423110
498468
545204
510034
469947
452298
452952
448523
507817
496623
474200
457523
577100
447931
445445
434370
550069
457338
419789
402168
442416
454640
440998
589347
459634
440226
465806
428843
466606
450404
444859
479596
426360
451952
488515
492581
411296
406772
442233
433105
416181
463427
413386
565633
451925
451754
449013
417825
478179
459248
493853
430415
443929
457510
463643
461611
440991
461466
478937
500254
429500
457292
436792
408629
544031
523450
445261
428295
474417
481761
429959
468197
448962
426609
414045
431204
447191
441127
452644
433253
462013
443964
732677
435446
405558
460802
445842
427760
427476
429962
406418
538696
441574
422759
469826
449669
488844
502531
424660
481379
502591
436154
424088
451747
453549
474940
470536
459070
418754
459933
431487
412918
432339
465486
424002
441800
470390
477376
431551
454759
430203
451276
419826
434997
454469
447285
431899
489539
432333
438342
419985
1027704
438615
455028
449618
451261
482527
452664
433521
437605
424716
492861
436476
466352
459527
488855
487590
455549
434979
512679
426921
436307
437022
451748
512403
498490
406568
468671
522392
428931
406350
496292
459853
523669
469895
437323
455548
443525
459266
465937
481911
469051
441923
459913
407660
456218
446994
452251
443891
460532
500774
434712
439579
524219
472788
451191
475421
417981
413633
459839
480916
424922
501802
497820
429189
470695
591482
421459
430667
442051
453286
471427
426398
448935
431351
447042
526032
447605
478690
418780
530065
436039
461285
434673
446943
509922
431790
446510
457634
477755
456761
467656
466094
466889
473060
450974
463019
493432
542878
469401
443877
438115
444614
436936
504014
479287
451887
512523
433415
463272
433812
436990
457208
447378
412639
410951
451618
508874
418613
438496
417248
433666
500457
436706
438483
459202
497333
474373
396573
451803
389675
490693
440230
474882
410222
502021
464867
474497
500587
456210
434952
405491
505731
441228
419970
483991
441164
525824
389234
462793
428857
405954
464127
482254
455800
463842
414185
424798
402270
537138
446221
458710
470749
418728
489682
513354
467493
422756
520532
456791
462417
419944
452332
440944
462777
421380
513883
449316
400664
479816
460494
445817
489344
438174
445273
457211
393061
404060
479524
440625
489690
434005
425024
509929
523945
432220
495647
427126
419552
503829
433768
454665
501343
517021
417019
436269
435225
444859
432270
437719
445738
425675
425116
474445
423213
396047
463653
429864
403489
392474
480677
429044
427955
465937
466182
498127
407967
471447
472210
430111
478572
416511
492255
483534
438060
431818
436076
483953
485069
459445
465716
512767
478315
453488
446618
453148
433202
470182
473678
418334
475372
417905
422066
422739
454615
410271
476101
393086
443670
512447
449521
403194
472857
423526
452288
488859
458968
453211
444068
457285
460457
445722
453329
429105
537739
429174
398920
461169
413614
453474
433597
443829
453776
407031
460693
427224
484592
428571
415981
492779
463651
441742
488020
425670
502980
445273
514870
451773
427554
408147
493766
460429
473429
437348
462962
416134
443751
539640
459110
413729
441011
472889
511048
484130
438933
468347
425823
450263
443094
445750
440343
483287
435527
416305
439677
420414
451898
562159
497135
441709
422625
477382
430414
445746
581525
460542
414099
458957
437955
450523
539631
427577
447037
404011
481581
472671
484881
510366
418670
415382
427637
442377
417318
476976
467343
439491
448269
450788
524899
415244
482545
408954
507150
421040
433573
427493
445736
425549
453811
492378
460104
536140
458840
457020
433708
396207
435145
449255
453498
460766
440215
413275
470140
514195
418649
457214
559988
427895
447745
395261
477115
429785
436782
423433
434320
517095
482632
448967
471053
443837
460756
486617
436338
463224
518271
453124
565219
444726
411230
464125
478982
411328
481633
450120
479693
543905
483080
439663
435884
463496
458488
454934
459293
443404
423168
424747
511770
422026
465107
439195
482589
462749
405888
492947
487311
451922
490646
479076
439208
480160
444830
458330
454397
428403
542328
434632
473440
444638
475487
435041
465499
430960
454057
443070
465975
477314
425894
430329
435923
428507
493959
469206
460410
451082
398123
504342
424241
423703
413832
453173
442952
434349
478213
485031
453942
440897
468686
464313
426838
456864
426194
453019
423245
393486
428713
417494
488367
468037
423040
523823
447588
474934
447145
466910
447916
421603
559501
431153
526760
461990
482591
469533
441617
475875
440749
406809
459464
470395
485254
476995
443003
474033
410519
455974
470192
426981
495229
465331
441779
479680
418531
394420
411335
421662
548868
584497
419122
456623
505438
472206
487820
438225
433247
486634
454315
451679
464579
451028
478034
451237
500636
441858
412609
492278
475333
414467
430089
448971
441020
412106
415367
464095
446625
445409
472763
442828
440434
446697
494334
406235
455756
462857
503272
440782
484745
441696
438677
439781
428528
435071
407536
461174
441663
431390
457522
476496
467473
464370
445828
465082
458488
468592
425954
400380
442592
583188
477066
507186
452032
413081
487862
411902
448153
432222
423219
435184
440296
427609
439100
436514
482601
415947
480694
466673
449194
457451
446947
435707
421414
432412
439432
466360
443038
435214
491730
464174
408349
445614
513160
547944
414478
412353
512320
469208
482941
481759
466620
448548
462699
463035
459468
483749
464735
460296
424420
474231
441979
399037
468305
437584
417080
471138
443274
413251
421080
532259
431095
437249
417756
522742
455528
442087
429453
424695
450811
418890
483538
496080
423850
447748
456611
422353
420912
446105
414894
519264
499455
477012
476742
483365
435280
457813
470694
425989
425599
516905
488534
553462
437565
471998
429774
424010
405756
479225
411532
467763
472212
482785
433775
449062
441028
452679
519869
510167
545713
431972
451814
427547
465806
488516
456872
574701
468391
475744
461630
430336
420249
435634
409904
439581
501127
452379
446008
425825
426872
471341
462488
479621
435606
489965
470482
462029
472788
432836
437151
483481
421778
465415
463456
501420
429468
439897
474598
428800
442091
471495
497265
428193
432505
464452
465951
466562
424693
471626
482078
417658
466951
428685
461519
593772
450793
428410
496817
498545
513799
454915
445107
512641
415831
421623
470280
411570
418926
478165
474861
484706
462190
503131
526422
432468
495949
409743
461532
424744
481228
418457
438425
484425
430456
420524
474752
497664
474628
413200
477094
453757
451578
455797
430873
472933
433148
462205
417800
477163
520652
431524
450600
479953
404027
467541
416182
467535
450402
463023
437687
448765
461359
440810
480518
425753
446825
405495
431507
477788
415884
524558
670845
418183
444736
427009
520853
471115
424014
476384
507619
434580
437253
462686
445739
472561
552026
425918
449418
475814
445476
444718
489025
458121
401928
458878
405687
423978
520545
510784
423676
551448
447354
425842
475100
404755
418501
455395
511909
409970
458671
450466
450321
492137
488820
438097
480096
444188
465007
433323
496231
503925
476359
447632
467504
491763
447083
512177
452705
539336
488792
421390
533929
465601
475086
424651
459146
461266
425930
434255
458153
447079
455801
453981
476023
456345
461566
460460
461681
492263
571062
546442
419848
446787
461626
430877
482860
423138
466869
466228
469552
427885
443279
430076
476791
427227
401924
440237
558085
426456
433362
435614
460126
470702
436226
476947
428526
408854
526654
417965
420262
451012
437413
442845
463183
521536
457325
474892
518463
429127
532957
422284
429869
427359
468760
479819
469905
531706
447704
422400
455200
478916
421020
419408
502399
403159
455468
432978
418166
396869
469110
424061
491255
470458
420736
396785
451990
457503
446734
428724
442887
443656
405930
460457
439463
461560
452535
528567
451918
413207
430876
524351
422512
396833
423701
399042
468284
458062
472230
426046
443804
435174
480326
458952
512016
449034
488844
416966
511190
446622
456206
426259
471868
420237
412673
469659
466912
445823
416967
481277
441113
489088
555101
474745
573390
417669
446134
465849
447105
459970
454882
425655
450278
493430
468905
426076
424653
431821
466788
424072
429156
460637
419344
476515
435691
443796
442552
422580
467432
428638
443466
445846
459786
452528
444582
446859
433855
432857
455059
465889
474784
465061
468273
401282
435497
444244
398713
403635
500165
448354
416573
466444
474793
468324
439857
458569
414931
436325
443110
424286
504775
488050
420941
469929
470402
465792
451229
450679
444493
394875
516993
513870
471476
434307
434117
425149
457755
436921
458601
482591
432819
453222
433155
469051
437325
401335
469690
420302
461879
486107
435541
431866
442469
421376
413349
403391
449113
434802
462264
455222
437421
465404
441392
425327
452615
452833
446233
528358
505646
430267
474257
425183
428596
450401
513327
461213
497665
405282
541108
484331
438137
426778
431942
417945
430279
483430
425046
443118
555955
481400
471149
427845
457403
437389
481602
442528
476833
464262
426859
483966
406254
433500
455351
445688
454616
419874
430182
499251
419646
449525
458205
444455
417070
441724
439034
470410
436414
422310
455611
428468
479843
506824
521799
420629
458128
478395
429859
536182
414064
434763
498770
461397
440637
479350
406201
432232
506191
541678
442372
445931
433129
429188
483852
459143
445053
437035
452826
519651
461484
447325
408264
441567
460674
433857
440058
496178
458269
492755
451284
494255
422420
430940
439281
500924
427862
459277
466066
526080
440784
499492
497577
432819
426033
429162
433590
462896
424837
455062
451664
435843
461516
432883
491910
447143
444883
444192
419697
395679
472982
413393
414920
482344
436920
469320
444056
427921
497198
474137
435784
458169
417322
461901
445342
448696
399525
451985
461766
458901
417791
426464
421748
423176
460051
412867
459280
417682
462208
447989
450548
419020
403215
441392
435302
458705
469412
412815
433942
438485
581600
505927
400528
414059
412396
454465
419591
518294
451236
447945
470793
438097
450874
579508
427502
431359
494757
431914
488955
427256
415852
470190
410883
501785
422354
429149
435960
441861
483777
463158
485521
472191
454313
448283
409252
490125
402765
419653
416111
462986
434323
468939
461265
464694
412985
460314
433787
398415
410566
434580
420248
503697
565877
449363
554982
560927
435782
425629
433469
519715
454525
457779
479107
427107
425874
456712
455220
460327
443747
525561
433881
410045
490505
456305
449607
461632
441320
395561
469552
426763
424090
441496
405684
472223
486838
442023
500373
461865
493739
476278
408124
436577
447257
444378
461423
419249
429597
428769
455175
455806
515883
495047
474465
423860
461365
452925
451690
446444
411039
452603
422021
442751
415842
438074
441327
448629
446168
426061
453386
453105
415724
419845
402810
487664
431246
515631
422038
442390
425575
500281
437738
453017
447037
460348
449731
562744
475143
426951
440327
417385
428566
438308
443099
473155
450742
452594
436095
450049
415884
448639
419160
498572
482942
452252
505945
446049
461383
457773
446788
456061
469839
394973
450279
472088
441060
458166
463632
455735
484669
477142
441174
413878
425616
440624
466832
445332
436222
452801
452233
422254
436525
436306
469908
447435
460751
486775
417677
430945
394778
454879
496187
470770
522900
458620
416762
407260
390459
428594
411089
463029
449046
506666
499333
421413
420181
412908
430317
427820
467694
453446
442406
468434
510291
473424
442948
431486
418853
482792
489264
455807
413078
431679
445005
519877
467657
490999
446800
426656
459803
433263
447863
480716
462435
427077
426583
500754
491968
469949
472289
488638
479651
451856
416694
431759
477997
504661
471295
429551
444940
463343
464858
456050
452324
555544
437018
486867
421994
510458
466704
455700
478184
459504
470337
512986
527605
430444
460448
499082
399779
513713
529883
463166
399251
466039
420798
419536
409146
439294
419863
475817
458989
432227
442919
456581
453718
440009
411743
465092
484452
458051
404658
471310
486845
514142
491088
430908
465702
456434
983044
438142
442706
406237
460727
542646
457839
482765
461771
456344
476220
464064
534547
502215
473956
463233
450824
495106
480793
468427
542900
446139
445743
527168
425310
484280
428484
461879
471047
454810
472567
489323
429809
457713
460115
450520
420169
444558
440415
451963
463237
494917
477894
431922
416993
425236
458321
450085
518685
427509
416108
464335
442827
443357
391028
448279
399550
521749
429255
470401
614682
512641
440927
459283
468565
419262
486515
526277
428019
448197
420284
418766
432443
477431
529654
443911
413932
439952
501074
425787
441001
412318
448282
414166
427555
415216
458651
463771
464024
435055
421206
424923
418373
437578
425658
468533
491733
539482
442853
478531
442122
501561
423309
437507
474569
428116
437841
420841
461154
426399
458588
443036
482099
439936
442944
508960
448331
430690
432160
418746
407540
424078
437562
445943
460714
410204
444533
439812
453015
439891
476807
463829
419083
432213
478847
421466
463282
482042
440438
486153
440839
432514
400402
443994
446285
477492
494670
468046
431663
413103
451878
424024
423584
429981
434368
544840
532002
462015
542861
441856
505732
415522
443636
462196
516723
459413
411529
439649
449985
447675
437383
440858
411031
440238
507185
463124
431459
432268
487393
406581
462862
431659
486812
463075
486362
478197
428830
459774
447522
469252
445050
479858
471640
449618
466798
536328
436335
416252
418851
460409
422551
451070
444308
468593
517682
463868
431434
506602
436624
440319
471323
434659
467659
478483
446324
445148
499910
561091
549272
424940
423987
429116
446598
446690
455393
425033
435012
541193
444931
453729
486257
426287
421684
426928
441027
473557
457901
443584
404349
482727
453945
522331
453582
421169
441688
495232
471027
449409
475792
422351
444753
435607
424496
473049
413162
511079
443509
455178
455482
476782
507132
454728
508006
407298
418059
442780
438766
468797
440662
525831
450601
443955
427272
479484
448887
429341
457994
476508
429703
455041
466059
469969
433816
443966
411217
419421
450611
500874
469121
477179
412517
412438
483449
470866
437517
546132
439613
425478
434774
437704
443001
469170
435944
495375
492574
464608
415057
477169
435793
429215
459313
444545
479126
451047
439585
480028
402766
485360
490315
531637
470881
487018
470103
480842
465913
467357
567388
457366
493401
442224
446652
457482
404149
491339
540852
467696
425008
435402
466479
427647
444126
448171
455858
450315
417784
497171
424169
470313
461986
475313
424740
439277
440618
429046
438137
422215
503754
488810
434500
474680
443423
482426
452064
440399
419446
451534
454959
463784
505351
480549
512218
542343
458700
466934
419667
444471
413008
450478
422845
501227
547157
449815
496220
480533
428013
479938
454201
418113
415244
470128
453680
444761
426813
420508
481595
451066
451083
424265
443992
512852
465090
524931
455855
419888
424492
411985
434629
402190
539000
451269
446209
456614
443964
493290
484319
431626
468438
445856
559847
446186
443197
479774
441182
463403
434153
494124
458035
466788
438831
439149
440545
462269
474396
444920
467118
458879
499238
450835
449743
470955
425754
480305
414838
446302
432014
462909
426945
466724
421219
441679
510527
421706
424304
497251
425834
450189
422439
427793
453924
435401
438019
532417
445514
447732
502123
430732
491398
449884
416973
413501
475727
428176
468666
450449
438642
484571
474281
477252
472317
430472
416865
411836
436138
411908
467937
493546
486138
458436
438508
428502
470406
416756
423983
446805
412044
421157
424532
446747
403700
476807
483383
452888
458905
447514
465418
471855
426682
474739
453294
464244
486732
475254
422375
418058
437991
476575
456767
509780
426309
445730
504525
474169
497346
421639
470734
425134
405777
422852
414178
423383
443296
464751
456058
494614
469231
418411
475833
476236
509572
439328
458638
498305
524183
431089
492693
459849
436406
478119
423783
414249
410999
434524
521243
461350
426521
415545
435075
513767
497768
452174
417816
444998
510520
470752
427447
452510
454950
478506
415479
505729
451324
506857
453975
431327
496867
417342
413147
456816
486297
451910
521221
446918
510639
460950
505066
490185
411047
491448
462992
490677
472001
453180
420227
584812
473696
443365
440736
473333
574388
420971
477579
422639
453555
498713
446663
411757
498241
429447
441937
444685
443564
444984
437666
440820
425051
451723
441358
466482
416158
426933
439390
455336
411541
410606
466399
401191
432987
444243
448825
484371
460917
426480
462335
480835
441543
404950
446310
486750
453360
428397
458927
449541
417743
414039
477883
434002
494019
463632
459531
494356
485250
453695
426570
413810
427907
452147
457536
431715
442696
430705
421120
494690
443458
442275
405575
442397
562329
412351
463168
465386
426772
482251
485655
414721
462928
430653
468908
453899
461899
461501
410193
422826
460944
472913
467161
434852
500268
445982
452401
423871
426945
418506
428625
463464
453420
433018
484708
426428
435786
492756
421165
417419
494898
471040
480347
465701
494628
464456
434551
433842
436718
427800
472646
454825
437940
547407
464565
407317
463386
484131
453416
505820
435649
458109
532053
477599
471202
467773
442178
516019
431686
538076
413291
496395
400607
422317
530500
458602
419157
428475
508751
468188
439912
490062
387119
450864
464517
414009
453219
439621
414222
527425
482838
487284
473565
578431
510871
473394
458723
428171
440453
449593
423759
436466
415050
470958
456098
494865
473006
440954
460336
440879
439422
480660
487056
395348
404633
473647
432214
472723
407148
472991
408584
468271
449119
477596
451815
436363
491343
612922
432856
436344
474112
467303
448310
440415
428297
499676
440252
489486
466767
479032
465126
427439
418154
436641
459685
486035
479037
447497
438695
477806
437433
457010
445524
483603
440726
449886
460413
417243
436335
475585
470620
547413
511313
444449
443199
441192
461544
437053
451979
455477
420721
446546
421156
420507
457516
530129
495929
459116
490377
445770
447237
439665
491699
473593
434727
473011
436533
444326
477921
462647
493440
458181
467074
428841
421796
499584
434876
429543
425332
438337
449988
428451
425660
418833
497842
518433
454140
485832
463272
453649
429394
401979
428057
471301
423963
464626
469182
429181
472546
410649
413958
434172
450352
484739
517141
439922
492612
530192
477294
449470
466972
454555
465180
457553
434216
414452
490484
422100
461082
445111
501807
464915
450883
454292
440251
457481
442188
459282
417561
437576
427776
450598
536603
425710
410737
469307
444919
486622
488635
573133
427354
492571
473831
481257
437015
511889
463751
418434
422577
485154
434983
439963
442909
444200
420846
391113
427983
488290
458867
509861
517672
526066
453986
413669
504108
423478
425428
417138
475988
449014
513927
486560
488233
505502
475468
502722
475530
476001
444789
443253
472557
408782
428445
430267
509672
416651
414909
434887
460829
485228
506028
444221
421761
446143
424211
490824
458717
377510
452428
410867
513290
422383
486461
451484
447274
554841
443599
438789
455198
455330
431549
450800
489618
433307
419307
464592
425473
456007
444487
435786
464004
452612
431743
482381
442705
426887
457265
452370
446464
446559
463275
397899
415658
442446
449093
412043
514390
439884
448115
479308
467625
414707
524765
450357
423600
461614
490065
521002
482642
434725
471478
440049
448440
472882
453537
504433
455208
446682
407568
462960
440867
465404
419577
415819
440870
425995
443231
452644
450618
450984
437405
483335
429419
417112
547052
427776
450106
427595
471801
450618
396428
474617
468089
444328
445099
439502
504779
410454
499815
421030
485055
465640
547317
439427
478711
431761
442855
424552
472232
442731
479834
489653
419036
478495
439211
432340
423610
416479
470045
438922
445123
435324
450640
461109
392245
448459
502998
454877
457840
425866
424435
426690
447334
425858
444251
539375
454378
469623
458326
423499
464718
410136
481311
439586
511145
506996
468227
444719
485790
446312
553645
492904
496215
589928
448430
419318
413800
445930
449371
442559
549323
425275
463948
449622
458277
510260
507961
415581
449580
475878
432478
453684
476031
461842
427533
466661
448822
410042
436659
431162
477466
478072
542034
427630
425946
490725
463422
524813
440846
404145
427370
454332
463428
434976
477142
435702
533000
553523
416467
474076
430042
462602
439530
451929
469640
442204
427282
424721
480092
392652
461734
449579
429840
441351
491591
405548
455090
492304
440667
460193
458925
472725
421064
461395
464954
489989
430260
392975
500438
445213
474406
451828
444419
499745
455042
496928
458162
440360
409709
473481
468204
612766
461397
444606
463500
404824
423426
435298
442462
459951
417065
475802
495730
414405
431655
517213
482589
478158
485204
434766
447791
457351
478033
429322
428455
456643
444889
477732
439292
393348
462060
450591
454801
460686
404006
441502
420455
435002
439299
479766
428734
449756
438855
440870
512345
472688
400669
438789
455541
509897
451585
481087
433468
408950
482188
516003
501220
456861
456811
516221
430582
418348
424744
428667
428737
468424
477696
474975
476710
417016
451736
471628
426404
460497
451572
438214
467308
493504
431335
426487
420905
429678
451281
466455
442469
436303
413378
444991
419758
457132
468769
450028
433105
459708
487291
535251
392890
424246
440828
424574
428403
416757
483470
456402
467246
456883
445345
430399
456532
489234
462458
528437
420797
442543
425292
513088
453950
450025
434304
419342
467266
446331
447116
445527
438736
478471
536005
443245
444341
502670
484110
422617
426500
424030
439976
461844
488706
445432
407573
506778
422732
537983
456802
472533
486842
425368
393447
443121
480852
427222
448336
429480
468626
594794
446435
432584
446100
431806
457055
443565
460700
439242
420558
451674
500353
459035
430896
445507
460861
471215
452923
437979
424680
458888
473159
460730
491656
457697
510270
434887
438728
431227
428585
462455
461755
432857
459160
464769
438330
485048
529923
453924
460573
424811
421991
421077
433169
454451
521929
463811
468451
500073
465795
451513
476125
416569
473832
474591
428973
487248
477977
531490
466937
427187
477631
429010
463695
437355
422292
465646
412405
432873
422568
484443
456172
457238
482125
457314
481710
481842
436438
415460
507796
442971
465874
442405
439152
426362
463538
481363
434319
458155
447466
488966
465726
434739
465700
429299
534071
460531
458389
473766
460535
454143
426594
486927
425969
467594
428778
424119
457334
461844
415286
464149
411292
548358
432182
523184
515689
453394
479286
464234
447678
494513
482926
473693
438017
469667
433095
437489
443762
499133
510901
460410
467445
469343
431159
440306
457880
503953
442436
417143
496583
436590
452410
412468
459206
430260
450572
466026
477944
501231
476909
479602
434044
435984
479801
431915
470770
421680
490244
458511
485446
436472
627381
468248
441477
449638
473866
445659
471876
424019
405090
480217
468506
450994
441252
477379
439850
464032
479887
453151
464249
454584
469763
443863
446930
423548
483118
492266
456300
443119
428714
456129
528061
442540
470116
463680
440165
455174
453211
441540
449581
991481
445948
424310
455426
430263
461883
427995
490755
550946
428551
438220
432466
450948
494100
493155
413959
481863
458691
492966
472257
453509
427064
452248
434172
469055
478427
505872
478324
470458
463541
421084
421280
409345
501083
462135
448476
411583
487108
386863
473783
460330
427022
391041
478196
443713
447240
449474
412664
454145
416103
466673
442231
440919
459190
416681
416877
407545
497079
480341
495492
470707
442155
479740
485304
451469
454004
423559
468108
437724
433581
477824
416321
449371
496443
456647
443909
426153
489467
424460
466112
484173
424434
444715
422486
460099
441481
454168
458455
435725
388312
435350
435705
484709
472034
418333
465954
460091
453368
525550
458285
488386
417521
500650
564602
423119
463517
414686
410772
474185
471541
504767
514460
483593
415563
463288
493767
482766
449928
440734
433437
479435
482550
410469
467803
410554
474064
438536
466801
460442
494548
453719
429752
426015
409298
425990
483708
458607
435102
437606
518535
459541
464163
418732
434706
452527
401482
461594
425035
473294
450797
416607
418994
446402
404154
466816
463693
510659
436872
446162
435854
419810
458642
488553
444794
440433
431431
519511
442181
408411
445623
484036
473269
421833
480203
484555
474115
410109
470640
470837
510672
401174
487074
419828
458217
476018
421413
497364
428829
412778
441567
440132
436096
486003
487737
421572
448014
459466
413967
417698
456110
431241
499718
440194
460225
442089
487977
443580
466542
448987
447140
465403
429710
453133
405540
468115
441736
418759
459118
487889
442297
439589
432541
458589
441009
454322
434745
477028
481723
555275
470715
478214
553529
504500
431057
474486
448023
451643
459560
403367
458701
435849
419172
425061
412116
444115
437294
400686
479619
424419
448486
422254
453780
433674
452114
435073
438212
455062
435023
437855
442817
454824
443400
509165
467731
442616
429605
453390
414962
443846
415190
452827
417732
556252
420760
424310
454743
414724
402930
502208
477766
460346
524811
485040
429153
459704
433782
413419
453897
432653
426114
451926
432048
445368
481791
476747
446695
523343
469298
434766
450923
429874
482908
459408
464032
448960
466272
489382
422553
525448
454823
497630
524427
472546
455021
450112
465787
462953
460864
469546
416052
469110
480340
441620
489359
439611
449806
485547
434077
477338
465431
445260
408564
454514
508900
511888
451030
484995
467285
511033
458752
450157
481758
427134
459467
433200
504603
443854
433027
439539
454053
463025
425439
445256
437063
422948
466040
458507
504453
454624
489817
451759
440253
500606
427782
453530
406645
405451
464405
485331
439261
473226
526476
452880
459560
397153
466479
421374
470993
453539
462141
473700
466903
455198
481256
436992
454035
449427
413443
440904
423136
395257
401168
448715
444594
440312
476223
467947
399544
432194
450047
453658
445515
462890
475709
422991
416090
446578
476019
435745
472547
529260
495845
445914
470567
433962
468204
461302
447168
488166
429386
414524
494590
529601
529961
440311
465575
446590
433337
427676
434163
429945
459449
447253
464551
412760
419669
489361
415517
424745
443291
514788
437390
513436
423325
448271
422948
439429
500528
439890
493806
496069
440642
435751
414637
450949
494249
439006
477215
423107
428145
443724
444903
483892
450127
430678
431751
457461
434000
456069
429622
424502
487226
429548
439234
486311
492113
460727
462767
447679
450147
498457
431666
460357
445186
467099
477801
485000
460425
481957
475670
482996
481826
486526
456649
445819
472997
531970
504304
437407
419069
459986
482113
498552
430094
433618
447481
432120
419881
445670
458831
411173
443756
475498
482850
448361
459040
435612
438213
443092
456272
450051
422834
449086
527252
469787
457069
489677
400542
466218
435530
502794
449207
439387
463298
451806
440150
419412
418812
425091
466069
470124
408545
423171
448935
472186
415659
472794
445256
465834
519654
409992
453582
420199
415864
421710
511071
426650
505913
420808
406406
493739
456457
482626
490994
418687
500672
437009
412920
452203
478055
454716
465038
452756
451932
484653
416437
444922
449597
433715
411584
470425
454550
453700
490191
451840
513022
411449
441859
440877
429347
422094
548147
507718
429670
452294
430854
418822
434439
447171
468074
436815
436613
475653
508421
446247
549479
459657
517075
450727
424988
445782
438306
435186
437525
457326
458424
475117
428774
430394
584434
528020
521664
488932
421226
464675
433722
443578
469900
437380
448142
442891
412286
429663
518479
535644
453074
448677
432909
456309
567863
443689
394712
486829
479871
467070
487584
432767
492557
466511
450160
474451
439741
458663
441736
518657
490140
442552
484997
449622
454547
426535
459741
458366
425512
465369
482778
438991
459911
508693
473664
417466
435743
431693
453749
477768
449955
451261
457884
448677
455431
421624
428031
435820
462879
470075
435759
443403
454609
416099
483588
425670
467799
461922
473939
552369
406687
487487
470626
449814
448065
433709
432006
451475
438545
442753
527868
448795
445692
506698
488553
400609
466291
452718
460859
443897
441143
484073
441837
491247
419606
462617
500684
502254
405603
472193
457897
477899
511641
403225
469705
498111
460584
447906
462608
431778
454001
426297
457392
420776
448205
456251
426430
428172
419275
435038
453099
429699
449247
483082
484183
413587
454216
456273
419446
473351
459859
516127
485185
447106
501373
407216
438154
454924
414446
480847
421438
457085
423709
430356
483980
486223
492985
444663
426832
437377
424635
497970
475696
435632
485951
451775
427889
449295
458318
435788
456223
461753
419629
474705
547760
453442
466074
439690
442798
480663
438982
431832
475472
479852
458308
482108
443155
444627
430880
436897
420891
467810
419948
431156
472066
414596
505633
460307
476781
465358
407253
468058
446557
533054
542349
479703
437315
536484
505839
462873
463128
389987
443275
416699
484956
477501
495013
451704
443844
450534
425961
445712
487275
472973
478458
419303
429854
465374
416162
420148
561874
479518
460998
403507
432390
392333
428246
408782
426757
448341
395341
501474
469075
436245
442987
430430
479794
443600
412720
447753
456023
449203
439347
446760
464944
477189
474767
504638
425205
415893
473547
411592
437870
427209
511629
420563
437096
449616
438244
470513
447762
487706
691917
433579
423291
427588
481194
461907
424006
493371
458420
461608
443274
415421
454636
400074
465478
425174
436583
439533
435067
479720
488069
450350
484199
456856
415931
429303
496027
487060
534619
430493
454030
519897
464394
442859
447777
469095
440542
467802
420934
470386
475595
459737
467412
487980
451341
492600
442039
432411
436209
439269
484808
425075
446546
447232
413100
425239
493485
446451
416465
455771
429152
423759
423296
444018
480372
432146
414488
443868
426269
488082
432939
461394
446270
437717
477553
455742
472270
466256
425371
472341
432090
459375
432391
491206
458992
506918
512773
493740
585762
447416
453901
500169
433289
473777
415234
453078
409208
440605
449807
443865
495881
421968
451383
507961
476483
493403
514203
441634
482300
455255
441508
412310
436759
483094
430173
424594
487001
422785
448471
455535
453250
457856
430896
496784
449290
489632
446010
421466
412168
404348
428392
416318
427768
469860
473839
468756
421615
424390
442046
447927
429393
480818
458820
448660
462194
430795
441952
415513
455179
450034
435295
487786
472597
420417
477345
415425
443996
413414
518845
416418
444799
471090
418231
409934
457954
414931
424482
433987
482615
532792
473268
460712
512297
485145
427389
496364
425559
430326
437464
489373
445059
448369
457002
486662
475792
468958
469646
477887
441910
462733
470669
482502
469050
459808
429054
417432
478392
430675
487670
430189
459550
484493
450610
422071
515711
432814
514817
450972
455042
418067
421270
403915
477130
449879
487111
484161
511118
476207
443215
437638
452605
452289
496558
502140
432956
519928
430031
479891
407704
546919
448223
460329
441407
428772
457566
464493
472581
526348
479451
435826
458654
469538
447855
467444
433120
431159
433154
467002
485420
438095
422922
408057
453817
437198
476150
451573
449065
451351
481016
451595
438603
450189
476374
425839
467838
524948
443705
504793
470182
448587
444610
457570
480534
441071
429312
440736
421415
460089
482360
464247
459026
429406
429294
440154
473909
471569
471826
442789
508538
515591
443122
461030
452554
530282
497702
426940
474247
444377
481646
505565
465334
417130
448181
396725
438425
455181
439977
424262
518022
462120
506341
421696
463837
420744
451966
433089
503880
415665
418915
446504
455223
447460
432795
447694
432524
433489
419522
562678
495491
411813
433977
434204
429639
533713
428828
425465
505523
444834
416085
443519
479292
440694
489767
422643
480735
431145
482995
482091
524331
432533
452216
429729
428987
475061
468855
418763
435279
447709
468556
477318
515067
499864
471036
513368
417937
478540
450659
438181
445598
423743
474675
485035
428175
497132
429948
475796
496687
505473
446256
430920
520219
425133
459238
410196
426776
431071
477859
479937
451227
434364
472994
443804
432917
437062
450981
391980
478597
418870
420490
449618
454965
448267
485631
452412
434710
453568
451210
460030
495328
522578
515961
428023
485031
419133
440007
434667
476633
436016
432255
417349
416442
426085
422061
421710
537086
452196
454289
486355
455955
437817
446447
494155
455130
508257
498540
406379
495130
461475
460757
440752
465199
412790
502425
509234
417591
442313
439321
451039
421735
433804
451513
429963
419088
413959
422701
467247
461061
535838
436088
455972
469511
466943
429149
420679
448511
431561
464379
477723
507084
439091
486644
476411
470128
423355
449352
448268
425364
444806
468077
484026
423685
423049
436750
490652
460774
437874
425957
446783
473573
520950
459782
467349
421572
506553
469443
447014
449771
411820
467057
455850
473201
531398
429445
464953
471815
443840
418012
537788
453257
469519
459259
567078
454120
432256
466917
483454
503877
456285
461525
470528
556914
423793
437074
435965
443216
466287
429363
475131
482601
432283
484765
415977
436434
479654
425537
429315
433134
533209
433301
512124
518977
407948
463373
438462
462548
413170
417993
444204
468786
423520
453386
487422
467327
454580
444756
443155
511632
438877
441169
450235
513229
498909
484926
476352
506695
431077
510042
449569
517715
445794
417942
481448
487310
390866
447444
419293
483778
454122
432903
467875
458272
452270
404962
413199
523030
491500
453320
412045
411225
477392
507846
431905
432639
426365
521963
437440
522750
415405
442106
472042
430229
477359
448770
493459
480101
441317
438568
428499
474505
485965
416190
473133
488267
425552
456370
487895
437463
470987
431624
456289
430737
493968
449140
494746
484643
403470
414979
508223
430847
473183
451688
476910
461788
459963
458245
482660
452088
447548
467157
452656
420935
434959
430478
433248
480247
401524
547831
483513
433227
447818
448332
450094
453031
404063
452002
398118
482799
448685
422126
447787
449977
427718
481012
443235
447407
437035
585060
549857
432772
418257
436692
462957
467502
442485
434521
522136
490320
437309
435964
422517
448108
427422
1041752
444057
445434
470998
432262
431135
464056
520709
442232
424348
455279
440474
407532
430549
488033
457809
464993
555269
457329
438165
458867
455086
425706
509659
423942
430278
414132
403314
421663
414808
498141
467213
476877
473667
432219
440184
537562
500827
404759
406719
435706
440396
446534
448658
438748
458481
450071
462314
484338
456164
500498
477600
498951
484177
423139
458622
427720
484209
448982
466371
435678
439651
464161
451293
500271
438883
413847
434185
419774
503458
450900
477191
453809
493279
502074
468066
431505
447234
439711
422816
459512
461532
463915
509283
482279
470751
482513
489955
451974
466368
447069
419994
427120
418436
499656
514787
402982
427053
436177
446192
438914
451441
456422
420569
537181
446600
424966
471612
455427
425763
486767
493318
442091
480581
459607
444633
406865
448260
483187
467952
448332
474312
482945
508271
446698
434607
427365
459362
498283
394723
491429
452185
421146
460705
442417
441918
432263
474632
444719
508480
412336
558682
466484
443910
461643
498548
442223
420174
453015
556817
479096
427856
483216
410562
422496
411405
452541
496659
502317
460237
456230
451394
449636
437405
468931
419229
440887
408827
442473
428379
461677
465431
438152
461496
440717
506228
449652
459198
422949
427456
444608
468973
429103
472144
453093
440392
423957
425735
502056
494070
481196
458873
409326
436476
405221
426337
482742
417496
490623
461145
546726
421447
487724
470911
460617
424568
429094
425146
424355
442968
490821
472520
392627
468167
439359
446413
441480
483958
488342
448435
453168
447710
432435
462870
452121
476611
418831
462968
416566
424810
472632
411417
524429
455434
427615
541457
405272
520476
482620
444275
450993
485420
460125
426792
427557
397402
452259
470550
464151
485342
425932
429832
431373
446729
450439
478062
450693
470977
419180
409281
458006
424118
431159
467251
406189
477102
423381
455656
435092
443925
473163
413864
437557
477221
423565
423428
414538
414506
492222
448200
449274
420209
501789
417623
444632
451999
461266
428562
421210
466905
449686
449574
450623
508732
438693
452359
443892
471634
421446
459727
454874
429981
428333
462174
437057
427194
481871
437598
481965
488481
439887
423728
478766
447741
389945
503588
452816
406527
446348
479479
422524
426727
453369
422304
458753
439852
442592
469826
454032
527192
411711
463960
475125
457573
488889
494259
422972
443336
422793
471255
463753
461932
446930
444693
477438
432552
485280
520226
418136
504962
435387
423629
476563
480355
425759
458104
442498
427210
451379
501614
456141
509293
415111
417355
461766
428817
473618
458651
444740
447736
434940
431333
458137
438449
529635
528962
455747
492054
445652
437464
397014
455184
421465
512551
458060
468432
430082
456666
511426
434264
411892
487791
461652
472913
416093
411367
527901
413857
453302
471886
420278
433004
455101
451955
466928
441647
471024
422351
418384
433240
433058
434300
457664
424199
489042
413039
460296
433744
419863
406618
481116
557585
447627
444830
463902
461467
497551
424246
431736
441957
461844
409075
442459
454955
465086
440507
462911
411507
473895
430756
457611
419875
431925
488691
445547
453415
415269
462535
414879
442678
475141
458832
449479
423540
508548
461406
447414
438280
437113
424168
473661
458720
426520
430467
421155
435149
442406
439006
423528
427027
416462
421835
435193
448326
450362
463252
490356
477014
484637
459393
454973
466362
413949
432936
447474
426881
423828
440744
412443
425898
391773
429716
459174
441862
433300
458116
458988
406838
534205
462441
471607
445052
418047
477414
508797
448236
433180
434284
437048
534689
516687
478380
451738
446120
449382
449749
395045
462145
486332
456108
503129
465453
483777
499920
429425
554765
531652
431977
473533
418584
431805
468922
464721
431674
449869
482912
401972
457995
418546
447588
429217
516794
402281
434160
545836
439193
451687
446139
452128
404069
420574
443264
455007
479407
443018
453800
469008
494755
451019
486532
422566
450355
490879
438578
444039
473442
461848
444039
430461
446722
444626
431797
423765
428340
455939
526690
443851
472343
489609
457985
448854
463222
451704
504283
436664
434539
438737
417513
435435
463556
491266
420304
463822
469867
434665
452573
426907
464623
466278
462497
454754
455216
445575
442937
443289
427764
453730
419403
413103
488243
419181
435710
444335
442315
487497
474190
528619
494563
428033
445442
465825
436769
447629
470606
506552
428316
437970
462573
493200
422620
461594
446336
445279
403419
463138
507054
419354
440362
442630
591462
445291
444982
448711
435175
451789
482627
431988
526523
423454
456291
455199
545137
439422
454047
468781
437294
460705
480992
427975
532103
447391
486859
427897
482447
446608
481474
480072
465080
470114
441354
436236
446728
486783
470629
480523
476378
419476
444465
433679
444325
425759
455263
407662
446375
489155
506970
426722
412307
421058
422282
392804
447732
470691
438746
447400
441244
434427
440932
415635
448697
489658
529187
453876
434318
472851
449659
436655
456501
523296
448847
394432
428447
451735
516874
409165
481303
416881
446854
444317
511407
483661
497117
444795
436996
464431
468236
433654
432561
420525
445481
474331
443479
430093
427118
424101
425227
457261
540680
447965
463832
436087
435954
430458
446153
429409
455823
496104
431875
442286
443278
443691
417451
430916
474681
416594
443444
468353
420604
449266
419060
453302
426808
429546
502391
452373
452211
498294
462521
437470
458804
498813
486547
440914
453261
434389
463006
425789
443030
483723
433475
399733
473326
455351
545555
448460
444167
429403
486633
556618
399380
416810
402280
419846
446693
458817
473009
429721
429823
439007
411074
445858
428954
429867
513501
426530
456856
433902
443780
424400
457716
477078
543064
448439
448236
436982
468077
422199
404562
470476
479629
455240
436426
483439
458553
443952
467948
519680
450497
445819
424031
459470
479864
426086
477365
456483
447664
486626
437810
449192
477516
484123
426722
503623
437838
461457
431150
483630
432537
445760
488992
474715
457247
497513
468891
420066
413392
425826
479129
471919
473019
432515
474332
433256
417966
473484
464850
462059
434849
466703
439349
493443
462149
446372
492452
434364
446261
447357
476704
437754
572998
449814
438911
520292
435165
411953
445952
443208
510223
406904
443537
438797
442749
432876
458800
457724
446032
514426
456632
424346
444011
461474
496538
496214
429529
463181
451092
416745
430728
480978
463062
473118
419069
569628
415720
465449
426329
512219
452023
412639
476496
485940
496378
415553
437232
456107
456757
486474
443625
439082
459616
483546
416980
442323
463405
471762
454403
448582
451084
453446
411554
495467
516068
437352
384728
415842
453061
452636
447493
439727
422784
453180
408298
490632
482359
439831
430485
510368
427113
452488
418737
462079
459003
434779
454822
417124
446142
454127
459616
406740
461965
424818
482987
514937
421661
454384
422484
469558
478125
457909
499981
421182
446386
457396
435389
493609
480983
475273
514979
416547
433729
574704
429332
455087
423797
456784
429566
549056
458366
426254
491039
439884
452206
507997
460746
433162
422402
429390
425145
461154
450736
455759
430137
477255
426296
461672
417857
443036
411014
440534
533214
456777
428372
451393
600714
422535
533712
474678
457664
532150
414357
426599
439861
475851
439788
473445
438451
519944
507776
423582
426985
446668
421711
502855
467400
478068
457628
436795
487787
479918
471170
457880
454996
496611
431177
456299
464246
440769
462145
465873
454907
502426
450992
435396
420697
477967
542824
626356
486393
471722
453020
537604
466875
405308
433899
465049
466251
445734
405352
482213
591364
414880
420947
407546
409835
444483
459315
441429
479968
510971
457223
461229
486859
391940
489180
475016
444595
448228
420224
415013
470405
457190
472269
405244
475254
427545
411170
457515
462731
525743
437602
454392
444498
434267
427526
427659
465167
533098
449064
436691
483232
445369
432744
446959
488156
429589
427743
425788
429833
492302
456332
511197
447687
448841
458823
452151
394051
443719
446129
440203
426121
544919
416392
465374
504270
435976
592182
484401
495186
472015
424990
443415
456542
406046
458879
466496
512675
450853
454749
426001
420795
431974
451326
466232
446518
482058
468826
450958
445408
451506
423545
423403
432445
446335
473947
418224
450944
476933
475137
447651
439511
477004
480885
446868
424135
490696
478629
422555
427214
508786
458837
435352
417146
492082
410102
447648
405222
494835
456766
474421
419537
494974
409662
435780
470375
427159
486560
435351
435261
428317
440306
457592
428592
453000
465183
432602
452635
510811
456192
451164
458659
499896
426947
394408
445362
451648
438102
442508
482222
447003
452264
449304
465050
469051
437443
501170
430754
438209
556665
435365
467777
456593
527823
436578
427941
484940
424158
439523
430162
399702
487426
443591
396666
488676
436898
417472
474209
428374
459081
487552
492938
440714
448179
441369
460349
423989
452083
439597
456223
402046
472689
455203
440275
462148
455299
446266
465594
454760
517432
480678
440869
440090
451167
477736
482268
543206
446062
497669
485725
476236
424651
470090
458784
484028
450172
487620
448567
481937
486655
453343
457545
418805
400831
443764
449272
416047
434103
483667
420421
516810
461555
490424
497175
491657
440904
425318
510682
447204
577706
424737
445233
434108
488032
432553
488297
462092
462211
493158
449279
460766
521154
434886
426489
463917
457182
411033
509655
500978
421713
449821
437636
452332
447070
419057
477679
434027
516272
508830
435662
409354
515609
411405
433899
443143
496709
413412
446006
472312
444254
442106
435091
455406
414265
470963
471820
475799
418373
444739
464163
406666
450590
480420
430593
451223
418108
418553
433257
447291
495385
455001
441838
434682
465287
435758
483060
425069
449142
461798
446408
441623
431236
433268
460586
449223
451920
479389
450315
464589
467003
481157
495482
437334
474256
495388
421781
437788
433521
463411
474688
415442
569500
475068
459882
554068
461295
440739
468546
573480
468955
412312
407536
465784
429462
453818
470782
440424
489942
437079
442018
440832
463297
420454
414845
461794
450299
489971
476522
415800
434083
393763
512136
434056
491660
417251
461467
428649
439547
444865
452048
516560
530242
441085
467845
443900
446608
545013
450699
522404
488616
495107
503644
448294
456849
428303
409763
414422
448130
450943
455804
455354
438736
453116
458345
445610
402594
447931
430843
459343
429746
410165
466191
431754
438822
499180
440823
458394
432911
457052
481671
446721
483401
430037
432731
429978
433576
437081
473608
443479
499028
483814
448391
435958
464932
469990
454502
429175
486966
404133
443800
478315
499758
498901
436250
480732
462896
446844
507908
448265
462932
509795
449271
451485
496068
441623
453905
427260
440008
434486
444462
443788
477558
482950
450298
445554
453682
436863
500021
516832
431637
433830
462044
455372
458527
436966
449874
418329
463629
468205
525499
496140
420011
421806
421364
466085
458833
433503
482736
510439
419420
432028
458221
437299
493914
420361
435834
480885
444035
420639
440861
470981
446946
455354
463353
963619
438825
450986
428729
426243
477274
450486
435539
404269
547770
430543
439278
481222
439447
463809
448560
427388
428570
441140
445091
440773
436701
442356
459967
444628
454504
491908
490416
562468
502326
615643
440223
419812
406678
497812
456943
443192
421860
467030
471091
450084
432947
407912
430353
479623
492968
461195
453270
504549
443258
415353
433574
487828
416431
483817
496647
433375
449031
427972
451703
453880
425901
437302
451918
483566
431346
450641
519751
409804
422008
535339
437792
471022
443232
447626
488904
543240
487746
417374
501626
467642
447804
468377
415296
409157
439092
449735
435791
476943
458488
421834
454082
410904
450543
434536
482841
448367
481090
464369
474012
519553
425901
442342
467536
457117
427458
485544
460187
426925
432756
450090
445331
461229
473593
458276
420280
413369
448326
517536
435443
442628
490685
497879
469849
420881
414071
453785
414634
483676
444763
452651
480319
464481
424319
409424
486813
415770
458736
472875
487348
467366
482581
401669
440079
470470
431383
436226
456480
445401
428103
438843
449005
432955
416815
462079
459399
438016
508634
437203
439926
502785
464656
468166
440465
412540
483311
487302
437731
461673
479817
447388
501282
429621
495465
427832
425873
488076
416959
452741
439033
457556
498946
430795
429893
442700
417829
455674
461969
436993
430188
467096
485255
441650
422411
444458
487342
442335
414172
423991
428275
451591
438701
429547
430314
422431
451745
478716
459236
463087
419689
420373
453833
425407
463768
499586
452367
418333
432997
435913
457943
462377
421419
472853
429303
461546
439268
429364
524241
413056
470865
502172
476887
429753
477151
490014
469531
410641
440572
458516
465410
472480
485814
436249
427128
412003
470740
479560
446813
439182
439947
414212
497751
431064
429119
487433
419390
406183
453664
392178
398489
456899
432813
461688
474706
468697
490287
431026
466422
432962
453817
459498
412640
412476
445681
450662
413598
457523
451219
415716
501239
464294
426058
399759
463037
419418
439294
545358
456043
441564
460159
482104
492795
415808
442865
508702
503774
493559
444991
447389
468029
451663
487184
440192
464787
502643
473136
488439
475599
471927
446315
390582
416567
462044
436234
453372
499853
484136
466964
426263
442876
454849
434554
417454
454806
459368
452766
445346
429461
480389
472843
430646
472317
449608
437787
464239
422838
452388
453970
498898
471593
401194
450152
455682
471310
454500
519354
411015
441153
413707
427170
460137
474576
425415
451470
465015
477151
502585
478091
505745
423992
494822
425466
477743
458052
434760
459639
415853
483559
454511
451318
435426
516252
462232
446833
440673
458009
425448
457383
494707
465257
444872
451118
432876
408202
431638
427536
433428
435050
489874
425840
502687
446305
441520
439429
452787
437349
470078
439544
509095
487461
510137
514653
427749
397991
516792
430061
427219
460312
423424
429970
458559
442104
451434
449494
438672
439828
422099
445348
484658
460231
404246
446559
436429
444635
453838
501461
441721
453086
425865
468650
461294
461735
432738
474575
393754
454453
452056
492658
419981
485288
448637
476030
433339
433703
419483
464249
425909
449013
457104
477224
453231
484768
515467
435375
441061
451539
501320
411419
478400
455398
441991
452629
514104
455175
410392
466773
477963
505225
489496
458967
451095
432545
468707
451128
480283
432466
399876
435156
424069
466014
417278
461401
476739
456290
463834
442845
511148
460312
452347
404458
433738
534048
476489
445545
450408
446175
467951
487641
473105
391073
450937
492806
444444
471475
480550
428741
449640
438517
461768
475414
429038
467069
509990
451611
476526
522474
438394
452042
519730
485134
470076
427726
449362
464960
443350
458245
389094
405105
437308
413201
418802
462108
485526
469940
423204
462727
482150
490642
465805
469200
394872
436657
422236
420642
432920
494865
507598
449774
526596
486543
459413
431473
413936
510542
429567
485014
433581
465555
436766
461808
456245
407451
458364
401944
466828
433703
487495
462732
433152
424099
514850
430441
436846
481553
485838
446348
448810
462473
417452
450856
437712
450346
424162
471512
494092
505188
508137
488074
519039
422684
434117
429975
466374
465257
480374
460565
498386
502153
438391
461552
488858
434670
443331
515262
453836
477119
461158
437096
463464
516937
460948
449782
434559
473593
478162
505185
490299
454529
495857
492750
459481
458412
404108
450233
419815
457401
473081
448702
445523
495039
471152
424351
493482
475013
530413
446667
443042
397190
429859
430363
431933
421737
426628
450727
417276
495906
448649
416632
448526
448760
429611
468654
409769
447481
454268
539397
425642
427175
407329
451193
538240
440424
445476
444441
439424
434269
489561
500866
428719
451024
446473
502341
491017
480172
430372
429465
459057
445974
438443
483938
479397
409039
440296
426794
461485
440610
430102
561382
444247
492047
497027
424026
446121
452745
475117
494466
451411
431191
453683
444588
444498
430384
456057
416237
448235
419147
426901
451968
429471
447045
422565
465589
464043
418757
488612
476804
435784
466794
427337
517945
464716
425250
414523
478903
430638
418220
458767
454094
445340
415406
450897
458161
457134
427093
445275
425386
491597
459183
422273
450716
426048
420163
461136
451235
421676
441578
457077
417099
427871
457808
479437
443786
432211
472508
483395
564709
510334
444868
428631
476122
415485
417765
416788
424081
409859
432024
462987
403544
471811
446905
467027
441778
427172
477982
425306
444249
457421
452264
443304
430210
446792
445328
444667
447479
425492
451919
457470
472410
408411
479602
420989
466884
443786
441459
432402
525866
398883
438870
450433
437897
452415
428578
455538
485134
464348
469504
463657
415536
423002
452339
457200
425150
444686
494572
438583
407380
431803
428673
430249
424029
430896
441760
489915
429941
470425
420297
445517
438149
452940
426493
433053
423913
513570
443819
450844
404519
422543
482304
586663
459387
428285
438354
457326
474309
420664
420279
424815
474749
414726
457887
480358
494134
473769
473799
481719
513086
454660
457068
468502
460094
457380
411581
447833
458758
474676
482098
487204
431334
426795
431007
439584
421912
449309
418447
420006
440664
466350
437505
479086
465874
480705
465277
502435
463091
460870
441320
463552
484414
454171
428032
449834
453782
470690
431965
499638
411331
459117
512276
456936
395653
466657
441477
441769
447972
455766
487349
478994
482419
441775
417488
466297
431290
464047
458024
459816
402852
446580
466731
423708
426123
422284
438571
450836
452847
481035
419566
489753
427734
511411
417498
422782
429166
460489
488356
478598
444881
449542
466610
487478
456048
494445
481041
440762
443951
472758
452029
439782
432487
466809
452541
456553
447647
454623
492528
430730
435144
520888
438843
442249
447279
446374
443773
461490
418541
494603
454198
440301
445261
438113
489970
440669
492644
489248
445269
449906
409096
430018
456201
468955
439322
491458
415857
476506
414059
434776
421735
471462
466009
416440
523221
459613
476209
471734
478887
425223
458117
485401
475083
450304
487357
457400
457843
472597
442081
446286
413300
437129
416533
440037
487430
534049
484483
427714
425042
434773
477108
443945
532530
489563
467376
421619
409759
456719
445729
527541
411384
429669
415891
482055
486312
443057
433503
487692
498641
449040
509584
481991
439793
468707
428393
418661
436922
440888
462741
448676
425058
390024
482378
498377
447412
527080
461261
487970
449158
437727
452438
486236
485326
429719
465128
435823
571772
433774
447813
492586
430704
508175
431254
435576
479880
400473
421264
421902
437116
410233
453162
518540
402901
482867
430267
464620
412437
463334
406605
458346
455699
418094
430899
462663
430758
468815
410380
420899
496202
455497
431568
450915
479079
499806
436953
403697
484083
461868
424850
464895
481200
453188
453065
413261
479083
400233
519626
432307
416906
435838
447660
460585
504654
436658
454317
460206
435262
522212
468067
457771
489429
440463
434121
432603
417654
520394
443646
429460
414322
427312
507312
441205
422596
424436
505124
410914
471177
466327
476515
428630
455979
450664
427433
489908
477907
453344
413862
420878
431456
455174
440694
483464
454156
442292
463541
410544
456017
409048
440491
493823
486001
522984
428592
449567
444806
455915
464938
460921
432218
436693
513913
422271
489190
423661
395377
493665
479213
438675
427664
442525
493951
484563
474804
468849
531083
403356
428768
444946
465515
511372
405716
447702
455047
419914
453652
456716
465844
489002
467068
512791
409923
466092
410501
460859
467287
450541
501317
452039
396667
519900
455113
451438
472702
634864
517189
404885
449353
468230
454065
430838
464476
438652
468883
444791
523617
502442
474830
458042
489705
429831
438447
451321
499527
466310
421269
456184
438407
442268
458700
496164
497255
451385
477222
478390
470380
463197
406830
425527
435788
417876
420365
463353
427248
398978
454184
459786
432412
529415
428866
430339
440400
455586
433825
447569
472998
453606
462702
431802
459518
426060
435244
419338
419774
441317
419185
464512
458405
442741
510939
438606
426666
506602
428932
419881
471657
439196
422674
435450
434553
450873
444879
433255
458149
467458
