1945796806526
1940182257161
1873282968371
1926897694013
1918577196360
1944165566575
1948267523973
1864463118038
1908973410170
1938067217450
1954734276872
1917679556632
1902272045394
1970945349899
1845425627548
1959387286040
1963610184211
1943284604511
1923732506653
1935145036815
1925352338457
1951056410231
1949907758439
1960114730613
1937299507462
1960486710361
1942467276578
1859714763873
1848402491422
1922641437133
1956321673380
1921837599176
1951648843430
1940833180618
1966016111721
1962464782087
1936753713398
1907965497399
1925896963442
1922645201524
1865139115550
1927213657525
1923248011141
1926607383366
1951026234555
1895356084983
1929223968321
1950599983561
1923881676967
1923831596944
1974468197726
1949328692448
1979343955861
1837185367188
1940454475696
1913907963307
1954605306180
1941825976921
1969602571131
1941991388112
1957856005634
1915266206249
1958346714372
1923015531556
1935775222324
1942367653270
1831821307319
1945937603110
1914439442102
1927485513580
1968346577011
1957273161494
1926884790057
1952102665324
1910259876542
1932471718918
1953623077465
1912179149778
1937835507508
1833475788139
1952916394188
1914838557416
1939651754387
1959884577375
1943813609607
1980071021524
1946554373877
1941778181681
1970162321830
1942153280180
1984962018195
1949404562781
1849015578366
1913720643811
1938277378367
1941426605688
1914090656031
1918340963221
1917374699286
1977054320458
1950158191536
1946411008862
1947526996155
1968153789563
1957849057262
1817346667883
1945345655619
1893078448416
1889344785303
1920017500765
1947624097819
1936478491943
1937271740969
1932737869505
1942482367071
1925694853299
1956558030550
1965563676006
1865675776719
1880676921678
1929133287329
1928817853458
1936401481330
1954295443610
1951715018976
1965729758362
1926049734097
1976672157758
1972852221598
1940256820428
1953978507165
1866542964080
1848195157866
1843650566227
1878981523200
1908787588311
1850336100818
1838507661034
1884303720588
1881883596712
1831576757813
1837177407651
1827476380658
1817346667883
1861790718948
1911113628625
1867121313902
1843667578629
1919397845360
1846278613125
1851757302808
1840539631140
1853914824016
1887703386532
1824893792996
1873263641021
1867592875041
1829084009739
1897568373271
1851250112689
1851513631364
1840077134385
1863063283563
1898796416153
1874577760595
1869682943886
1866829819300
1876700907478
1856589731711
1835058070755
1829731756859
1828762268044
1825362073922
1841505171379
1835256762863
1879768359022
1899534271923
1870423241168
1817346667883
1855117308884
1835469723673
1878233069911
1846024650085
1839960573427
1860268013602
1852848416659
1871198000863
1817346667883
1851911247353
1851827471515
1831040778472
1879131021628
1896384032557
1861222413833
1866000895267
1848846903009
1882747424259
1817346667883
1846363311527
1863634735520
1836705722420
1884545883159
1817346667883
1857880103569
1853601929406
1869259328947
1895265878083
1856063755964
1866964063162
1868276724664
1838245457626
1853800135929
1841889056571
1868989608660
1844451392069
1834748449600
1863840037394
1840919134985
1864398934612
1826627503842
1849907991457
1856471445689
1833652223703
1871714211236
1825635496830
1907711469286
1843771423438
1892202843647
1859533489069
1888304854936
1880290567444
1898862896389
1825715188108
1869958707861
1862932312206
1865442737448
1837022483927
1848809933753
1859814813155
1856850189879
1841777171688
1817346667883
1856317430898
1922376128711
1941375318924
1968309621710
1959034394881
1948433978325
1943433005809
1957023941153
1923822111405
1931686102752
1936253529114
1946757779833
1963570692398
1948714907348
1945679670303
1926968384339
1953098372156
1943067587430
1939361529809
1918211154808
1927640855229
1977887928846
1951329970925
1966275392013
1954210213573
1955593890225
1947628999999
1952573598016
1929424694440
1916196406764
1960983238323
1931894852491
1949342842121
1950964837234
1944823651216
1916823836951
1958801501097
1952274908802
1943408380005
1963325756633
1947609886213
1952353517604
1946060782830
1929400186060
1940007224193
1926838298948
1963253000962
1926497041752
1943484123902
1931489190257
1933273988416
1948623330583
1964737152997
1943508697965
1955605463732
1952789817587
1937293553378
1954419901660
1932734460044
1964356573624
1929360836997
1917055876320
1939812342985
1934072743378
1952326565309
1933989087870
1936403739663
1913411300862
1928176880813
1940275996932
1953299995384
1923165461000
1950886531376
1911587671223
1930565741690
1933115388104
1941998588334
1916760034295
1974317654287
1958381094620
1931653139449
1958290147828
1927210287978
1951162511024
1953225029609
1942770632157
1949566584655
1951796492764
1945854055435
1920370452753
1924101584662
1950907367965
1957771917545
1932753079085
1961506301804
1916889099330
1947726741749
1928391714736
1944040881733
1930167325637
1956909671374
1915352111263
1954071836524
1922634735823
1936357868345
1949780958425
1942188583257
1938236081201
1954660506515
1936075153136
1941753231772
1979231290769
1947227018443
1915975942317
1933405940734
1947686379023
1946115282501
1966541243844
1910639437751
1953566108305
1915861642212
1950715816010
1971697257741
1890611507661
1933618325702
1902864985131
1935795289546
1976664956766
1937854778179
1915886792647
1944262138087
1931331165734
1952895291254
1930881281936
1955133505613
1954326972720
1936934554035
1927342681561
1953509391309
1930688733913
1929407855514
1914804084782
1960911274652
1947283874339
1909513642752
1937016427469
1927260758487
1942000541990
1928824761812
1959053612102
1963741579327
1957116950646
1979198647363
1975036177141
1947117227215
1938194042875
1908015991317
1955652128116
1921838885654
1911221803130
1949440848395
1943340849136
1918345856071
1931074160509
1938582286521
1977770128826
1950151441386
1956762396750
1950865560612
1962714557264
1957682868898
1953904390175
1955263718401
1939442417007
1935582699304
1907478763427
1950779566747
1951256122131
1951057384419
1945829844981
1932440426048
1963846673647
1938079807220
1919668994180
1914011606960
1972677099480
1952477033022
1922332139627
1934713438877
1925405968372
1940229228486
1946414853613
1964257032100
1912996205634
1956011972391
1952447983700
1954544125856
1911468460240
1959009142253
1966850016294
1937551262871
1950984276005
1951247709119
1940942540258
1942018700368
1980105586558
1926911163643
1918064112829
1955818741720
1936265321690
1936434444220
1934476886582
1942241276588
1953148975628
1960592585248
1931337886431
1940293171207
1961819150327
1950357265728
1951394192925
1943330809705
1959300906649
1939799152991
1945468160193
1932279007226
1956529110913
1934907904549
1955454858417
1929926618665
1948825753080
1943825759481
1937153407703
1921105699223
1953647790152
1919907558629
1964051379815
1963164514975
1970114522572
1965757071191
1926823168226
1934277573991
1955054521979
1922193299786
1975879619842
1928954241171
1901315130973
1939610294423
1945659907745
1922414379363
1967159889386
1908542119245
1932492749041
1951168808121
1922916065814
1960194872469
1952618215136
1934939849978
1938383141086
1925754204904
1899657127097
1938489644402
1951633368121
1954853234919
1918910048472
1949008516261
1901618421639
1896336514459
1927299811161
1925890889701
1908000438122
1953741609038
1931863740864
1918790383189
1957005553788
1898631967824
1948731098736
1958589658857
1948683031987
1956380226881
1954574990587
1936594110358
1940933614609
1929295419392
1934637473304
1951070770959
1917747388931
1945470210254
1955267435691
1939102858276
1953313209747
1963930342320
1936272030209
1936978968682
1913868896722
1958294061382
1954320935768
1913388922528
1922874156153
1909346273980
1904023053863
1950279018994
1923491603934
1930442517239
1984962018195
1959532898081
1958431183732
1945442939844
1947642593928
1902493760521
1946499749843
1932682929682
1959817944234
1914007977547
1914116492573
1952413354539
1906946170042
1913252395173
1969989430389
1923328392988
1984962018195
1939669624819
1939915982076
1965557933584
1940453219557
1924782700865
1938268065489
1918181502743
1909477648914
1964804331438
1931198434924
1950516636581
1933599113532
1961513869591
1948705921315
1947880882974
1947080445637
1939296537640
1941645187409
1924468615836
1970055657088
1912191649439
1975474124340
1964815765255
1949223712071
1925287569320
1922827086464
1938074979669
1904279347910
1926519383683
1937449343555
1976218394504
1942271769361
1960108134082
1950778753234
1978984600728
1929289864511
1941632491432
1935760716353
1961428302054
1939677240676
1955071417069
1929134760962
1960051444229
1945986099138
1968014331048
1943100917019
1966969258522
1976802698083
1974952347604
1941847922037
1954389093587
1950804512264
1982329495575
1929055929713
1945292264009
1930099773980
1977293291157
1928578998258
1941256177095
1923290852591
1943082518942
1949644612125
1980063166798
1962450754024
1920703090894
1955877423604
1905330048885
1941844142111
1949843151758
1951960653621
1937359976585
1951298221548
1933744924231
1939748516329
1938592128086
1937010942315
1924055198802
1938764846460
1969242027351
1972604074849
1951378053202
1940755867706
1948271374035
1917247802309
1970314080936
1969714887380
1953802174166
1951324170324
1941769727521
1983295559340
1921246100879
1940925055320
1898338536424
1944803273820
1948995217368
1955210804961
1925451176724
1953182709175
1960315364899
1956587157464
1916523329749
1910798106994
1959848907815
1886384494772
1920783738733
1939111058846
1938624795004
1927525177662
1899529136852
1939142705856
1939114090002
1939178216656
1950602666882
1927539784421
1976165281178
1923664241418
1984672887026
1934634747501
1925284870128
1976582256371
1948495667896
1933836888575
1915620956988
1952551031682
1926204825401
1968074300925
1960936852026
1962830255883
1929526200728
1932081966286
1940461968796
1971341945750
1958464166796
1938165217600
1965124816027
1929270055214
1959052644546
1969663731623
1969457512672
1923199187311
1978573377173
1948939279185
1914914847348
1952046746578
1964232748434
1960484515355
1936584250119
1967719136024
1932486691882
1932495090296
1923418634308
1909165940936
1964308950722
1933678458880
1974307865359
1950228836161
1943405496338
1965834295492
1937482842261
1929762418460
1963486345876
1922211963299
1923008428583
1919793253440
1931794988480
1965819880098
1944044363597
1966616262911
1945243526625
1946909352756
1965078360800
1958458539004
1917914659613
1930599216816
1903828051454
1928540997891
1939065644938
1934459993353
1959848563474
1921356592618
1937552916991
1968212607017
1924492617468
1917746547539
1923801018026
1967557905294
1935254707629
1949871373376
1965187965075
1920032524088
1956224598893
1934844236555
1923403922524
1961876710614
1945334267045
1951190072251
1950921640297
1930530934008
1969507416320
1896579345168
1943504536338
1949771858644
1978860431312
1938337026068
1922393556155
1940323400292
1984962018195
1930140854646
1944912598697
1955158969815
1966080474878
1936134815071
1926126119931
1942177765835
1939945918321
1937375440658
1961949635161
1942084652038
1955959210043
1929345397672
1932638427098
1933953719401
1905031581670
1956110251820
1932096084885
1956299588475
1970646513193
1940889485606
1955247010614
1954233066762
1938268159735
1964772752434
1928406432602
1920686324850
1964071708484
1934182359119
1968454670999
1965286401484
1934321726363
1936164668305
1948870819638
1932846646968
1923519799352
1925896103656
1936532420448
1924289442116
1897556414033
1945411896711
1900234534304
1951377856360
1934011702777
1942018460597
1940477229599
1953919563327
1948347219685
1961436661387
1930768302894
1904026216874
1948377868827
1949480920873
1900865293385
1972965651659
1965096251185
1950212894822
1904598100530
1904658923934
1947162952853
1934313328506
1949258747232
1936893588296
1941727764633
1938409120362
1908440185232
1935422733817
1935590472388
1930673272480
1971898387889
1925043393723
1955596866953
1971952881046
1909614026176
1927117951567
1925360439661
1970629869310
1964182668087
1954768156503
1946969949208
1945280603161
1944556003288
1949010577102
1950886108621
1920569412270
1930837265150
1925374383310
1941271750623
1944260293356
1940994180959
1929417396599
1940972781794
1916454557291
1947881167831
1925264237578
1919120098109
1948960878225
1969706692883
1929562963544
1908885661686
1941777845578
1913970387416
1957047862416
1964034515145
1945331928321
1942483423198
1946430379269
1914045765081
1943464451402
1920732370978
1911174014892
1948599686259
1977571995409
1962272879210
1901863840962
1914339633193
1976739612595
1940838315822
1936591960802
1981147571123
1984962018195
1954415475219
1926321643182
1940269306414
1950841317678
1971856124377
1942301496685
1948873433691
1923728230383
1940594663309
1937172662448
1961873950908
1982675569687
1928503139254
1963319753168
1957171460031
1904519165912
1949259726367
1924695387869
1977483608433
1952656723434
1936297556323
1910110045224
1933512840597
1933970189179
1908355029015
1936765470233
1966627237702
1939321729561
1946491348874
1936218036680
1919882313392
1981679314892
1929095020491
1957336212160
1924161867566
1941206456386
1952792006214
1949622185376
1949116494559
1943189470493
1975447938805
1934813082419
1939843133274
1928682507537
1922204640672
1909389357684
1964783618115
1966014267006
1939855271545
1966279005346
1945647131973
1954480791689
1901623744316
1950399689656
1868054614040
1947993565917
1927608351274
1927251854921
1939741991188
1952782923627
1946446820383
1947273321363
1965548394578
1934864554295
1938349074467
1908656661117
1951331383824
1958407034783
1932506499743
1907808342913
1928686587894
1908880634122
1928904462202
1931942940306
1954032968871
1912735521336
1926724987479
1933569696043
1921681376284
1953139505537
1932898741521
1922549526909
1938356093923
1953448638408
1933018363474
1937633535039
1965326011046
1963122182903
1902622190032
1946090563187
1958558342355
1944042921997
1940428822742
1937829531814
1926308422577
1912401511905
1984962018195
1972783879404
1927511282110
1932615470317
1941808217951
1935579829856
1968199529058
1937755864335
1940375510470
1942652277262
1942438463711
1967977133519
1925388518635
1969175095358
