17006377
17236587
16278246
15553416
16472824
16396475
17081415
16353267
17174705
17765205
17713788
17159577
15707979
16903374
17104593
15598562
17872841
17165043
18594397
17046539
17084162
16425791
17728887
15815236
17905625
15670254
17111215
17903539
16466295
16307835
17056055
18540677
18215953
16351208
16550884
17924825
17198990
18446566
16938506
17990938
18704181
17155964
16274525
17005711
16285895
18613852
17005819
16401448
16997117
17936054
17148691
17129224
17120508
16472554
17049591
16485292
17049379
16259366
15754352
16353517
16928805
17676234
17147642
16308081
17075587
17184202
17806523
17118832
17902248
16296541
17114050
17306513
17851568
17778981
17028698
18635196
17019376
16301394
17086085
17151452
16335439
16093551
16189970
17800322
18520479
17950060
17119042
17370721
18028704
18881278
16904173
17262014
16702165
18114252
16755012
17324198
17232190
17443224
18188380
17519515
18053960
16404401
17770652
17564839
16473054
16589959
18665113
17677368
17317130
17883119
16443263
17327552
16406220
17161804
17042333
16335093
16234853
16351377
17842042
18012057
17151631
16197174
16305160
16182430
16967852
16223415
17106654
18496345
17531344
18523333
16986148
16993237
16872008
18424431
17690902
16219994
16273890
18417080
17782385
18228698
16384639
17875387
17843507
17129911
18378158
17181390
16893628
17652118
16937732
17786240
17225195
16249236
16247184
17729259
17157636
16134701
16944905
16316932
16245504
17672647
17007712
17778799
15934212
16981068
16960040
16345487
17344075
17739716
16396146
17824371
16448549
17837516
16431142
17916582
16335888
16836028
17104929
17682959
17722997
17715245
16970320
16732005
18387965
16364624
16924859
16954752
16853214
18454877
17010666
17584941
17824424
16945125
16896946
16909461
16422873
17776525
17838543
16970925
17088952
17619401
16420523
17543569
16288173
16286119
15493881
16526255
16322676
17697595
16926200
16431766
18538298
18533494
17017381
19266371
17825114
16224841
16247131
16212460
18037103
16837072
16272105
18480533
17034460
17042878
16188736
17742140
16198862
16400852
18371129
17201978
15546159
16225881
16949895
17629353
16966320
16267563
16350285
16927183
16959991
16997981
16937013
17751930
16978798
16407850
15428719
18728458
16982041
16277168
16319217
16286060
15646009
18309359
17688428
15687840
15812139
17340808
17939420
16393896
16519653
16338605
17701918
17342713
16716766
17803300
15635560
17123141
18035735
18430116
17047221
17713439
16396010
17115682
18812748
18944630
16386388
17028491
16398404
17055378
16934135
17007706
16143456
18342328
16874935
17859001
16855279
16256549
17640012
17059542
19223006
17826501
16937194
16925639
16107392
15798884
16056085
17163254
16650960
16189452
15918077
17328576
16195415
15598880
16409540
16999677
16670550
17027121
17559512
18017852
17266889
18200015
16282379
16296081
17975254
16358372
17197351
16798165
16921292
16945181
16900451
16860563
17038534
17743196
17030106
16227789
16751994
16961166
16883945
16981078
17805400
16847085
16999954
15401789
17204481
17049286
16910565
16990711
16422480
16835475
16918685
17710338
17840817
17688147
16432826
17266300
16883021
17853704
17825531
16050500
17078144
17251872
15927014
17268646
16780805
16153080
18552328
16271925
16332697
16994758
16947426
19521436
16858877
16515126
17739843
16890044
17854369
16417553
17660901
16378065
17148563
17009000
17869922
18701759
16322893
15411060
17697570
16311301
17549727
16996765
16137264
17095800
17877272
18365239
17007014
16168030
17708659
17164081
16298888
17647457
18595033
16662272
17670215
15623563
17842003
17642073
17790505
16979862
17692229
17751511
18426515
16210784
17063169
17042025
18330343
16239610
16232615
18537561
16284969
15569668
17007158
17006425
16296927
17686663
18437808
15665723
17045257
17661701
16884310
18514254
17808600
16936497
17057396
15562920
17702607
18418477
16178308
17621568
16873523
18622663
16637906
18305842
16957395
19750650
16529994
16451552
17179538
18267342
16934766
16914414
17143347
18350543
17548165
17638283
15568016
17281395
17431157
17947639
18636862
15535223
15580556
15468679
16449924
18473057
15545072
16426135
17160478
16910501
16408684
16652240
16936311
16246407
16795359
16305028
15506393
15603302
16932479
17033142
17025470
16164390
16244550
18405233
17047039
16388285
17514574
18238816
17171727
15809090
16384271
16814578
17446746
16808784
17998376
16361434
16249038
17864872
17018128
16824958
16370156
16996278
17889422
15947913
16404323
16268398
17157269
17020744
17709172
17116379
17611744
16958055
17194266
18765998
18454702
18227139
17097313
15634827
18724652
17052376
17067468
17898945
15607662
18332806
17060180
17110548
16931610
17033278
16326539
17031532
16947364
16279758
18369247
16995519
16984124
18336044
15523250
17828392
17751676
17923751
16296202
17228613
16253261
19171214
17073025
16813478
16480229
18270475
15528075
17819898
16894440
16390909
17787827
17646760
17723589
17644686
17041240
17687359
17945327
17044767
16714465
16590513
16992206
16835579
16448593
17183045
17044118
17365667
17837057
16377789
17918859
18211441
16938347
16865938
16213320
18117306
17705648
16944916
16376184
16784505
16918557
16870417
17673998
15513822
16746242
17661351
18376091
16259668
17787415
16577141
16557437
16920962
17013732
16288113
16871912
17081371
16828230
18053729
16682624
17133633
17116007
16957873
17719562
17519518
16200058
18508302
16968746
16271617
16981717
17728153
17778013
16569497
18877530
17630422
17170894
18068192
16962606
17202762
17125995
16222665
17152150
18023321
18510809
17401941
17261132
17041616
17342824
18618897
17046504
17286739
15574371
16279066
17002051
16988158
17324852
15655674
15655538
17017567
16668816
17040470
17255808
17724459
17929694
16233597
16321767
17623281
17684986
16924031
17305151
17309491
17646862
18622973
15419797
17090457
18414227
17861225
17229587
17342039
17223445
18191817
16167687
16973019
16571004
16185829
19197849
15528792
17148648
17362399
16376259
17276734
17517174
16302028
16828837
16945381
16371913
16425585
17393349
16401401
16125220
17795465
16187596
17771055
16833192
15291468
17001815
16913396
15509428
16922606
17635163
16243330
16200456
17045644
15585070
16736598
16608596
17699618
17881083
16366998
16402460
16562093
18297670
18027746
16623047
15668646
16419849
17570650
16338543
18972525
18509592
16335675
16215338
18121711
17025155
17180197
17217344
17119087
17364147
17858087
16946156
17654033
16417212
17775678
16611869
17173035
17277945
17333932
15555049
17866439
17027188
17007151
17178807
17382785
16419118
17811920
16754500
17922557
17771326
16961372
17784729
18416179
17027064
16346598
18451390
16232932
17654346
17645282
17617385
16928794
17037393
16246098
17589071
16209322
17817774
17864099
17741141
17947796
16645439
17444478
16703411
17852227
16401379
17181008
17070013
17200409
18097006
16512983
15870447
17818387
18781627
16339538
17205280
15538776
17453947
16290193
16413698
16746713
16844595
16263976
17646910
17748657
17201956
17764212
15493259
16916312
17789057
17244810
17317855
17961553
17405221
16286329
18545144
16456053
17076326
18970934
16604402
17918108
17919801
17993692
17089184
17181177
15482518
17545188
17232191
17346008
17171030
17278371
16153244
17872607
17260025
17751197
17148405
17831350
18965635
18472940
16292025
18818828
16640786
18385968
15986365
16266733
17168954
16494870
16347201
17499033
15637732
18539129
18066639
16345126
17379251
17690382
15856849
17598784
18720394
17095680
17454669
16948175
17278125
16463385
18302808
17401252
15702521
17020008
16000290
16327430
16616909
17365556
17177054
16749076
18280673
16615182
17579395
18052104
17921044
16410955
17092909
16595934
15593041
18035867
17404080
17724100
17078566
16756858
16640346
16589119
17715993
17364616
16079889
15788816
17809806
17108424
16518629
18117536
16846930
16691259
17228128
16234345
16974094
17749027
16825037
17669141
16990341
16265974
17221370
16315710
15545887
16216578
16205771
16948618
17165480
16175138
16372279
18472178
17874072
17089944
17021836
15703628
17770524
16089883
16225456
16493225
16090673
16896405
16554114
16280780
16161781
17180685
17862979
16594649
17853688
17292878
16256561
17022359
16445867
17089570
17601421
17045470
18442633
16415246
16231429
18320879
16421875
16744254
17070653
16457611
17781215
16303621
16180214
16962174
17745523
15938325
17166123
16322785
16311254
17342832
17573716
17010350
17232212
17732077
17147160
16966394
17354182
17757314
16283300
16355142
17635666
16343604
17160147
15660748
17520122
17010938
16608091
18462725
17078341
18665780
18731984
17124045
16282877
16476072
17715116
16922466
16943007
18548420
16561222
17934548
17911822
18046042
17167614
17188443
16850271
16995338
17380526
18125181
15676600
17620275
15642829
15710749
16273877
18025818
16750187
16472880
18069588
17036120
17036503
18968140
18669175
17958063
15509451
17915373
16046685
17942758
17751611
17693332
18209085
16969306
17079685
17802073
16654080
18401230
17347383
17908456
17819269
17459196
15829293
17591001
15567715
17210804
18182245
16372658
18644031
16298491
18149687
17272705
17177182
17789286
17534698
16910655
17177040
17711492
15611353
16440427
17789416
16384755
15612206
15513716
17091153
17419547
17749605
16809422
16439146
16369109
17148915
16977225
16934492
18008958
16487917
19376252
17067215
17402752
17625182
17746302
17728927
15574770
16294705
18367332
17924475
16542280
18610633
17476812
17134291
18904609
16572153
15813958
17259828
17908991
15651902
17236751
16230962
17484953
16592052
16410154
15815120
17385964
17186141
18362485
16643626
17331055
18968603
17027911
17621958
17565786
18590022
17086831
17213834
16459848
17810853
17275215
16615742
15463782
17796265
17938516
17279440
17945400
18833309
17743352
17886369
16261135
18623348
15857666
15733558
16291645
17825096
17857045
16798220
18331224
18519931
17566185
18575071
16941379
16354377
17753191
16369616
18191852
16552714
17117450
16807420
17269376
15552212
17363353
18031444
17936014
17063912
16303236
16451432
16426552
17403022
17202915
17047787
15867663
16910115
15732433
17220816
16991922
16551382
17165384
16654483
16977430
17820803
17959818
17522865
17175592
16388338
15642950
16595906
18528065
17551890
16583629
18282074
16570276
16897609
17934079
16590384
16825112
16799857
17241964
16359378
17226167
16446514
17634230
17459840
17022156
17704691
15811688
17760230
16433516
17236422
16135089
16859309
17357047
17213413
16176896
17077858
17050263
17461610
16934736
15579930
16993213
16976750
16956614
16934588
17225756
17847631
17750010
17768704
19042126
17838394
17545770
16978351
16946850
18515804
16368493
17200548
16419656
17144820
17133794
17060238
17691955
17948261
17929422
16379165
16525841
17671883
17680605
16195554
16188205
17671966
17190075
17825986
16338526
17144891
17771694
18436871
16970682
16276789
16228595
17039125
17726520
18367088
17903949
16769834
16968651
15513508
16949330
17015763
16998589
17714309
17035678
17315780
16450569
17130991
17785491
17130090
15504266
18306066
16418633
17820091
17838013
16112920
16947473
16285938
16867026
15785180
17623248
16884244
16981153
17166695
17784023
16950774
18361010
16139695
15408603
18459362
19112525
17539952
18582044
17241555
17662917
17912950
17455551
17309135
17141140
17054114
17161778
17910583
17813918
17150303
16321791
16970917
16899741
17377091
18397911
18547178
17839662
16398369
17373671
17122535
16512393
17229727
16560975
17195094
17937306
17104337
16272485
17976165
17246665
17169089
17063041
17827661
17879979
16316856
17811173
17101083
16206613
16291899
16179918
17688367
16468772
16381238
17069743
16241670
16382959
17763372
17740171
17773007
17061574
16944264
17837641
18537242
16298736
17042378
16954781
17826777
17768104
17755410
15650928
17763171
17404279
17038783
17434113
16905158
17649267
15865346
16542269
17096900
17015586
17710710
17133946
17003121
17080476
16919367
16995017
16963815
17082735
16184505
16527974
17068869
16953273
16393636
17688269
17705694
18356509
16998238
17046467
16885294
15624734
17033622
18559579
17644538
16170655
15965382
16608798
18659493
15737701
17182545
17671000
16335561
16128569
16926183
16317621
16981699
16293889
17709325
16865647
15446739
17556322
16985849
16582948
17718154
15800320
17548388
16918100
15599691
18445827
17634648
16994052
16335513
16311286
18149858
17148565
17360824
17087471
17133749
18335577
16034667
16676756
17066385
17676965
17627752
17149162
17886520
18086668
18716234
17214965
18055309
18074246
16397652
17864503
16410783
17190155
17684220
18039555
17130635
18494277
18434340
17205844
18915051
16601199
18148298
16359286
16516508
18812455
16566952
17494911
17531893
16266350
16884840
18290708
18849257
16243368
16269171
18755669
17769448
17620886
16766864
16559535
16573907
17486881
17270435
18424170
16740411
17946358
16268141
16453944
18892920
17405272
17692836
18576895
17196128
17846198
17218855
16709998
17335611
17028728
16895112
15568182
16474816
17413554
16229219
17528956
16852584
17414124
17836601
17144025
17427610
17329432
16404200
16993333
17380748
16464016
17064755
17767267
16300830
16175975
16173390
16197155
16891610
17126082
16940302
16845853
16215542
15741687
17622204
17984456
16774612
16948502
16199554
17144873
16756195
16321490
16362828
17121855
18497738
17101350
17011814
17705385
18463790
16898461
16910871
16251918
16162806
16171912
17028653
16271133
16202733
17770366
16853749
17769570
16302776
19254917
17170295
18458222
16239259
17603501
16331261
17183220
17775164
16149589
17273784
16218549
16917759
17053347
16983734
17677029
15514693
17699520
17806455
17671330
16985801
16904546
16180620
16973163
17775973
16238905
16239052
17051932
17141554
17569361
15396730
16980418
17229713
16971443
17947384
17056547
16940386
16342371
17851186
16242839
19265611
17022520
17688383
17109136
16735230
17686026
17131033
16315024
17068158
18427221
17033338
17686670
15490141
17717968
17226791
17321533
17713133
16947644
17392482
18831602
16076181
17100164
17767834
16416463
16984608
17563585
17744616
17049113
16986689
17051672
16203879
16359613
16995429
16914546
17748720
16286211
17003926
17092920
16639079
17640589
16331696
17047120
18893709
17031190
16978831
16011005
16192923
15639323
16805951
17309472
17556283
18056636
17211912
18787022
17843940
17204112
17094359
16912789
17171434
17271512
17034376
16036368
16336719
16300826
17841358
17302215
17669090
19287661
17287519
18218186
16499301
19657271
17048478
18059278
16881656
17012848
18083675
17126633
17059615
17645974
16365117
17709551
16932701
17504329
19310876
16982079
18108133
16315412
17326391
16974798
17685608
17006664
17945124
16106447
16894343
18553616
15542821
15559137
16824025
16268227
16280219
17910350
17742450
15525655
17095173
16786191
17671826
16904747
17028929
16372646
17030250
16342094
19347713
16145719
17034504
17142430
18386499
16092682
15325278
19205243
17021889
18292216
17164854
16843985
17073388
17630808
17572161
16832344
16323475
16504844
16993412
17024571
17091266
17186124
15500736
16502342
17632329
16896282
17610183
17006800
16444998
19420319
16932885
17639533
17107306
17173869
17136201
16899620
16328162
17133012
16935280
17072822
17086168
16952297
17083270
16318723
16419677
17880371
17540651
16984336
17126739
16467925
16334840
16896104
16187191
16236028
17034415
17780442
16417817
17595327
17275904
16971766
17649541
17046718
17032220
17676756
16261154
16995451
16245991
18336887
17554086
17586447
16094023
17921455
16213802
17704152
16862968
16996680
17142705
16991744
15561673
15374305
17102429
17739450
16601159
17533687
17746250
16314262
17335848
16905035
16266235
17144675
16937310
16992619
17091113
15442690
16490618
16856485
16789761
17039723
16935964
17273786
17097920
16307575
17203576
18638275
16456752
17758881
16862945
17745062
18368823
17811146
16297220
17732480
17676275
16367853
17122011
17912360
17146770
16288267
17001597
16300081
17174847
17006664
16743267
15541370
18450975
17777483
18428788
17148641
16150292
17121052
17929952
17709552
16839768
17769072
16822447
17218757
17483331
17071988
17774543
16904898
17789086
16071153
17620744
18280076
17595916
16951512
16364081
16639178
17204074
16307351
17909756
16972642
17715406
16947067
16251275
17103911
17709668
16943790
17155875
17036788
17066384
17248547
16280272
16988108
17093589
17684250
16895925
15584221
18550312
16254949
16948216
17115505
16949835
17792326
17024568
18558415
17116109
18593116
17631596
15598078
17742165
15641664
16052739
17235547
17741489
16903670
17165621
17027793
16991454
17662431
17098074
17074296
17501318
16929833
18480338
16211501
18367309
17910365
16260780
17123697
17289485
16511894
15598278
15530408
18035178
17175801
17949028
17251219
16384375
17337886
17128211
16436377
17237802
15621033
18123679
17725036
16436309
18809253
16151476
17002810
17465142
16995988
16230148
17057673
17632010
17645216
16004050
15720781
16398378
16276910
16320428
15688152
17273547
18749621
17785917
18568377
17066097
17659793
17698573
16871148
17521353
16968595
16873899
16922870
16496040
17190093
18134197
17197005
16524933
17963222
16565186
17925664
16321676
17670375
17023734
16140392
17731447
17026157
17021165
15554629
17785416
16606623
17737606
17688786
18174625
16335156
18062143
18288887
16477555
16267055
17083723
17729667
16330045
17704987
17651036
18346700
16313022
17974950
18021459
17042446
17562555
17088610
18082431
18362389
15737679
17179111
18102296
16179713
18654570
16634529
16949854
17179359
18578035
17011458
15719376
17535378
17098289
15572159
16589588
18495157
16998769
16462093
17029819
17582705
17699931
17285575
16295469
17321180
17928052
16440986
17073285
16920981
16432163
17188361
19029299
18472564
17381716
15819505
16911938
18039656
15433096
16920308
16188437
17049107
17825464
17768944
17618446
16370855
15550230
16985748
16156869
18143236
17843006
16631002
17277836
16232339
16422187
16180877
17269528
18113429
16286291
16913404
18085103
18610149
17078419
16428479
18039041
17999022
15668711
16329879
17235367
18686640
16321705
17629914
18379108
17374815
18757786
16561128
16408986
16172498
17037935
16668914
17022721
16906938
16398001
17344550
16510093
16466688
17091334
16902521
16648256
16610020
16371311
17221468
17794019
17221624
17177164
17077072
18352803
17216843
16921542
16229593
17137938
17014520
18124559
17740101
17301294
17737525
16968214
17168184
17459499
17647353
17844752
16408037
17019650
18646296
17269061
18238182
17785032
16216946
17781629
17523188
18043850
16909200
16392125
17523650
15477985
18087821
16469028
17292104
17247510
15666388
18289004
16119008
17102203
18425221
16420035
16384735
16198249
16935811
17114907
18258187
17017939
16543078
17527226
15980436
17623555
17108687
16983679
17640401
15561261
16249433
17249055
16236840
17198957
18047692
17695928
17538965
17476669
18435339
17195609
17173174
17120831
18680555
17073803
16995996
15859148
16525395
16353155
17998094
17918761
16941306
17929412
16817132
17066698
17349959
17635906
16849719
18957866
16976110
17706253
17800297
17017813
17585722
17586497
17042158
16181616
17298710
16972742
16893354
16268707
16992388
17123978
17641126
16901078
17651293
16435685
17071019
18568998
17808193
17132894
17066613
17429910
17147546
17640869
16913303
17624753
15583472
18356195
17593175
16982212
16989223
16099678
16120954
16174585
15579119
16460386
19179376
17065639
15515210
16248367
17563952
17137688
17436775
16224300
16394271
16207547
16981488
16229603
17406887
16330018
16453422
16219796
16238436
15538358
18022800
16936763
17073747
16286451
18933548
16713832
17079189
15413720
16357475
16448819
19040956
18343628
16167400
16934323
17885296
17843029
16351566
16964406
18512335
16099830
17015820
17113366
17852062
16928668
17660141
17657227
17830445
17093263
16359769
16224417
18319717
16894581
17588836
17700879
16343221
16326586
17822406
17600589
16253444
17188836
15650476
16262327
17637603
16106200
16202915
18693134
17259201
17092338
17369155
16417174
18402202
16331939
16998405
16290723
17842643
18658350
15313364
17082691
17156545
17079901
17024068
16988015
17597864
16393591
18444187
16508351
16922180
16298061
16506705
16985344
16277343
17184277
16455344
17304504
16646494
18059560
17353481
17876798
17505056
17147652
17289149
17820995
17801005
17763406
18076774
16402592
17050815
16397657
16941953
18365055
16275164
17354702
17161593
17724987
17055828
17024101
16479533
16560590
16465009
16501638
17412547
16278228
17376725
16964406
16395251
18287057
18211998
17319104
17057639
17212258
17132183
15948721
17551996
16371578
15895814
16496859
16996351
16494121
16030017
16408743
18040128
16699640
19596352
15556357
16488685
17476272
17260184
15940239
17168942
18668138
18002794
17570780
17010258
17329440
17734165
17925018
18741372
17188379
16865003
17225235
16832828
17861821
17404998
15835037
17343977
17301315
17143451
19014593
15860378
18462502
16848292
16718795
16319502
16431837
16902821
17048483
16886285
18485230
15594187
16248504
17778923
16858172
17053066
16331803
16479955
17684818
16789762
17040574
15616227
17729753
17059816
16229161
17006706
16208797
17339909
17149906
17055935
17842220
16319362
16549142
16356277
16307187
16820171
16352337
16987939
17339453
17697737
17026897
16241954
16904042
17097784
16380061
17719403
17822850
18415005
16212788
16211841
17041995
16350642
17695616
16846858
15591571
16304700
17024541
16288718
18339865
18531803
17821908
16331803
17103682
16954431
16261309
17042489
16407949
16253057
17807228
15291300
17554491
16419049
17012804
16975824
16327134
18212000
18375539
16900973
16139081
16289205
16898591
15410272
16321977
17688683
16898652
17133472
16846803
17046712
16279563
16971112
16283965
15468552
16297806
16514918
18413474
16863103
15534889
17093971
16136447
16532802
17819984
17088397
17455446
16224557
17714934
18316368
16943633
16849564
16982001
16990183
18550158
17697463
16254921
16895916
16866016
16203231
17868250
16199968
15404984
16200873
16826805
16325488
16491491
16994131
17080195
16939260
18253997
16888370
16189490
17044271
17182042
17013629
16231079
17492215
15575393
16441769
16271268
15490612
16992703
17004716
18121314
17109096
17501710
16082386
17696723
19138863
16261974
16636368
16959450
16389615
15275216
16921056
16990734
18516632
16342459
17028600
17396313
17499290
17061475
17183775
16192488
17039897
16995658
17038135
16917543
16877109
16926129
17816050
17709958
19121070
16269412
18211779
17907664
16926721
17666820
17664765
16509928
17715856
17458243
15580925
16335581
16989408
17949787
15775600
16587562
17844196
17772264
17077333
16465139
18330229
16262802
17045300
18573449
16551260
16145423
15742878
16932266
16971887
16230964
15911547
17416740
17023232
17720814
17200840
17183850
17806013
17226162
17798612
17350623
15701768
16278065
17698516
17670988
17100962
18679303
16513983
16386321
17429930
16323562
17966775
18113437
15552376
16406276
16910788
16389811
17304852
17652515
16271423
16363908
17175838
17762820
17110060
18615279
16339705
16983173
16499286
16248847
17027697
17105519
17609832
16987900
17116002
16301326
15477082
17032797
17989246
16200747
17092362
15507044
16326310
17081173
16256383
16697883
15638197
16991614
17993797
17022802
17762023
17002342
18396237
17547818
17611718
16040592
17657640
17734986
17026275
15404709
16582355
16533567
16497631
17192937
15748608
16145030
16932301
17716657
18436627
17051131
17897383
17121287
18515336
16899841
17166710
15596928
15661828
16789302
16225578
16221798
16880254
17997939
17000123
16879068
17521071
17878478
17738020
17741489
15660985
16979683
17126997
17154915
17090808
15624780
16321146
15701632
16351417
17145639
17363013
17056942
18057197
17398262
18005543
17893365
16302089
16187096
16986108
16245661
16191884
18647550
16230428
18543336
16277076
17988612
17179415
18077088
16895727
16497425
15607399
18478809
18397610
17384970
16254481
17916047
16302633
17601140
18731987
17761593
17037030
17743632
16300231
18403363
15831026
15503555
17820948
16560344
16350471
17083463
17720716
17217540
17032138
16721968
17571007
17238035
17843993
18155336
16614028
17322750
17360110
18949326
16423955
16507655
19784850
17162534
18735398
16709827
15704686
17176651
16752473
17145520
18032875
17536514
16347454
16289513
16430997
17187504
17247573
17533232
18806691
16410841
16770059
15453732
17765711
16652583
17259359
16564709
17090414
17060686
16743168
18096303
16515324
17179880
16977562
15739281
16065728
17859092
16737119
18407876
17599457
16393895
17924275
17179279
15499782
17112331
17897902
16397579
17868249
16377846
17202376
17059842
16637919
16936813
17908363
16428459
16366765
17113467
16540973
17671279
17127591
16393534
17761876
17022146
16970576
17115199
17829031
16346043
16229080
17755458
16165602
16412561
19847989
17882209
17827665
18346843
17109143
17259172
16271269
17006227
16667290
18426443
16359381
18098933
17196838
17207499
18254096
18603836
18572149
16361502
17447135
16948838
16748644
17369345
16603601
17031728
18788017
17751914
17365374
18485067
17389445
16523216
16436888
18238933
18020605
17381360
17053765
17891641
18504920
17052706
19082992
16765012
16401559
16296593
17326648
15542392
17775845
18912675
16855138
17038004
18414690
17287410
18230817
16388285
16428962
17257272
16496599
17358758
18416555
17465232
18249694
17390723
16319053
16356369
18021883
16710725
17101844
17283417
17091488
17226077
16589822
17709656
16443496
16200904
17095083
17929821
18045564
18255265
16951649
17080150
17264024
17372548
18014080
17147243
17755426
16426059
16449166
16354597
17667181
17213868
15783695
18418871
16961451
15545389
16915200
17035196
17812148
17870947
16427175
17278189
17983753
17628546
16455044
17814048
16260719
16344694
17866466
16876145
17041448
17656285
17716726
16935606
17882158
17163806
15529657
16303591
17047841
17766839
15815331
16498686
17105140
16991206
17402758
17011009
16940273
16861403
16179300
17043915
18415777
17118249
16196225
17687153
17152310
17004404
18500588
16467950
17197507
17687475
17204203
17236658
17593718
17333917
17236923
17021773
16367760
17772593
17111070
16887947
16790740
16939735
16854941
17628646
16993954
15732387
17662644
17006163
17744229
18225620
16468635
16983190
15480508
16341468
17718771
15718438
19274090
17261692
17011652
16268609
17061653
16238447
16226378
17827460
17732430
17387976
17591796
17815891
16104791
16324762
17818862
15687790
17830091
17742643
16476773
16381149
16292482
16277781
16295999
16261043
17551362
16927710
16348602
17069099
16338268
16342946
16531940
17149236
17779619
17785558
16516813
16211089
17714568
18359118
16256338
17750204
16253763
17230355
17642322
17749208
17182276
17884525
17303461
16351812
17966575
16373416
17838985
16320916
17073855
17037283
17712634
16347123
17797983
18585138
17790870
15399229
16925946
16394293
16499564
15441670
16886962
16468772
17022052
16195966
16281559
15872574
16765048
16320115
16484118
18122104
18392730
16303510
16169952
16327997
17756477
16907509
17717771
17111413
17867874
16630168
16912170
17993712
17774643
16398004
16285002
18386947
17627078
16940760
16876049
16123185
17735115
17809444
16302659
16885668
16335239
17082051
17697245
17720987
16339809
17737084
16859962
17018828
15982809
16951496
17121996
16943611
16789275
16221206
17265317
18662898
17729301
16989546
16217868
16989368
17567379
17992020
16988373
16302614
16145055
17087941
16343944
17599336
17196307
16936425
15576432
17820711
15551468
16188492
16825206
16353120
16431426
17713540
16997167
16195054
17035711
16391998
17140360
16527877
17044854
17415071
16347272
16255000
16417419
16496280
16486152
18312407
16266075
16312315
17680558
16489201
16256718
17859936
17112458
15531081
16266291
17964583
16988955
15618737
18057433
17014519
18073520
17667942
17468798
17807379
16434001
16987861
16167125
17915760
17752616
16161730
16212848
17628279
16943368
17776793
16465632
16890535
16326107
17008446
17013660
19875989
15524577
16261105
16950352
16733828
16765388
16119948
16931452
16512683
17630960
16288627
17716403
16306954
17085416
17000694
17868781
16916622
18184211
16996296
16328168
17096623
17016730
17704122
17851712
17028690
16887287
16269644
17011796
17145794
15525072
16906838
17669965
16627779
16612143
16858959
17038734
15658626
16831003
15655347
16293959
16240072
16272789
18460032
16346799
17109600
19318416
16308810
16944309
17104369
16364097
16894392
16863861
16571773
18169900
16300680
16435832
17037368
16457029
17734219
16132735
17099526
16572180
16404467
16226044
15468897
17282767
17721184
16942482
16341476
17640106
17071873
17724217
16246038
17626132
17057438
17634149
17708790
16278105
18481761
17627795
16425597
16876522
17781105
16091230
17068467
17688600
18405996
18547626
15534666
16157240
16237699
16479638
17067512
16167700
16983037
17739880
17744975
16323610
17676822
17119252
17755332
16233560
15606126
16954512
17010853
16925614
17778485
16067301
18312649
17592859
16247240
17077257
15620138
16191323
17059146
16986454
18460017
17634163
17802627
15507056
16235510
16207788
16292214
18106711
16454204
18316884
16870370
17729589
17001492
16954944
16884012
16242125
16308645
17591249
16281790
16941223
17816882
17813697
16106188
16837875
16186438
17043875
15521182
16173385
17775603
16225308
16868859
16940365
16330661
17747571
16191721
16256836
16989019
17053206
16194058
16954396
18204265
16174261
16392140
17621128
18589289
16396614
15735712
17682986
16998247
17909886
16209545
16144797
17024652
16930279
16977910
16363829
17103239
17778640
17041666
17052048
17134806
16796983
17012855
17759344
17677186
17580024
16196472
17083665
17663948
17160781
16246737
17652760
16854109
16955799
15979307
16409406
16878672
17004063
17203810
19174532
17442826
17571595
16215944
17634339
17098442
15460177
16341705
17149991
16310741
16453135
16995831
17030319
16191717
16903565
16247529
16342352
17575800
16949191
17910666
16180620
17700552
16260760
16406719
17148916
18399251
17072943
17163065
16774975
17009482
16217214
17698523
17804964
16303977
16607881
17753576
17023126
17072845
17127508
17066082
17696004
16408533
17825082
17675227
17240684
16364146
17364647
16352763
17295482
17483438
17633094
16206471
17830009
17771455
16917597
17100207
17003142
17853543
17098164
16861390
16855713
16186748
18651866
16213218
16507612
17675660
17214448
16261659
17624098
15561606
16917500
18087339
17584325
16958475
15564759
16391187
17004265
16364356
16975721
16195215
17050489
16900399
18405623
17063044
16565385
17667745
16167882
16217916
15595285
15671207
16893820
17659653
16987682
17668399
16284049
17689979
16320726
16916612
16265421
17481398
17281617
16568255
17799237
15496772
17172327
15572231
16318267
16933688
17775557
18050394
17160816
16277658
17281499
17669365
18890393
17201083
17066255
16444586
17168391
17779166
17070374
16855201
16896800
15947528
16825287
19464595
17401483
17878746
17220760
15549036
17802535
18244097
17296026
17144518
16653747
17493652
16916066
18873474
18395752
16387360
17309748
17920965
16678450
17120519
19016725
17425289
16438132
17922313
16809337
18510215
18965814
16896590
17078532
16322808
16670234
16945554
17312417
16559544
18138067
17184694
17211389
18080676
16959198
16460714
17785682
16781710
16214160
16459582
15731779
18231216
17401685
17966688
17272021
16844849
17058234
16315660
17758924
16918805
15795568
16437825
17837577
18469675
18002486
17736513
17723220
17711920
18595178
15555257
17704673
16330637
15496642
17797224
16216287
16988771
16975600
17098250
17105912
17820772
16520743
15429023
16835878
16198384
17238143
16317385
16294229
17699643
16455215
16940656
17747323
18095197
17538201
17027126
17582534
17093344
17076911
18596311
17254670
16909947
16186987
17133230
17224826
16554840
17184042
17017858
17119596
15687921
17079107
17013554
17239427
17507549
17868217
16720934
17730406
17851004
19439203
17847924
16474603
17580705
17155402
18458549
16330909
18008269
16292022
17640346
16944684
17863510
19132427
16961133
16262237
15668386
17087347
17100234
16342367
16508850
18539472
15420701
17067635
15739394
16439346
17171589
17624665
17005369
17260291
17748180
16364668
15510196
17234628
16958658
17724183
17686619
17183096
17099575
16503487
16412801
18766110
17102979
18053301
16665114
17802809
18229011
16088869
18986862
17072037
17076708
17008544
17124637
17301949
16307556
17923359
18358642
18872161
16319398
16585493
16671328
17853262
17088804
17081518
18455302
17318480
18866150
15732130
16536700
17952110
16396882
15624752
16374231
17251745
17190346
17130499
16357582
16312300
16459992
18157004
17452190
17441979
18057982
17172710
17213170
17320885
17302334
18753375
16244102
17806161
17287857
18655317
15608707
18636794
16671848
18191010
16985791
17306601
17070460
17824383
17417999
17703513
17833906
16051158
18480975
15628790
17137417
17138978
17094366
16284440
18317332
16223300
17762642
16939574
17424059
17005982
17698025
16236457
16733090
16185668
17688572
16141960
17694577
16373688
17201377
16593793
16316649
17577320
17381426
18029248
16240347
17535312
16932540
16224911
17011230
16485280
17030807
16456938
16977122
15714354
16870987
18349710
18363603
17775484
17064680
17052689
17735859
16856124
16141529
17758598
16418397
17787048
16574419
17879175
16454473
18453636
17712880
17688488
19050436
17092306
16356792
17192522
16733441
17409542
16473763
17659350
16424866
17460037
17621701
17315311
15697394
18289187
18002010
17204312
16973059
17290811
17801474
16958426
16348901
17913417
17179843
17076034
16357169
16860724
16547602
17493845
16933355
18804839
16304371
17584440
16928237
17191104
18565230
16256276
16369950
17915321
17795965
17511859
20027412
17291773
17169284
16889317
16999047
16373179
17203980
17908003
18766688
17850496
16520597
18773382
17317975
18280993
17443210
18259032
17495170
17141901
17455703
16241620
17359784
17648808
15753791
16283528
16635149
17981274
16478802
17323120
17996724
16467567
18154931
17763992
17659404
17078546
16476755
17295679
17820508
16248778
17021464
16532006
17805844
17943478
16507195
17700575
18012063
16084136
17189377
16158813
17764862
16224877
16438877
17245551
17056092
17469610
17885534
17850382
16730158
17260868
15848608
16707089
18301999
17063648
17566664
17278284
16375450
17643159
17125907
17249437
17126134
17037560
16306166
18043598
17727016
17349800
16423794
17652304
17834260
17043973
18015671
16247249
15806190
17762525
18011375
16351233
15825019
16406850
16303044
17003959
17868316
17517008
19039288
17100371
16495881
17855451
17101154
18400505
16927375
18327448
17648073
17972527
17497079
17283158
16440205
18055758
16430875
16251983
16434619
16502534
15933686
16401043
18094953
17200196
16100893
17459355
17919070
17020197
16482271
16634661
17816717
16857195
17067530
18444958
16692271
18864198
19362262
17567592
18593529
18262921
18377829
16592169
17812074
16557293
17082977
16193237
18081215
17889550
17023628
16599493
18240343
17612482
16546450
16531039
17081709
18190126
17968059
16491723
17635200
16648845
17214617
17414852
17411593
16424310
17427186
16897609
17071517
17191640
16461481
17084117
16535530
17716790
19044895
16809931
18079737
17399589
17132008
17055683
16625847
17922880
15615671
18121914
17268234
17130038
17094121
16409816
16387110
17709703
15878749
17051839
17818225
16371106
16937157
17210872
17962807
16363679
16515302
16947927
17088889
17027193
16883040
17696000
18042178
16125290
16458697
17793714
16193249
17827260
16551591
17099617
16008171
18014874
18574371
17822040
16290221
16640590
16975731
17198226
17910586
17323876
16392251
18722809
16988999
19347740
17151466
17685279
15570357
17066183
17771639
18901428
16214840
17343545
16955387
16983633
16275309
17053392
17398680
16368996
18130672
17446938
17868561
17362614
16894264
17144338
17215186
17077605
15693208
16726486
17777540
17726426
17846723
17706068
17989770
17336859
17885061
16927539
17078024
16789344
17026429
17054152
16929094
16123391
17028280
17812910
17117119
18202737
16426374
16638457
17207002
16381566
16373979
17706621
17182751
17715606
16941136
16259871
17164496
16462699
16179703
16967514
16943838
17755975
15828287
16386881
17954482
15753563
16254616
16520478
17674843
15660549
17058382
16498233
17204724
16218337
16713283
17265314
17442727
15675631
16398002
18491494
17735075
18599352
16023434
17222108
18169312
17939468
17761558
16820045
16913476
18233749
18108439
16920685
16299923
17012198
17610621
16275678
16129101
17778724
17841863
16943448
16914755
15665775
17642158
16248040
16400222
16583537
17766725
17009450
17048877
17983034
17346865
17442749
15570239
17836905
18399636
17799058
17432544
15816212
17671364
16341594
16387468
17025376
17020790
15673067
17383466
17093423
17805891
17813395
16499767
18445822
16528252
17895417
17224877
17086839
16559193
18646789
18504002
16437365
16448499
17081882
18492308
17925464
16325649
16870949
17104395
17645079
18403077
17662999
16528922
17317266
17631746
17021488
17747565
17833681
17082800
15414088
18416258
16944932
16619044
17105811
17190275
17967711
16297263
17058994
17745545
17346031
16924378
17009580
18337274
17267717
16941603
16206771
17045924
16274524
18322037
16969525
17025046
17561532
16181986
16119021
19057903
19157153
18259065
16209149
16382141
17676512
17671320
17020548
15553124
17700353
15563984
16482864
16958671
17684714
16999933
17915910
17073868
17111180
15439966
16982333
17071601
16283176
17743181
17496392
16877674
16325037
19323483
17019209
17736632
16269648
17793824
17036065
16519277
17584294
16915329
17098554
17856496
15428260
17104552
16273828
18619906
17900969
16926929
16207009
17828729
16254167
17041355
16897461
17087219
16930038
16204954
16245562
17079327
16600365
17121936
16305786
15581452
15651524
18095237
17635206
16968023
16103938
17544859
15439301
17217116
18325663
16534315
17367440
16109780
18028792
17122192
16482153
16359604
15400512
18419440
16488322
16654098
15612540
18458203
16262470
16236449
17668717
16501533
16957672
17653184
16258952
16494321
18013985
16679300
17453073
16231827
16185672
16489164
17273809
17976220
16483383
19046522
17707386
16430272
17217602
18559097
16392896
17184282
17473449
16923033
17279403
16556991
17097408
17345629
18002225
17851135
16384003
16353687
17067469
17081629
16231056
17936612
18151260
17934368
15928236
18634003
16981277
17677741
16445606
17069953
16274593
18411133
17019250
17164956
18468315
17719813
16782639
16944982
16255708
17001846
16957455
17903371
17701891
16262272
16243845
17878412
16403906
16090058
16918517
16894976
16927802
17793146
16108319
17083740
16172154
16268388
16939896
17625532
17659546
17576851
16420474
17631036
17806627
17851839
17055060
16559751
16042068
16948902
18341434
18434804
16144918
15483909
18406275
16308424
16930207
17128415
17776244
17015209
16187778
17718960
17785216
17107678
15686238
16261171
17034610
18407656
16257771
16305310
17153124
16839756
17705519
16984910
16237660
17174548
19091378
16439903
17618749
17012388
16973513
16125855
16346254
17154305
18388549
16404035
17730551
17654429
17030903
18435195
16209414
17821364
16298404
16304665
16310084
16091858
17741199
16987507
17836805
18542681
16867169
16957316
17704555
16394480
17930408
17819784
16985549
17202878
17342024
17572651
17817045
16529564
16306859
15104724
17193127
16358542
17745079
16927676
17761344
15461229
16896936
17231739
16312983
16235072
16590905
18484298
16333703
17819210
16514617
16337985
16312962
17114235
16391274
17001964
16949621
17279204
15495310
17023789
16920146
17130788
16791849
16285841
18555830
17266042
17132717
16995147
16950899
15701225
17130864
17823439
16392044
18441325
17257985
16452957
16924019
17763106
17199948
16951959
17810830
15517534
16822800
16153775
16275705
18108777
18553252
17119782
16328099
16258279
17149020
16301422
17798699
17604615
16876716
16419717
17604838
18153185
17868048
17736367
17074150
16214948
16407153
15846220
16357882
16306245
17692187
17031775
17234397
17751355
17012834
18652709
17743234
17886810
16988845
17785586
17963741
17052229
17647689
15702709
17617004
16973248
17015863
16869927
17015602
16276012
16216066
17763982
15587074
19442530
17130559
16178745
18039843
16986988
17527186
16999857
17681801
17659176
17081020
17718372
15418371
17700648
16436508
17589500
19129816
17678716
16300383
17046785
17647483
17641748
17794352
17653188
16965038
16886261
18466991
17683419
17499418
16903059
17053389
15675359
15518033
16256541
16968080
16250248
16886602
16382082
17826125
17699455
16462728
17140553
16475294
16351630
17308755
16958679
16430205
16217784
17915016
17921186
16084129
16477371
17320147
17004567
15613445
17347764
17744332
15873719
16554215
16826547
16191729
16981098
16328763
16400997
17410052
16245237
17581038
16539799
16975889
16267117
17750887
17726464
17007470
17987000
16585274
17067707
16410327
16912890
15660867
16353091
17521364
16383586
16493624
18555650
17758671
17118966
16288492
16241598
16539843
17282329
17259321
17903325
15983537
16293186
16537028
17328498
15609132
17875707
18058337
15864874
17722138
17465560
17848104
17735761
17284679
16130875
16964495
17606894
17004991
16323976
16932075
17882749
17142112
17145255
17108419
16105066
17623537
17751819
17145424
17666372
17153944
17174316
15544050
16962889
17627839
16432373
17564293
17068362
16982588
16992621
17916802
19068952
16920304
16285752
16173218
16302233
17719643
17646144
16166864
17650070
15512503
18430831
17030289
17035348
17044748
17703172
17044036
16994963
16098176
16410907
18433736
16938000
17110672
17141927
16398026
17032908
15531982
17949529
17919109
17124169
17789178
17795386
16928291
17027113
17827421
16401581
17660142
16395402
18430399
16985917
15674912
16406831
16449964
18103937
17165446
16902776
17533075
16306586
15656879
16497831
17621243
17777035
16970436
16963726
16989338
16470662
15682384
17617941
17295442
16647851
17250819
17940993
17029587
16964911
17525215
16577177
15872241
17927730
17245787
17396452
16513944
16364815
17333441
17990427
17066873
16233623
16539635
16885206
15919654
17052461
19105777
16583065
17468913
17456248
17783307
17790274
17034586
17366966
17861188
18215626
17930067
15476864
17216335
16590454
18045084
16277040
15843802
17338452
16496412
17147344
17453000
17500164
16959317
16657283
17210148
16423997
17273583
15670600
17353285
16843398
17791762
17196894
16953953
16574578
17621416
17567484
17580408
18034738
16818521
16964611
17714939
17209673
16958392
17688129
16251632
15514711
16817218
16865205
17384114
16246058
16220192
17026358
16175867
17853429
17743281
18126425
17133533
17965888
15818397
17166592
17136111
19151314
17719961
17863533
17084322
18646228
17445227
16501462
17001283
17230251
16551795
17793446
15889701
18073938
18031069
17893865
17621002
17090065
16147667
16206289
17109667
17135871
16337428
17026433
17007224
18799816
17290639
17217245
17656703
16928260
16194032
16865735
16297883
15561018
16448446
16220612
18285129
18157720
17499263
16723988
17199848
17005282
16980139
16210712
16999560
17596141
18467108
16839033
16950153
17625916
16852920
16193921
17798433
17878968
17033917
16151890
16830202
17784319
17625510
18276646
17756243
17256353
16884457
17729700
18457321
16189355
17684267
18385045
17994702
17584090
16939290
16334393
18658329
17271034
16858807
18674400
17434140
17323752
16361297
18155752
19576539
17235133
19868770
18059086
17118708
16927684
17674089
17013989
17242520
16800857
17300365
17474605
17097726
16663519
18018388
16678285
16293850
16233047
16597374
17328672
17502522
16902682
16120717
17361981
16672041
19006149
17725351
16748147
17722786
16352434
17598752
17899296
17453234
16732028
16124190
18199445
18343858
17959894
16624374
17791194
16346423
17255425
17485233
18010492
17868347
17185646
18162398
16936921
17428061
17124779
17201127
16543146
15696801
17650323
17119162
18429066
17238217
17635576
17142327
17710323
17973796
16288205
16488579
17884572
19586012
17565887
16023167
17988809
17977496
16356826
18251648
17683012
16806879
18103745
15826549
16404065
16846965
16805450
16312914
17259339
15418169
16612307
18593571
17639225
16633103
18038374
16546379
18189450
16546609
15752806
18526358
16616681
18115409
16602387
17990045
17390390
17156361
17297398
17300483
16327486
15852948
16637162
18515163
16449261
18069609
18085302
17103765
17324784
16434630
16907781
18179863
18023573
16171631
19102472
17624681
17132881
16636861
17189867
17311254
16543568
16465715
17206017
16954350
18249933
16782139
17742279
17903206
17172152
15655878
18985658
17751352
16527420
17073514
17680417
17114511
16675675
17872691
17848015
16273217
16304536
18137587
17475039
16422176
16910509
18240504
17197647
17343942
18039348
17319776
15776512
18386681
16967622
17224821
16961461
17095620
17235643
16690783
17309568
17186239
17306019
18118329
17786207
17194006
16348031
17764705
16600338
18230877
17225551
17652144
18097824
16968225
16550566
16387605
16528283
18193885
18584044
17731798
19430556
17242998
16784987
17221850
16367840
15570203
18278888
17197335
17903239
15672502
17718440
16183879
17091241
19183990
17098952
16626382
17894101
17000232
17956953
16561131
17498590
17472440
16656672
18317131
16314583
16272554
16930276
16467694
19034831
16437785
16440652
17374511
17677700
17878658
17744406
17104237
16840616
17121795
17659949
18376630
17076723
15919730
18043574
16931772
16363250
16923839
17090967
16914228
16173233
16950506
17726671
17744816
17671375
16224089
15433600
17573432
17610619
17054951
16350164
17736353
15654945
16313232
17094429
17661184
16926569
16354505
16373969
17050253
16360338
18608059
16991154
17780694
17023894
17274273
16700712
18012177
18950816
16982549
17762303
15693115
16276199
16256641
17012513
16916955
16974903
16181413
16951947
16467728
17020142
17649312
16954799
17716625
17683990
16989542
16290611
17096470
17771446
17431640
16415655
18772373
15745519
17300985
16352615
16300876
16697825
18419506
17944462
17744086
17142726
18119575
16735161
17253532
16986179
16354869
18334136
17749720
17058536
17792310
17045020
16105171
17094517
17443204
19246227
16976470
16289633
18307895
17174145
16992687
17875010
17981371
16285897
16839639
17161476
16615555
16519992
16474533
16534966
18069390
16763896
17945216
18281544
18671233
16428832
18214087
16544153
17746616
15995073
18146717
18494082
15895463
16732926
17147841
17206474
16529117
18092532
17181456
16489685
17305683
16385908
17253897
16704955
17518525
16369439
17213800
17329090
17314294
17172153
16429290
16571814
17732012
17536501
17262784
15897874
15655322
17904310
17440019
16337104
16659438
17764375
17401009
17025789
18064573
17661206
17730461
18396246
15719996
17533046
16176618
16027113
15389769
17139494
17966826
17275263
16395632
16972143
17787598
15611174
18943925
18463358
16336632
16972240
16950783
18029938
18080373
18571215
17182173
16973835
17556235
17963273
15642570
17422562
17267043
16610868
17561745
18174357
17194569
18080111
18174840
15680400
16406550
15775348
16445565
18057306
18296762
17093313
18727530
16836396
19249281
17077831
18152094
17617739
17330239
16760556
17280351
17945314
18994622
17608400
18895421
16716518
17791627
16967155
17174788
16430822
16865699
17994287
16599203
18886751
16610316
15729100
15944519
16521250
16855543
16617209
17315303
17311251
16543113
16419892
16419652
17999301
18055810
17279075
17874982
16616695
16622172
17501168
16310083
16949151
17992877
18204017
17339800
17579352
17269221
17092331
17368088
17082283
17933301
16436937
15626646
15644053
16990567
17053944
17461611
17937772
17852449
16831726
16408711
16882649
16519767
16312448
18055415
17858092
16963914
17105485
16954340
16152021
17208338
16517964
17874193
16250207
16391514
15667018
15881717
17119353
17146919
17647011
16267344
16524029
16683046
17340245
17189439
16487555
16940130
16902187
16595152
18502470
16329086
17143917
18565826
17299256
17339935
16400872
16402630
17533391
16138867
16507347
17035741
18596554
17911122
16952218
16477194
17223171
17631251
17961465
18097994
17500530
17978241
17739625
16602658
18193912
16078450
16432239
17653597
15882927
16479184
17510058
15649398
17520532
17038074
17635527
16590521
16949615
16970840
15649064
17937968
17323264
17038116
17712554
17968610
17130246
16429963
17159396
17645385
17017728
16781368
17023685
16417378
15574845
18509189
17148985
15694347
15664780
17530370
15534293
15498191
16476358
16237020
18642227
17644702
16328673
18409769
16638315
16324413
16524806
18149014
17087335
17268253
15629933
17225063
16253032
17488304
18505459
16515192
18113022
17757070
17818934
16935598
17329965
16526956
17131651
17637068
18248927
17181833
16431206
17361298
17185754
16327828
16531045
17822697
17024608
16481678
18578875
16360133
17355022
16627038
18813162
17089944
18198369
17353623
16244314
19577619
18064554
16063149
17257982
16847798
17277411
18078509
16791503
18117681
18184909
17922960
16389535
16519421
16929791
17008337
18023847
17079468
18347999
16994980
15514238
17136760
17021496
17057170
17091911
17754399
17014326
16189971
16153776
17120441
18399639
18169474
16926604
16518995
16836385
16253278
16250767
16920155
16992647
16344908
16324472
18082525
16184725
16952411
18015765
18902007
17140080
16581665
15694251
18016571
16926108
17722916
17913088
17060943
16979203
16876359
16995326
16315592
17828326
17705031
17213826
17202634
16104176
17290692
16593639
16333196
16567662
17350645
15744728
18234631
16116399
18004597
18786581
16825727
17035748
17304750
17026707
16953227
18469770
16855378
18887185
16386693
16531549
17078155
17095954
17858420
16968388
16109797
16801996
18421598
18421539
17187785
17025877
17161712
15802499
17016406
16934268
17312852
17612384
16261718
15653429
16491233
17232169
15849080
16269143
17199823
17052293
17175981
17747305
17324135
16156161
17154190
17251752
17135897
17721363
15613691
16232340
17803373
17953812
16554321
16179924
18620716
17072147
16246291
18465947
16837677
18384199
15680178
17793123
17035827
17136233
17707160
16999782
16434005
16484964
17739123
16294713
17125890
17857236
17164786
16191156
17715900
17840531
17824322
16365824
16327443
17134856
16210859
16407946
17678005
16400043
15601540
16159787
16834040
16911050
17113006
18779887
16522235
18138452
17880364
16991114
17026935
17568448
16383653
15503787
19021730
16953318
16873080
16884855
16943127
16081675
16964993
16234646
16228883
17857543
16887924
16503146
17118992
18496599
16311096
17693265
16379816
17685322
16591475
16918429
16171078
16262555
16364385
17668327
16993382
17634789
16295013
17005702
17620014
16940782
17655877
16877013
16455806
16960692
15553055
16981957
17733456
16361016
16293724
15515842
17752229
19042849
15568429
17839732
16327335
17866333
17855885
16219950
16255177
16875919
16952313
17003502
15561938
17561012
16950502
15561225
16197105
16217503
15574686
17251360
16226242
17588217
16265973
17637584
16146139
17114614
17692468
16308198
16926771
16969313
16733932
17600417
17804521
15682980
17115250
17733113
16919695
18218690
18478248
17930433
17140865
16918895
17772898
17025427
17132188
16210547
16146975
17883222
18427743
16230539
17750566
18842676
17015058
16939080
16904923
17117627
16272783
16140823
16591784
16350372
16426711
17688380
17014080
15558380
17032661
16134232
16446425
16265332
17203634
16844422
18538351
16248001
17834799
17060045
15386465
16846534
16280084
16316171
16904780
16302801
19175827
16068207
17689880
17069339
17016184
16704745
16951393
16413070
16922493
16225935
16950098
17063853
16463532
16373009
16344278
16955292
17025562
16975115
16698112
17180946
17135620
17853588
17048545
17587709
17658243
15460209
17623696
16975200
16253912
16337939
17077484
18445781
17773461
17102437
16436900
16392190
16555499
16957815
17820495
16606724
17998006
16995268
16171060
16954298
17400464
17043267
16943665
16269753
16950624
17886731
17932750
17135883
17119152
18534680
16162568
16372557
16274176
15537670
17224999
17607193
16174177
17171105
17583736
17770211
16936514
16983181
16379090
18324451
17765278
16278205
16144826
17028587
16280254
16994660
18338608
17008395
16474191
15584482
17690248
17777807
16898699
17429839
17051028
16238396
16421263
17039301
17684455
16203625
17173114
16972543
18564339
17184787
16927258
17670793
15738994
17850087
16393851
16278298
16918167
16967837
16890594
16316418
16339048
17872480
17131863
17099971
16324931
16980003
18409358
16991502
17903468
17050572
16797856
16977516
18309574
16876344
16105188
16235526
16896431
16972742
16991736
17749647
16177885
19161756
18620451
16914694
17845471
18460360
16922009
17665299
16262432
17743331
17764227
16288244
16853412
17782393
16361457
16336566
18408943
18378794
17185684
16295051
16227574
17001484
16935284
17596712
17056471
17809888
17851664
17703826
16275227
16597516
16940379
17128750
18470765
17106075
15431350
17119788
15643648
16187516
17729522
17843826
18023448
16348776
17821123
17303403
15652288
16746122
15726000
17066716
16216517
17714568
15688255
16924223
17057603
17786523
16339865
16315314
16440653
16269528
17044050
16291191
17099906
17163233
15650339
17122697
16189029
17154977
17827746
16244167
15752921
18777812
17032305
16284705
16348799
16299375
17810097
16374035
17073715
17036884
16520527
16279874
17724029
16245442
17054129
17090102
16877337
17004139
18566631
16281263
17001313
15587039
16310796
16986493
17147096
15501105
17032449
17005522
17112929
16291078
16342036
17068096
17132797
16885046
17037197
17756356
18833601
17639748
17699927
16268153
16301926
16331363
16940845
18576491
16181440
16016279
16259615
16990769
17065332
16161463
16981346
17720823
17050227
15729124
17053007
15701074
17006862
17705795
16991145
16281320
16960223
16488672
17670853
17771691
17638447
16969305
17090821
16562309
17173697
18014392
17027918
18466906
17165268
17875016
16201119
16305491
17904228
16826108
16485244
17073466
17627799
16219169
15510876
17236580
15829461
17792934
17681448
16367363
17794296
16872021
17807392
16561395
16376741
17810948
17181337
16247300
17716697
17794724
17048382
16962905
16382411
17687190
17651193
17412294
16298349
17800165
17035796
16469037
17814479
17459249
15608244
17026939
16988068
17047175
16380750
16359795
16949388
16460889
18650479
17679447
17040567
17381700
16311196
17751867
17012440
17713535
16360099
17797209
15623941
16342718
16861151
17640328
16411786
16925680
16402734
17634182
17900562
15498935
17032744
18448132
17816462
16120635
17079498
17361843
17724257
16302707
18209040
16319154
17093005
17708423
17043773
17822382
17387840
19398096
16473439
16999805
17077059
17723655
18312123
16994253
16974679
17941749
15614169
16205479
17786478
17090119
17202228
17076219
15435969
16947933
17127935
17309347
16815195
17652276
17699882
16955409
17037954
17987140
17113240
17823593
17593365
16996032
17387401
17710277
17006268
17445856
16284710
17707152
17641373
16960280
17047121
18091969
18338570
17804306
16393410
17085303
17676603
16200917
17473084
16370410
17758117
17072986
17660822
16938479
17298910
16566283
17758707
17105693
16183837
17230068
17687470
16980113
18338909
16479496
16208716
17570851
16263892
17649098
15721592
17681777
16574430
16310400
17697128
17667452
16139971
18432214
16805923
18402496
17021093
15493577
17830179
17741334
17079031
17919445
19119777
16246049
16176666
15771795
16885693
16367856
17952773
15586120
18090434
17050427
16909963
16222597
16739777
16944874
16218024
16977080
17735368
16828337
16246554
17024974
16949956
16081627
16358221
17693466
17714334
16355675
17687700
16300221
16336152
17006789
17107883
17670809
16460722
16415327
16752905
16861195
16998972
16493080
16964812
16197182
16305606
17055323
17107408
16268563
17021876
16197925
17069583
17048147
16294381
17083347
17104154
17134508
16829105
16270988
17657843
17754783
17790758
17029491
16887077
17678994
17029556
16909937
17759427
17631260
19289161
17012739
16990851
16816711
17051328
16942494
17015374
17026289
18269055
16950011
17103911
17129332
18365593
17063129
17915976
18369624
16948290
17672263
17974159
18297433
15569913
16410526
17594647
16301267
16188101
17037627
16968297
18518774
16957866
18109888
16222136
16307866
17701487
18425861
16913914
17742385
17154869
16959496
16222225
17700474
17179616
18512413
17920862
18561285
17067087
15403976
17017808
16469063
16614440
18617959
17125575
18622995
16207616
17130549
16448054
18485536
18208132
17782206
17640306
16327890
17200807
16839095
16226102
15544676
16974301
17051045
16375589
16880710
16368117
16286714
17015582
16237243
17002173
17708864
16335532
17091240
17018659
16806522
16272702
16986464
16315652
17654954
17040005
16256327
16943573
16976464
17232319
17246536
17070243
16366203
16278459
17057500
17770559
16257754
18755765
17882130
17122309
17127049
18488070
17663780
16908541
17067006
17058524
16407551
17011819
15550944
16264797
16972603
16950485
16289917
16363902
16940527
16144195
17868366
18489818
17014440
16994646
17280376
16279377
17021589
17649871
17065478
17027619
17742142
16299029
17745659
16399242
16913951
16988541
15485085
16777493
17031650
16374806
17762727
18484882
18612992
16327375
16340673
16267170
16122424
17995455
16496979
16772194
16254902
16963522
16318775
17692196
16349562
16244630
16861204
17821254
16157761
16949722
16787162
16951422
16280335
17554370
17842552
17843193
17782291
16906966
16909141
15547500
16403899
18649203
17154597
16872643
16808109
17860078
18349580
16429150
16192699
16910648
17014234
16209161
17049456
17094918
16943841
16237648
17919650
16236277
16260620
16893681
17905728
16388310
16948482
17742078
16392394
17133896
16305846
17347011
17051506
17333468
17114004
16281812
17143134
16791831
16158496
16275376
16184134
17502148
17790039
16997639
16174676
16139429
16234563
17071017
17018531
16968127
15516273
16953720
16863139
16357390
17080076
15795612
17695468
17263690
17753792
17098654
17228046
16379011
17036428
17727176
18594922
16419092
18575678
17778329
16531933
16194913
16834005
17971541
17584790
17851931
16148822
16287910
16836294
16974344
17022600
17834992
17830024
16360438
17129390
17602917
17110474
18554861
17322345
18690960
17370099
16965424
17818141
17092634
17151888
15569500
17111203
17849968
15507658
17828756
16257233
15565930
17044333
16978418
17875731
16296742
17771284
16200884
17142196
17838440
16163691
17620915
17755420
16983317
16350960
17175667
17033610
16350152
16977535
16322289
17212521
17658975
17725922
16974146
16311529
17757362
17870777
16964493
17204743
15807473
17302894
17771198
16215017
17797291
16958521
17053600
18550561
17028077
16395509
16381937
17014192
17024606
15534193
16197616
16949551
15567846
16276573
18307955
16198926
16168001
17147845
17032985
16262776
16438591
16858806
16904084
17090042
16387370
16945920
16921911
16926342
17654354
19057696
17163887
17280101
17082665
18525542
17224313
16293097
17198849
16358467
16284613
16868277
17222333
17121513
17126841
16417785
17608365
16156263
16458470
17042897
15590485
17082330
18392820
16250691
16966484
17008916
17197033
17884033
17775304
16224479
18417983
18528296
17854541
16946668
16286173
16962953
16372230
16175621
16501205
17058297
16275117
16385764
16239128
17397133
16817607
17097401
16956408
18511730
16916652
17490683
16608370
17491081
17864356
17805235
16451733
17083534
17113589
16257887
17693989
17990492
16255928
16495214
17466418
17139612
17076843
16304626
17001141
17627112
17405016
16991393
16942389
16575181
16201462
16505674
17884249
16243106
16880620
16295674
17004014
16926999
17620230
16929065
17762156
17713043
17798948
17232838
17800952
16934697
16886404
17674037
16318895
18495542
17059380
16934792
17013478
16836829
16378485
16227247
17606790
17790642
17547080
17792454
16286144
17678742
17137804
16909491
17613778
16201509
17133285
16967484
16660278
16977220
17044570
16876419
16089215
16943308
17764432
16862694
16074059
17670165
17057460
16184204
16817121
17809753
16980629
16983762
16848991
17024907
18379474
16947289
16450467
16978257
16882333
16228746
17686068
17158444
17644555
17711575
16984025
16338839
16939169
16906261
17717055
16332607
16892762
16177018
15685419
16925588
16882453
18350168
16910947
17857622
16951952
17849203
17601183
17106095
16842826
17478155
17678012
17181833
16357511
17660060
17012681
17113898
16933962
18423522
16903641
17924576
17357598
16837915
16967850
17604149
17021603
16265651
16204186
15770993
17128365
16982782
15381025
16342152
17859613
16140608
17741659
17510419
17043901
18326587
16453551
16908959
16151311
16310424
15985796
18365877
17328246
16380029
18369766
16375398
16989590
17781658
16653223
16231621
16927686
17094272
17038688
17188584
16993370
16984253
16188291
16865316
16416757
17086876
16340686
15484338
16166534
17189209
17852468
16386740
17080669
16817025
15441676
17021546
17693768
16884973
17219684
15444269
16931217
16444735
16480454
17777975
17720022
17675417
17399317
16582566
17842164
16208735
17190111
16348670
17005385
17781123
17773679
17176730
17788785
17236391
17759334
16389864
16290536
17163178
16113095
16207914
16143519
17101298
16264622
18306347
16299773
16979837
17635282
16245171
17000029
17714677
17683386
16998477
15540514
16351286
16412779
17163152
16393478
17016902
17004073
15420986
17017070
17669355
18393973
16077622
16411826
16376289
17009861
16230440
15637096
16237741
16867372
16218193
16893708
16187508
17592225
15527083
17198866
17189156
17030820
16276608
16804128
16835115
18432381
18449941
16995342
16961181
16321972
16295096
16222650
17061872
17063640
16356226
17715644
17617075
17680075
16971219
18518951
16418032
17809847
16950336
17727924
16976088
16324240
16986625
17797182
17019979
17001565
16347982
16307374
16725805
16193617
16159871
16963674
17581772
16359797
16180488
16933027
16546969
16381414
17652937
17042260
16200059
17274977
16496046
16361982
16217508
16109812
17647943
16416382
16179574
16235184
15529938
18455679
17597771
17121032
17070806
17369730
17586351
17736854
17867095
18755263
16294432
17589078
16902352
15602224
17064521
16369193
16310941
16258361
18427367
17776912
17922050
18362601
17740358
17527286
17016172
17623361
17700694
17008948
16418809
16274684
17459181
19447035
16631227
16767326
17136968
16570058
17922818
17040818
16507515
16199215
17821583
16576501
17032371
18438583
17719849
18044312
17175661
17046274
18333410
16872916
17720349
17346361
16462142
17612992
15535639
17596788
16928615
16825945
17695658
17682363
17163960
17390555
17113944
16946522
15503288
16954433
16545375
17886317
17043401
16984531
15471144
15410710
16459153
18331491
16955949
17501175
16361347
17017957
17016236
16837673
16915962
17002026
17354395
18154076
16412036
17765778
18055437
17793225
16147046
19218980
17860323
17916288
16660510
16953483
16266284
17626717
17066443
17793726
16903912
16362822
17063503
16270012
17867816
17977965
16400769
17139862
17746944
17126692
17916198
16937472
16143686
18604349
16514787
18655851
16980903
17115279
16394782
15731543
17044756
17507318
18011235
17293925
16351229
17103270
16094601
17889512
16884778
17244028
16338232
19281868
15444323
17638311
16860404
18548976
17789603
16926851
17453437
16157061
16423597
17239961
17167507
17412736
17034121
17726126
17121664
18567331
17024979
17863134
17100875
17723574
16513410
15720657
16804089
16388622
17455678
17179518
18053410
17425413
17222982
17189702
16637112
16641958
17603280
16579723
17166492
17700538
15468733
19123353
16605166
19057618
17314822
17024879
17181679
18215236
18846307
16675270
16348986
16645437
15541383
19169656
16656883
16889868
16487375
17404056
17052444
18067315
17067884
18452560
18251871
17179013
17938216
16912745
17278295
17654983
16393753
15822249
17754602
17048941
16567262
17320430
16244116
16533300
16972433
17169888
16503409
16398761
17207536
17001658
17097470
17195141
18445543
18137404
17057665
17739294
17767383
17369357
16629321
17722713
16792146
17811343
16389140
18641770
17245395
16978065
17090405
16360488
17902500
17103831
16274050
17063099
18033556
17937924
16541370
17915174
16582797
15712274
17277936
18277796
16360365
17413852
17123332
16399560
17899874
18810792
17447983
16343090
15666889
17861218
17841555
17637827
17111404
18582606
17611333
16888177
17085332
17082560
18484537
16414246
17730844
17439589
16201137
16296746
18223324
16226835
17064889
18531595
16418188
17773877
17105160
18116922
16229079
17434761
17047506
16965871
18596002
16944653
16517883
17190700
15588346
17127744
16425690
18048511
16949524
17516595
17208586
17375674
17133054
17004647
17870202
17936355
17066068
17817737
18216687
18994870
17431935
16622001
17476257
17057046
16957949
16994844
16193750
17290843
16754006
16474259
16989693
16392602
16894088
17632571
17802738
16371847
16813399
17647303
16332832
16892633
17941074
17799317
18280082
17828635
17342203
17073933
16410598
16933089
17904575
17600498
16824798
17065369
17100387
17505144
17006794
17698323
17155082
17612457
17932895
16172426
16380598
18367009
19413864
15683254
15564351
17777016
15659291
16207786
17053136
16437795
15532648
17230940
16539520
17717097
17119166
16209071
17196503
17098470
17232092
16934297
17824363
17808354
16889850
16412809
17188186
17819656
17146290
15778900
17781523
16390999
17808958
15474726
17734193
16872027
16234298
17778630
17825998
17028134
17836303
17113134
17241035
16997520
17027394
17796277
16885944
18555015
17796885
16301958
17239570
17049550
18082381
17517383
17337710
17645575
16985809
16904891
16957930
17041989
17714028
17044530
17110140
16312532
18008390
16348848
17035241
16967377
17137680
17724567
16281856
16337291
17730453
18462573
16362876
17833793
17736254
17670903
16927358
16897698
17630923
18508499
17636800
16326382
16438864
18407656
17165576
16380851
18366572
16255175
17125348
15685961
17759479
16317090
16482516
16305883
16388582
16069370
17876490
16876341
15773816
17026474
16852844
16308758
17714524
17742680
17415635
17035571
17015907
18493634
17662256
16940079
15564953
17744401
16520036
17676642
17055638
15558448
17689814
17728366
18499767
16112814
18583493
17041220
16961226
17677327
17667737
18295847
17232771
17089777
15474008
16911700
17267280
17131106
17085610
16295796
16935104
17127228
17024836
16218745
16374382
18097269
18506067
18498213
18662730
17223772
16346205
17227373
16462104
16995737
15374489
16959249
17051885
17653821
17076270
17936468
17001048
17141897
18989838
17663609
17218393
16266018
16962332
18379660
17213919
17693216
17789546
16995292
16222200
16909448
16353327
16822135
16203502
16091110
16914750
16765493
16966780
16169780
17995019
17974523
17563827
17007022
16951172
17781387
17002663
16992339
17734670
17000950
17086680
17702325
17672029
16927460
17597408
16734892
16383535
16169835
17976754
16306551
17572368
16316301
17715886
17135750
17092237
16373435
16475043
17828022
16252359
16872637
15540959
16316946
17690777
15629433
16310885
17099280
16313088
16315288
16822716
16780567
18633981
17736686
17550198
17035365
16981004
17014568
16731366
16864833
16290355
17080287
15445589
17606912
17264472
16304174
17017118
16854682
17042789
15644830
16468651
16244866
17783603
17876181
16791294
17681793
15607311
16262823
17109447
16269400
17678694
17908867
16945469
17721367
17788841
16242772
17029149
17550848
17743333
17018441
16169304
17704183
18349105
16985970
16880821
16929432
17172262
17000332
16993183
17011397
17629460
17844173
17675614
15452806
16305943
17637434
16493740
17060301
17088753
16589850
17291157
17968242
16989971
16421996
17205817
17478619
16225802
16989476
17827614
16197218
18556301
16882793
17093351
15741224
17164322
16571252
17566326
17247655
17836435
16256806
16385821
17876475
16297830
17058723
15721910
17095443
16031154
16213296
16973170
16489190
17069097
16286617
17776486
16242286
17036445
16232853
16215072
17111184
16258320
16851408
15627635
17802221
17667629
16326989
16989452
17669871
16484054
16312869
17080720
17266443
17855837
16401006
17131807
17212779
18018864
16470532
16502775
17816877
18357649
17922128
17715382
17154323
16237825
15473557
17975845
16427593
18438278
17070095
17234587
16995751
17669255
16981542
18369350
15476572
17705542
16252464
16137965
18498890
16336803
15256421
16132511
17652704
16308129
16883551
16341814
17113290
16470475
17661831
16705677
17690906
17064151
17742487
15519086
16259511
16891166
16286244
17034814
17802204
15549360
16390531
17023778
17608980
16375288
16945020
17852588
16954182
17773468
17710851
16903274
16905012
17811668
16942894
17790748
17711907
17899431
16275411
17046023
15777823
15664292
18779810
16500351
17007987
16983041
17188415
18606452
17247735
17748838
17803868
16465135
16362076
16837219
16272966
16584001
17083325
16927047
17035823
15794839
17829169
17225786
16511767
17762921
17097638
16492225
16965805
17632138
18735980
16515621
16508358
16222782
19398609
17169570
16443489
16133417
17662011
16621248
15564673
17085671
17077724
17025907
19489225
17902229
16969866
17858655
18052027
18081030
16790175
16423070
17210473
16323736
16610812
16492353
16138599
16165960
17790798
16845191
18422700
17610971
17008226
16442256
16171443
17682688
16155757
17000156
16570553
16971444
16350098
17234991
16195711
17633577
16768351
18005114
16912892
16361992
17057802
16201631
16266503
17760102
16908283
16977534
17931613
18349811
17962157
17749498
17785337
17110954
17747576
17173508
17111214
17750295
16161295
17768549
17155043
16298416
17828265
16801482
17204129
15762892
16856414
15631835
16300073
16215417
17168349
17030848
17068159
17592605
17152616
17099521
15642780
16424513
17114503
16831563
16743497
17006688
17703872
17180650
17802232
17234770
16373761
15529877
15493189
17024849
18421034
16284417
18069913
17621945
15548270
17279996
18561138
18399088
15970481
16181311
17690635
17729516
17826887
16887794
16422913
17144614
17092552
17715355
18488825
15666978
16301808
17608372
17022691
16424904
16429227
17342549
17653480
17624104
16299260
16172243
18804921
17903021
18822384
17314569
17775534
16856237
17052965
16969341
17147922
18764358
16857044
16516981
17315843
16912596
16638350
16472821
16138497
16605864
17994089
16221903
16183265
17914896
17141387
17271957
17074802
16999323
17634199
17134167
17036769
16321294
16455838
16268545
16960359
18466065
17619628
17761204
17735908
16899284
17719116
16938447
17061532
15994486
17061118
17654649
17733750
15817280
17085342
17211886
16231843
16340922
17174854
17009213
16350006
16253530
16556557
16999709
16960074
17192324
16225673
16361549
17696638
19317132
16436803
17068145
16226131
16314986
17724436
16295552
16986991
17048175
15537315
17879506
18330224
17064175
16280882
17091269
17721925
17041409
16440885
17688249
18376152
17225373
17110897
16864877
18378533
16923126
16986677
16168113
16958069
16982748
17345251
17081780
16040488
16880382
16992024
15418001
16290078
18506199
16230806
16336726
16998898
17143270
17043157
16472751
16186315
15509361
17644494
16165766
15671896
17618546
17102953
16998211
16217491
18194478
16897367
17068274
16206553
16290376
16290661
16433411
17639802
17034420
16943788
17700126
16331460
18476010
17890968
16296301
17018705
16149346
16857164
17099811
16984550
17007189
16847678
16951780
15689831
17037993
18469649
16430768
16905801
17612659
15514231
17586778
17589079
17711279
17135731
16987193
17127164
17362455
17010064
17033365
16242583
15585287
16303497
16980337
17752887
17192588
17072209
17715152
18710259
17569338
19246807
16243092
15429723
17612488
18455587
16215138
17711043
16283108
17657469
15326002
15592719
16290823
16184123
16343595
16227636
16973585
16164442
16196034
15619106
16366604
16938950
17061483
16108846
19065050
17925464
17033792
15450944
17079310
16199036
16335468
15471298
16972389
16303508
17716341
17581017
17830888
17091038
17764311
17025251
17611934
16432414
16148567
17526624
16910310
15890846
16934919
17089720
16968086
15583567
16836385
16461644
18504928
16440650
15547321
17028331
17032265
16347070
16937340
18362625
16881288
16374508
16378008
17014352
16838538
17171422
18343360
16383905
17702341
16911094
16161728
17206026
17714544
16996933
16337620
15592152
17316244
16166853
17802975
17917278
16998642
16874210
16288471
17706498
16158381
15433543
17734089
16120040
16241896
16304947
16999463
16367542
17063451
16237444
17045505
17092220
16982460
15605778
16359035
16969907
18469376
16266572
17847750
15804591
18052199
16437845
17010719
17000533
16042225
16984781
17637580
17850961
18358747
17231755
16384425
16377327
16980003
17308389
17822718
18434257
16933779
16916492
16972244
16183013
17036084
17799011
16963959
18090051
16311793
16127945
17074220
17671298
17808642
17742919
17042425
16501640
17796748
16644022
18688516
19273879
16201999
15406971
17068832
16833681
17859191
16264814
18349027
17608632
16785502
18034497
17770494
18268861
15516235
17951366
16492140
16794169
17751280
16332585
17761783
16521434
17417729
15596543
17079335
17205241
18527016
18527671
17546636
16385360
16878454
16129126
16923567
16807036
16258227
17062348
16298101
17681355
16862219
16969329
17080736
18165318
17128488
18526917
17674979
16332769
15626798
17015378
17505391
16272946
17188624
16949221
17760444
16943221
16295312
16209101
17074885
16748747
17148104
16827412
16310912
16470142
18438889
16198022
16981515
17025574
16218839
17077542
15850086
16534489
16360627
16363029
17708903
16369960
16744602
15538610
17198878
17796127
16248709
17141681
17119408
19210075
17620876
17694909
17131701
18357459
16242231
17736538
16982568
17812211
17619136
17036706
18344452
16902642
17129406
16983770
17093721
17622858
17054181
15522058
17736333
15465217
16465307
16563305
16252662
16907578
17717578
16332422
16252527
17023513
16172015
18349275
16213393
17713843
18495668
18033369
16922175
16152898
17757037
16383292
16318395
17686801
17022120
17227867
17317339
16320172
17192575
17032985
17156572
17100074
16924093
16323347
17506582
17772742
15744976
17935865
17713860
16375353
18073958
17002881
16299711
16377052
16361162
17166855
16226728
17794569
16212318
16390437
16455032
17666556
16114296
17806792
16971083
17022798
16977823
17848868
17802296
17892933
17226664
16202369
16563378
15492859
17846481
17793253
17719092
16214202
15493978
16502916
17470468
17726992
15471139
16316824
18462976
17792441
17022688
17565637
17944614
17588096
16455918
17977247
17699515
16627948
16373164
17996336
16775950
17340955
18196995
17746435
16966712
16451503
17012032
17698336
16962944
16867983
17700107
17661302
16126468
17160046
16301090
17962892
17823513
17909666
16440267
17665943
15577671
17041162
16996574
17693327
17071587
16957388
16296379
19004496
16288274
16915386
17058422
16267468
16298374
17813357
17287037
17647436
17081782
17756258
17068037
17120395
15742701
17042357
16174476
16282028
17681899
17699149
16190575
16955996
17745762
17120546
16173803
16940494
16275310
17149893
17820406
16938220
16967620
17097612
16990358
17095728
17707064
17758546
17798258
17459286
17079946
16394187
16998075
17108382
16536944
16813102
16299044
17918743
16892283
18162824
16828700
17230338
17632794
17059702
15574155
16431214
16008050
15742013
17076316
16219450
17028889
16459720
17695715
16948311
17095408
16274421
15521656
17764615
17929895
16964765
16933109
16294671
15790002
18385351
16274516
17212056
17756266
15570560
17093508
18639996
16929416
16281953
17043592
16271553
17282141
16229667
17925764
17604187
17700389
16369687
17695428
16345545
16849712
17006864
18387398
15614166
17211569
17002849
16085921
16215903
17154301
17233737
15612995
17139457
16436748
16383992
15720729
16487955
17748825
17780119
16225432
17773015
16990878
15487338
16981877
16905588
16952570
18401418
15687374
17749365
17749131
16812040
17692640
17716880
15552632
16297626
15646553
17434355
17764876
16267303
17759754
16966126
17845722
16202765
17017551
17151502
16285352
17101396
16193333
16860046
17399140
16430292
17665065
16217476
17089394
17112550
16913011
16947279
16909972
16619071
16222673
15981263
18456913
17040985
16992911
17026376
17732789
15639202
16299308
17023243
18840682
17131828
15839605
16405640
16535313
17023462
16939377
16308873
17105730
17528124
16878077
16326433
16211690
17115303
16309387
16995374
16926749
17741820
16964404
15602541
17055182
17005927
15654583
16184443
16980290
16292085
15488527
16994842
16194659
17328236
16267159
15586224
17773687
17629762
17041017
17621510
17685278
17039240
16970949
17170794
17008983
16272526
17757005
17815909
16357022
17647719
16991953
17803174
17235953
17037695
16555403
17163481
19056158
17611120
16911193
16951146
18455210
16591086
15612548
16967638
17129147
17813934
18549167
19850752
16206991
17431418
19132187
15875554
16442966
16260842
17002646
18871591
16946069
16417520
17807699
16412442
16174621
17007747
17722177
16274843
17556256
18400243
17719847
18551742
17831773
17739668
16974726
16591094
18622407
17438706
17532032
16451949
17887599
17014462
16211839
18451386
17028982
17885227
17088908
16451528
17748798
16601498
18493377
17105500
17804636
16189923
16923307
17675340
16230344
18310770
17724872
17108227
16940331
17688538
18142416
17457287
15537409
18505938
16351290
18913089
16935297
17007203
16421063
18156654
18440632
16956818
18096510
17265542
17165851
16736914
17711031
17727102
17771709
17796565
17850827
18346287
17065039
16259181
16691595
17573912
18349833
16273743
17645372
17031437
17681795
16200622
17887042
17031684
17130582
16174819
18523370
17123779
17059066
17732012
17254244
16391510
17124320
16929113
18496659
16392026
17676625
16948812
17036313
17799575
17796961
17742327
17641255
17628220
16304551
16957360
17854575
17066464
17135473
17060049
17774125
16904575
16424871
16300461
17003232
18486383
15579041
17813085
16905777
16925312
15578645
17011085
16424729
16944674
17649666
18398356
18144488
17087961
17215296
17076274
17632977
15659638
17971374
16326952
17239318
17751862
18776715
17104129
15446331
17939096
16319316
18700362
16180977
17688651
15599016
17108185
17644076
16316025
16375614
16334901
18447475
16371428
17712967
17606867
15582554
17584545
17782336
17085875
17235265
16181731
17264791
17725277
16906248
15569547
18253324
16883058
16981206
16303711
17105998
17189971
17684778
17839675
15759608
17089596
17068226
17838813
16984108
16926028
16357701
17065637
17163081
16163414
16458255
17196235
16321764
17617040
17126437
16425681
16168940
17794480
17680297
17773343
16366148
16303768
16778982
17849982
19270972
17660135
16812429
17592275
15662077
19948619
16339901
16315946
18539759
17838048
15683195
17143441
16928247
17137677
18745163
17066830
16832492
15505091
15367706
17157332
17056124
17693361
16955188
17855065
17096127
19116853
16383125
17153022
16995913
16984470
16885182
16969991
16202397
17525491
15536947
18685310
16942640
18335781
16332403
17717764
17678603
17551532
18472947
17252209
16949294
17845496
18424936
15929714
17803826
16398160
17056208
15536525
17848918
16376884
16359243
17983613
19368495
16339640
16576807
17602300
17098683
18373089
17653263
16998912
17690695
15720715
17893889
15620440
16960042
17203869
16926178
17026622
16883344
15425010
16915936
16356003
17763724
16541194
17817913
16319241
17539996
17813774
17802472
16369446
17010882
17101000
17096585
16911023
18472646
16332607
17045547
18332325
17671279
17786618
16215065
16140692
16408799
16988396
17144031
16272382
16945338
17036604
17696877
17700914
17196557
16945636
17709515
17606429
16304463
16919908
17627659
18590382
16818998
16267115
16313545
16285648
17790298
17096009
17725352
17921224
16275994
16453573
16115980
15579192
16390760
16919715
16278506
16187669
17058960
16463373
16898810
16932928
16850288
15550871
16134944
17083409
16367871
17020424
18291613
17024365
16278674
16262183
18010301
17189697
16183644
17283159
16363291
17008280
17136650
17054970
16968103
18353599
16166004
15710046
15662916
16223798
18522337
15505462
17673011
16974478
16995324
16902951
16315354
17503486
16242560
16288702
15373958
15684142
17164910
17406272
17689166
17105438
17157004
16804968
17075661
16972544
16337249
16943657
17012234
17937124
16383638
16433291
17172209
16354478
17181075
16398059
17032576
15597753
15638598
17786508
16136265
16253119
15401319
17162313
15781582
17554436
17865916
15352837
17030721
17757657
16922125
16999326
17794386
16431613
17913505
18408144
17111094
16267032
15653922
17105713
16199649
16186811
17750485
16349794
17568818
17111107
16184360
17632342
17137894
16392886
15598353
17719638
17128321
15603254
16981518
16250348
16276343
16926592
17141721
17554666
18042829
17566331
16217572
18420356
16397252
16768885
15540952
16465892
16970581
17747590
16867436
15565305
15765706
17668841
16338980
17576190
16252054
17682956
16213502
16328220
17942824
17728089
17386833
19132168
16997814
17469801
17716375
16975150
15585906
17049792
18407185
15685269
17368007
17727842
17809979
17094293
18477350
15577212
17181530
15460015
17498348
16935582
15694059
17281001
17843301
17947663
17527848
17062116
17693061
17065528
17845751
16679598
17033123
17212154
17208331
17108448
17874326
17699425
17616986
16210416
16284342
17673387
16263576
15693046
17321068
16955101
16934091
16228917
17201092
15505599
17032917
16280014
16322237
17825373
17039825
17662468
16252962
17956174
17032061
17148119
16212614
17096442
16556358
15533491
16214871
16998983
16885675
16236607
18375992
17088653
15637194
17004207
16352320
16213209
17698978
16488888
19132107
17622609
17228732
18236662
17917471
17929779
17232241
16999264
16768522
17178266
17861748
16995122
16264168
17206887
17060605
17918052
16163449
15588791
17742259
17655026
17763839
17804868
17613798
18460947
16174652
16947810
16098463
15793041
16413232
17849482
15600564
16904814
16786545
17004773
16869179
20029923
15606230
16436998
17612348
17232527
18724258
17618426
18085843
16303814
18322593
17916248
18435065
18682481
18486949
16830598
17635714
15642437
15541409
16664458
16945487
16484884
19052762
18010854
17192100
17008985
16592095
16944236
18892975
17887627
17626342
17025066
16978657
17670825
17626966
18100206
18143953
18129513
17119876
17309514
18708935
18706099
18042542
17959627
18078839
17982108
18751709
18525519
17973712
18475979
17291585
18416385
17600067
17190043
17093877
17702650
18500910
16345178
16299824
17018051
16433644
17071911
15518052
17725389
17103892
16276613
19114420
17182577
17735182
16909543
16418816
15593635
16991925
16988754
17790301
17047005
17099305
17101985
17091124
17009262
16935383
18473471
18456613
18526205
17705661
15527800
15498541
17772123
17664736
17524639
17777922
16809562
16407383
17929316
17036603
17005610
16109511
19333759
16975893
16975276
17039378
19372017
16296018
17691830
16448982
16407174
17017555
17136390
17074916
16978844
17025724
16150820
17877997
16818281
17611859
16964053
17139021
17034678
17133094
16332831
17037571
17791420
17844051
15527856
15502982
17046443
16359570
18432334
18410662
16288701
15488263
16889369
17738846
16941336
16299261
18486845
16223923
16959988
15434773
17008062
17244855
18515581
17763035
17053986
16395363
16395305
16292675
17596505
17074360
16945438
17564745
18545709
16952038
16353176
16294953
16931134
17559831
16983298
17578970
17068972
16861855
16283726
16387637
18513937
17232519
17938543
18622841
16195613
16366852
17602917
16172374
17064552
17546897
18438782
17088295
17656490
16913632
17120796
17561908
16229694
17515156
18503244
16958359
18455436
17022213
16967669
17062680
17091076
16996026
17841463
15547267
18109050
15644590
17651021
16927833
17620090
16289825
17764518
16898505
17914599
17533935
17014278
18101547
17724366
16312228
17009285
15556085
16953006
17749740
16996191
17050873
17351193
17042338
17201111
17107668
17035578
16978826
16293348
16280897
17013915
16282075
17931633
16238225
17204223
18422530
16864490
16986991
18363799
16286997
17203749
16962505
16348749
16480295
17738225
16332015
16329598
16200545
16159149
17137599
17795113
17005032
17933270
16889602
17754052
15430079
16996627
16894729
15540807
17766403
17839091
17806668
18034465
16363085
15449261
17052857
16498625
17084341
18361060
17644173
17017938
17828489
17788729
18534363
16294218
17796626
17679309
17211859
15334506
16873749
16989871
16408212
17226763
17055707
16381054
17081553
17130126
16438611
17816215
16489428
17767629
17182648
16855188
15551584
17644537
15481249
17070153
17717435
18539882
18538116
17203906
17086934
17133047
16238169
16965713
17144379
15599469
17739335
16384668
16987565
17694824
17073589
15545526
16306880
17756145
17759058
17161041
16260521
16144180
16274908
17050856
16991439
16284831
15986931
16144245
16490339
17028896
17762163
17147545
17842319
17020493
16511504
16989407
17111753
16262858
17047793
17177987
16941614
16532502
17116211
17710979
16213860
16341695
16219891
16212509
17005886
16242820
17288006
17960982
17268991
16870604
17109523
17899325
16173113
16412306
17020123
16348871
17073037
17030934
17044189
18432485
17726658
16266049
17063400
18668300
16904574
16241804
17511656
17060946
18632979
18567929
17675632
16162458
16161672
16344189
16772141
16958704
17200109
17073043
18418138
16256304
17639141
16156947
17781840
17030126
18476119
17138531
17153985
18524289
17857755
16375406
18014793
17733663
16396865
16072989
16372890
17046006
16862097
17268765
16925777
18490102
16365718
16192894
18408022
17344853
17983809
17176257
17005909
16212195
17684975
16345700
16159540
17805778
16355400
17741278
16895316
17226873
18102810
16184289
17057835
16973784
17032954
17868058
16825113
17850990
17043854
16311377
16847300
18398998
17114209
16807786
16905601
16351671
17058290
16290475
16323092
18229651
18513215
17794599
16454107
15679947
15425360
16512924
19145656
17706974
17657807
16400278
17824471
17056041
17892668
17590128
17096089
17781139
16435071
16130508
17812481
17101127
16937763
17721709
16970683
17713022
18414761
17919951
16439711
16340181
16236110
17107294
16950694
17013113
17015433
17610469
17402617
16277493
17664479
16170691
17677263
16977614
18470775
17014796
19208654
16481012
18505449
17004048
17987337
15589804
17576074
17048574
17038217
19233766
18046293
17216853
17336040
17650905
16392394
16577506
17233871
18549632
18453785
17723728
17725968
19036517
16887821
16929902
17835191
18597770
17843750
17122266
16382582
16431301
17772574
18390447
16332254
16345437
17663027
18413670
17435870
17594732
17138445
17752963
17017531
16180298
17025051
19559949
17026468
16988469
17859688
17146121
16931046
17128375
17481327
17121397
15961716
17120853
15889721
15729724
16973369
16220017
17048901
15525018
18752779
17070598
16393646
18873508
19153779
17806013
16901517
17063299
17010448
17159016
17684778
16987165
17019727
18464296
16235437
17766289
18468798
15600415
16232104
17002000
16394729
17286785
17362212
17044998
18723993
16335040
17047558
16978061
15530233
17735748
16941395
17884646
16699424
17937688
16929438
15475134
19055709
17182530
16263908
15436652
15514487
17667601
17030200
16982125
18418647
17788078
16350460
16105736
17531318
17049869
15877324
15711835
17538559
17034855
18276178
17927603
17073277
18384672
17162346
15764640
17758822
17625119
16449173
16969068
17068226
18580355
16237438
16507145
18409411
18418287
18231456
15548003
18564150
17969239
17099764
17947821
16240250
16250195
16343487
16443028
17773506
18643577
17074280
16992371
16206835
15618124
19121043
17085819
16379551
17689413
17015993
17027639
15539647
17040288
15817758
16946154
17092349
17015240
16308037
16972738
17147985
17259497
16815812
17112755
17999719
17722573
18629824
16311491
16889418
16346722
16484042
17672731
17014708
16933088
16172841
16257917
16138510
16325947
17164513
18397191
16267662
17219796
17096532
16414034
17691984
16299816
17081985
17873206
18307541
17912075
17083891
16675560
17136565
17370639
16327459
17267549
16509046
16198195
16295781
16218207
16281600
17235455
16344454
16292034
16351810
17146182
17828907
17020833
18309360
16333956
17792843
16215333
16894482
18610324
17612528
17187876
16284748
17125058
17153489
16442064
16453099
17713767
15814529
17757212
16479371
16395573
16905018
17048919
17045965
17644535
17058322
18882850
17901985
19111292
18489237
19068419
17639015
18738979
18203266
18713092
16943735
17515513
20136745
17643899
18153365
19010562
18279656
17895422
16441767
16301727
18703989
18098811
17762026
16368136
17125783
18732057
17714660
16254896
17620166
18360009
17146308
16445598
17682711
16347616
17022914
16157872
17779817
17138972
16464330
16827358
15378491
16951947
17013335
16940982
17095419
17126737
17219413
18089598
17140869
15543909
16506347
17065053
17889880
17070452
15659957
17670708
16992501
16351043
17996993
16326948
17224505
16319921
17022735
17005267
16975484
17743326
16158248
15371463
17170299
17073500
17194251
17209192
16999189
16174587
16960105
17201648
18375827
17723192
17179700
16144259
17838146
16437691
18520204
17610889
16187136
16272059
16428990
16945833
16770435
16368388
17717323
17816475
17223891
16289650
18307551
17649144
16352721
15796890
17248508
16361705
18475104
16395895
15550861
15525694
17013180
18215120
17059552
17905711
17880218
18055759
17002948
17249527
16363194
16166954
18486500
18431824
15760347
16495998
16337336
16338067
16771974
17362855
17917163
17047083
15603342
18414595
17107649
17612261
16486153
15488583
16156341
17811647
18600162
15503758
18778455
15598727
16173668
16981317
17022459
19100059
18382207
16192532
16415315
15671191
17766345
16373971
17687807
17074961
16353081
19301133
15569184
17776052
17855859
17092406
17740879
16177473
16974084
17711458
16312252
15644238
16949559
17968446
16962157
16427072
16405278
16947601
16397984
16412379
18535680
16939847
16937992
17744787
17313244
17081310
17690616
17268375
17671855
17571985
16340211
16387168
16379879
18161460
18450305
16339099
17700112
16943888
17082430
16807609
16167609
15498066
17721654
16934811
16357953
17784508
18108704
17785640
17789627
17721669
17146742
15581602
16089971
15672632
17651070
17804189
17063333
17020382
16923685
17194356
15600896
17127709
17067456
16259960
17836752
17791937
17690520
18581265
18550136
16243809
16467147
17220097
17255270
17677422
16129327
16939427
16373143
16382593
17021336
16257658
16302286
17940144
17090293
16187919
16989862
17295982
18390694
16468975
17091342
16463313
17828936
16998815
17575937
15384510
16941193
16104068
17094356
16387929
17944993
16395708
16258664
16299114
17499688
17378648
16966738
17067885
16907524
17583683
16972842
15659073
17123944
17222817
17971787
15650308
17783954
16910488
17035900
16261630
15614603
16880122
16420476
17020344
16960262
16335753
17087434
17112001
16256279
16825719
16967758
17810042
18579121
17160637
16978582
17055656
16982679
17678327
17966502
16987122
15753148
16351034
16180191
16971908
16259886
17241960
17797247
17159500
16333276
17014968
17008877
17095778
17122990
16197657
15540867
17130735
17008030
17002697
15471193
16207151
15689611
17128593
18046937
16438035
16550059
18429468
15495885
16810794
16980130
16251014
16971144
17065015
17019543
17741562
17784333
17017073
17047545
16247069
16327416
17007350
16229452
17649901
17938374
16259261
16447484
15728256
16436439
16943737
16316335
18319931
16971113
15495324
16977903
17075058
17689015
17038475
16977464
16835825
16881324
17134660
17173767
17007556
17739598
17238836
16170243
17031197
16895924
15437205
18609562
16490910
16997711
16356012
16197008
16580084
17000494
16947469
16999633
17092945
17228501
16431094
17044302
15518660
16887429
17102205
