553599
520800
520300
520899
518501
519500
521200
521800
518801
524401
521300
522499
517500
519800
519499
521001
521500
520100
521099
521100
534901
521400
520100
519800
521301
521700
516400
528501
521199
520900
521200
519600
520400
521700
520901
515800
526499
541500
521101
520699
519700
529700
519500
519600
519600
519700
528699
519900
519900
520299
521901
521800
516300
519800
519700
520799
539999
519700
519900
526300
524800
521300
522899
521501
520900
525401
520300
520000
521199
520700
521399
519600
520199
521600
521400
519999
519500
521201
527001
517700
519499
519399
531400
521001
520101
521100
521300
521200
520400
519599
519099
526499
517300
534199
520200
519601
521600
520900
521500
519500
519900
521401
519300
524000
526600
541400
520800
519900
524901
524000
521800
520899
520000
588500
521300
521001
519700
519700
527500
517399
521099
519700
520400
522801
524399
520000
519900
519600
519500
522100
519900
519600
535700
521300
519700
520400
521101
520600
518000
520000
521000
521900
522600
519701
519600
519900
520801
520099
518201
519701
520000
521800
518300
521400
521101
520001
517700
518501
518101
517100
515900
517800
514601
520800
515899
515901
517701
517099
506800
520200
519101
526200
516300
525200
521800
521100
519701
522799
525300
521000
523700
524599
525800
543000
521300
521000
520300
519499
523000
523300
518000
522500
517601
521700
519900
522899
517201
517299
516299
518000
522199
513601
538300
515800
516200
519300
513201
516000
517001
517601
517400
511900
748601
752299
746701
748800
744599
751501
757201
761801
755600
748800
749000
754500
527901
520800
521701
527500
514300
524899
521000
520901
516301
526199
519900
520901
525000
517399
525800
521001
528101
518000
519699
521000
522100
521700
521001
528399
526199
519800
520001
518000
521399
520499
521400
519900
529600
524600
521100
519400
519900
521600
519800
520199
523100
525900
523300
519600
520101
525699
521300
519800
518300
519800
521299
525900
515700
527300
521700
521199
519700
523099
527500
521400
521000
1267501
521200
538099
520000
520900
521400
519900
519599
524000
546500
521100
521700
517200
525800
521399
521400
519299
520199
526100
521001
519900
520000
521500
529600
516400
519700
519900
520900
540700
515999
526699
521300
521100
519700
522900
525001
521700
514500
517700
517100
517600
517301
516600
515500
541900
517199
520000
521300
553300
516701
514200
514500
517300
517101
516200
514599
516300
519100
516901
515700
516901
515900
517000
516000
514501
536700
519200
518199
519600
521000
521201
518300
521201
517201
517300
515700
517500
516000
517300
517501
519900
520000
522201
519800
515900
520400
596501
521501
521100
519700
521899
514600
513700
515800
516000
518800
517600
516300
520300
512000
513299
506600
508800
510000
509600
510500
521900
526701
517700
519600
520501
525501
517900
513600
514500
516300
509600
509900
511700
521900
517200
517301
516000
516400
524600
514601
508601
508699
722000
547901
521400
522000
519400
523100
525700
517200
515700
516500
518599
513700
512000
512300
516900
509799
508300
515700
536299
526301
510500
519900
521300
520801
523301
507900
508200
509300
508100
512100
512100
513499
513799
511900
513900
513299
513300
512601
510500
524101
520701
517700
519501
524300
526700
517300
514100
515900
521800
513300
511700
510300
513500
523199
514300
515501
517199
542301
516000
516000
528300
520601
522900
508200
508601
509400
509700
506900
518400
522601
517400
516000
517299
517700
517201
508300
509000
524899
515301
508801
518200
523300
522000
519300
519900
525300
518000
516000
512000
513400
513701
514300
513401
511800
513900
513599
516901
516000
533900
522501
518701
519300
510800
510100
516300
512600
605800
521600
525899
519999
522401
517500
517100
516400
515900
515699
517000
516400
515901
514600
520600
515700
515701
517600
518900
517701
515400
520800
520800
522800
519700
523900
516201
516099
518301
516099
516499
509400
523600
517800
515901
517200
521399
518900
515800
516501
517299
516100
525201
519800
520800
521300
521400
515201
516899
518001
516000
523200
511000
521700
515700
516100
517800
524100
521201
515900
517100
518900
531801
520199
520000
520999
520999
524701
515699
516599
510100
522499
515600
516000
517600
516999
517499
529400
517601
518200
521200
508601
547800
511699
521500
520100
522200
510501
508700
508100
512701
507700
514299
508800
511600
511100
508500
507100
508400
515800
515000
513800
507500
511000
522800
518199
524300
509299
510600
511399
515300
506500
510900
508400
508000
509101
525399
515900
520000
510700
513000
508200
515000
529300
512001
529400
519600
519900
512000
520600
512100
512200
514100
515499
514000
508100
527000
510700
508400
515701
505600
510400
508600
511600
551000
516600
524400
522101
522800
522100
511500
506900
508300
511199
519899
506899
508400
512701
520900
512600
512700
515001
517900
508499
508500
548900
508800
522000
519800
522901
517900
518699
508300
506601
520200
509601
510100
507000
511600
511501
506800
508400
510900
510499
513800
513600
550900
511500
523200
518200
522200
505000
504400
505101
524700
510400
504500
504400
507499
507100
505000
504999
507501
507100
506000
503600
507400
538200
504500
515399
523900
522699
518201
521800
535100
507000
504400
505000
507500
507399
505301
504100
506800
509000
505000
505000
505401
531799
505099
519000
521900
520100
513799
506801
521600
506901
504600
504801
506900
506800
504600
505000
1150400
524300
519700
521799
555700
504700
519700
523501
523600
522600
513900
517999
511200
511000
517000
512600
515301
515100
510200
512400
512601
514200
512000
512499
541200
516100
526300
519700
528301
521800
549301
515600
523101
522699
511100
508600
520400
524400
514800
511301
506999
509300
510500
518800
511800
513900
516500
522801
522499
520100
531900
511001
508201
508100
511199
511800
506600
508700
512400
510500
508801
508300
510901
510700
508400
508000
547401
512701
519800
519800
535900
515000
516401
512700
517000
510599
508500
518200
511999
515401
515200
515400
508500
510500
510899
508901
508600
587300
517800
534700
518100
519600
522500
518199
514900
508400
517799
510500
508801
506400
513200
513100
517801
519600
510900
512600
508200
508499
590400
528600
521900
519900
520799
511199
510699
509200
508800
510799
511300
506699
508300
510799
511499
517600
513600
515200
514500
515201
508700
526001
522500
519500
518701
518000
517301
514300
510400
509800
514100
514500
516100
510000
508900
511600
517900
512599
513500
514599
512601
509200
523001
522400
520501
526200
522601
513401
510401
512301
520801
510400
508200
506800
520401
514500
514000
513001
503300
508100
538900
504500
513000
515000
524901
519600
519700
527900
509701
506600
508200
517900
515900
511800
511201
515800
514900
511599
510699
514700
531399
560199
510701
524799
521200
524199
515700
520699
522800
511501
509600
506400
517500
516701
512199
510400
514900
515400
512200
512100
522500
516401
514000
512300
523099
523399
523200
518299
522099
515000
513099
512801
513300
512100
519300
515400
512000
513101
514301
532300
514600
513500
512100
522901
523700
518601
525201
515900
513301
512300
516100
516201
510700
506500
517700
515299
514300
512999
514500
523900
509400
504800
504301
556699
508700
523200
520000
519401
531000
517800
516801
515900
517499
519000
520400
515800
514800
518899
540600
523700
519700
520499
513301
539600
506899
522000
523800
522501
516300
519301
510400
510699
508200
512700
517000
518600
508400
508801
538800
519499
511000
523401
517800
510200
548700
508400
522799
522200
523700
515799
519700
520301
519501
507901
522000
522200
510999
510100
508400
509200
510701
508300
513399
518100
542100
515800
518300
521500
529500
516500
508600
508300
509100
510601
504700
513699
512799
527400
515700
519200
521100
518100
508400
508800
556799
514001
523900
519500
519500
530101
518400
514700
513900
517700
518499
511701
524299
530901
521800
519800
520000
518301
531901
519900
516400
518200
528400
521901
520600
519600
522501
518301
519700
515900
515800
528001
522901
515599
514500
511699
510901
508600
509000
510300
512100
508899
508300
526000
524800
520999
523600
516200
516201
518000
523600
515700
517500
539699
518801
519800
519600
528500
516900
522300
520000
519800
570601
513699
521101
519700
524001
518900
516701
518400
515700
535499
519400
515800
517199
520500
523000
515500
517400
522800
519001
514499
516100
556401
528000
524799
519900
514699
522899
519100
515900
516000
518500
518600
510200
518200
524500
516200
515501
504100
505701
506700
504600
505499
556000
518100
522399
521401
517599
518300
522000
504999
504400
505600
507701
504800
506500
508000
506600
505299
504300
507900
508300
505301
504500
523199
509900
519800
519499
524900
526900
504201
504700
506899
506900
503101
504800
507600
508500
504300
505401
507300
506600
504600
505201
1135699
518699
518000
524001
531800
517900
514800
507000
507500
504600
504600
515600
511200
512200
516600
519999
524300
515900
512300
517700
509600
566600
753999
786301
766400
758000
746499
744000
744400
748400
742101
745400
745600
746200
747500
746700
775299
585800
580401
577999
572999
566901
584701
567999
565700
565400
567400
567300
572699
567600
582200
566099
566900
584200
567700
565200
565600
525500
523700
523400
516400
515600
517900
520400
516000
516200
515600
521600
519400
513900
513900
518601
518600
515900
509301
528899
539200
516000
519500
521500
525400
510200
516100
516700
523400
511200
509799
508300
511099
511699
508400
508601
510900
511900
509300
510000
510800
573699
754700
755299
761799
750500
739300
749400
740200
517800
521500
508200
508500
508701
510000
524300
506799
508600
510800
517100
509000
519900
519500
525500
518100
508700
508400
509900
512799
508300
508500
510699
510200
508800
508500
527800
508000
510400
508200
509401
520399
508300
518200
521299
521500
519800
515700
519600
517800
517400
516000
516699
517500
517500
516000
514601
517201
517200
516799
515900
516900
568899
523201
518601
519500
519700
529400
523000
523799
524500
524399
528300
515900
516100
518400
517100
517800
516300
517000
517500
516300
515900
585200
589201
579400
587000
573500
587101
569600
584700
570901
566599
565199
565800
565300
572100
583901
570501
565400
566301
566600
575200
596400
579700
579200
581899
565001
584100
566201
566301
565101
582101
565999
566801
580900
564799
565100
565500
566201
566300
585800
567600
577600
598601
581999
593401
579200
582299
574301
582900
565901
566601
566400
566600
565301
566700
583301
583700
566800
581599
508200
526200
523000
519300
519200
517000
509701
508600
506599
510300
509601
508499
512100
509499
509599
512100
504400
505500
505501
502901
504600
511499
520800
519600
519700
515399
521700
544500
504500
504400
504800
507200
504200
503099
505700
505599
504101
504900
506200
505999
506300
519700
524899
520800
519301
532600
520899
541900
520800
507799
511500
509400
509201
508500
508200
509400
508900
508700
506500
510000
507499
508000
508300
526599
521000
519600
519800
534500
507901
510500
507699
509700
510699
509301
507999
509300
507601
508699
508001
510700
512599
503001
504300
527700
527300
520599
517800
515201
510100
505900
502700
505100
506300
505800
504700
505300
504500
505800
510000
504400
505900
506600
504800
504700
561200
521501
520300
520199
518301
525300
523501
508799
508801
510200
508600
508400
508700
515401
505500
504700
504799
506400
504600
503200
506500
516300
535001
520401
519700
515700
506101
505000
505800
505599
505801
505099
506400
504700
506000
505400
504600
507200
506600
504500
504601
507501
508201
504100
520099
521800
521099
521000
508801
509901
522301
524200
516100
509299
515700
504099
505000
504201
506300
505299
506700
504600
529100
505000
504900
616900
521101
520900
523901
509200
514200
506000
504900
503200
505799
505899
503201
504700
506001
507901
504600
505000
520601
562000
594200
519800
520001
512601
506100
506201
505001
505500
504599
504500
504100
506000
506100
503699
505000
506300
505599
504800
504600
506699
519300
514199
520099
522800
520100
505301
503400
505900
505900
504800
504600
505799
505801
504800
504800
507101
506600
504800
504500
506600
505700
504600
503401
521900
521099
521000
519700
508200
515600
506200
504500
505200
505400
1145199
521600
519301
542800
504600
504500
506700
507500
503301
506199
524401
523500
523500
512599
506600
507000
504300
505199
505199
508301
503300
505199
506800
523101
503300
503801
506000
505399
506100
505101
527500
526599
519700
519600
565399
523500
522700
519800
508900
515700
505300
503100
504800
524600
506700
504600
505600
508500
508800
504701
504899
547901
525000
520000
519900
523000
516700
508500
504700
507800
507601
504300
504600
518100
509199
505299
504899
506800
506700
504500
504999
507799
557300
518700
519800
524799
523899
522399
504800
504900
506900
507099
504700
503199
506800
506600
510300
505500
508700
504900
505000
508701
546200
523300
519800
521700
522900
519400
504600
503300
507501
509201
505200
504801
509101
511500
504099
505199
507601
507499
503700
504800
531800
524799
521800
519400
523000
518699
504300
503000
507799
508100
516301
519700
509000
507600
505200
504800
508800
507500
504700
505400
507200
547200
521400
519901
519800
522000
520899
504700
504500
507800
524600
505901
503000
507299
507200
504400
504600
507000
505400
505100
504400
511200
524000
513800
518300
524200
522800
523600
504400
507799
524899
504500
504500
505099
506799
504600
504000
507499
508801
504700
507100
507799
507601
503701
505300
521700
522401
519800
519599
530100
536701
519900
520199
519900
520299
529100
518100
520299
518499
524400
504999
504801
511200
528699
524799
518699
520000
521400
524801
521700
508200
509301
509399
516499
522600
523400
522501
519099
506200
506899
508699
513600
516400
518500
521601
567500
515300
520301
523900
552000
522300
516399
519500
520200
520100
505001
507300
508100
504701
512100
512799
520300
529100
523700
504600
507200
556699
520100
520000
533901
523200
519500
525300
506900
509200
504800
514301
512901
522900
519100
504700
507100
507400
507799
504600
507601
512999
572201
519501
519800
524701
523201
518801
504399
509000
513000
522801
525199
512300
514699
512300
510600
516200
512900
511500
509800
508300
506200
587300
519900
520100
522499
521700
517199
506500
508799
508400
522900
525400
514200
513000
514701
519500
516200
515500
510500
508400
508800
564100
524500
520500
520000
522499
510300
524200
512200
512400
514899
526501
523199
511700
515100
515600
514499
510000
512300
511700
522099
519499
544000
511099
524399
520099
523000
516100
520300
521400
520600
512000
521600
512100
512601
514000
516100
512200
510699
514700
524199
510300
521299
562000
523700
524400
519500
519600
522700
524601
516200
523301
524300
519301
517700
516000
519400
518500
520800
514300
515800
520000
519401
525200
521600
522899
522699
520401
525099
516800
520600
519300
523500
519700
521900
522300
515800
516200
539499
520901
515900
524500
522399
518299
566000
516100
523299
522400
524800
519101
519500
519501
541000
527800
525400
519600
522499
531699
526300
519900
520800
518000
517900
515900
523801
558801
525200
520000
520500
522599
520299
520100
527800
526000
523800
522700
523400
515600
519299
521101
516200
517800
518801
520200
525999
520201
587200
523700
521000
519500
519600
527100
522101
520699
525099
520000
534401
518599
515900
524901
525000
519800
516100
525500
520300
553899
522100
525901
519900
522801
527101
519600
517800
522301
524500
550600
519499
519800
526000
526401
521400
520199
522100
519800
525600
519701
520400
523199
524100
521600
520401
523500
524801
522501
524200
546900
522000
522200
519999
1157099
527500
516999
519501
522501
522200
519999
523299
524501
525700
522500
519800
519800
522100
530699
526100
519400
524700
522899
520401
525199
520901
521700
520499
520100
530100
516600
567700
517199
524501
523800
522400
520099
519499
531300
523900
523600
519700
521000
521800
522501
524300
515900
520200
519299
516000
516500
518500
560901
518299
528799
519600
523601
535200
524200
516199
527701
526400
518200
524600
525600
522401
522399
523600
516200
518100
520000
518300
516200
583200
516301
523201
522600
555400
519500
525700
522600
534699
519300
515600
515900
518700
518900
516000
515800
517201
520501
515900
516501
519100
518801
518400
515900
521299
524400
525001
519600
519800
526901
522399
522701
520400
517800
522400
522300
524700
519601
520100
523100
522401
520201
525000
554900
524301
522900
520200
551301
518300
523100
520599
519800
522300
518499
521000
520101
522300
521300
519601
520900
519700
520399
518500
526901
520100
526801
539399
518101
520199
528599
517100
519700
519600
519600
523800
518399
526100
519399
521599
518400
523700
519900
522100
522101
517700
525099
519700
524300
522899
519600
519800
525999
518500
522100
519500
521900
520500
514000
525700
520399
520600
522499
523100
527599
521900
570600
518200
519800
523100
521901
522001
519700
521200
520300
518301
526800
520799
528199
518899
518000
519700
528900
519800
519900
519600
538500
572400
522100
519301
520000
523000
526101
520300
519000
522499
521000
522500
521500
525500
524000
524101
523899
523400
526499
531800
519900
519900
565700
522900
522401
520699
521199
522901
522600
520401
522499
526401
522200
519400
519600
524199
522301
526800
523299
525699
522099
565300
515900
526201
519400
525000
516700
516000
516600
518899
518199
516500
514100
517099
521299
515999
515900
518200
535601
518800
515300
516500
566099
519099
524300
519800
528700
519700
516000
515800
518500
516299
516200
517301
518300
515599
516600
515700
516100
518200
520000
515900
521099
562300
514999
519200
519500
527500
516900
521700
516200
516700
519300
520101
516100
516600
518100
547400
515899
515700
518200
518601
518101
516199
530100
522601
523100
518400
516301
516601
518300
516499
519700
518300
517700
514200
516400
534201
518701
515701
516200
521100
519401
561300
508699
522100
523300
522800
515700
515900
521700
523500
515700
516600
525100
515401
527999
512500
515600
511100
513101
508400
508600
588899
579500
580600
578400
572700
577800
575400
579300
579700
573400
591000
573600
583700
584201
580799
598000
597800
595001
579100
611600
581100
598401
581300
580600
595900
579100
581200
589300
598200
586500
582900
578600
577901
577499
580100
598500
583600
593899
577900
577600
577900
580700
580200
581301
580000
579800
580301
592300
578100
581100
580500
597700
590700
578199
578101
580900
595499
586800
581299
595400
519699
518100
521300
523099
521399
518000
523401
524000
524401
519500
523900
527999
523200
520000
521800
522601
560300
521600
518401
520000
521500
521300
521800
518000
525600
521299
521900
519700
519500
521401
524699
520900
519900
521400
521300
521800
514300
520001
519800
519400
521800
517800
519600
522100
521300
520899
519700
519300
521500
519500
519501
519900
522400
521600
521199
520000
518099
531400
520999
520100
519700
520999
525400
521100
518199
520000
521400
521300
520399
519600
521101
530101
515500
520000
521100
521200
532401
521101
519900
519800
520901
1166901
518499
520700
520201
520499
521100
520299
520700
520200
525199
525600
523201
518500
520000
525600
539499
519500
519900
520900
525800
521199
520300
521200
526299
522500
517900
519600
519900
528099
517300
520399
521099
519900
520801
519701
523300
552601
524599
522200
519700
521099
519301
521600
515599
520901
519400
521300
519800
521800
525600
525101
518000
520200
518601
526100
525200
519500
521700
522900
520900
519600
518300
523001
526801
521099
519800
515900
528600
521300
519700
519400
523600
526000
519800
519800
522600
527900
543501
518301
520400
520300
520701
519700
519100
521101
520900
522100
514300
520800
521600
519300
519700
522000
525801
521101
519800
520700
534700
541000
520000
520000
521100
525800
525500
519800
521301
520901
521101
519600
516400
527400
520900
519800
519800
524400
529500
535000
520000
520199
539000
526901
520100
520700
521000
526999
519800
519800
535701
526901
520900
519800
517900
520999
525101
516100
519501
535100
521300
519700
519700
753900
520399
521101
519700
524001
534700
521201
521400
524400
518401
519601
521100
520699
522500
519599
523800
521300
521600
518300
518400
533900
521099
519901
522199
520900
526100
521700
520300
519800
521300
527500
515800
521900
521500
523500
519700
520101
521000
521500
520000
519800
521501
522900
520899
519800
515900
526699
521800
518100
520001
525300
526000
521300
519900
548200
520699
521500
519601
517499
526500
551501
521000
517800
518899
525600
517200
520001
519300
521500
527901
516300
521199
519700
536101
521300
519600
519300
521000
528199
515900
522199
559500
522699
522199
519500
519700
523300
521100
521800
518200
521400
526200
544400
519701
519600
522301
524901
525500
518601
518599
526599
542300
516000
519400
523300
522900
519600
516000
527400
524100
522501
520301
515600
529500
524501
520000
516400
528801
522000
521900
520800
521600
567400
526701
519600
519501
525400
520301
520900
516300
517700
535300
516200
515200
517800
517900
515900
516499
523400
518499
516000
516401
519001
547099
526700
520400
520301
526800
518999
516100
515900
526300
519800
516100
516201
517400
519099
520400
516200
515700
519000
518700
515700
508200
577300
524799
519700
523000
525101
510801
518499
506500
508101
510800
513599
508300
509899
522600
516000
512401
512100
517301
510500
508300
508400
538600
524701
520300
518299
526399
526799
515599
512300
515900
519700
508700
508400
511500
511499
508400
507000
518399
513100
515800
512199
514499
533301
525900
518100
519500
539400
514000
512400
512200
517400
513001
508299
508200
509801
512900
511399
505000
506800
506700
506600
504700
506900
563700
514799
519399
532100
523100
525201
508200
509900
511001
517000
504801
504600
506500
507999
504800
505400
509800
505301
505000
508100
507400
525899
502600
518600
522901
527001
524199
505600
511099
512600
505400
508500
511100
511401
508400
507700
508400
507101
504800
504500
506999
505499
504800
504800
520001
526800
523600
525000
516400
518600
519099
515900
515500
518800
518601
518500
515900
518801
520501
517800
504500
506099
515300
526700
506700
520100
520700
524100
508501
504999
506000
509901
505500
504500
509000
520501
516601
504700
507199
507101
504799
504400
514799
507599
504399
503701
521999
522901
519700
519499
521900
520000
504500
505499
506600
507100
505101
504800
508500
505401
504400
504500
522999
508601
505100
504800
545800
526500
520399
519800
523100
518301
1188800
521000
521700
522701
507000
507099
507600
504500
504699
504200
509499
507000
505501
505599
525199
524100
520301
519800
518199
521900
504500
504700
508400
505700
504600
504400
507201
507500
504900
506701
505200
507700
504700
504800
507800
563100
515400
518600
524500
524500
527900
516000
506500
507600
504800
504300
506900
506800
506300
504701
507000
507800
504400
504600
507000
507199
504400
568701
580700
580400
580400
574399
561201
561400
579200
563300
563900
570899
578700
561200
563600
563500
563099
561401
561101
561299
584500
587101
581400
578400
580599
578500
567300
563299
564500
578401
561400
567900
563200
580700
561099
561100
561200
563300
580400
593301
520801
519300
521200
520500
519800
504401
506199
506000
503301
504400
507801
506000
503301
504300
506400
505800
504900
504200
507901
507800
504500
512400
518500
521600
525800
520100
504900
504600
521000
506500
504900
506501
505899
504800
504400
506001
506001
504700
505301
506100
505801
504800
510000
522000
522200
520201
519400
505800
522899
504799
505000
505701
504901
505200
503101
505599
506999
504600
506400
506000
505501
504999
504700
521600
521500
519601
518600
511600
524701
503399
503600
505700
506200
505000
504600
505900
505901
508100
503299
506300
506600
505100
504600
521300
526100
519600
521899
521100
526700
504900
503799
505500
506099
504600
503500
504400
507099
505199
504900
506800
506099
505200
504800
505899
523900
520800
521700
519400
530600
517800
504400
504500
506201
504700
505000
508200
507101
504500
505201
504500
505801
504699
504800
505899
505600
512801
510400
519600
535600
522000
523099
501000
502700
502700
503399
501300
502300
502201
501400
502800
503100
501200
501300
502400
504500
501000
502299
533399
538900
520701
518600
519100
517500
516900
520300
508100
509600
506200
504600
502800
506801
517099
515900
523700
510400
509600
515900
516599
536200
517501
528899
517900
519600
511300
513800
514300
513500
510000
509701
508300
508500
500700
507501
504600
504901
504600
509099
510100
504900
528899
518000
524899
521201
521099
517700
516000
504700
504800
505901
512600
509401
504600
510799
508300
515001
512200
513500
539399
504800
503500
525500
508400
521600
520000
521001
509801
508100
508200
507600
507899
509900
510600
505699
506101
505000
504600
506800
530499
512100
512800
532000
506300
526900
519200
518600
522200
509701
514300
509000
508701
524700
519800
518100
521199
506100
549799
515400
504700
504600
506500
509100
504999
506000
521000
520300
518200
513199
506000
516200
524201
504700
505600
504800
506701
501199
519400
505600
504500
506400
514800
514799
504800
525500
502400
523900
519501
521099
509901
513501
501000
502200
502300
510700
512801
502000
519100
510100
501301
505301
502200
501000
501000
502100
525800
501601
517599
520999
523300
520700
519800
508699
509000
509601
507099
508400
512600
509700
511799
508200
511600
511099
508999
508600
509400
527400
507000
519000
522100
521101
518199
508200
508399
513399
512800
512099
534699
515701
514100
512601
511900
512400
513800
517701
508800
509200
522200
520001
521200
521200
520699
520801
524000
515900
517300
521199
527000
519900
524601
516201
517800
516701
514699
523299
522300
521901
527199
515601
524800
521100
520999
520300
520000
519700
539500
514100
520800
515500
509901
522300
515900
517400
517201
515700
515500
524399
509501
543101
514500
522799
521600
521400
518901
515900
516599
1169101
523700
526800
517500
517200
516700
519900
509699
518501
519400
515700
526999
518000
520701
519599
518100
521400
540400
515800
516600
517800
517300
517600
519000
517201
517800
515799
516300
517900
517100
513600
520800
524201
521001
520100
524301
516000
543000
523800
514400
520699
515700
517200
515900
515699
517200
518000
518701
519500
517301
618000
517900
520000
518301
520199
521500
540500
523400
515499
517100
517201
516499
519200
517800
517400
518301
516000
523999
507501
515500
516000
514700
524400
519800
518400
524401
533701
517200
517500
517800
518000
515600
516100
515900
520599
509800
518600
516000
515699
517399
513400
518100
515201
525099
521301
535200
521500
525500
517500
507899
508000
516601
513201
513800
512100
514799
511700
513500
510401
512600
513401
518900
510899
524600
520900
537000
517900
518800
512200
513500
513700
512300
512100
513199
515001
513501
512400
513100
513500
517100
508599
510200
598800
511201
526399
519800
522001
521200
508600
517201
513700
513500
513800
511900
513600
514100
513501
512300
512100
513500
513300
512200
512300
583500
599401
579700
596200
596601
569400
592500
566900
566900
566000
567301
583000
585099
567101
567000
566100
565600
567500
602600
588099
584599
578200
593300
578000
567100
584700
572999
569800
569600
577500
567700
566799
567600
577200
587400
571000
570900
596800
570800
584299
577499
581900
571000
579899
574001
570100
582300
565001
579900
567100
566699
565300
578100
567500
566600
592400
512699
524000
523800
522501
521301
517100
508401
509801
509700
519001
512200
514801
513400
512000
511800
513900
513900
509301
508500
533300
521601
509999
524301
521200
521299
512200
512200
513800
513500
511900
516000
508200
510600
506700
517199
512000
513101
513201
510599
512399
518999
524999
511799
524999
519600
521700
512100
512500
512500
512200
516800
511900
512800
513300
513600
512500
511801
513800
526500
514500
511900
512200
539601
514100
526400
520200
528099
517800
508500
520300
513799
513400
512300
523001
541800
522601
522101
543199
518000
508300
510400
509301
516701
514701
523100
524301
519300
520000
522601
511001
511999
508900
516500
514300
514700
512800
517100
537700
514300
508500
508401
512200
511700
506700
508500
522500
522800
521101
518299
523800
510501
512200
508400
508001
512000
512100
508300
517800
512701
514100
512300
512299
514400
553700
513099
524299
524099
525900
515000
515301
510900
509699
508200
508400
511300
512000
510000
508000
512400
511800
509099
508700
520000
554001
515099
519300
521400
527901
514800
512100
512100
514801
515601
512401
511899
516601
522600
512400
512101
515301
514601
506799
508300
510300
564100
524100
521900
520499
517600
508900
511200
508200
508999
510300
531000
508900
508600
510800
511299
512300
512501
514500
514500
512501
513899
527800
522499
522201
508899
518001
514601
516300
511900
510701
531400
517000
512200
517199
509400
510500
511801
512000
515501
514900
512100
511001
524001
522900
522900
516501
517600
519400
514900
515199
511900
512200
513401
514901
512000
511900
514301
513999
513800
510400
515699
531799
512400
525800
521900
522299
512000
512300
521500
527200
508200
508200
518699
513400
513000
512200
514700
515599
512400
512200
515601
520500
508000
508300
524801
522901
522200
525600
520099
530900
515800
512100
512100
520501
523400
523500
520200
524200
514500
514500
508400
508300
510500
539000
507100
524600
1194200
549500
520400
525300
517800
518000
516900
516400
518100
518600
520000
515101
518000
517800
518200
516799
526100
528101
521900
524001
518500
524699
522100
521099
519601
523600
518000
517499
516200
518399
517101
517199
516300
515101
517100
518300
518500
516899
523901
522400
547100
518100
515900
515800
517700
516300
516100
515500
519299
517300
515900
515800
517201
517100
516200
515900
517000
524200
515700
519700
540300
521000
517900
515600
515801
516000
516000
517300
517600
517200
515900
517599
515701
516900
517299
516201
514701
519199
535499
517400
519999
521300
520900
528500
515900
516200
517100
521201
516401
515700
516101
517001
516300
515600
515501
515600
520601
515900
517600
598100
526500
519499
520299
521300
528799
515700
518199
515599
518300
514300
515601
517499
517600
517299
515601
517500
517099
517800
515900
515499
525700
527400
519800
518300
526000
519200
516900
516100
517400
517400
515601
515900
514200
516999
523100
515700
515500
517301
547500
516500
514301
531400
526400
521200
522899
519900
528200
517200
516100
515700
517900
517400
515800
512000
526799
517301
517101
516599
521499
525300
517100
516799
520200
523900
523900
523699
521501
518699
519701
522701
523200
520401
520200
524201
520401
522600
518200
519401
524200
522701
519400
519201
592500
525300
524000
518300
519300
520499
528400
516300
519700
522800
524900
522599
515800
519400
546600
522200
519701
520100
526700
528500
521500
519800
518200
522599
522200
518400
516100
529500
522100
521800
516000
530100
522301
519900
516000
519800
520401
521800
519799
521700
525500
571701
523600
518800
519800
522000
522200
519299
521399
521900
528500
516099
518801
539401
521900
528000
515400
519800
526400
522000
520501
515801
556400
523199
519900
519700
522500
523300
524400
520100
519800
526399
542900
519800
519800
526501
527200
522501
519700
520399
527500
525600
519500
520099
523700
523500
519600
522900
523401
523400
523000
519600
518600
521700
523000
519900
521900
521700
521001
528800
516101
515300
539501
527000
519800
518500
521800
523301
522900
522099
519800
519401
520300
522201
522100
522900
519499
520200
522801
522301
519300
518401
518401
523299
525000
528600
519501
519800
522001
532700
519500
518500
523600
523999
522899
521600
518000
519800
523100
523100
521500
518701
520100
520999
522200
522200
520000
519699
552500
520999
519700
519800
517399
526899
523199
519500
520700
519800
526700
515700
519700
521000
537100
525600
519700
519900
521901
539700
519700
519700
520801
526900
523700
520200
521600
521299
525899
514699
519900
519600
521199
526799
516000
523600
521401
521700
518500
518101
521700
520801
526700
516200
522200
520899
520800
519700
516600
521200
520800
526100
515900
521299
523600
518299
578200
595001
578001
579900
584300
585100
578000
597600
577701
579000
587001
586100
586700
597900
578400
597401
597300
594901
609700
577700
595201
578600
585299
579400
584099
581300
519399
522000
522900
525900
522900
519900
518900
518900
522100
506300
520300
518700
516100
514600
518001
521700
522800
519500
517101
514800
524800
519900
514799
514600
519700
518600
519201
515201
514300
522400
519399
524800
519800
553399
524399
521301
519499
519400
518499
521500
514800
515900
514600
519500
517300
515400
515601
519899
519199
517900
516500
537601
519100
588300
518200
519500
522601
525601
518100
516400
518599
519200
520800
516100
512800
518401
523100
512299
1223000
551600
519099
520100
517800
540200
523300
520100
519800
524199
522600
526400
515800
518099
518100
515900
516000
510599
523500
516501
516000
536700
518700
518499
516200
508099
564700
528500
523700
516600
515800
516600
520299
508001
515600
517600
518000
523399
508300
518699
548600
514200
514501
510700
521299
516100
515800
553499
529200
523100
519800
519700
511300
510901
508300
508400
510300
512400
508700
509000
525300
509801
506900
508400
510200
510700
508899
508900
557800
528900
523001
520100
520200
518800
519101
508300
512100
511201
510901
531200
516700
515800
519501
519600
515101
514100
512900
511301
539700
515900
520300
521600
522300
525800
515800
519301
522100
522600
516400
515800
511800
523800
515399
513000
511999
531200
520100
506700
508900
603200
526800
519300
519800
522799
516700
511100
509000
508400
522499
511200
506700
508100
511500
523400
522099
516200
510600
510099
506800
508200
533000
527799
519599
521400
520701
514801
508500
507201
529500
511401
512800
508900
510600
510500
513800
508500
510800
509599
511001
508899
511100
542900
527800
522699
519700
522201
519101
508200
508500
510801
510400
508100
508600
513199
511401
508400
508700
510801
509601
508201
507100
511500
558299
529600
519800
518100
524100
543501
523700
514400
510899
510700
510200
508100
510900
513700
528701
519300
520299
510900
510801
508600
508899
626599
522600
520199
521301
535000
510900
510699
508300
509900
510400
510199
508300
508101
510400
510900
508200
507200
511000
515800
508400
508901
538400
531500
519800
519600
521800
512000
509500
507801
510600
510401
508100
508500
510700
512200
508400
508801
512500
510500
508701
508700
511200
654400
537499
524999
518200
527100
511199
511699
511401
508700
508799
519700
519501
507300
508700
513600
512100
508700
508100
512000
518801
607900
570801
523800
518901
526000
523300
517801
519000
520300
507800
517200
517900
517201
510801
508200
519000
519399
514300
516700
533699
555299
519000
523200
525100
523999
523101
525000
514300
518701
517100
515900
516100
517900
519699
519701
516000
524499
522000
546900
519101
519400
519700
524901
522899
525200
516500
518399
519700
518700
515100
518200
518401
515800
523399
522299
522500
524699
516000
516200
518401
559600
520500
517499
522101
522200
524099
516000
518501
517900
519100
518501
516000
519001
519099
513600
517700
526700
518200
514200
515500
520000
570000
524600
525201
519800
522201
525500
515800
516000
518601
519800
518701
516999
518300
518401
516000
520999
510899
518100
514000
517300
518600
559500
517300
520400
519700
522000
518399
514400
520100
508899
518000
516201
515800
518100
534401
519500
518000
516401
519699
518700
516700
523500
515800
526100
524599
516800
519700
527601
522900
522899
524000
520000
524499
522300
523200
523299
518899
520800
521800
509300
521800
514600
524399
522501
521801
519900
519500
523199
517299
515900
516000
515700
528800
519201
515800
526900
513800
515100
515500
512000
522800
518800
530700
519600
527200
522100
527000
530000
530900
518300
518900
518600
518400
517400
519100
519400
518300
519800
522300
515200
515500
514800
527000
511400
510600
520300
525500
527800
527000
526400
529300
524800
521700
523000
521900
521600
524700
523600
522800
521100
529600
530400
526400
530500
523500
532000
523100
526600
526000
530500
520500
522800
522600
522100
522800
526600
522300
523400
523600
524500
526400
521700
522200
523400
522800
523000
521500
522000
525900
526200
531800
521100
523000
521900
523000
522100
522400
523200
521800
522200
525900
523100
524000
522200
523800
522600
551500
521000
530900
528500
530500
529300
522500
525600
523000
521400
522000
522900
522800
525400
521900
521400
523000
523600
521900
522300
525600
589000
521900
534600
525600
527100
527800
529400
521300
523500
523800
522000
521500
525600
523000
522900
523600
522000
522700
521600
522600
522100
552100
523300
532300
532300
524400
523100
524200
520300
523400
522500
543800
521100
521800
525400
521900
522600
522000
524400
524800
522000
520900
712500
780600
764800
768800
756700
700400
526300
523400
523200
522900
520100
523100
527500
523900
527200
521800
521500
522000
563300
755600
765200
761900
754600
757200
762100
754600
753300
756000
758200
757900
765700
754900
756500
768500
764200
762300
763600
753800
757900
720300
523400
521400
524700
523800
521500
520900
527100
523400
525300
523200
521100
527100
530600
531000
525500
530800
548900
524200
523200
521300
525400
528200
526200
532500
525400
525700
524600
520700
1353700
537300
526200
525100
524800
527300
526500
521300
523600
523000
525900
523800
521600
524800
523900
523000
521800
523300
523800
523200
522600
523500
544200
522700
525000
525900
552800
522100
524200
523300
523300
523200
522900
521300
521700
522900
523600
523000
526200
523700
526400
522700
521000
596300
525600
541000
525400
528800
525400
522700
523000
521700
522100
522700
525400
521900
524400
524500
522400
522200
522000
525300
522900
521800
521900
531700
526400
527700
531100
521800
523200
522100
522200
521300
523800
522500
522700
521000
523500
522800
521300
521400
525400
521600
525300
642400
536100
525600
528400
523900
515800
520700
519400
518900
518200
520300
520000
519900
518100
517900
519200
520200
517400
518600
533100
542900
519300
529300
525400
527300
522900
514000
517300
515500
517700
517100
513900
517300
520500
519200
517500
517000
519100
533200
513700
514200
540000
516800
533300
525800
527000
519900
518300
520100
519800
519400
517300
520100
520300
517300
518400
517600
521400
533800
518400
517300
519200
538400
519200
530600
526000
525800
523800
526500
527100
518600
518900
519800
517400
519000
519600
515900
519500
532100
519100
518900
518700
519100
528500
519400
531200
527700
528800
519000
525500
516500
516600
519000
518000
519200
520300
520000
518100
517600
519100
517800
519500
517400
520600
530700
518200
531200
526800
527000
518900
518300
521600
519700
524900
523000
519200
519300
520600
517800
517200
522100
515800
514000
513700
515400
539400
517100
530600
528600
528100
520800
517100
518400
519800
522200
517800
517800
537200
520700
519500
517800
520200
520400
516800
521600
520300
553500
516900
532200
524900
528500
520200
520200
519900
520800
519900
522500
514200
516200
516800
517600
517800
520500
520300
518500
518000
553200
531400
528700
525000
524900
529900
533000
528600
525100
528500
536600
524600
526000
521200
522500
528500
527400
521900
522400
525600
587400
527200
525800
527400
530200
532200
521300
522000
533300
539300
527900
527800
529500
525000
524200
524600
520500
524200
523600
522800
522100
574600
532200
529600
525400
528100
535400
523800
522500
521300
524900
523600
519400
525300
523000
524900
524700
521800
528300
527500
524500
522100
520300
536100
529900
528000
523400
521700
540800
525600
522800
521800
530100
521200
524400
521000
523300
523600
523500
525900
530500
523900
551800
525200
532200
528500
528300
525800
531000
523400
524900
523800
521700
521800
523700
525100
522100
521900
524100
521500
522000
521700
525600
570400
525100
526900
526800
549200
524800
521500
526600
528300
524800
522400
520800
529800
527000
525400
522100
522000
524500
521700
518200
517000
530200
528200
523800
526500
520600
520800
520000
521400
525500
523500
520200
517800
517800
520800
520000
517100
520300
520700
520300
517700
517800
532200
529500
526600
525800
530000
519700
519800
518500
517900
519300
527500
525300
527500
528100
519900
517800
517700
517100
518100
535700
517900
533900
526400
531400
527200
524200
518100
518800
519700
518000
518200
521700
522300
519600
517800
519400
520100
518700
519500
519500
533900
517700
531900
526800
526300
525100
527100
517800
518800
522200
522800
523700
525500
523600
521000
517100
518800
514900
517300
518700
539100
537600
516900
524500
527400
533700
521900
521800
525700
518800
520100
520700
518100
519400
518700
518400
530300
522800
522900
518700
517700
1280300
526700
524400
528300
525700
514700
515800
514200
515700
516900
517400
518600
520900
518800
518400
517500
519100
541000
519000
519200
557900
520700
527100
524900
529000
529100
518600
519600
519600
519300
519000
517800
518400
520000
518200
518600
517700
535900
521900
517800
517800
540600
527300
526800
525800
526000
520600
520200
517200
518300
518700
519200
517200
518900
519200
519100
518200
518900
520600
519700
516600
517900
602300
585700
580900
581100
573500
592100
570300
568800
568500
576900
566800
581900
569000
571800
571600
582500
567700
583100
568500
584600
514900
527400
525500
533600
523500
521700
521700
520200
519100
520400
518900
518800
521600
518700
516900
518900
519400
517500
520100
519900
525500
518300
525500
524900
530100
527300
523100
513700
523400
518300
516900
518200
535600
519600
517800
517700
519100
520200
519600
519200
519600
532600
519800
527200
527800
527400
527600
517200
519900
519600
519500
520800
518000
523000
515000
513700
520400
519200
519100
517400
517500
522100
604500
527400
527600
529400
529900
519500
520100
518200
520600
533700
517400
518000
518100
518600
519100
516400
518000
523800
521400
518000
517800
543900
527100
526500
525200
531500
521300
519400
518700
539900
519400
519500
519600
518300
519400
519300
517700
522200
519400
520500
518300
518100
700900
532300
528800
524600
526800
524000
522900
517400
513900
530700
524700
526400
522900
517500
521200
520100
517100
517700
521200
525400
509900
510000
537300
529500
529800
526100
518100
515000
522600
521500
522000
525400
512700
512100
509600
528500
521000
517200
511600
513100
516300
511200
512000
540000
528400
554500
514200
510700
514300
515000
511500
511800
514200
512100
509700
509900
512000
512900
509800
510500
512800
512700
510600
510300
533200
545700
525800
525900
524300
514700
510600
511400
513200
512300
510300
510800
513200
512300
510100
511800
513100
515100
511700
511400
544400
536500
529100
526100
520200
528200
523500
510700
511500
512700
512600
512100
510800
512600
511700
509800
513500
512900
513000
510500
510300
555000
526300
528100
526200
535300
529800
511000
511400
513600
512300
510600
513000
513300
514500
512200
510200
512100
511700
510800
511100
513800
545200
519500
526500
526100
532900
528100
510000
510700
512600
511600
512500
510800
513600
512600
510100
510100
514200
527900
510900
510600
512300
566200
683700
531100
524500
528800
528400
510200
510000
513900
514100
512200
510400
512900
514200
510000
510000
522500
513700
510400
512300
514800
559100
511100
525700
526200
528800
533600
517900
518400
526100
521800
516900
517400
523100
531700
540200
520900
522300
526800
525700
513500
514900
595100
536500
529300
527500
525500
531700
535200
530100
525400
513800
518500
518100
514400
514100
517400
528500
521200
522000
525400
525400
557300
523200
525000
528700
528500
529800
526200
526500
529100
529600
525600
526300
539500
529800
528400
527600
526700
528200
530300
525500
525000
583000
530200
529200
526800
525700
529400
529800
530400
524900
527000
537800
528100
527200
527900
526000
529100
528400
526100
526700
528100
575500
529300
531000
525700
529700
527400
530200
525900
527200
539000
528200
526100
528100
526400
531900
534400
525800
525000
525600
532700
578900
527000
525000
525400
529400
528500
525600
525800
539100
529000
528700
527700
525400
530500
531300
529400
526400
526300
528800
529900
1343200
525500
529800
527000
527600
526600
526400
528200
526700
527900
528500
527600
529500
527400
527100
526200
528000
529000
525800
527100
541100
527500
528300
525700
526600
551900
526700
526000
525400
529900
528400
526400
535000
524000
528200
527400
529200
526200
528000
524300
543600
526300
526500
528500
550600
527300
525700
525800
529600
533700
534500
526100
528500
527100
534800
532200
526500
526700
528400
535000
521000
536800
526500
525400
525500
526300
526800
529200
525900
526000
523600
536100
525800
525500
526800
534000
532900
528700
526000
527200
536600
532900
525400
530200
526500
526400
529300
522700
532500
527100
526200
525800
523800
535600
529000
526300
530000
533300
533500
525800
527900
527200
544000
529500
530100
535000
529000
525200
526100
527300
526500
528500
526400
527200
528100
537200
533400
526700
528100
526700
525400
526200
549600
544100
530000
526200
525100
526800
530000
525200
525500
527600
527600
531700
533400
525800
527200
526000
532600
531700
527800
551900
526300
527700
525900
529000
527500
524800
526500
527100
527300
535600
525300
527100
526700
533500
535100
526200
527400
526900
533200
532100
528900
527100
527000
526300
525500
526500
527900
534200
524300
531100
529700
534700
531600
529400
526900
534100
531900
527900
551100
528500
532400
534100
522400
533200
529000
526400
525100
526500
527300
528100
525200
526800
526900
528000
534500
521700
527300
538300
526200
529000
522500
527000
526900
525700
563300
529300
527800
534600
532900
528700
528400
525400
533600
523900
527000
526900
526200
526800
528500
527200
525600
527100
527700
526800
525400
526900
525700
528900
528500
526500
527900
527200
526600
525500
527700
527300
526100
540600
525700
529400
523800
534900
525600
536700
523400
537500
529800
530000
525200
527200
528700
525700
525900
526800
526400
571000
543300
539600
542500
545900
537300
534600
525300
529300
526700
540500
525700
526600
526900
527400
525700
535000
524200
527500
524100
527500
525900
526700
535700
533400
526400
528500
528700
533000
535600
527100
536500
526500
525800
525600
527100
526400
525400
525500
556900
527100
525700
535100
522300
526800
527500
537200
532900
528300
527700
526100
535800
533800
528600
526800
529500
526100
530100
537300
530700
529100
531100
529400
526500
525300
525900
523000
532600
525200
525900
527200
527000
525900
531300
531900
526100
524800
528300
533100
525300
527900
526200
534900
533600
527800
527100
527800
525800
527400
526700
533800
522100
524000
558400
524100
535600
527100
530000
527300
533600
522800
520800
523200
522700
521500
521600
527100
524800
521500
522000
523900
523200
523100
521900
557200
528000
539900
525900
529500
522700
523100
523000
522200
522300
523000
524700
521300
521600
523700
523500
523400
521500
523400
523000
570300
686700
532800
528400
531000
525700
522500
521200
523500
522500
526200
521400
521800
523200
523000
523900
521600
525000
522500
525200
521000
533000
526300
527800
530200
523100
522900
524400
522300
525500
523100
525300
522000
521000
524500
522700
521800
521700
526600
552200
526200
529100
525000
526800
524200
522600
522100
522300
523900
521700
521200
522300
523400
522400
520400
521100
521600
525100
521100
521600
526400
534600
524400
529600
534000
526400
528300
529400
525800
527200
522900
521800
521600
522700
524800
521200
523600
521200
549400
525100
532600
525400
527700
527100
529000
522500
1170600
531900
525500
533900
523400
523500
522600
522000
522300
523900
522500
526600
548400
523000
532100
525900
535400
523800
524300
523200
522300
525500
525800
521500
521900
523500
524400
522100
521800
525800
523300
521300
521600
533600
525000
526400
525700
532300
525400
523200
522100
521200
525100
526100
522500
521400
523200
523100
524200
522000
523000
536800
523100
522200
526800
523600
526800
526700
533000
522800
524100
521400
521500
523200
522800
522500
521800
527400
522700
523100
521900
523000
523100
524000
521600
570600
530100
527800
530900
534200
526300
525500
526700
524900
525900
529900
528200
526800
526200
523200
541500
522700
521400
522900
523200
524700
590700
602400
595500
581400
593000
578300
575600
589000
589700
580500
576800
576600
589000
575200
577100
576800
576200
576400
575800
576400
584200
582100
580500
588300
576000
575200
576700
576400
576000
588000
583300
590500
576600
576200
578500
577600
591500
574700
570200
529000
527300
527200
527800
526400
528100
526100
526400
536000
530700
528700
525100
527400
527400
528300
525600
532800
522900
545500
527300
525700
524900
527400
526300
527200
526000
526300
525700
532800
525800
525600
527300
526100
527400
527600
524600
535400
522700
536300
525900
526000
527600
527400
524200
529300
526900
529000
558700
525100
525600
527000
529100
522100
536000
525400
527000
528300
527600
527100
526600
527500
525700
526200
527800
531900
522700
532600
525400
526400
526600
526900
528000
525500
531700
522400
533000
527200
526800
538000
528300
526900
527000
532400
522700
524100
525700
531300
526700
526900
526400
527600
534600
523300
525900
526300
527700
527400
525300
526400
555000
529200
526000
526800
524600
525200
555000
526800
527700
528100
526900
527200
525100
525600
525700
528100
526000
525300
534100
534800
538900
527100
524800
527600
526800
557000
526500
526500
526700
527300
525600
525900
528400
525100
522800
528800
525800
527300
529400
526000
525000
560200
527700
526500
533000
524900
527100
525900
525700
526700
527400
526700
527400
525200
535300
534800
528700
525800
526100
535300
527300
527600
525600
533300
551700
527400
525400
533600
533200
527000
527700
525400
534300
533400
526300
527800
525700
527500
528000
524700
527500
552500
530900
553000
525200
525800
527400
527200
525900
526200
529000
528200
526400
529400
534100
526800
527400
525700
533000
533000
535900
532600
543600
527000
528100
528200
525900
526000
527200
526300
527600
530700
527200
537800
523000
526800
533400
527600
527400
526300
525500
617900
529700
527300
526400
525600
535400
531500
528000
525800
529200
526900
525400
526800
525100
538800
533500
527300
525300
532100
534900
542300
525900
525600
527600
527600
528400
526200
528900
527000
530000
527600
525900
527400
526200
527800
530300
536100
527100
529700
525600
523000
535500
526700
525500
523500
526800
526900
525600
551300
524400
526400
526600
525600
527700
526600
526500
526100
527900
528100
537500
522800
525300
528500
527400
527200
525100
525400
530900
537100
523800
525600
526200
527600
529200
521600
525400
527700
526600
553900
525100
527400
527100
564600
526100
526200
525100
528800
526500
525300
525400
528100
527400
524800
526400
533500
531900
527200
525800
538200
533700
526400
525300
525500
537800
528800
527700
525000
528300
527800
528100
525300
524900
527300
525600
523800
527100
527400
551200
525600
526700
527900
526700
529100
527200
1308700
528200
526100
525300
525500
526800
526700
525200
525100
532100
532700
528200
525400
527300
531300
530200
525800
525800
541100
527200
528100
526200
527300
527800
528700
522300
529500
526400
526800
526700
521300
534900
525600
527100
525400
529700
533900
526300
525500
526500
533300
527000
527600
525300
525200
528400
527600
524000
530600
532900
542500
525600
525400
527000
526400
526800
525300
530200
526000
531700
520800
525700
527800
532900
521500
521400
524600
523500
525100
521300
535100
524700
523100
522100
523200
522500
522700
521800
522300
523800
535200
521200
524900
527900
526900
525800
525400
527900
527200
539200
525700
528300
523100
525200
520300
521600
524400
522200
522700
521300
522500
528500
523300
526200
525600
531700
524200
524000
523700
544900
522600
521900
522000
522200
523500
525400
524000
523200
523100
524900
524200
522800
606600
532100
524800
526700
524900
531600
540700
521800
523200
522000
529200
521900
551600
531000
526400
521400
522300
521100
663000
526000
526700
525300
532300
536700
525600
521400
521700
523900
522800
521600
521100
523500
524100
520700
521300
523100
523500
522600
519800
531000
526800
527100
521400
521700
522200
522800
523000
521000
521500
522700
522200
523500
521100
521700
523600
521900
527000
518200
526900
517700
530200
528100
539200
522300
516900
519600
519400
520100
518500
518300
523100
521500
517600
517500
519000
518800
518000
525800
532400
519500
527300
526100
546200
523200
521500
518300
526000
515300
513300
525000
519200
520800
521300
519500
517800
520400
521400
518500
517200
523200
528600
525700
529600
518600
520000
517200
518400
519500
520000
517500
515400
524400
519100
518000
518900
519200
519500
519400
516100
515000
528300
528400
527400
524800
531900
522600
523300
521300
525400
523100
523500
522500
522900
522800
524800
521800
521700
524300
539400
523300
532000
544300
526100
525900
527800
523000
523100
524100
522200
521900
523900
522300
522500
521400
523300
522700
521500
528900
516600
634100
551500
529400
526300
525900
526800
526800
525200
522400
526500
519400
517600
524600
515600
516000
520000
518000
520000
519800
517400
518100
550700
525800
526800
525000
525100
532800
523000
520300
521800
521900
522500
521500
520400
522300
523100
525000
521200
521700
530300
549200
518600
517600
529200
527300
528800
515400
514100
515700
515800
513900
515000
516400
515100
518700
519700
520300
519100
519800
519800
535400
520400
517100
518200
531100
527900
529200
522300
517400
521400
518200
518000
518600
518800
521200
518400
517100
518900
520300
519000
518400
517700
517000
517900
520200
531700
527000
527200
529000
525800
520300
521300
518500
519200
520300
519700
517400
519000
517900
532600
517300
516800
519600
520600
517400
518800
529300
527900
526600
524600
518000
519700
519600
521300
518000
519500
518500
517700
517800
532000
517300
517200
519700
518100
518600
517600
518100
530200
526400
525500
525700
520000
523600
519300
518600
519800
521800
520200
519100
517300
519000
520600
518100
518000
519600
518900
510600
510400
525500
525900
526000
527300
527600
511400
509700
510900
510900
511500
510100
509700
513300
514000
510500
510300
511900
511600
511900
511700
526200
521000
530900
525600
530700
528000
512000
511200
511800
511200
511200
509800
513000
510800
510900
511200
512400
511600
511100
512500
525300
525000
527100
525100
524700
530900
520800
517300
517100
519400
520800
1157900
530600
527000
525700
522000
529600
521200
522500
517900
544700
531400
527000
531100
529900
525900
522900
520800
523200
542600
522900
519100
520700
519300
520700
518800
517500
517900
524200
510300
519000
518300
529900
527100
525500
524800
518700
518700
518200
523500
523300
523200
522500
519500
517000
518800
522000
509700
522700
520500
518100
516600
516300
527800
527400
524600
526000
529200
525000
522500
517300
517600
518600
519700
517900
520500
522200
527100
518200
522600
523200
522500
558100
527400
524800
527600
526700
534200
523400
522100
522000
530100
518800
521600
521800
524700
528700
518900
522800
523500
523100
522800
521800
557200
533800
532400
529000
527100
522400
526800
522800
523400
521400
521600
522900
522600
522600
522700
527200
526400
522600
521100
539700
532100
526100
525700
554100
523800
522000
521700
522300
528800
526200
521000
521800
524100
530500
513700
522100
524700
522300
521900
521500
551200
529500
545300
525900
525800
526500
532600
517900
523400
522200
522900
521900
522700
526200
527800
523100
521800
522200
528200
525500
520900
532100
537100
527000
526400
525700
531200
523400
522700
521800
521400
528200
525800
521500
521900
523700
521200
521600
517800
528800
522900
526100
522700
525900
526500
533800
522500
523200
522300
522700
522100
522700
522600
524800
523900
522000
526100
526200
523200
521300
524000
534800
531800
522600
525400
526900
529500
525800
517600
529600
522900
523400
522000
521900
522300
523500
521100
521900
522400
525600
522800
523100
522900
549800
583800
579600
578800
584700
578100
587500
578300
590500
576100
578600
581700
574400
571600
570900
573400
610500
572300
588100
570900
571200
580300
594900
581300
586000
587300
571900
586700
571800
579600
574200
571900
572900
577500
598300
574200
572600
580200
570800
596300
585500
580700
601900
574900
575300
572700
572100
574600
587600
572000
571200
572900
589300
584800
571100
571300
571000
573400
590300
582300
581400
581900
580800
598700
572500
573800
571800
571200
571500
573900
588300
584300
573000
572500
573200
573300
573200
572600
517800
526000
527100
526200
529600
520000
519300
519800
518200
518100
531000
518700
518100
522300
517200
522700
518400
519000
519200
519100
517500
517000
527300
527200
528000
525900
519400
520100
521100
517800
518300
518800
516800
519200
521800
520200
524000
518200
517800
521100
518700
517500
518300
528800
527000
526100
517700
519700
519400
532100
517900
518000
520400
518600
518300
524300
515600
522900
514800
514700
516400
522600
518900
517800
529400
527400
526600
526200
522800
530500
519100
520700
516900
521200
518500
520100
518400
520200
519100
517300
517200
519300
519100
518700
517800
537100
532200
532500
524500
529000
519000
522000
518200
519500
519200
518800
518100
523900
515500
515700
514900
517800
519000
519500
517200
530400
533200
530100
527100
528400
524900
531300
517800
518600
523100
522400
522700
521200
518000
520200
522100
517100
522100
522700
522500
519600
517500
532900
539700
529500
526200
523300
525600
514100
512500
515400
523800
518900
518300
524900
528600
520900
517000
513600
515500
515500
510600
521600
533200
526400
526400
526100
519900
510200
514700
514500
514100
510000
514100
510200
512400
512000
508900
511800
512000
511000
509700
512300
541400
528000
523300
527300
529300
530300
516700
515300
517600
521000
519400
515500
517600
521200
526400
515400
514000
517900
1179700
517500
556100
527200
527300
528700
526800
530900
521800
521400
522200
523300
521200
519000
518600
519900
519100
518500
520800
517800
533900
519800
521400
517300
528700
527100
525900
524500
515300
517400
510600
509800
513500
513200
510100
510500
513800
515200
510200
513800
528400
512800
510000
510300
536100
529600
529300
527800
530300
525600
529800
530200
526900
525900
526400
525900
534000
524900
527300
554100
528800
525400
525900
557100
530400
530600
526200
524900
533200
528300
528300
530500
525200
527800
530300
529500
525800
528900
535900
527300
526000
527300
530400
543400
525500
525700
533000
533300
528900
525700
526100
530900
530800
525800
527200
525400
532900
548200
525500
525100
527400
528200
526000
525600
544800
529900
530900
525600
525900
530300
528300
525400
525800
528900
527700
528900
533400
527400
528800
528300
525200
525600
525600
525000
562200
528800
525800
529100
527600
531400
529200
524900
531900
531100
525900
529500
553900
529800
529200
526100
526000
531800
532300
531500
529300
561200
528900
530100
526100
525300
533100
533200
537500
529500
532100
544200
528500
526300
524200
525200
527100
530000
525300
533800
525100
570800
525500
527500
529000
528100
529300
533000
520200
529200
556600
526000
529700
525200
529300
528600
530600
521800
528500
531600
525500
526100
582400
530500
530800
526400
525700
530100
532600
528100
524700
529000
527600
527700
531300
529700
527000
528100
531500
521600
525500
590100
538100
527400
529600
529800
528800
536100
529400
528000
529000
530100
529900
527100
534000
529700
527100
531000
529000
531300
530200
529800
526100
525900
528800
527200
530200
530300
549700
532500
528800
529900
532300
533400
536200
525500
526400
528900
525500
522200
525900
525000
541700
535300
529000
528700
533300
552200
522400
521900
524700
525800
522300
525200
528400
530700
532900
517000
517600
521300
520300
517400
517600
547300
530900
526700
524500
545700
522500
525700
517600
520900
521400
520600
517500
519400
520500
520300
519800
518200
521400
523000
518300
514100
544300
526100
545400
525600
526600
520300
520500
522000
519100
522900
521300
517800
518500
520500
519500
516600
516700
520800
521000
520600
519000
551400
529900
534600
526100
525300
523100
521600
517600
519300
520500
520700
517200
519300
521500
520000
517200
517600
518300
519500
521800
517600
517600
523300
535600
525400
525600
520900
522200
517900
518400
520200
520800
517500
518100
523400
519200
521800
523900
521500
523100
581100
521200
525800
528600
528100
533400
525300
521300
525100
525200
523400
520500
524000
524400
526800
525700
525000
525400
521400
521300
538500
535400
518000
527400
525900
525500
523300
527600
517700
521500
520500
519100
518200
520400
519900
521000
520100
523000
519000
520200
517700
518600
534900
522000
529100
527100
529800
527200
519000
517700
520000
521600
516900
518300
524700
519400
522300
518100
518300
536700
534100
517400
520700
550200
526300
530900
525000
528400
520200
517600
517600
523100
523900
519700
514800
513400
521500
520700
518800
517400
522200
524400
518200
519300
545200
522400
531500
525800
530100
520200
520100
518500
518200
521700
519500
517900
517200
522800
532100
514000
513600
516600
517300
524600
518800
537900
520400
533700
526300
526000
523000
526500
516100
522700
522800
519000
517600
517800
534900
519900
518800
520600
517200
517400
513600
523700
535000
521800
528400
525800
532000
1189600
530900
524400
526300
519600
517800
517200
520200
519500
517400
521100
520600
519600
526900
520700
526700
528700
526000
527600
522000
519200
519300
518100
517800
520700
533500
519200
520300
520700
522700
518600
510100
511400
511800
510900
509900
520700
527500
528900
526200
518200
519600
518800
518000
518700
532000
519900
519900
518400
519500
519200
518900
519500
521500
533100
516600
528000
527000
530300
523100
525800
518300
519900
523200
513200
513600
515200
515700
525200
518100
520900
521000
518400
518300
532000
517900
527200
528000
532600
518800
519900
517600
517800
519900
521300
523400
515400
516300
516200
513600
513600
514700
518800
518500
520100
519700
527800
525300
525400
528800
522400
522900
521700
525000
535800
524000
523800
514700
517200
514600
524300
517200
519100
519200
517300
520600
518300
526800
527100
529900
519700
518100
516600
518400
520800
521700
518300
517200
517700
519600
514300
514300
515000
515300
517700
523100
526600
512600
526300
525500
528300
515900
516400
523100
518800
519700
518500
517900
517600
518600
521700
518100
518300
526000
512100
510400
512100
701600
526500
529000
531100
522700
511400
532100
513300
513600
509900
514300
513400
509600
510400
515200
512500
511200
510100
512100
513600
509500
510400
513600
528600
525300
532300
544600
514300
510300
511700
513400
514600
514000
509700
512900
514400
517300
518800
527300
511300
517500
513500
531400
528800
528800
525600
520000
515300
512500
510400
510400
514900
513200
510500
512300
512800
513800
510900
510800
515100
513500
510700
521700
531900
526700
535400
522400
525200
524400
526300
521600
522600
521800
527100
527300
522800
531100
534600
523600
525100
523500
522100
541900
526500
524900
526600
529500
528500
525800
525100
523000
524600
522100
521600
521700
524400
524700
521100
532300
525600
530200
527700
527300
529100
566300
530300
526700
526000
524900
527900
527500
526300
524700
525300
530500
528100
525600
526000
531200
527500
529600
527200
526000
556400
527700
530000
525900
524300
528900
529800
525800
530400
528200
527900
529800
524500
525700
528500
527900
527900
528200
529100
545500
578500
524600
525000
531000
527700
529500
525900
530000
529100
527900
529000
526000
525800
528700
528800
525500
527100
528800
534300
531100
525600
529400
534100
530000
527700
525000
526900
525800
529800
529000
530100
526300
524900
531200
528900
526600
527100
526500
528800
529000
527500
525200
529000
529500
528500
527800
526500
529800
527700
528100
533200
525200
528800
528300
523700
526200
534300
529400
530500
529600
525500
529100
528100
525900
527400
529100
528600
528000
526500
526100
529100
529100
524900
525200
536900
552700
528500
525600
525700
529600
544200
522500
532000
531400
531100
530700
525900
527500
528600
527200
525400
525400
536800
526400
524400
525500
529200
535400
524400
524700
525100
548600
529000
526800
525700
529600
532000
526800
526400
525800
528400
526900
522900
535000
542800
527800
525700
526800
534100
527400
528800
521300
537500
530400
530200
525100
526300
533900
532000
529000
526200
526300
534500
541500
524700
528500
529000
532300
522100
531800
525200
534900
552200
532100
525300
532600
534000
530600
529800
529900
525300
534200
547300
530500
530100
526100
527900
526500
525400
527800
531000
526600
527100
525900
527000
529300
521500
527800
526700
527300
527600
521700
532800
547800
527200
527400
529900
530100
529900
1239900
531700
547300
525200
526600
525200
531300
530000
530800
526900
527300
531800
523300
525800
524800
528200
527300
527800
525000
527100
527100
544000
521600
532800
527000
526700
527400
529400
532600
529800
525700
524900
531400
532500
534100
526900
525800
527400
528400
524600
526200
538900
526400
526100
526000
527900
533600
522800
528800
525700
527000
527700
525400
528900
532700
534500
526300
525400
529200
526100
541400
526000
525400
526800
527600
526200
529400
532700
529600
525800
526100
527700
531400
520900
526500
528000
532300
528100
527100
525400
529300
527300
527200
527000
527100
533000
523500
527100
526700
529000
528200
523000
525600
527000
525800
525700
523200
544900
526700
540700
524900
525400
531600
529900
525600
526200
528700
526600
526900
527500
526000
526100
525900
526600
526000
525600
532000
535000
525800
525800
525600
527900
531200
529300
521800
536900
528500
528800
525400
537400
530000
531800
524900
525800
530300
533700
531800
529300
542900
527800
525900
526300
524000
532300
533800
526300
526100
533100
531500
526800
527300
525700
531200
529400
528000
526200
526200
552400
526300
527100
527600
526600
527900
526300
527400
532300
526300
526000
526600
527600
531100
522300
525300
528000
526600
531000
521900
521900
524400
530100
521800
526500
527400
533700
522800
524200
522600
522500
523200
523000
521400
522700
524300
522600
521300
522700
535700
522700
521500
530900
532500
521600
528300
528000
532500
522900
521400
522300
523400
523500
521900
524200
523600
522900
522700
521800
535100
523800
523700
521300
523800
530900
531200
525600
525200
530700
523500
523500
521800
521600
521900
526200
524100
523400
521600
526200
523900
524900
523300
523900
523100
525600
526500
526900
525700
528400
525600
531000
524000
523600
524400
521800
521500
539400
522900
524400
521500
522300
522200
524800
536500
524300
525600
527500
526500
533100
522100
521000
523400
532500
525900
526400
532300
524600
521800
521200
523300
523200
521100
524000
523200
544300
529600
526100
526400
527800
532600
522500
523100
523800
536500
523300
521900
522200
522700
531600
525500
526000
533300
522400
522200
522000
535100
532700
525300
528000
529500
536000
523600
521800
523000
522100
521900
521000
521700
523900
522000
523700
521900
523300
523000
524400
521500
530500
531100
527800
529300
526200
528100
538600
521800
521800
522900
524400
521100
523700
525000
522700
521300
525500
523900
521900
523300
522100
526100
530400
528500
525700
523400
536100
527200
523000
520500
522100
523900
523400
520000
527100
526800
523500
525300
522200
527200
534700
521600
527700
529000
527000
531900
522000
525700
530900
523200
522300
524000
523900
522600
523400
522200
521900
526500
527500
533200
535700
534200
526100
527100
546500
522300
529300
526000
523600
522400
522300
524100
521700
523100
522900
521400
521500
523200
522800
523400
525100
536800
532200
551100
523800
525300
528100
530900
530900
531400
530600
535400
524600
527100
522300
526500
526500
523700
521900
527400
527600
558600
542000
524900
526200
529300
531000
521800
521500
529800
527700
528900
525800
522700
524500
523800
521200
521300
524900
529400
521500
521900
566600
535700
528900
525200
524400
524800
525300
521200
523200
525300
522900
524300
520700
521000
525000
524600
528000
525500
530100
539400
521800
526000
531100
528300
529600
527300
525700
529200
527800
531800
522400
529700
528100
531100
521400
1118900
529200
524900
536600
523300
532400
528400
525200
529300
525700
533500
521200
524000
523400
524400
521400
522200
523100
523300
523500
522200
523100
536500
520800
522100
523800
533800
528700
525400
528600
522900
532600
525300
525300
527200
529000
523300
524100
523000
526500
526300
524700
526400
525600
523000
521700
522000
529900
528300
527100
527000
532200
524200
525900
524100
524900
521800
522900
526600
526300
528500
525200
525700
524200
534100
529700
525800
529100
526400
527000
525600
525400
522500
523700
521800
521500
521800
523700
523400
530100
522300
526600
532600
521200
522700
524200
555100
531500
525300
525900
528400
531300
521300
521900
524600
522600
522700
521900
523800
540800
522800
520700
523100
523100
522800
523400
520600
533900
533000
525400
525800
526500
529300
521200
521400
523200
522400
522500
522100
521200
522900
524100
522700
522300
522900
525000
522400
522500
531400
532200
525100
525200
529300
529700
526500
522500
522100
522900
536000
521800
522000
523600
523500
522000
523000
522700
522600
523300
522300
531400
531100
528100
525300
529400
523100
522500
522400
521000
535000
521300
521600
521300
523600
524400
522100
522400
523300
521100
522400
523400
551100
529500
529200
528100
529400
525100
527800
525700
522100
521400
525800
523600
534900
525400
532300
523000
532900
525700
525200
527400
549100
533900
528800
525700
528400
529400
522800
522100
524300
522500
523400
523200
522000
522600
523100
524400
523200
521000
522900
523300
522700
531500
527600
526500
527000
527700
525400
523300
522500
522700
522100
525100
523600
521200
523400
523000
522000
521700
521300
523000
537000
532200
526300
526500
526500
544900
521600
522100
522500
523200
526700
521400
521600
524700
522700
522500
522100
524500
522900
526100
521200
533400
523300
530600
525900
540300
522400
524000
521300
523800
524000
523500
522900
521300
522700
521700
521200
526200
525200
522800
522900
521600
530400
527300
553500
526100
525300
523700
525800
521600
521600
522800
522400
521800
522300
524000
523000
522000
523600
524700
522500
521900
522600
533600
525700
536700
526500
526400
523100
523700
524000
522500
524400
522600
520000
523200
521900
525200
523800
521900
521700
524300
526900
523900
533500
521300
529000
526000
531300
523900
527400
523000
523300
522400
522800
522900
523200
521800
522600
523900
523400
521300
521500
538100
538800
522200
534000
525900
528500
527800
529600
521000
522200
524600
524000
525800
521100
522300
524600
521600
521300
521200
521300
546700
522800
533300
526100
528800
523500
521100
521500
523000
525700
522600
523500
521800
522800
522300
524700
525400
522700
539100
526500
521700
536400
523600
533400
525600
528500
522700
522200
520800
522100
522500
526800
522300
520700
522400
523000
522300
521600
535600
521900
527800
521600
529700
528300
526800
530100
523300
525100
523600
522900
525500
524400
522900
522000
520500
523900
523700
523500
522300
523000
523200
528800
522600
531900
530100
528200
529300
531400
522100
526500
525500
522500
522400
522800
522800
523000
521900
543900
523800
524400
521700
522800
538000
522300
531500
525100
526300
522800
522900
522500
523100
522900
521500
521800
523300
522900
522300
522600
523600
523300
522600
521700
521900
533400
525700
531500
525600
533000
522400
523700
521900
521400
524000
525800
521900
522900
526400
524300
