23
78
3
86
103
115
67
71
42
126
9
240
190
127
217
179
248
255
260
145
356
336
29
212
360
39
491
383
335
375
110
405
140
476
328
355
281
505
27
33
432
26
456
563
255
493
290
232
42
306
380
631
334
275
617
8
566
591
689
66
755
298
152
881
766
835
554
243
18
297
39
912
117
408
102
461
361
69
22
251
938
130
706
53
962
862
5
12
307
446
248
83
132
988
264
132
440
86
314
476
155
188
519
290
762
920
621
209
167
45
1063
94
1158
393
127
258
1017
14
1529
213
131
431
1306
141
315
24
188
439
615
994
241
544
426
75
784
51
239
164
1033
511
107
250
344
389
236
204
289
183
177
355
422
183
1650
451
93
231
491
414
472
46
837
23
239
47
1127
1555
13
155
270
1355
36
835
541
107
267
46
118
122
157
486
250
384
399
354
480
338
740
299
97
1457
48
866
16
347
211
155
271
605
193
91
151
17
171
1612
83
274
216
519
78
898
1631
387
366
2
69
304
6
803
117
888
160
448
1117
436
1147
451
690
115
409
693
1010
950
582
36
310
650
207
103
38
513
69
518
762
192
1079
8
124
493
697
74
127
149
223
851
483
618
54
698
204
608
473
424
271
1153
2340
104
18
1026
117
56
170
544
125
262
351
41
719
44
1208
98
641
75
62
391
181
435
287
93
319
39
175
687
23
387
180
512
725
422
442
557
1098
52
637
74
196
37
729
664
572
119
689
15
39
246
785
44
153
261
350
761
753
74
55
247
412
234
268
30
305
422
409
44
34
377
140
25
759
213
322
664
554
126
468
19
43
1555
108
608
442
181
338
324
64
1246
415
71
1381
130
519
133
90
48
178
89
560
159
419
615
81
290
625
568
16
918
498
62
268
251
505
101
658
329
1271
182
1803
31
224
511
509
466
524
409
204
425
270
184
271
1165
287
458
99
135
521
1669
248
33
93
43
68
39
278
451
796
850
2130
484
545
154
178
167
405
2772
261
943
237
309
1096
902
46
643
606
707
1736
20
209
93
389
25
146
225
370
402
696
2117
1216
1107
236
146
53
713
465
1057
618
148
625
90
594
409
166
280
78
59
84
154
25
670
188
393
264
28
353
386
271
724
174
395
1299
71
213
567
647
596
887
348
257
10
137
936
69
361
710
502
477
1510
431
518
198
217
565
339
58
199
47
300
184
937
1331
897
25
202
176
358
135
169
133
187
317
527
361
788
340
394
400
80
313
375
215
158
111
89
381
287
311
741
923
613
1566
61
112
328
125
76
78
204
625
879
270
186
482
590
95
202
356
32
1114
529
2617
1024
15
582
1159
687
403
269
169
547
889
1320
112
159
425
1049
810
499
299
181
500
505
150
52
654
155
522
95
102
634
226
128
573
1599
22
355
809
252
970
571
80
245
79
303
102
152
157
213
291
122
259
178
319
204
385
11
1897
994
609
669
1613
173
1490
266
537
208
373
2016
1656
358
1040
871
936
1675
831
110
416
485
202
656
343
555
283
1888
1054
309
68
497
207
777
3040
220
244
170
103
852
102
540
176
676
186
502
337
812
465
229
268
286
228
213
1239
52
361
1803
40
12
579
826
657
258
7
46
118
169
244
28
279
1223
363
439
222
126
317
1308
88
188
79
1118
310
12
880
211
714
352
167
575
497
56
42
856
271
124
388
807
202
862
225
590
216
256
96
212
118
172
105
1111
1889
68
102
219
379
167
235
49
416
419
110
764
423
83
728
394
85
370
68
715
583
655
357
9
739
132
72
76
197
39
421
72
253
141
74
911
510
139
378
217
117
262
636
883
112
546
307
109
1314
10
115
246
24
326
132
257
1572
408
365
52
652
630
614
124
219
59
332
1224
839
1349
8
1128
1005
347
116
40
90
363
1244
765
269
32
78
95
564
91
698
551
433
35
927
116
977
742
705
240
351
62
680
269
198
1043
212
165
467
42
809
457
384
1603
8
210
39
53
672
295
64
269
52
68
47
454
108
1157
1153
293
16
177
477
357
346
251
103
903
706
74
65
19
1636
549
160
910
117
397
976
104
805
1068
1064
35
211
2277
190
98
76
150
202
364
452
146
60
56
672
57
286
667
688
412
98
160
774
1137
64
508
168
632
191
171
191
142
594
94
69
316
941
279
463
207
962
370
596
897
345
332
446
56
1216
169
1186
108
350
1353
730
37
1656
436
358
160
253
633
379
192
1107
130
1003
685
518
1660
120
345
114
424
416
54
1261
599
262
32
895
2
70
230
340
336
661
396
107
293
306
873
1736
236
117
78
1329
545
48
264
1116
85
531
1081
779
915
532
1084
813
7
656
141
38
972
215
551
766
296
536
559
937
82
562
811
195
940
857
77
1102
291
72
526
204
507
354
536
222
160
1000
8
187
644
415
2
85
139
358
461
928
161
2
509
481
47
1836
413
39
101
8
86
65
76
17
919
2125
2
306
237
1377
148
188
62
208
18
12
67
307
299
291
280
318
721
1156
243
861
357
3
94
13
1238
391
553
653
54
609
617
456
732
476
82
449
898
602
216
161
957
492
118
246
154
644
486
392
618
540
283
895
2844
987
1148
287
2
109
513
1561
166
360
177
87
1374
814
327
1403
288
236
784
324
99
351
97
337
36
91
129
782
355
323
239
53
183
1323
44
902
266
514
637
2073
393
121
6
1211
1210
289
701
682
341
147
98
356
216
72
386
47
201
642
65
76
44
40
29
98
41
267
120
1736
2081
1106
149
2330
354
403
75
647
867
513
582
332
912
664
514
118
493
831
714
77
13
374
130
34
67
360
460
168
692
613
1515
1186
449
16
66
187
445
52
842
123
858
1101
1434
273
940
2
90
619
914
216
623
125
265
128
303
438
502
5
89
126
3
1664
966
281
236
263
176
474
1962
714
595
113
876
286
361
69
69
169
302
1358
436
46
315
394
354
1375
218
1177
546
869
282
1304
823
691
935
240
100
572
20
2
450
1184
1936
227
1579
338
409
425
140
464
1369
194
523
1459
555
105
723
416
101
377
352
1688
721
504
284
122
359
267
801
654
239
706
663
1496
14
174
30
913
110
322
480
611
338
32
212
1429
143
1701
109
283
245
1132
19
221
572
1382
291
493
289
275
169
335
402
965
14
147
443
407
140
1857
96
368
325
150
244
241
528
126
674
118
330
546
507
137
684
267
246
697
778
451
208
468
507
103
1576
201
124
302
183
1279
16
870
55
259
377
465
463
66
1175
1057
105
166
61
91
20
701
268
530
1153
365
951
84
553
523
360
1148
3
93
179
370
569
228
642
372
572
665
1562
1461
222
198
236
1017
220
1120
74
125
30
362
101
268
382
906
925
1229
919
143
1679
233
166
439
221
179
517
1061
137
435
185
138
500
190
56
301
11
16
820
290
58
17
423
105
2633
190
307
613
30
445
380
577
734
421
197
128
1396
1595
162
509
595
676
200
90
52
1390
106
643
2
1011
778
153
381
1875
249
179
459
240
899
744
2068
498
38
473
161
358
635
86
190
7
565
303
929
1335
61
252
566
689
66
175
695
378
535
570
902
605
34
87
190
186
1140
215
702
291
940
463
532
445
1944
647
45
431
267
253
541
132
90
133
561
578
641
423
43
279
583
190
1192
670
329
61
769
683
436
103
539
2801
172
188
772
116
618
230
529
160
893
362
7
16
644
21
458
829
162
236
1674
532
69
576
163
611
344
274
149
575
475
242
195
252
1473
58
184
354
199
1305
521
429
340
314
595
215
49
961
1537
1003
200
163
166
201
251
1500
43
108
184
335
175
28
916
749
429
255
301
349
336
509
289
373
573
74
303
841
742
551
631
1518
42
1563
707
303
869
352
1106
121
740
62
89
899
1144
481
101
175
59
324
589
24
175
34
277
36
289
540
460
61
1078
169
310
581
497
785
540
192
27
417
349
80
879
231
1365
100
559
351
221
279
165
226
200
1242
432
729
494
74
735
910
311
363
94
1296
162
193
290
154
215
98
329
652
163
34
1664
3
43
38
58
400
113
1429
759
870
834
754
804
524
1299
639
788
329
1362
16
1276
54
815
610
165
695
234
175
33
179
1321
222
249
333
1504
1187
27
78
563
1164
310
286
681
514
228
485
156
266
381
702
1215
1079
544
1272
396
361
204
693
292
56
234
456
930
255
890
55
382
132
805
182
149
318
723
28
731
103
329
381
865
27
686
726
1796
233
214
202
1457
175
49
1039
8
1682
364
672
300
178
98
1289
6
255
612
70
286
582
1227
466
548
175
1094
1525
363
75
412
39
548
535
1778
602
663
884
23
177
213
603
508
240
69
711
699
515
2
949
68
396
60
29
510
1015
318
514
72
1684
60
711
207
30
1017
931
236
548
3565
98
459
526
222
206
112
387
712
307
498
148
776
382
422
465
189
242
210
234
497
40
1164
96
1350
277
351
1132
259
430
364
330
10
93
399
1294
151
227
322
789
744
180
1317
423
293
22
1323
303
15
1185
706
384
318
160
991
267
367
480
1620
220
15
690
87
163
104
155
748
205
1165
583
66
202
402
163
70
785
21
131
500
804
79
97
17
753
128
750
298
93
210
602
744
833
36
87
2
558
99
2
109
371
1388
116
510
96
208
647
157
75
62
42
557
187
83
112
450
719
695
528
163
396
632
311
593
584
79
262
95
450
706
45
233
106
528
182
25
132
166
1049
957
332
247
1044
1714
806
47
1770
174
73
1592
1069
397
735
255
171
56
39
266
168
136
1082
504
263
263
343
324
186
487
2
48
211
966
91
112
315
747
421
238
122
292
1182
488
39
134
215
163
637
177
302
716
180
429
164
394
436
71
116
133
91
133
240
97
19
1939
777
211
469
158
117
173
12
1108
145
739
48
73
911
251
259
863
16
819
178
482
418
1756
251
901
966
243
63
145
358
447
174
986
1134
344
176
1563
267
695
372
250
29
58
86
1273
35
86
1277
403
721
14
1438
405
738
1400
1181
706
240
128
504
410
328
144
316
940
408
209
141
620
170
10
712
940
701
177
726
254
757
99
1080
520
973
564
253
772
221
152
226
401
1142
17
121
355
1988
284
631
788
517
96
872
66
564
143
1040
64
99
1284
280
804
1100
902
374
314
104
169
79
136
289
356
72
558
515
168
429
72
316
443
326
730
283
15
1649
336
207
776
213
528
569
779
91
354
196
492
266
571
753
383
459
20
100
1726
164
211
32
995
2294
24
300
203
168
401
434
310
1763
314
541
187
728
1482
300
437
354
58
316
145
642
341
2634
134
1749
633
275
560
68
263
447
1625
133
99
258
442
493
339
133
365
51
932
426
264
190
470
85
311
360
916
574
3798
251
336
292
132
15
55
109
1704
289
70
286
277
385
374
549
24
85
323
1605
1467
882
245
441
143
286
11
580
1080
657
440
767
315
100
198
546
283
14
70
122
71
76
515
324
89
73
821
434
1155
510
767
262
351
200
1056
178
679
88
180
1283
1035
140
1109
249
176
120
645
34
5
283
439
387
111
9
1200
1840
1035
244
135
12
1752
657
320
3144
466
1333
291
358
651
269
93
429
633
142
205
1197
931
31
590
473
91
342
170
1016
272
427
9
353
693
151
98
249
148
481
283
477
466
36
566
280
468
1017
800
973
175
242
816
230
773
257
353
779
197
1198
1017
386
75
304
1210
673
338
155
25
439
494
568
816
587
1199
808
61
394
144
103
136
164
28
447
2
321
105
19
81
536
284
613
349
183
142
223
347
114
371
834
1025
364
798
369
189
596
107
674
168
53
248
397
329
118
497
202
1028
72
242
618
312
1447
658
456
68
99
325
137
609
977
176
503
332
585
83
172
482
467
377
244
141
771
1627
1440
262
277
565
562
368
2040
1143
54
2313
121
425
735
69
196
257
131
233
1144
279
177
186
571
43
43
258
299
352
616
566
1987
120
493
99
706
142
299
1475
626
47
157
190
140
356
592
215
232
1207
628
478
109
744
220
200
2
786
559
23
227
500
809
552
1087
580
1560
474
222
636
35
280
134
251
247
439
242
329
761
298
577
1101
304
264
396
27
115
2606
396
815
64
70
356
453
140
117
561
134
312
31
110
92
233
538
1443
819
2288
58
163
452
39
351
13
1211
130
1539
36
399
290
485
211
2321
370
411
57
51
162
405
21
1021
11
195
8
167
706
340
770
496
73
1278
654
679
137
132
325
1332
95
72
824
123
110
633
47
447
678
380
123
1047
449
443
44
970
32
915
110
289
239
817
2
458
209
251
341
244
532
95
362
506
1527
164
682
419
325
123
630
139
199
1094
212
40
282
37
1146
172
1048
52
1678
55
3014
18
623
83
1030
50
560
434
720
610
260
259
533
464
302
704
2
44
2320
1250
679
116
56
190
868
1341
383
1155
168
595
426
190
1147
896
727
724
240
122
132
127
201
295
1217
1131
525
24
1061
13
1038
392
177
68
22
509
218
308
75
379
465
651
146
250
496
729
175
397
473
50
1509
2138
632
845
478
16
1305
283
1295
47
98
72
920
978
933
1165
125
94
283
107
792
426
334
494
135
565
116
251
93
144
457
166
44
86
920
534
287
458
714
1128
911
379
86
100
81
495
150
109
9
371
569
341
697
390
65
637
1805
485
814
570
698
407
507
59
547
141
123
390
1281
543
124
122
227
95
127
738
153
1344
279
755
655
401
1540
151
352
771
750
401
354
444
1355
191
706
913
119
224
1419
650
982
944
610
606
1402
404
336
232
76
182
591
1410
22
386
276
57
71
112
280
1367
208
183
603
33
57
510
638
28
194
421
652
12
1035
207
422
173
656
127
735
335
26
677
266
579
204
1360
409
296
40
187
753
105
369
144
428
570
96
1372
341
507
152
242
41
3024
540
937
253
271
496
42
118
204
334
371
35
526
908
476
36
130
89
1100
184
334
1054
8
888
98
436
119
1334
1239
683
88
255
371
200
385
33
476
109
81
264
272
137
18
64
541
1019
234
743
307
175
66
354
413
245
128
384
274
668
504
1275
385
562
311
497
1794
1625
511
89
704
1103
240
348
636
83
125
332
637
1073
757
1262
730
1182
67
47
945
299
1654
181
135
325
205
619
467
276
463
75
55
12
195
186
1217
176
563
148
1447
113
780
253
686
538
157
18
1021
385
211
1013
232
188
247
411
75
69
321
625
80
841
1228
625
298
1818
671
551
204
664
221
651
139
483
74
324
494
91
807
648
60
48
378
204
938
65
401
710
292
108
86
184
496
689
787
61
264
67
152
837
425
370
2
1390
648
538
578
35
841
105
86
593
541
216
1382
1467
318
145
602
391
572
726
761
2007
81
303
1287
2
105
786
385
649
269
1125
323
201
155
1067
180
721
298
776
648
248
717
647
328
1205
415
63
206
385
585
271
465
391
861
371
666
659
324
35
213
69
606
88
2940
355
13
855
415
14
26
346
121
262
85
1610
88
102
1332
699
302
48
243
175
189
849
423
578
205
445
1307
574
456
1026
93
299
1063
516
2
386
218
235
85
1642
928
864
609
131
40
394
912
686
376
126
274
466
2075
552
1652
1515
220
468
413
475
1003
77
707
438
124
217
715
515
118
191
1239
43
951
246
226
115
41
487
304
59
1051
80
413
301
404
181
953
22
9
1453
56
540
549
175
1090
387
341
35
396
882
42
152
391
194
512
702
211
137
294
745
309
1073
306
752
47
499
815
77
92
391
527
920
341
27
65
725
395
384
674
348
145
117
739
1883
265
66
911
2450
425
350
1233
682
550
198
285
565
1024
781
61
362
178
1176
645
219
962
218
202
717
876
212
481
714
90
84
730
64
154
591
1050
2434
2
406
316
376
25
467
215
651
287
1333
213
292
173
451
418
2271
1534
433
449
409
56
1383
651
717
416
46
366
252
97
53
799
422
813
167
2232
299
7
25
1657
436
826
46
480
1060
84
505
202
100
65
333
337
604
2
212
734
948
1314
1169
172
308
590
874
628
634
380
51
568
331
137
59
293
533
42
1430
142
385
104
147
415
601
701
61
267
367
475
62
1000
141
792
465
167
133
1240
157
137
986
98
212
738
130
25
461
412
220
143
443
330
519
288
831
45
134
14
379
370
1003
426
1173
180
1376
156
1602
82
7
708
71
1004
1027
460
220
665
51
190
1376
2412
236
686
55
683
1866
172
37
240
182
1135
1063
124
119
509
153
507
7
147
302
6
13
250
136
230
76
145
28
228
9
284
1438
167
40
1051
1036
125
17
8
749
739
569
1984
96
2064
699
1128
321
762
294
51
620
440
6
104
165
154
306
103
391
1669
420
619
9
266
46
111
86
371
196
266
786
361
691
817
125
1008
949
67
364
2162
201
477
460
26
311
478
168
149
1817
390
918
87
348
295
144
326
842
23
615
160
936
619
306
69
392
822
295
191
137
23
762
1186
132
730
160
541
1746
492
1055
633
397
949
186
77
1855
448
41
22
1103
817
221
508
422
606
22
794
592
823
789
394
440
60
498
141
586
268
358
168
784
534
281
1004
430
375
419
1711
19
726
581
520
1185
109
415
193
374
644
298
2
230
126
760
917
287
184
492
1038
1674
1612
1578
566
194
907
402
110
91
263
95
25
1101
289
155
85
231
302
311
187
59
353
282
921
301
232
92
342
100
1892
666
76
574
1138
388
3
666
17
1462
698
62
78
503
42
397
724
90
403
540
1049
15
1037
512
629
518
701
1611
40
408
40
119
67
547
150
505
131
850
463
913
577
720
291
549
192
236
900
254
431
355
129
119
137
260
107
18
681
359
1245
1181
408
23
500
249
1522
160
316
1003
211
806
122
257
1210
324
83
615
1745
431
372
81
135
743
595
482
334
364
760
69
365
395
174
528
65
376
2824
32
1102
466
944
38
1347
102
162
292
2080
582
207
1277
338
261
347
28
178
1808
462
886
313
469
662
57
721
174
424
6
131
1060
121
23
499
1148
642
271
483
251
181
369
777
834
866
565
238
85
367
220
213
309
408
66
108
328
61
530
184
153
347
683
702
339
832
414
842
109
412
2
811
571
114
154
184
649
5
157
779
87
1365
466
719
221
375
108
3
150
291
157
525
421
596
324
126
1270
825
48
232
949
534
90
93
1101
493
296
1014
77
19
213
482
97
197
161
69
1304
148
374
67
668
832
275
36
237
166
677
108
933
1677
1197
807
144
147
985
453
1402
525
66
547
5
152
318
124
503
134
2
285
578
1209
44
31
41
498
20
406
1018
343
202
2676
617
1421
979
46
235
274
278
338
96
14
64
378
369
102
114
202
197
176
23
664
151
1906
172
48
1278
792
203
828
47
534
42
1222
254
107
84
85
636
27
65
662
1124
505
126
90
29
194
1078
78
273
143
431
61
9
580
872
48
600
439
914
143
280
1693
270
329
156
544
293
1336
55
756
270
179
1893
50
335
1279
632
349
278
291
95
59
572
52
344
347
223
925
764
1377
406
870
206
348
567
116
208
2
96
126
504
72
555
373
150
1437
345
569
354
473
543
228
549
280
686
92
72
102
179
656
119
723
128
115
406
15
102
56
121
347
579
563
502
134
817
187
355
705
147
924
624
158
295
270
24
1469
179
390
1147
254
218
252
841
888
5
138
460
314
908
82
1701
30
363
1891
339
671
2
813
137
650
490
238
65
60
340
193
367
136
82
287
472
177
91
272
20
781
424
146
45
3011
157
477
1360
282
312
280
200
186
407
1093
320
356
336
136
413
139
107
425
380
591
117
538
242
10
176
474
791
457
206
28
1175
303
151
192
47
112
36
379
536
566
229
338
363
1252
639
101
204
396
68
66
747
1040
762
1138
26
132
731
2870
751
741
95
200
626
1950
521
139
4
1429
168
342
93
969
363
40
180
900
821
97
26
46
617
360
79
659
2217
1435
7
424
333
76
608
489
997
919
489
983
1020
31
1429
60
315
444
171
119
280
730
675
449
367
377
830
205
46
877
23
894
270
73
20
39
516
268
28
178
1030
195
287
537
280
204
516
687
162
40
81
75
954
63
21
1249
83
277
885
607
826
251
590
180
16
2876
200
230
474
175
1028
61
17
230
1048
425
343
832
473
64
800
1443
464
255
955
270
580
364
563
479
475
296
36
2
192
105
1228
310
258
32
441
265
8
227
207
1616
730
538
81
658
136
1416
436
765
216
1334
412
570
312
1396
90
57
347
689
108
222
874
1962
29
1302
1037
525
113
1025
191
840
866
321
1762
914
1199
67
1698
251
303
222
26
667
476
2228
439
19
602
56
117
1804
14
619
321
360
218
319
148
59
260
547
1443
293
406
509
351
22
473
170
287
45
1387
52
517
682
55
353
762
141
104
680
178
35
42
134
882
115
138
260
39
702
369
609
173
987
925
1754
51
89
1015
1021
151
97
245
494
38
368
297
510
426
188
451
283
425
1378
2
2009
1086
642
17
70
263
2466
1611
22
142
31
333
61
902
302
1010
143
630
372
437
180
359
1484
43
337
192
511
576
992
1000
621
849
115
982
587
116
346
83
30
296
585
1166
81
540
565
77
98
43
77
581
918
794
946
124
1441
390
1568
393
132
775
374
211
1186
337
381
282
238
56
692
217
480
555
319
911
86
696
1328
180
251
206
167
1428
48
153
467
507
79
199
236
95
337
810
1154
41
154
548
224
200
289
602
90
538
192
67
393
337
621
1184
122
523
926
98
762
619
512
42
45
491
242
201
404
907
420
26
5
186
43
731
117
22
371
47
431
494
551
652
643
1298
351
61
769
47
267
633
318
241
886
54
204
268
223
172
250
250
1117
277
221
935
412
33
1392
1240
91
866
168
312
20
106
119
472
45
689
457
1062
795
471
206
282
659
175
829
1080
196
971
186
1691
1364
957
474
1107
43
41
96
1373
198
273
81
1188
47
137
1244
416
209
744
608
1049
109
226
1070
929
235
557
374
179
233
672
479
251
195
93
1271
107
362
268
242
768
202
47
1083
515
397
89
167
91
1975
87
60
586
418
1338
550
1222
296
656
27
297
101
158
291
71
107
146
1203
177
115
2
1613
36
61
392
378
46
583
304
88
1025
1223
286
246
453
226
1263
1223
44
311
619
119
61
383
516
759
1510
62
69
1279
19
715
144
78
1064
105
296
659
40
126
247
1120
321
37
62
1335
681
672
384
1992
40
23
82
70
661
969
136
442
1021
151
552
667
248
937
277
319
192
774
475
618
1117
146
23
87
345
28
273
626
140
639
137
1139
385
143
1194
1547
147
732
166
126
859
315
391
330
421
708
329
16
335
10
1187
313
696
398
938
218
1410
467
162
149
1077
90
529
809
520
308
104
1074
122
253
433
125
1270
80
544
467
1572
167
61
162
661
1033
58
425
434
844
194
10
284
197
57
156
458
1440
503
9
303
490
29
538
110
329
33
1522
84
806
624
54
323
231
226
2066
788
415
878
750
347
1334
627
336
391
2
770
181
443
557
203
3372
115
70
102
1574
376
626
1004
35
203
416
123
114
39
104
94
422
27
585
942
879
422
95
385
204
165
753
92
59
355
551
250
109
83
226
455
568
306
244
445
13
599
958
118
614
135
215
11
1078
110
681
259
72
303
629
883
894
287
216
943
130
400
624
906
385
1364
1171
177
212
551
1004
323
255
607
1348
86
126
36
628
1070
622
615
1177
585
47
382
27
238
314
35
1310
29
125
505
113
1449
79
158
680
237
26
216
107
784
122
908
871
132
242
115
3
151
119
558
170
188
57
1022
129
125
215
38
432
222
1145
42
975
2
349
704
65
78
611
699
189
74
100
659
891
849
47
780
169
481
86
1419
132
1065
252
646
789
306
745
907
269
623
162
1691
782
211
154
306
356
1202
341
469
218
143
134
340
347
129
538
281
118
339
21
57
585
47
325
976
52
166
1147
404
132
290
1962
125
617
303
127
523
267
658
1032
501
103
382
82
806
283
1305
1738
599
686
679
113
527
47
151
398
1010
292
611
468
1161
462
1234
1050
233
170
970
566
218
410
1766
1038
237
847
865
349
167
302
496
1031
12
246
1268
240
212
274
15
1608
293
720
981
458
441
907
657
171
61
989
87
544
510
48
320
640
1072
280
253
227
65
122
529
749
141
733
608
1461
693
630
329
477
18
546
361
563
492
113
950
872
300
73
366
127
1352
281
65
1126
589
1234
17
59
247
1732
927
102
307
307
197
352
378
1244
314
957
635
1125
438
187
241
243
275
1357
436
177
67
501
678
122
796
972
74
300
220
123
214
508
984
1222
1553
380
422
821
448
177
288
2
55
218
285
649
512
392
241
39
720
152
359
53
703
187
1005
495
832
197
268
88
5
41
73
859
457
311
133
135
466
1064
447
923
106
571
281
133
274
8
19
123
106
524
145
141
145
81
305
481
257
325
72
624
202
149
1662
221
835
28
4
32
30
541
497
662
649
372
464
179
240
544
199
1533
145
1197
824
290
1145
233
1564
626
179
313
84
3
130
77
402
295
370
977
1650
347
133
1256
774
132
633
106
462
415
706
203
613
153
190
608
560
256
539
745
133
202
1641
236
222
286
413
856
447
667
199
64
1096
245
434
46
386
1077
1182
53
178
286
7
243
313
242
637
103
29
1227
339
410
154
226
392
401
1229
539
592
102
1063
239
335
582
704
792
97
996
1436
386
15
739
298
438
426
1325
212
767
382
620
33
808
62
708
411
111
350
725
376
56
58
360
16
141
480
493
570
851
201
122
267
395
308
612
59
174
1469
514
449
373
6
759
368
467
876
339
1313
98
621
1083
503
129
439
344
1819
1324
201
104
27
146
1880
830
223
596
97
339
415
69
102
161
8
88
597
916
311
784
270
791
460
672
801
516
134
490
251
978
258
376
262
232
24
89
875
134
249
896
148
891
108
1328
587
1351
608
1061
80
445
126
820
654
258
391
2609
60
10
1110
498
108
115
189
79
475
656
357
553
60
358
332
240
273
831
342
92
119
381
312
70
28
390
539
598
301
253
33
288
970
989
265
261
521
171
844
227
264
1420
1058
356
208
388
686
930
119
286
140
1272
547
1688
1582
117
351
937
144
899
1133
242
205
1184
96
259
410
135
316
620
485
929
152
1247
200
131
30
118
1127
231
327
309
584
1803
348
60
749
103
157
57
393
1862
614
435
1503
1326
89
980
1346
1272
198
9
968
504
38
42
565
81
321
794
191
635
99
226
572
375
1106
92
19
1680
6
66
595
113
590
19
844
738
1009
115
30
235
820
142
40
189
914
362
860
71
189
698
1228
455
309
104
238
693
44
716
78
141
276
54
185
587
150
2
922
93
260
156
448
935
211
32
300
156
174
104
185
322
403
1147
397
334
158
1052
406
1027
155
119
108
4
416
316
374
396
516
855
712
267
256
319
115
258
146
1014
22
759
33
133
221
388
186
332
43
814
367
550
136
850
41
266
145
474
208
145
481
51
39
71
140
59
260
12
1405
506
809
348
133
978
59
166
1612
103
1924
345
113
145
449
1092
347
201
290
1153
145
547
652
524
261
204
165
383
1504
521
2
779
421
1931
302
203
297
5
990
2050
781
966
1292
1050
451
634
276
850
547
1067
824
324
1235
55
1029
1030
671
1305
947
784
1044
14
534
635
354
1188
126
759
545
830
302
465
23
807
2117
462
238
431
1034
948
530
621
343
1733
345
240
1577
407
215
1125
40
1253
123
476
498
299
631
509
338
120
383
69
244
2204
267
350
1415
185
77
526
54
1197
332
181
61
390
259
252
545
1811
1921
885
30
614
492
436
70
12
396
87
223
786
321
468
178
28
690
289
685
17
1889
205
518
73
73
637
620
589
2453
241
387
127
251
1056
441
167
180
504
318
134
289
196
122
12
27
494
489
1493
963
2532
349
2526
261
1044
826
172
17
114
339
595
512
116
194
144
481
368
77
85
110
846
516
55
578
497
145
531
586
1370
179
316
732
823
114
363
563
949
253
206
509
151
72
411
1054
904
109
407
73
42
495
193
234
114
118
1128
63
386
1092
296
149
354
134
712
360
545
149
867
571
768
373
38
662
633
39
57
1531
1897
643
186
354
385
859
491
32
632
234
33
885
452
470
483
214
292
245
14
134
143
13
250
419
3369
152
784
101
467
870
317
123
1155
417
504
74
1187
981
1578
878
969
62
285
454
481
146
882
711
29
195
967
80
744
940
274
1108
241
148
581
876
309
664
606
1609
95
6
300
103
603
500
266
525
120
414
215
1784
269
625
210
99
515
1021
1057
1344
164
91
430
627
492
191
871
1140
659
171
453
81
76
54
425
85
35
105
154
286
104
887
202
735
877
198
2230
481
355
299
710
499
18
84
431
227
101
143
90
303
220
375
190
126
18
628
18
351
47
1227
212
2429
607
164
58
515
334
178
990
307
79
238
835
632
178
280
368
139
199
261
561
156
333
373
982
1113
342
450
1175
380
263
955
206
485
818
144
115
105
604
1115
154
364
404
962
458
75
17
488
149
88
134
113
1059
330
386
13
171
306
369
72
1292
310
316
289
972
189
70
15
356
48
1251
1414
927
1188
587
338
628
253
296
278
1380
481
297
323
300
139
815
87
476
100
614
280
1452
1530
1297
8
858
976
256
700
183
610
333
969
1083
128
39
316
395
971
218
918
293
102
595
272
824
299
254
172
52
522
1527
250
712
538
294
539
1169
40
862
1689
499
540
628
154
589
1302
589
507
150
47
188
279
446
2
211
427
357
675
205
73
79
262
195
81
130
829
414
150
339
77
1037
366
1612
158
494
166
1005
324
471
698
186
278
1038
164
551
448
569
584
135
577
528
6
502
165
230
2
45
2093
56
268
197
219
116
33
502
421
1462
482
742
72
252
216
115
1533
1007
191
90
93
36
341
586
74
129
130
6
881
681
609
174
42
278
578
567
62
245
115
496
317
1445
71
2
627
2
156
171
332
432
1049
521
24
456
1557
476
463
2
190
35
932
321
987
2
90
2400
515
116
89
112
660
212
458
201
165
839
156
2436
398
726
891
224
1107
164
224
16
9
178
967
13
763
626
246
350
67
1245
259
436
91
1812
639
130
218
119
911
128
857
559
556
154
649
528
6
61
10
14
2
221
42
398
525
937
211
73
1245
1470
129
1314
238
599
432
880
524
258
6
18
1258
2576
496
482
82
382
350
263
611
654
507
396
954
67
1209
623
663
271
298
106
100
1100
821
1000
225
1142
471
541
352
78
456
572
1304
124
871
132
327
180
266
351
881
345
6
792
146
749
78
70
94
622
1612
736
152
1396
175
99
133
82
120
175
17
35
697
278
880
1414
607
605
57
363
710
236
66
62
703
205
447
55
330
2
1072
469
1000
124
461
197
1142
805
729
84
321
1750
147
642
323
467
2693
393
85
1058
726
1027
294
744
1092
83
187
61
253
454
540
1012
1593
283
354
274
603
469
430
345
46
472
501
160
181
80
342
176
1041
111
411
511
44
820
53
783
705
359
369
269
504
1367
461
326
119
450
145
1145
879
1167
1050
310
460
365
130
1261
554
360
377
112
298
561
299
103
816
34
79
1069
66
29
556
74
1735
364
354
86
517
258
385
72
372
163
173
992
535
652
188
397
114
1426
195
614
38
1085
104
468
417
957
400
215
1637
284
204
92
281
401
1172
536
232
555
483
101
374
2380
195
297
495
74
446
1349
315
1077
1394
2
223
1662
348
33
353
204
1046
212
173
112
113
768
606
110
215
112
58
583
228
1121
540
353
190
56
1354
117
231
133
240
309
100
483
1149
53
428
300
457
13
676
450
335
184
581
231
551
659
115
61
523
673
503
350
806
394
80
271
1089
128
274
279
321
446
210
1216
265
413
1191
1035
503
1202
118
662
511
47
271
1065
176
153
673
134
399
542
103
485
362
244
49
319
408
2
466
64
12
431
391
171
139
214
666
109
489
512
1710
7
62
181
268
168
130
494
280
150
623
14
922
621
388
382
3
1373
610
123
62
183
193
2383
559
741
357
1483
248
261
36
98
562
251
30
287
551
86
1821
761
625
75
648
782
364
408
83
519
287
333
762
498
765
590
165
65
489
210
814
70
142
283
781
725
107
637
1101
670
2305
752
439
614
128
165
135
286
250
227
480
174
176
238
1019
106
338
122
178
294
147
342
229
42
459
201
890
248
615
325
895
677
1063
59
317
49
726
1659
178
61
1240
726
60
243
449
195
489
61
311
361
83
567
1005
1338
549
118
2
414
694
8
525
1510
12
134
1325
241
698
1601
137
883
829
444
42
156
347
461
877
223
267
304
168
826
187
21
114
799
710
345
171
485
187
983
282
334
97
69
567
542
368
293
80
11
190
466
477
1094
994
502
375
473
1544
344
236
461
2195
185
130
348
359
391
26
516
755
369
189
315
714
538
426
176
548
25
397
438
150
613
28
429
793
997
198
73
266
360
1436
606
686
96
1613
141
83
772
1010
838
301
315
79
108
70
103
411
182
223
161
167
400
507
1537
811
498
643
1006
834
18
245
94
130
245
139
324
304
6
54
654
513
511
103
759
209
155
847
495
931
6
53
134
64
407
204
220
317
307
381
264
605
404
287
680
781
244
317
88
1657
116
355
874
253
2514
333
329
438
1426
554
401
243
747
389
545
325
18
160
119
506
248
156
319
285
85
768
144
278
119
677
461
947
947
3
431
932
315
355
1080
546
37
11
543
200
274
604
189
526
366
119
562
470
192
294
497
638
938
39
174
176
498
589
24
956
161
647
216
277
13
1174
128
28
123
104
927
1119
20
637
386
118
416
90
62
309
505
489
2
189
674
297
486
323
165
434
631
589
57
935
562
472
941
607
75
1757
226
140
175
1236
64
135
907
513
758
547
330
1375
81
784
549
2148
306
479
163
131
657
413
2069
454
144
209
190
275
80
73
969
38
1735
522
1965
179
21
96
969
320
32
83
416
755
108
980
443
1070
1131
501
251
233
183
271
557
262
317
612
963
180
7
352
827
188
47
1000
122
761
520
137
121
251
784
830
587
307
762
20
23
1519
222
634
104
727
121
1230
167
355
307
548
68
402
127
287
291
419
43
246
76
30
780
67
56
588
1025
22
881
854
855
108
357
225
1299
612
138
32
1288
1208
223
104
206
721
1071
235
798
773
442
259
201
54
1020
99
387
136
26
396
2
1146
346
82
1115
20
704
773
563
15
979
138
664
618
1085
1657
92
44
867
153
698
564
1254
49
642
87
335
310
47
1059
161
599
51
241
202
622
912
10
258
596
483
204
81
47
31
217
202
237
80
1152
1645
136
1296
306
222
471
178
258
1230
28
27
160
467
671
712
725
941
98
171
279
106
1997
640
455
1442
847
1208
666
1216
855
452
46
190
203
84
74
720
213
260
2
30
165
392
299
627
608
906
368
218
1123
405
1766
55
683
48
931
206
232
632
22
931
653
1055
1006
467
995
284
1179
543
91
52
341
204
645
134
762
247
65
337
276
505
438
1473
124
589
97
896
42
109
919
951
781
139
435
163
291
1095
920
207
178
290
923
823
142
297
2
1043
6
220
592
655
655
450
574
1492
777
447
709
244
850
47
529
2243
113
44
108
185
135
603
710
215
311
45
269
642
91
155
1585
443
832
110
265
169
117
1110
464
740
1071
608
904
85
392
591
24
93
631
1323
887
148
398
156
856
1333
806
378
1056
21
294
430
449
313
1733
237
84
321
1282
337
871
1071
487
313
503
318
291
834
370
69
256
452
667
55
367
269
40
234
1518
1831
958
166
22
238
62
921
308
302
737
27
42
387
341
29
379
198
208
316
201
346
688
113
168
107
360
586
208
250
620
59
1446
520
319
235
201
1061
88
183
161
80
24
30
1260
20
1595
1095
347
267
475
71
279
134
262
347
216
1444
675
674
858
650
288
954
106
435
161
580
71
728
1047
210
461
435
649
403
477
149
146
25
1646
325
610
272
27
446
291
81
1218
89
107
624
6
572
165
574
285
338
499
95
2225
657
71
604
438
147
171
262
65
1434
82
109
292
301
131
42
401
344
565
155
498
211
705
349
610
32
989
217
264
206
301
165
83
24
59
1638
1034
791
1568
390
154
289
330
1005
723
966
671
501
302
996
276
375
157
609
157
586
1234
299
1731
351
531
657
2061
208
553
419
415
63
442
574
1191
497
510
145
184
598
162
481
241
372
208
160
200
109
333
89
337
254
193
824
1280
254
106
282
533
714
681
1739
1900
339
109
325
799
600
346
218
308
307
1099
915
407
165
642
269
291
411
759
391
156
190
166
771
1231
585
924
217
500
1647
333
293
130
278
304
1188
1137
385
172
360
410
643
54
3032
372
662
54
1177
786
181
837
992
341
94
612
74
1260
205
612
995
375
765
660
504
76
431
182
224
320
41
402
246
62
1693
1755
666
401
253
64
1094
594
775
415
265
566
487
75
631
406
109
1176
495
25
150
235
61
174
872
719
1725
261
1181
327
587
214
231
620
456
131
235
429
530
130
682
19
119
386
76
540
449
285
348
596
915
181
351
1487
1020
691
809
244
124
232
389
456
381
137
771
248
413
840
465
208
138
14
899
1039
128
922
225
154
519
250
932
462
770
1004
713
786
347
290
74
313
176
1228
1357
2231
1256
292
3
463
86
1109
193
87
176
332
543
673
330
591
79
284
1103
347
49
989
310
294
288
483
81
1710
455
430
165
165
730
130
148
450
544
909
805
33
217
33
616
488
226
47
878
404
378
119
83
193
1324
567
800
362
368
1960
141
813
953
914
155
263
164
378
250
791
587
559
585
232
145
1020
154
531
201
450
587
333
775
216
724
280
302
313
1005
81
13
95
783
235
189
176
155
169
398
392
369
92
845
218
104
613
444
418
98
590
1267
34
895
956
582
145
725
514
579
976
760
326
44
43
4
37
113
877
153
1087
147
394
667
1274
129
267
1079
216
496
368
7
142
385
498
1584
184
486
315
80
677
18
39
289
397
798
519
230
361
1004
337
294
72
716
336
582
444
297
522
191
44
571
2
109
12
494
487
368
195
103
1801
124
103
1319
1047
354
24
2712
285
175
342
663
13
211
928
40
1215
322
29
35
2
118
381
474
2
348
51
305
705
472
1654
154
162
314
320
160
1321
401
460
45
58
54
113
70
419
31
174
760
60
26
15
58
1148
1759
661
300
1752
967
11
78
286
1785
670
59
1165
334
97
793
1237
369
1441
761
157
983
517
35
2058
229
67
81
1117
415
302
573
769
862
99
254
130
459
894
290
981
416
2136
155
451
135
229
708
95
456
502
1461
570
5
527
358
789
470
525
57
1457
1025
156
242
1472
1202
929
523
1066
113
1440
90
1880
923
251
1438
834
478
364
356
241
169
236
66
485
702
49
160
659
174
386
73
43
163
475
1622
712
356
3248
1409
776
682
732
730
712
237
488
671
1608
218
3
510
228
85
143
148
341
327
513
159
83
1097
302
4
791
67
396
1544
445
509
912
21
522
12
189
160
1128
20
104
978
791
187
261
173
391
874
50
146
1818
334
124
856
1141
483
179
540
254
211
133
757
390
746
245
176
776
996
1890
1276
243
26
332
45
911
360
430
129
25
109
731
785
1171
453
59
801
360
83
177
414
606
546
50
86
596
121
2
652
312
136
101
702
1487
52
561
533
593
197
628
1049
1836
210
644
279
635
15
759
43
549
758
88
639
177
1178
104
247
183
198
109
145
279
79
91
469
237
146
1194
168
427
229
426
67
1166
147
940
143
578
489
299
808
44
1108
496
366
1991
559
640
164
128
138
221
25
405
28
464
314
270
197
564
518
1880
266
108
643
489
208
216
135
990
193
453
33
626
83
626
23
860
188
36
105
320
379
188
415
138
272
450
317
263
832
53
263
122
135
147
344
814
428
543
984
382
870
315
34
419
527
849
486
317
533
302
391
716
1009
2
17
26
435
471
74
108
966
87
7
119
2516
34
392
163
261
1083
210
27
686
321
710
492
282
238
353
651
1413
852
298
552
267
221
790
919
161
182
317
54
172
569
413
776
1867
35
170
936
140
285
945
55
440
757
312
327
69
22
660
197
1608
1256
119
373
286
212
82
2049
2
851
369
484
248
1018
157
381
42
135
386
251
149
1163
1064
188
618
210
213
171
173
176
278
907
522
589
836
99
279
132
1291
68
406
337
727
370
349
839
209
262
420
146
1543
767
508
235
495
605
262
377
145
222
307
378
315
95
187
161
141
39
48
536
484
57
697
1564
207
490
402
455
652
886
426
553
2648
206
26
1542
369
461
991
202
62
2
186
338
396
548
197
28
354
18
144
101
647
83
1387
945
180
257
65
443
338
1915
372
601
1153
1407
256
327
1221
558
72
209
38
323
423
42
36
311
138
352
583
298
269
334
57
61
224
333
512
1183
11
1731
340
1454
848
612
221
34
915
37
2
1159
510
227
223
344
16
274
115
237
378
314
5
655
21
369
232
2268
675
263
1418
1337
315
86
111
1443
979
707
800
366
20
106
628
369
64
498
607
283
510
421
800
881
339
48
142
819
3
434
546
198
322
86
213
275
659
237
883
225
428
237
407
200
1499
92
757
919
305
161
1109
1197
321
219
1159
1048
502
310
850
46
6
792
206
184
238
1271
165
937
1632
488
957
228
209
325
30
218
101
77
563
600
1957
52
320
407
202
100
238
97
29
379
235
89
1536
209
139
116
266
1405
519
139
589
347
18
177
102
201
182
380
122
391
294
194
978
116
1389
771
223
1149
514
269
1052
435
1141
62
263
281
17
603
1220
11
823
524
404
280
154
18
489
176
1203
175
414
453
49
391
642
358
1056
46
460
71
868
423
260
686
312
154
793
19
134
757
755
336
381
784
517
655
384
766
71
81
1091
54
2
93
596
459
203
299
191
143
573
438
1401
49
139
81
126
366
94
183
233
99
962
938
23
617
1469
175
679
146
390
136
1125
829
466
224
499
612
535
569
591
446
429
1129
668
868
269
139
283
687
76
30
107
93
98
163
341
530
86
364
131
380
636
559
1135
1632
2045
228
1062
176
462
1532
446
493
828
512
180
603
412
1106
632
225
551
273
196
721
434
248
196
539
236
757
448
406
370
34
1654
257
109
494
166
158
343
236
583
90
59
1221
702
10
1089
273
287
218
599
226
249
811
402
117
1313
199
399
566
115
177
73
33
953
47
125
603
1019
112
37
892
252
861
17
1024
1491
1002
814
451
897
953
428
172
657
526
642
176
450
306
496
1002
796
367
1185
371
8
1054
114
133
961
192
291
227
1222
113
273
68
98
374
919
54
317
679
1124
33
222
1384
419
222
46
51
227
111
2463
80
145
460
310
508
447
24
95
11
61
156
982
307
781
2174
167
33
211
212
508
579
154
1364
10
253
923
373
440
860
1163
53
42
1514
895
595
579
37
148
32
106
352
371
310
2730
98
26
344
539
2059
89
1655
654
674
52
1929
1426
318
179
991
96
1164
27
1487
840
478
429
43
180
407
56
1261
1249
474
629
1933
11
817
340
383
302
67
287
23
787
46
217
366
710
2
273
261
128
279
170
296
156
35
551
612
266
2211
66
536
396
161
454
555
310
642
232
465
413
198
714
124
261
557
717
1186
791
642
775
97
1121
45
600
192
765
29
31
655
293
510
91
319
282
955
537
311
618
61
255
347
382
304
191
352
165
11
143
483
20
13
1348
303
84
894
240
476
947
2437
382
100
92
174
1525
1293
1590
311
4
234
224
448
193
267
46
416
679
179
533
72
151
24
937
906
1606
155
1180
72
113
134
381
695
150
200
304
489
389
317
384
375
214
462
320
455
225
328
74
3
296
635
248
630
2
51
1963
294
564
290
80
320
190
1355
157
448
1403
546
74
193
829
478
424
60
355
452
909
383
78
16
142
1837
937
1427
415
46
877
895
116
483
1640
93
434
1286
783
44
35
629
307
1578
159
1127
36
513
149
1040
676
94
36
62
1292
340
105
154
106
42
325
640
50
1498
1103
812
203
324
481
847
227
73
474
756
2
276
13
163
144
781
519
144
508
741
64
206
292
724
474
46
403
716
392
7
373
105
1099
297
76
75
362
417
1128
209
271
6
822
606
182
10
1129
992
927
243
499
285
344
1435
509
85
18
1680
682
176
2
1031
1451
127
188
76
253
171
86
555
1203
737
422
115
518
434
1788
73
143
535
781
147
856
367
810
512
90
67
2
40
213
547
740
144
172
230
164
77
76
74
430
234
501
170
95
238
707
95
1040
144
379
1632
194
133
118
2521
1775
479
31
350
99
95
14
422
286
93
139
1000
324
694
234
141
71
2
21
190
729
69
263
368
570
441
259
666
661
649
470
82
1455
1047
562
191
591
740
226
1242
353
156
978
414
504
1297
45
15
92
420
192
655
5
2282
144
467
455
222
200
22
445
207
387
680
961
243
1396
21
534
876
1152
222
271
539
293
1225
159
170
1121
184
89
995
323
93
172
657
1160
99
39
450
329
140
307
328
455
397
652
428
331
564
373
967
1261
400
944
470
275
85
286
1907
89
551
1001
1012
308
817
410
412
748
433
88
214
130
49
215
752
267
424
275
653
489
70
845
1049
255
36
365
147
962
187
219
145
458
125
311
1627
626
831
454
533
132
23
76
156
919
173
182
92
779
3230
370
1015
312
277
944
988
557
802
92
40
687
571
641
803
142
56
67
543
1033
146
214
814
1219
26
69
451
498
17
173
181
439
540
202
284
123
522
435
550
693
325
112
6
629
83
215
33
646
408
98
1280
60
161
150
198
351
817
756
57
53
836
154
721
29
400
160
842
351
496
927
506
331
7
489
912
1103
268
217
366
200
319
1495
1109
620
124
1032
1021
38
252
89
338
924
6
701
194
371
575
142
230
337
996
67
75
123
12
227
329
824
947
851
605
59
1093
163
1001
323
223
1234
505
491
209
1207
88
712
166
2274
457
72
191
20
370
1082
400
454
1487
920
536
302
250
1554
301
958
375
914
354
1403
152
153
440
57
394
988
169
143
93
116
615
2120
832
104
56
768
645
681
295
509
570
351
794
779
76
18
603
97
1512
1123
432
376
261
61
693
245
213
49
1593
451
916
195
579
803
167
36
1096
101
610
533
75
421
204
583
388
126
69
396
113
61
44
237
368
268
1297
822
583
145
13
97
570
164
218
467
719
321
1115
51
1254
203
206
491
394
138
30
421
542
375
182
39
800
771
243
541
77
59
230
19
188
210
1227
63
340
1004
293
157
14
218
131
29
322
290
137
144
1161
847
1397
46
330
34
370
1182
1967
239
312
34
231
217
1937
395
354
203
726
378
474
2044
570
96
867
695
144
17
433
672
222
78
479
284
580
155
1313
346
85
834
384
162
443
356
1204
322
56
712
490
255
238
67
580
484
670
328
673
437
511
131
409
338
147
479
321
1348
183
417
1753
308
862
762
298
421
407
171
213
44
2726
610
4594
293
276
200
437
421
662
12
431
328
495
158
272
2299
1031
116
127
263
8
52
545
252
596
222
1226
526
735
1567
262
222
97
333
1682
79
554
111
190
71
54
750
171
539
389
224
1070
395
310
133
1348
953
657
252
599
185
1364
605
63
803
38
319
515
574
99
486
225
60
381
67
482
318
64
14
448
336
140
1286
164
515
448
464
4
324
286
473
403
78
1979
165
172
526
538
366
442
75
913
445
332
1623
940
150
549
588
637
745
220
58
796
316
234
497
1343
204
1403
157
662
408
791
115
432
816
618
452
371
171
828
355
544
51
343
404
1059
2
8
512
169
822
680
115
36
207
86
831
447
459
224
53
1228
81
552
155
108
118
680
287
27
814
28
154
207
317
1052
557
777
3
