154
34
267
228
248
288
835
260
759
41
1063
932
1145
752
370
1268
951
1258
1637
1405
276
1648
1466
51
1907
1700
1556
2001
613
3182
33
2071
1178
3
1891
1410
1334
1204
2759
2736
2720
2730
127
2795
1781
930
1366
2313
2858
386
1264
2979
427
428
1602
3248
3095
2460
3491
507
3454
3810
2089
3858
1710
1013
1233
4043
2726
1388
510
903
4234
205
11
1652
4679
292
1724
1862
1136
1804
1233
1897
1629
464
5236
885
2894
623
1925
1049
260
16
2070
282
5898
784
1620
3379
6181
5791
6128
6628
3477
282
500
6596
3112
678
1105
1545
2542
1850
4135
551
1404
781
5046
958
442
4858
2185
2369
829
2339
6211
1885
6990
3817
2352
454
2906
6584
2053
4005
4420
325
1022
3961
4828
436
1515
9213
3397
7206
4417
283
1313
5676
1597
776
1350
7792
2282
588
821
1137
1046
6220
1955
7004
103
932
3442
5743
8409
810
1599
369
1231
1028
3205
898
2336
8455
717
961
1175
2010
6911
573
527
1892
583
743
2105
883
852
203
1224
475
936
9961
702
1627
246
5678
107
2216
1142
7830
1069
116
4943
4456
2816
6242
410
3646
1451
3928
3774
8816
5040
765
1601
2161
2518
281
929
1055
321
887
764
816
656
24
533
1197
3426
173
1701
1890
5191
1461
1778
754
2805
3291
1353
59
4945
412
1049
2677
151
7863
3356
1028
1247
4930
3512
5178
5253
3532
1491
1683
2165
535
1531
1342
804
4133
6739
2327
2139
8668
279
4210
196
7605
3598
4398
314
385
1311
3002
19
2267
3703
696
61
400
109
8388
801
446
3709
2029
2821
1329
7871
384
353
1904
478
2264
4956
5341
3512
2791
6856
1508
2077
5847
1715
4443
4560
934
157
522
1690
4055
8635
7383
2872
3250
2977
70
5429
1122
2544
3153
531
3597
78
1717
748
2409
138
1160
846
2580
7042
186
116
1541
6325
13494
4616
678
6827
2187
7211
422
4242
1799
1852
5015
7527
896
2970
1549
6889
5085
1506
7898
2314
4859
14348
6110
7731
6671
1719
138
677
1246
7803
8914
1090
11795
8367
8996
2107
778
425
1239
917
3305
5344
2028
310
854
1669
191
3676
6301
2382
4300
21275
38
5549
2362
3051
4254
6886
3139
5316
2682
1959
2899
14197
3615
5613
7310
369
2094
831
361
1996
1528
14520
1646
7173
5622
3358
612
7387
3158
3236
9963
3315
2547
430
5135
9370
4420
233
2793
1250
993
879
12031
243
1625
9592
5089
2493
4655
1705
238
2133
813
3764
2788
3418
12570
2215
481
6747
1405
1856
4168
230
2008
9698
3059
3661
2114
11426
1686
393
1141
5405
4451
3758
6831
612
5187
601
844
209
17
7073
1078
3001
2290
123
1387
9918
1697
1014
3508
1284
5213
651
1560
1020
5488
4901
4210
3612
317
771
530
1417
5203
6744
2690
4709
2378
862
4849
13320
2203
99
390
1816
657
1873
1062
573
1511
1667
6094
1314
106
3080
1171
4718
10207
28
7378
1032
202
2401
2948
2404
1381
2535
4456
3716
3993
605
6160
1284
2825
22009
2812
4480
1849
6322
433
1145
1168
4067
1183
1961
1389
4186
965
3535
4758
2130
5131
229
1470
3544
1588
606
10309
2932
5509
132
5688
5646
142
971
478
254
4746
593
5301
2825
4385
4646
278
1618
1166
1014
565
2888
4261
1939
4577
2414
9372
4925
1467
3666
4886
1120
1763
327
881
3257
889
3144
6261
1105
657
394
9665
377
3530
7383
2002
1751
536
17189
423
1550
823
5250
2728
781
315
10508
21
1016
2016
498
130
360
4440
699
4389
5409
11711
3149
6973
863
2572
3023
14244
2716
33
644
8735
2872
5829
1436
2035
200
326
4325
4407
3443
2707
2156
28216
4502
1990
1434
5920
839
6416
169
11277
5084
4880
2429
7676
134
238
1288
6245
6559
194
4414
622
972
1596
964
5496
1764
1600
5234
987
2977
1396
4055
10456
10286
635
1563
4550
1119
2653
1012
5451
1048
819
2419
4564
1652
429
2937
821
5
1526
1904
1160
658
23
5536
1125
2258
1616
4074
400
1236
1172
8617
655
959
999
4246
2303
1067
4184
3185
1678
614
2187
811
668
2680
1723
1695
4030
4074
2128
1115
9796
6047
4361
4371
2687
1308
526
7294
9020
1571
14524
99
5591
5631
5600
1885
3047
9601
2522
1251
3695
887
644
784
411
12303
649
10038
1490
444
6737
2548
5591
7587
5641
1305
247
2409
2161
3492
1558
2862
3910
251
8459
4100
302
2132
2363
2081
186
6213
3911
345
454
1641
5405
233
1745
4676
1860
332
68
2131
217
1558
1644
831
3249
6678
4709
4050
597
1848
692
1945
5805
1764
9795
3933
1372
5157
2715
907
220
3949
3180
4635
355
1103
4503
2633
2784
1736
3924
2786
290
2744
8245
1451
9345
1605
3400
3221
2666
345
2315
1388
3555
982
2036
2313
2011
2112
4996
1237
5394
4471
3686
1390
502
584
6740
1082
9435
5518
3014
279
3092
233
895
316
3302
2268
350
935
3156
131
7253
4792
1116
667
3947
48
9407
11580
9899
3366
190
1350
751
2194
2102
445
601
347
522
387
4096
7772
4968
137
8914
2701
1036
2261
2243
2750
2811
615
2170
1376
3977
1581
1998
951
191
352
4714
4147
2298
11199
1290
2376
591
1487
2561
2542
5915
1397
3743
79
5353
198
2277
1318
4969
866
6715
7556
1709
771
1583
3698
2237
3824
1692
4224
1903
2282
905
2507
1378
489
2517
400
6053
313
8553
3819
2729
509
18279
304
980
2984
1560
8027
1503
2852
7710
822
1596
5473
2202
196
660
1247
690
1314
1128
4761
3372
2342
1942
261
769
9218
5024
5575
1504
510
309
1649
782
958
5690
3518
12979
372
284
3626
497
4824
689
1712
133
2096
2523
6880
7024
1363
446
684
5700
3761
5238
3547
2755
261
547
1049
3009
3271
1974
8839
259
2467
12537
5571
89
12745
181
1060
4307
2251
113
7167
994
3747
8265
724
1501
1343
5914
2575
578
3175
425
2376
1647
3252
435
9416
1901
529
378
3607
490
1645
1638
458
249
903
1078
3063
1946
7847
2711
549
2811
1209
788
1311
5585
3130
1417
822
905
11141
1222
6689
2582
3730
836
712
6572
3376
3480
3084
4957
5394
5298
1605
671
12154
3734
4573
4203
2118
567
602
3740
113
3862
774
1259
8
1133
4362
3423
702
807
519
714
7651
1736
10070
506
1239
599
7391
442
7734
3119
671
672
2008
2359
2360
1284
531
138
9333
1257
648
4695
1431
4619
2015
556
1474
1474
4448
3578
422
10254
1900
2928
8521
3020
260
403
6596
7687
137
5499
1885
203
5927
2476
4078
29
1358
2113
3942
8591
6298
12685
6430
928
12709
12895
389
404
1228
2661
4087
6267
5113
838
399
7531
216
1311
366
5713
1669
2254
4817
596
359
1912
3381
8458
2217
1611
1197
714
226
9760
10349
733
256
345
9606
2199
563
1713
820
726
800
1801
1929
8315
750
296
223
2678
8748
526
3319
1834
1399
2437
828
6981
771
4020
802
1538
947
2342
542
1141
2977
1014
89
701
313
321
4697
6806
3182
963
420
404
111
369
3244
1826
195
3459
490
6129
11525
762
3598
1385
1913
5050
8843
7506
4298
3265
619
1208
3590
211
2316
3340
1905
3277
4518
2913
492
519
2696
3782
92
3073
6986
411
1419
5981
9631
2391
1931
2307
898
5262
6770
271
1777
390
612
4494
1101
7061
539
485
1707
1868
8493
323
3433
6026
3088
536
665
2727
2140
760
2486
3004
5183
3265
1980
1175
6593
2392
6486
4105
613
1782
771
1104
279
228
7838
2029
2254
2101
4750
4030
2880
5922
2512
628
5174
76
5566
3382
4685
1006
2026
1953
2739
761
3328
1898
6606
1068
3733
10553
3649
3125
1214
527
2992
2210
1925
12477
3326
2439
4421
3630
872
7026
6394
1563
1626
1520
703
4007
2687
2768
4960
1260
2463
506
2672
2540
7507
739
177
2633
2730
301
2450
346
9272
2059
247
1563
1147
1343
1445
338
6989
111
1991
5202
3517
2595
1225
997
418
185
4912
2631
174
524
3068
149
3345
1953
4884
2915
1965
1497
311
2801
1892
5110
17613
1680
3605
6696
6856
289
2224
4281
3188
2240
3663
6146
1669
915
4869
3052
4005
591
2870
449
5507
6088
1921
459
1867
1543
2199
8781
1442
188
1972
2107
982
1520
414
49
1011
3809
2146
886
8371
512
108
1283
8546
1040
228
545
3462
165
454
2175
2228
4209
3467
1025
678
52
1582
324
200
854
5000
851
1658
227
625
13341
270
6598
3606
722
7729
3822
3076
1060
72
2604
725
5582
2921
2201
360
2805
2270
2197
8052
97
615
1777
689
7371
259
1540
578
1514
1155
10231
995
1627
4974
72
4053
517
2027
789
1677
6067
1886
803
3022
1952
4198
521
1269
3214
9
2342
693
6434
56
1157
8004
5133
958
3494
2981
5731
1069
1178
49
1097
3909
1037
3470
254
4439
15018
769
2871
3502
2203
3718
94
20
2916
2056
1794
783
764
2501
4198
2379
2528
275
1543
2983
829
5830
6844
1117
2554
131
1117
2826
274
3397
517
8568
1834
18868
2868
1276
4331
2169
755
5991
2005
2683
4429
3449
323
5087
3054
3863
3747
1777
1880
3993
3648
4043
2214
1631
4018
2724
718
3167
2214
5740
2061
9115
1418
118
226
235
29
1148
5141
387
7884
9381
3317
9720
5276
1110
1068
863
4174
8349
3642
3217
423
65
804
7422
1632
830
1385
4822
1203
895
212
907
1030
9138
8077
4217
507
1459
2241
513
785
3124
703
1036
14233
929
3188
2381
397
2732
13
5476
4987
2216
410
4294
1232
991
1485
917
1550
5746
2237
1026
4738
3175
63
1115
1443
5327
4294
106
64
2602
6845
763
564
312
2077
2919
25979
1904
332
5546
233
2168
1745
1700
3217
4301
4155
5914
1289
1655
10622
1471
5066
7820
1754
2149
517
12529
457
1167
6005
941
10325
635
3949
4876
1854
825
254
3341
1271
1125
2492
495
1232
7431
983
7530
3213
3491
474
2626
663
2951
15735
3364
3063
897
3729
2638
2621
6600
2083
4668
1007
4921
2708
2871
1805
1957
1694
6410
2175
12804
1290
140
2599
2644
2398
2257
4216
1320
5220
2870
26
2553
517
162
8449
2022
2593
1603
262
328
958
2235
8090
863
2074
1438
5316
1880
247
2910
3715
2371
3270
554
6190
196
7237
3621
5448
805
2938
2328
1845
56
1824
1733
3755
411
130
5232
1119
307
5501
10045
4633
1901
11069
671
2961
1496
2858
143
5048
8210
10323
3451
4603
143
2764
9498
1237
6829
2096
51
2785
240
3122
10
525
2291
3077
949
337
12
459
5861
1122
2876
5944
1329
6479
3540
1983
11941
3170
5163
354
3623
3301
2767
4640
3295
6184
4119
3451
1087
4219
1891
4768
3273
2628
2293
2836
1703
1393
3050
3223
4079
1734
3201
8290
395
188
4502
1007
1511
3159
3014
3741
1114
3647
225
2621
7545
1411
306
582
714
2182
4615
706
618
5704
196
2020
1080
5874
935
504
198
561
3466
1666
839
1388
7961
1393
302
7595
23
2058
2892
1617
8542
2358
4634
709
6704
3146
10173
1365
771
2068
1914
2844
53
4975
1618
5125
1216
658
1701
5735
320
841
4202
501
230
8753
1100
1912
1079
775
1269
1065
6415
120
1409
858
627
182
782
2273
2663
2657
343
4920
65
2314
1220
1134
12
174
269
14968
4120
2587
138
6351
2745
1205
530
371
2077
392
170
1580
1696
247
636
2663
385
1246
1026
584
1189
6779
1325
10871
529
7830
163
4972
5861
1439
649
1586
3823
3159
363
1719
13911
636
1844
1706
57
916
1728
4198
1646
13311
4720
2251
2444
3088
3322
89
1081
638
530
319
8110
2236
5590
7766
1426
2436
441
2073
2047
2583
5243
4989
4067
2228
5021
1334
3123
1600
2550
2650
1252
1442
907
5754
4415
1563
342
2841
1533
3213
1547
2708
2505
3259
1302
1124
5169
5645
2893
1556
728
1910
511
2528
2654
3450
3395
899
2252
4315
6473
2007
453
602
2593
334
4504
2292
488
1463
3632
2307
7302
2092
2899
5296
1671
2779
3660
2871
1143
3506
3435
1538
185
1826
1157
7413
2977
10539
6127
4100
6929
4416
1938
3421
3398
1338
1432
322
505
3196
1728
6391
1764
3060
13669
2469
9394
5684
4755
8192
5815
280
2851
26102
1291
4029
1787
12547
4624
246
1147
3671
3810
2997
7428
79
6698
2886
1247
5654
2076
9622
2879
2537
780
574
2287
2605
2061
1615
6798
1949
2809
787
2149
848
1955
458
1997
7783
106
130
3574
889
6894
1562
2980
2349
1959
3620
247
11956
1480
92
4528
321
2192
12169
3584
5298
887
488
875
7653
1282
2642
760
1043
777
2767
4317
2308
2840
191
1356
9522
731
869
2202
253
1620
257
6243
4990
1129
7676
1771
2852
5225
2149
1519
4003
848
2024
12172
4546
4778
1042
361
783
632
11741
2179
3540
4335
4403
2334
39
440
4440
1397
1353
14859
1156
1912
1386
3173
1044
3401
2488
62
5413
4088
2013
444
2976
1345
1592
5242
3626
8071
571
6370
470
57
5534
3030
452
258
60
966
1990
1300
7062
1415
2117
4341
927
10560
2178
424
4870
1249
6421
95
1204
1198
7720
301
518
6648
53
949
7973
1411
129
2158
1743
2363
3317
2736
821
2559
1290
978
1457
2082
370
4505
301
749
10874
3783
2433
1316
1311
4784
778
3843
7113
8397
5730
272
2649
4955
1982
141
5138
1021
1823
1215
1512
8716
3732
923
2790
3172
4659
6526
574
6827
2688
394
6081
2735
5385
6256
5418
1149
1451
8041
5193
1234
2501
6773
1478
1655
2162
2832
3941
2019
304
1483
1170
2142
3165
2852
2818
1391
1174
586
3621
1965
416
1266
16548
5152
266
3074
3898
4935
3370
1546
2272
5409
1402
507
1019
1733
5385
2267
3263
4355
3517
78
1319
1982
2382
4962
6132
1099
969
166
5513
1183
2602
1783
4198
3756
2743
1531
1324
2734
472
1628
701
298
1190
2495
522
4044
1247
470
434
2434
98
836
3392
13237
87
2179
2020
5858
1899
389
377
3465
19547
6419
3181
1119
1376
1836
2454
3729
4520
2906
2038
5883
3011
4005
3975
2360
3361
1427
39
14377
1027
973
637
6125
2091
4001
564
928
1227
5635
3366
1725
1360
22310
314
3378
352
387
6136
3070
1629
2374
5964
8283
616
193
1106
402
1080
2199
2217
2127
1039
3867
890
90
5852
1315
1193
2242
3760
3121
3167
3767
8283
1424
6324
110
468
7581
2550
3165
1561
11500
756
1592
1413
845
2136
7828
1631
9188
10885
1398
1850
2276
11117
11086
4048
4665
503
11493
896
11570
3119
1168
7776
875
1594
341
1687
3544
2469
2299
3543
6218
7605
1256
2430
3250
171
757
931
502
8801
786
2410
4718
50
575
8419
3558
144
2714
5818
5686
2077
186
3174
1055
8154
822
2955
997
3848
129
188
1258
2477
5893
4060
7460
187
676
1623
2230
1006
1590
1731
2821
7870
1192
983
4914
3349
4663
10628
190
1849
146
2179
3656
3394
1518
766
1713
7287
496
88
385
125
13070
519
3056
696
2610
2819
109
2243
2033
1417
7590
528
23
156
1783
1273
4455
6569
3310
2064
500
2389
1141
960
1404
536
1516
1786
3298
120
139
471
20
511
2138
764
826
974
1392
8380
1136
1346
11809
1729
250
2829
1154
1253
3387
23
197
3353
1042
196
426
1050
386
5176
358
732
1066
2266
7809
6691
3698
1925
2700
1805
376
718
1647
3400
619
4290
37
1144
1036
257
11252
2049
1497
1770
6620
2328
330
771
1934
95
3261
4117
11052
1267
719
413
37
9742
5710
1662
1147
1443
4123
262
1847
8465
367
840
5209
145
989
2404
18
3144
281
461
1340
1110
270
344
1115
4124
5151
16
2212
1652
2137
3244
7918
2441
489
225
471
5454
2362
220
222
618
3106
5960
5876
5579
11171
1138
118
1656
4389
1028
1614
2259
1970
2384
1929
1014
6693
458
308
2858
1765
1088
252
849
916
2860
1816
1724
1771
370
1403
1250
1121
150
214
1399
60
1356
11970
3830
699
14022
768
1425
3359
4620
1915
3643
34
1100
2940
10458
197
1739
201
3758
457
2571
395
254
3150
2201
3360
74
2686
778
1392
1239
408
1303
3721
109
1503
541
1589
677
2482
3241
281
3923
397
7555
2440
5588
2041
507
4266
9038
7427
1409
1568
1489
894
3296
5100
9179
117
4906
904
5180
1856
797
15759
1500
2200
1302
3954
6419
3829
250
2347
77
1587
1324
908
7376
2692
3209
743
5247
1067
6337
4880
1825
4591
1250
812
9642
577
1748
3529
5791
5554
4579
1390
1811
2015
4847
2971
1252
3182
408
14531
6790
1649
1456
865
3885
2337
4576
403
542
4937
2684
1442
1689
2622
2455
7188
197
727
2062
1174
552
6810
4500
1421
1217
381
1026
3154
67
7010
10951
933
145
2436
3967
5030
3724
7286
1348
1944
26
7748
9607
1454
2102
2229
2870
11
4795
102
1013
3542
784
871
1685
487
3446
1516
3750
1524
7927
225
3709
1945
1470
4190
2682
1377
6961
2802
1649
4756
4881
4116
3455
614
7449
625
510
869
6463
1131
934
121
5375
1041
1401
301
4804
4464
15512
364
2768
867
1462
770
1769
3365
5682
1762
6334
936
3778
5212
6372
1589
3545
3671
320
1083
2412
1779
1894
3429
3396
74
383
2265
1243
3433
4454
1454
4315
743
1223
403
1379
6548
2167
2544
8438
5127
3956
1263
111
3878
128
3254
5338
1151
13
2055
5050
759
265
169
929
3190
621
1412
6062
3676
15787
1206
6171
1170
1543
1812
2560
2034
241
1340
1822
8900
1378
1677
5060
1276
6339
12
57
2048
1125
1339
4167
746
771
12024
3027
380
5822
2025
2975
1534
2421
187
5422
8609
1997
1546
7659
2062
4852
1867
130
2167
980
1822
1444
2697
3349
4166
1222
2207
9040
6123
8244
3923
2195
1814
1429
4700
3480
3645
6511
5645
1773
3219
10311
11465
859
1896
5365
3219
1615
2090
4802
323
938
3056
391
584
346
1799
1551
4301
559
3084
2224
1798
2742
3161
2016
11408
5377
2995
7402
3664
2467
741
687
259
4842
320
3353
3349
1195
2268
566
147
7659
296
710
1977
3263
500
880
527
408
3106
2328
3273
8657
1854
1835
3336
9940
6827
9060
1128
4195
4633
1391
10234
6485
1098
7104
3910
313
6202
2545
2145
8987
2674
56
8866
904
1874
7486
7546
7021
2566
8569
13303
1196
4840
2410
1514
3436
3717
2211
6206
6864
2870
53
2254
390
5104
518
1380
1392
4122
1275
966
94
4100
5400
5564
577
80
580
1147
1736
1196
1203
3699
4831
2018
1123
8401
6076
376
160
2963
3381
2046
1053
7510
5472
99
767
267
4536
59
6884
989
2725
1086
1257
444
2448
3787
165
644
2602
3686
2896
1088
663
4593
4208
1288
92
665
2942
2590
1838
1912
1117
202
80
1039
2752
11195
76
3284
13489
1451
339
6591
721
1630
4248
1228
4282
1622
2277
632
5009
8908
5378
3862
1696
4099
2752
3957
569
1353
7524
1289
3605
1315
1734
2707
411
6214
1542
326
1175
4415
6886
4509
1662
4676
1567
2512
1643
4032
3782
146
1261
3864
4835
4200
2380
595
535
3430
342
459
4762
823
2877
6810
383
2976
1429
3546
4428
2993
8395
345
1619
12774
2644
2478
5580
10114
18
1295
4472
1845
11162
11508
2493
1655
1056
2318
2689
459
2280
1938
1611
1287
4015
1088
427
855
248
1759
2446
1064
6555
4433
695
2615
1596
819
4335
941
3323
1768
30
1073
3361
977
2663
1356
1948
447
1067
589
3064
1780
2519
3422
5127
2389
1445
1443
447
598
1797
3494
6106
2300
1352
3454
6671
1870
905
14
2434
3995
356
4886
1786
5144
735
721
184
40
2575
449
782
2333
1742
40
7876
3660
926
3440
3173
3835
110
1810
332
3784
6184
1524
4032
2881
1326
4089
1389
8150
632
3687
587
666
2180
6585
1993
2709
3328
1217
4169
7383
6091
1384
6542
6501
5165
5509
1592
1513
3322
7386
1503
1200
1384
2922
10245
6530
1239
2192
914
10060
7822
670
87
1976
107
4216
444
191
1755
1239
2944
2114
1400
684
326
2528
5960
658
18
3486
6660
1453
1082
4424
3613
3761
2112
612
1606
849
3054
1364
3852
239
534
7028
7780
3782
6460
7656
311
1014
2003
2103
2781
537
396
2669
878
325
6826
4989
1551
349
4437
4079
207
3196
8308
1520
2353
631
830
1008
2568
2046
1822
4810
2063
421
2521
101
1369
1747
135
5794
2036
5335
767
45
308
10640
1819
1528
2067
5359
1034
10419
2734
335
2169
2417
7348
26
1223
172
1740
178
549
571
2064
11111
723
958
1534
6886
302
3703
1497
1947
3480
456
332
5762
2275
8025
2476
1872
10392
317
902
3106
3313
2502
2015
1856
827
1061
4501
2190
3030
674
797
722
843
3310
1013
837
5419
708
1413
12802
623
10244
4788
776
3186
280
342
5498
2836
492
3950
4688
500
1181
1698
3259
397
562
2518
4366
3880
598
2277
208
3749
7121
3164
1733
2308
4021
4837
660
5021
4895
274
3384
877
772
2554
169
747
1789
108
8282
255
2639
5637
2070
2231
1759
2029
1429
2730
967
5592
1996
768
2859
403
1885
3163
3081
3788
2333
5459
6640
5421
4621
710
2916
1842
3458
71
2717
1647
10837
32
3325
48
1233
3247
3898
3630
995
1885
3036
4163
7759
16329
8725
448
6141
2960
2315
270
134
679
2769
1001
303
4863
3575
3292
963
917
1006
993
2821
452
103
14782
607
1274
861
1382
14766
11481
3244
75
8712
840
2147
4950
358
1068
3653
3591
7775
2156
4646
5039
264
302
389
2188
2968
2982
6419
3401
1931
294
6164
2929
2905
737
3644
218
4489
871
823
912
843
3256
1740
6579
7889
11080
3345
42
2160
2555
659
564
8830
1261
3311
961
95
957
118
767
1060
471
2508
453
4401
1669
1738
3129
817
758
842
1271
5993
4887
2201
985
2200
17292
1994
7641
3333
1403
4465
1928
2834
4778
4491
3259
730
846
152
711
2252
315
1104
4564
3807
1660
3387
50
410
589
511
49
1302
5167
539
2686
534
2291
228
9076
1304
3024
702
3698
11774
4516
1169
2266
763
2093
195
1556
1205
562
2235
8522
483
3048
271
1948
402
2924
1336
9087
1794
5300
1524
2663
3054
1547
834
2281
2109
6780
8128
2555
4297
1724
7691
94
1499
10073
2580
5781
475
4342
5367
1304
2094
1417
2082
4007
442
211
2680
2157
3651
148
5669
4579
538
511
5989
342
2847
1553
548
986
2122
2988
6443
2613
6900
866
815
3639
5607
684
4320
658
657
3531
500
2780
4082
1665
3663
2003
131
20455
2534
2183
2349
3825
5066
5599
1993
1991
820
2812
116
5120
2425
156
3195
307
2738
558
730
1423
2527
6239
3032
929
4660
5293
8117
1345
2607
1885
2183
4868
4518
8741
956
1326
1129
5183
1813
1211
144
5449
1011
395
521
1718
516
1397
1605
3109
6662
10350
1054
2659
667
1681
61
378
4488
2197
1571
3866
1948
3220
2536
2118
340
3619
1307
2477
256
2613
1471
2137
1732
230
330
2264
2788
1093
1863
516
7168
2967
1657
4709
1649
1893
3543
1279
3680
3161
5485
4439
695
1464
408
1065
1159
8599
837
3095
4560
1921
488
10363
4865
2691
8667
879
6227
1657
8454
5800
573
17865
2764
4519
2388
3813
15071
496
7346
30
3918
1950
3163
862
1425
991
5126
2840
897
576
1252
8
3742
1992
1620
5167
1088
3969
3421
3123
7638
3569
714
995
1447
1050
7937
907
174
2488
1171
883
1066
740
99
552
1789
126
2333
2482
2464
952
6100
1990
2469
2241
115
3231
59
353
1113
159
944
757
1894
1324
6358
7101
9335
5340
8839
675
76
3627
2365
3445
5230
2932
1884
1750
474
3645
1493
174
812
4174
1908
879
2826
4498
939
810
3296
10135
3239
1746
178
3426
351
9042
203
2233
1020
4980
2346
3674
7006
1746
6382
7343
1069
2048
2425
2597
368
596
13853
5369
286
48
654
8601
9197
6092
5309
899
5457
493
809
4511
562
7663
7764
728
4219
1630
762
2398
2642
2379
10638
5186
2759
501
801
1860
2905
1056
1435
2120
782
72
840
7324
2268
2771
508
863
2523
233
176
861
484
46
938
6186
1269
705
10935
528
229
250
782
15527
2007
4160
2146
1342
500
1393
5430
8985
1910
1546
3129
2199
2335
983
1638
3225
1073
1898
711
4250
1803
622
811
4887
3283
1891
1492
3321
556
1355
11320
2871
3007
2119
45
2872
1919
83
847
1839
3043
2249
317
1355
318
3490
4365
6630
1392
1961
982
1816
2751
1315
5351
975
1736
1897
6964
7618
4903
3120
932
1608
4833
1080
1931
3549
2348
1836
7919
7788
497
357
172
3400
2734
710
244
986
433
421
714
1551
123
1745
4182
2090
424
916
571
7497
127
1779
862
3270
1541
697
4864
4531
8200
2825
1785
1870
2108
7015
345
1597
1420
3404
3493
5106
281
4630
1602
4885
2296
520
889
539
1198
1934
7212
1289
1919
618
1612
1434
131
639
1923
4389
4172
95
2204
2974
85
5162
20
1697
1012
908
1935
3189
1069
4784
8047
4969
1021
7305
7440
4216
2554
1142
5004
3721
2160
6042
82
3267
3247
1778
158
1212
2632
2383
623
8473
2542
4277
1815
1374
1433
2303
2457
646
12541
350
3915
722
7472
1609
5034
2273
3687
2786
256
830
4357
504
2004
375
387
4973
2155
1853
870
507
1395
4017
3067
4357
2111
5547
11
147
452
4098
460
545
1286
2351
3656
760
5612
870
4115
2591
1650
483
954
1651
2058
2939
1353
8739
4787
5539
3322
530
2075
387
3262
319
1596
2363
2770
5357
1368
2072
902
2888
6991
3388
1816
3396
5027
4588
13927
1211
1723
2628
10387
2281
5244
1377
3190
241
1468
5859
2084
2175
5198
163
354
2505
1014
3126
815
527
806
400
2814
4560
566
604
5279
71
3724
1087
6195
8927
3126
4017
495
642
329
7
2239
5633
526
885
866
4386
1939
1000
579
2877
4905
2689
5921
5898
1379
640
336
1626
4375
338
1311
6186
411
6459
165
467
1793
1500
738
3387
123
7523
4557
2201
1818
750
4909
3373
2142
7454
2385
1028
11310
692
727
593
150
963
2717
1194
4671
162
5438
6247
467
1740
1456
3047
1598
1523
4798
425
357
63
9143
2857
2598
445
1603
8
14976
3717
4872
3997
3746
4536
4906
5837
3323
1935
4528
10959
2232
3563
856
5714
6881
1486
411
1316
3542
591
2194
3794
1584
20
5828
5951
1028
522
1342
1618
1315
1044
2099
7207
3643
7099
186
10604
2256
3880
2111
3618
3367
5101
2481
5952
229
588
3509
1378
1649
922
46
915
5369
317
1798
1324
368
599
10822
804
3326
4665
4012
4152
952
1032
751
480
1440
3070
6380
4569
146
3617
3595
485
4636
3926
2233
752
3972
161
2431
2503
263
363
8401
2440
4435
666
2520
3637
1207
736
996
3902
522
5825
6339
407
1838
7404
54
2355
1181
1905
3419
1153
1260
3992
382
218
58
4803
1336
1388
6448
5957
214
2212
263
277
1282
152
1060
10562
379
6428
4713
5680
1239
1155
321
356
183
1726
498
9492
7407
1600
692
1183
4340
5961
935
3384
3888
2823
5578
439
259
971
5291
3260
79
4176
255
2746
844
1093
714
241
6006
600
7264
13445
3528
724
164
2787
316
3319
2965
80
4136
1081
5789
9518
89
1667
2972
7984
2313
2690
9372
12151
610
327
5358
7004
989
823
1339
494
1057
7282
915
2813
3019
2422
4921
4758
6554
572
375
2938
2912
2610
16125
1751
210
572
757
428
4541
3032
15115
1703
291
1006
1528
5624
1795
6692
402
723
2787
4384
1032
142
344
888
2894
2553
1579
1073
4582
159
323
7958
3228
3047
321
3288
5975
8319
1921
483
182
283
3530
1360
1852
4900
3863
6535
1744
1808
929
283
379
307
985
3272
336
4973
5052
779
2849
1344
3196
81
2371
612
800
163
8951
227
1681
692
74
2771
695
86
86
1505
291
5786
4702
4669
463
1005
129
2661
5991
3687
5439
3393
1213
9403
1554
6314
3249
641
9921
2367
4389
1722
4533
3703
161
10190
9080
2757
766
8087
10435
669
2330
8568
1999
2470
4202
3888
6708
660
9151
1152
1418
3999
3998
6505
414
10365
315
3846
463
6172
1827
5441
1555
715
1065
1016
580
197
4441
485
550
3777
3523
140
7639
1873
223
1264
2065
4700
4169
1540
4599
4402
1453
246
6941
11082
3287
5489
757
6922
1931
6714
1525
11217
4087
117
972
2406
1053
1233
154
2818
1342
1051
1041
2650
271
6201
2490
1646
3143
3816
438
311
1585
734
2885
2011
1562
1095
1086
2387
838
1652
994
2332
3292
1891
196
1750
535
1015
1304
3949
251
544
1816
4142
1987
1697
5583
1861
4603
2100
415
1935
2890
11427
2507
1330
5573
3875
1144
370
4144
5022
6547
7727
153
2258
634
665
517
885
3820
4737
166
15101
3128
3140
4264
2564
537
22
5255
1572
895
8476
2952
626
1975
678
11099
16762
861
2832
5259
3397
1233
4800
2159
3784
192
3083
3490
8340
786
22250
3418
55
4646
7621
1900
3611
8789
879
2292
2137
5517
159
274
2828
2368
4308
1087
2568
1280
21
634
13132
1431
19
7854
4511
707
11921
2410
2065
2776
1326
386
7661
6295
1114
3305
11318
1999
1913
717
3993
109
717
12405
2963
1490
4163
3722
10650
4517
614
1682
2751
1123
2575
438
1407
2288
9999
5116
3317
143
2103
1239
951
2979
2576
1790
5952
1053
3141
1383
3139
1285
6400
3366
1076
8186
1548
923
1541
9130
1659
8125
4337
141
348
2431
5065
17
17491
10281
481
243
7604
1478
11422
3023
2672
1321
4973
1830
164
2073
1233
888
1254
175
8331
5200
4305
559
1563
586
448
4812
7945
523
1053
2115
795
460
8084
639
743
3791
2934
876
10
4023
317
6167
6405
6394
247
295
2646
2198
4637
1365
115
2859
2054
677
3618
6688
2355
206
4948
2471
1420
3710
1020
1173
762
324
1445
237
344
2907
9762
4176
1552
110
375
2843
2453
7161
3216
201
1069
6600
10198
394
901
3609
2334
3767
1935
3353
2363
1769
393
185
672
1167
557
11524
6906
9978
987
1473
2256
3949
971
809
889
6228
3768
3667
247
69
913
7453
14174
413
2960
10299
3510
968
9548
5630
1147
526
2031
2307
3193
1605
2064
4586
13963
428
2526
1778
1703
3360
4597
294
4980
1563
10834
4404
124
2827
2840
1657
561
4545
1420
109
624
586
572
1853
244
5927
475
373
1050
107
4717
632
952
1592
15369
1119
390
587
1283
1840
2636
648
1990
3766
10419
404
8539
3817
863
1639
3940
6677
1204
112
2425
395
2560
3981
2162
510
204
480
986
6497
1384
7354
7353
508
1823
806
893
887
749
829
2022
1862
6085
4249
1234
1592
662
480
1604
7711
4613
384
1415
1997
1581
3053
2723
503
709
8879
383
2697
1561
885
3207
3814
1269
2908
1392
2005
10306
5950
507
3210
4980
3034
753
1768
4732
3865
13975
4399
1409
1858
1154
523
5132
1168
6086
703
3442
1647
5892
4608
1773
1786
2704
3491
6455
6659
2087
4422
113
2174
804
684
3901
6290
2949
7430
2014
905
187
2625
3568
8219
882
252
2771
5299
5664
1295
1932
1835
532
3548
1116
11619
545
7435
2519
63
3806
3530
547
2507
4773
7080
474
2197
41
2713
1509
2744
2300
1881
1478
1623
6723
372
286
1512
1615
4584
1058
780
2109
1599
377
594
9635
6173
695
5547
634
90
3214
811
37
522
52
4592
2154
719
4412
6348
951
3318
747
11522
3796
2646
3516
17405
738
1236
47
1309
2615
1378
123
5194
3586
910
4651
5968
1011
4799
3418
7768
14221
791
394
200
2937
1155
2718
654
917
2670
932
1628
4117
8929
58
5484
4898
1796
8499
2128
3588
554
2842
3934
412
2834
121
4052
188
69
5615
1069
222
12364
4275
5673
1796
412
6942
898
377
5646
9863
181
517
884
2968
2013
2161
2654
5357
2218
1441
1012
9374
631
5438
1717
921
896
1280
233
97
2710
1608
440
790
247
1686
2024
253
4261
4075
1752
721
455
220
201
5097
4703
6973
8574
24
2334
2109
6345
1849
3084
777
881
14445
1087
2771
2957
788
6361
6137
1808
5302
260
1523
1145
7086
5277
1862
974
986
1878
1128
2229
3731
8252
347
4190
3653
635
280
2008
2339
332
1218
1672
8198
3081
2408
3943
7915
2661
4632
1429
2067
8691
3244
2481
10737
1282
2526
474
5359
2857
4127
804
513
665
13352
1188
527
6256
1734
3699
2170
650
4652
76
3338
4669
3633
620
1018
1515
2276
3319
4410
48
2863
2151
383
854
34
4313
1658
2774
1753
1017
9120
1542
779
309
536
8929
3460
321
431
2871
3167
1911
110
6191
1707
176
4017
2895
123
371
1834
995
935
667
785
337
335
11678
2857
413
592
81
4478
2212
20
2558
1266
29
1515
566
4668
3487
928
7661
2203
4411
321
8879
644
2862
2169
4534
1953
5423
328
613
177
1370
857
635
104
310
333
1368
941
8102
154
2295
1565
2127
9758
2929
537
2751
2609
1010
6124
1084
12
2645
1522
3677
2380
357
134
6238
6877
125
8473
827
184
1682
678
2231
12
3369
6431
792
927
10363
1827
4385
9186
529
4431
8087
557
976
218
1352
3264
624
7480
1372
3319
4515
3077
1473
3594
4819
18272
92
365
2117
5705
5915
883
3458
2645
7020
4328
113
86
1626
92
5091
485
2063
867
5069
1473
14915
511
1110
206
2746
12521
63
6066
328
1689
1918
720
738
9467
4437
77
2960
437
1141
482
1118
1293
3252
7303
4740
104
486
5074
131
6616
136
1290
3174
605
1505
1339
1243
4722
13625
166
1174
2721
5878
11194
6689
1857
2312
41
9464
2367
3129
4304
3872
10234
6981
671
4533
961
1131
5005
803
1423
620
4520
230
3259
4250
6530
15740
957
3438
4129
2286
523
801
1264
5789
6168
4526
3649
9368
2808
2079
4038
57
1802
118
11223
226
600
1070
4751
2540
7909
6450
2647
1643
2523
8931
234
2403
475
19
2146
4040
1520
2197
5624
39
934
2001
2334
11546
1749
3569
181
476
4791
1285
4888
1362
1509
2037
541
6162
3044
246
709
5171
1984
3586
977
1045
603
5169
1046
1461
483
1183
1021
1121
933
3007
200
3917
1570
4286
1183
24
179
1496
3280
2277
948
1454
1377
1100
11822
5077
957
7644
417
13972
1943
5778
624
1246
898
6326
934
5805
3692
8082
1057
1929
239
4580
3152
1746
4261
374
2133
2608
2062
574
6910
924
2526
3979
868
2881
4181
2131
54
144
2623
5867
661
1703
455
1407
892
144
58
9060
7874
37
3876
3795
3883
4260
5323
1519
683
3273
3375
306
926
668
2204
2048
311
30
789
797
6832
6332
3922
1478
218
1117
1382
262
3260
2114
1896
3156
1529
984
2010
502
3155
1107
733
1658
3050
3623
12445
9260
1562
1403
61
3277
4948
1161
256
1563
1111
3380
2384
3001
4983
483
5865
4529
1627
3994
2732
1228
1980
13358
312
7224
6581
3994
1281
3191
4560
7300
1587
220
3428
5840
2532
560
3329
597
4769
1506
2141
788
9268
1404
648
2739
1206
1573
6278
1045
6295
343
2951
72
5472
5269
4902
1141
2575
988
5153
9120
262
226
376
4347
2970
4135
1069
2240
2417
854
445
2065
208
2063
4983
3498
1774
910
1397
408
1252
2179
1766
1473
5197
3289
1274
1736
605
3152
1786
2877
813
315
1557
2080
2771
2362
2413
381
4828
544
3820
11107
724
1283
1197
4223
881
717
3856
3165
3691
8752
5812
3605
448
1510
1152
610
3058
2392
7242
688
5510
2230
589
2746
2309
1535
2131
2569
739
1842
1056
3159
6839
1472
729
342
3639
863
821
307
1533
4722
1377
90
909
2915
1085
1377
5274
552
1289
145
3000
1336
3307
2063
2193
5459
3544
762
6431
1221
9189
5567
1129
9872
534
3813
2521
4261
3317
541
1471
2078
994
12960
432
2857
420
1332
1847
2024
13060
1308
1309
3929
5531
329
1657
1642
2032
348
2632
2658
9460
2822
5008
7233
63
5502
514
27
1685
5023
4867
965
47
150
4952
2787
6384
195
1158
1041
258
6562
399
2420
1768
2691
4400
4714
2784
7253
4946
1789
1265
112
1454
2776
6410
2689
3304
2811
2354
3455
3762
4014
5154
2675
10067
2536
2012
2532
2310
5837
8605
3428
389
1232
163
129
1247
5319
4714
6018
4149
4531
6318
642
6090
649
1210
1546
8115
915
1099
2484
119
933
4238
2061
554
11887
2702
5770
2767
958
2947
458
372
6907
3231
4027
4321
1327
60
811
3824
378
15720
587
1527
3499
693
4146
3515
62
8601
3404
1689
544
6841
461
2393
5291
7171
5979
976
4459
1812
2223
3336
2355
6953
8547
1557
2390
9948
126
12901
12037
2422
293
796
765
623
2332
441
2514
2851
133
5801
3725
4325
6969
1199
5756
970
3791
2519
8235
603
1679
1257
2787
4687
10947
6544
3960
989
2516
2451
3164
390
325
1260
1655
9662
4251
1830
3460
205
3574
1397
2312
20
62
3575
2624
628
10122
5132
3034
929
3296
2013
5197
232
3462
787
593
3121
226
232
465
842
3184
1764
4443
1123
2419
9772
177
469
103
2495
5304
3639
4169
1290
1792
598
1287
1937
2486
2271
998
5278
2117
6
997
7616
1481
383
710
1396
1307
395
8863
7872
7683
3104
4786
658
255
4512
2369
10885
2110
5015
1015
3382
3907
5332
447
1185
3051
2421
94
1720
4225
66
2775
1830
7796
337
4296
259
3971
432
8295
722
3056
2302
7241
1983
7887
2910
4043
64
12241
14311
474
495
1372
3440
1398
393
2576
1034
1116
4307
1226
2244
1144
6192
1841
2679
1654
172
848
500
4025
2715
1173
2416
9349
2633
3274
193
3091
4528
175
4964
4198
321
580
986
1567
2194
1343
215
7720
1497
5292
1878
1507
7730
6399
2315
3741
6587
2641
3085
1104
390
2526
205
6633
1274
3725
3528
577
4248
1325
3636
4680
528
1650
151
774
3928
416
1834
4618
2639
8282
5823
2961
9151
753
239
327
1308
1671
1117
1214
3708
2681
2882
1559
1044
9147
43
3340
4966
809
7537
504
545
1587
2160
1656
4919
5802
10123
879
7317
96
2667
4233
5354
8689
9762
1109
1221
1396
290
1684
2110
5537
5120
4371
6579
1670
3186
1023
1946
4136
44
825
1322
2102
1555
3650
11144
4499
9584
1515
1391
172
53
430
3693
1830
2683
127
1926
186
2906
8503
7126
917
680
3589
1023
3461
5753
1416
72
2955
9341
2378
2966
730
1773
1978
2920
506
7188
1446
3449
9607
47
1112
5461
539
7038
3390
3078
4840
3810
239
8615
8657
1217
1822
6025
952
881
378
1378
817
3043
2265
1423
2780
1702
1635
5153
1856
1099
3993
2276
211
2141
2506
212
630
498
2177
321
1706
2304
3500
3248
3894
1647
237
3897
1996
357
4390
2474
529
2881
354
8358
1064
879
1132
2738
54
2230
10589
360
479
2804
10124
189
4289
788
1187
1294
1297
2342
4965
1919
729
3995
2609
1043
102
2103
21
6003
2342
468
1851
7330
3963
213
30
3370
2928
234
697
2383
5948
4844
234
1092
11594
2901
2658
5344
893
1583
885
1338
3934
9844
3347
7612
1202
2420
448
2942
1587
2120
1891
3292
2275
2926
3567
401
2916
2087
1080
723
1524
9467
345
1031
6842
6135
5868
3172
8024
7657
421
10620
4703
1633
3407
4115
4132
3638
6411
477
3977
4253
500
1586
7986
6442
5639
3568
499
917
507
615
822
1032
23999
7241
3001
4844
2824
1075
4899
3119
1759
404
48
3086
1090
2207
9
528
884
6372
651
2268
954
20
10326
346
2662
2358
1776
2480
1194
3394
6546
3343
1014
7136
383
95
1653
408
1457
638
825
1604
1344
2163
2617
3500
2901
4149
98
3568
1483
2475
5764
7191
4797
6529
1448
11028
191
15536
4614
1440
844
2012
4338
5295
1281
3921
2807
1478
2614
8080
2765
6912
38
3426
3483
727
236
2539
6052
1582
891
1251
202
300
1912
3549
1748
2994
2048
46
193
5071
962
4610
1030
2715
6251
3582
7055
1474
1286
1558
3099
2190
463
334
1137
1444
2799
2039
479
573
950
6389
2639
1965
3008
2698
3516
4079
1815
3588
824
57
6862
13633
1107
1582
4474
203
1116
18372
2572
3089
3211
3033
4145
3782
266
1768
5497
8661
13492
4383
2760
2759
4085
803
2063
4790
1125
449
1331
4079
1291
3956
4576
5417
246
290
3799
1371
4484
4229
5801
1187
3676
369
562
3723
3240
1555
5875
18
1272
9400
2224
891
377
2290
1637
17646
1291
4263
3763
3261
7152
286
1117
5457
4730
941
1474
361
358
508
912
4026
3299
1721
5350
494
350
2040
1617
4944
12394
1403
1519
2642
1072
1230
581
1086
2865
9224
2738
8293
153
1419
3468
3980
530
5477
2161
4058
2595
968
126
2919
241
3116
1724
87
21466
20692
145
1202
3067
3093
7569
1689
1224
1902
5344
3403
1997
4406
2266
340
1030
801
4251
4526
839
398
3064
2206
1780
7867
179
1778
4136
13400
404
1168
2189
580
986
2094
5908
2137
6003
811
1352
1335
3771
5527
604
1200
3916
1968
1169
1180
1294
1358
2458
490
6586
510
218
2128
473
1536
392
4470
2527
7625
4543
464
11202
513
450
1052
1792
141
949
8773
6889
3477
1692
1320
11820
10813
2509
458
7532
412
3352
929
118
2474
7210
147
1290
504
4823
2838
2801
1330
2871
54
730
2626
5235
456
1581
4232
3330
17
1017
6668
9
2969
2918
118
235
436
3056
2448
7118
412
2110
2077
1795
8598
539
1438
14653
1111
629
7247
4802
2976
5755
3249
4273
1813
3497
2508
5946
387
199
718
7380
2742
1728
1918
6814
3330
1114
1781
501
794
2620
6066
2255
9099
2834
1966
1903
3669
2459
1133
5211
3979
1098
3349
5034
1335
3828
3106
1900
333
1532
67
1891
3418
12086
868
209
1659
706
10816
8247
7020
3096
5549
2386
1089
116
4144
6343
927
3098
6444
2260
4324
4071
215
3393
2210
611
3414
563
9351
5627
185
7871
4769
1129
5702
143
1568
7590
2718
9296
2723
12741
4754
884
2607
5745
1470
6399
1339
8206
4084
1760
1961
1735
8010
3545
3251
3031
3205
794
4897
8902
2008
1280
4541
725
1306
264
1543
836
1767
563
7079
2285
1304
24990
2027
1998
2134
1086
1669
3763
4722
323
5470
628
359
561
6074
3736
1502
6935
3007
721
1629
2639
4618
293
3187
5174
3143
1745
1505
1536
3662
2214
1981
1892
590
3337
2770
6316
3136
7181
1669
1916
19
1192
1949
10545
2804
3046
10084
1518
1684
826
2773
2992
3079
9577
302
996
1139
7807
5396
862
91
1484
145
1327
230
1859
6443
6839
362
976
1030
6173
910
7006
6640
3920
227
3394
4508
5564
2549
3204
1338
997
7299
1891
4251
4723
1252
5846
1133
2834
719
2840
444
1407
6232
1785
5046
2020
2702
3080
747
1256
4222
1894
1871
1087
5610
11108
165
794
1724
950
1861
4912
6009
840
254
1913
940
5170
756
2712
1024
7154
6646
3995
444
4942
3150
7644
8773
2469
403
73
1297
7154
4458
2208
2683
1222
4860
854
1483
2897
205
3769
3505
1339
1437
5197
2296
2981
834
263
1514
173
5356
1493
848
3362
390
985
505
176
7058
516
936
1664
3581
933
7988
5311
8999
1046
2177
3264
549
3503
7862
724
581
2764
898
154
847
1012
1092
2700
3102
1510
2037
1075
71
1814
734
1516
5878
5242
2215
5029
2930
229
2863
282
21890
824
2913
658
366
5687
675
187
1359
2303
10848
1470
765
1520
2500
523
1241
372
824
516
4022
388
5593
1064
223
4364
2223
6793
4045
2924
7915
2008
872
356
2359
1587
452
3316
1481
282
1107
2178
1022
3931
1890
1265
9369
717
3063
1823
1958
5940
1888
2045
6432
4853
2321
55
3186
216
3572
1201
3512
1643
3678
7237
2890
6908
242
1906
2104
3820
429
2388
1332
343
6184
2508
2947
263
1658
1274
3372
265
195
11530
9990
3106
3719
1047
3954
933
3642
412
4341
5880
6593
4952
3779
963
1422
386
281
207
1323
3015
2002
3407
335
8031
2269
4262
3354
2588
2078
1678
168
13042
6753
734
1832
435
1290
3720
4740
1804
794
1922
2974
2480
8924
16612
7454
5740
1936
7243
1666
280
1672
460
1120
2394
9351
184
280
4308
627
12916
1195
577
895
8806
511
148
948
266
1598
8395
656
6241
6090
14101
3817
12156
3105
3817
1758
3106
1173
4257
128
672
5255
455
9928
1147
107
188
4302
5092
632
321
3883
869
1047
6129
645
1373
9070
473
1207
8533
7221
1429
2143
307
5574
219
15469
5342
1789
2351
494
1629
2932
4088
649
4614
2544
2050
10144
539
2098
2857
138
311
5008
1720
455
3055
2434
372
1049
87
1782
1577
1396
3679
2060
119
2538
7166
526
3939
5213
1592
3214
1296
1433
7256
4369
203
2018
2288
3749
2640
578
243
228
514
2936
5829
3663
1338
5457
6837
1083
4749
23
708
4870
154
1530
3000
1348
4880
196
1227
1231
323
2424
35
1660
17189
13679
394
2705
3191
2548
649
1966
1348
1053
1555
1549
5225
1946
1347
184
13071
2583
1262
248
1270
472
2444
6602
90
14913
4334
15194
5759
4873
5224
1176
150
1861
2027
1612
1842
2961
1466
457
7822
13
1098
229
562
664
585
10673
4176
4104
5228
24
1166
3259
9110
971
4510
1126
3606
5432
6594
3656
5097
4650
1653
13352
5835
6489
1242
907
4201
3278
1668
454
4039
236
270
5738
11758
4216
7996
4379
2110
2015
2081
6847
857
1637
1100
145
3581
6908
737
747
1541
2401
2605
748
1269
3058
2435
480
652
753
3842
2962
2723
1774
2798
287
6659
7651
49
2326
1647
588
6576
12163
5147
1064
187
29
4844
21
7200
1507
7033
38
6788
2941
17
625
2239
4067
2575
1194
197
432
377
998
360
2671
5361
261
828
1102
247
875
1329
1320
5199
1801
1842
9432
3514
2406
1357
150
5180
10307
2353
409
1299
8555
253
5666
1988
1851
3238
2446
2857
3691
2028
2966
5905
3336
4950
3298
4130
998
3020
4213
15
1255
1186
1051
788
1842
433
6397
63
105
4615
6196
2909
443
112
2126
1499
115
665
591
4767
2322
104
4411
473
917
804
6998
11504
1492
3738
2692
2201
553
22
4594
4018
986
2560
709
4196
1356
315
8085
1256
769
5110
2486
1032
2530
1284
544
504
1193
9252
511
1648
1706
4254
3465
2532
997
461
1200
1253
1633
55
2866
64
7626
2667
138
7091
602
1267
3420
1905
177
308
10362
6492
7190
856
1865
12340
2888
3910
1659
2834
1095
432
4436
278
293
3409
1666
746
2464
1056
5482
1655
111
7769
1794
3445
1268
1661
37
3701
2845
2498
1516
952
2873
451
2720
1339
5537
2330
5428
4228
763
10460
2830
419
3095
2219
458
4477
4784
2521
154
11620
1837
1966
1288
1732
717
1414
1454
465
3475
5335
2813
2818
617
1429
4232
11778
5077
1173
5958
819
6391
3796
3268
496
963
326
272
3567
1567
6380
6153
5389
250
1682
1560
2065
1655
4937
5864
1426
1808
7712
3176
3049
5154
3947
1342
549
725
4372
1562
8403
1924
1371
3100
6061
2375
245
625
5141
2436
358
1832
4066
29
7244
5524
7523
4872
646
14027
1115
2322
3262
2130
2061
780
923
4761
1345
3088
1129
608
9458
209
2318
3996
1352
148
11214
1960
5943
1729
14924
2877
4383
1680
5253
1263
5196
5233
13750
5309
5450
2541
4747
3954
2900
9186
1172
444
2804
2452
4773
196
420
1986
21414
617
1654
4982
9441
6866
1800
3369
136
897
3831
3325
1019
664
476
522
1391
13717
75
4746
1282
1828
355
5370
886
59
10280
9463
6178
2579
177
5377
2739
2496
3793
772
315
3158
257
5046
147
615
948
2342
364
338
2546
4968
636
266
883
2228
3021
31
2836
437
6770
3516
1412
8547
377
6554
396
2257
1171
464
1019
3043
8035
4953
7172
4487
1250
2089
95
4983
1408
5776
1711
3948
863
6663
12967
1574
19
3252
3749
3946
2349
835
1509
70
802
2195
343
2774
7150
333
1519
5273
182
7617
5290
216
460
9577
106
7728
672
1814
2753
604
1604
960
5447
127
5534
7574
1993
662
2876
933
1689
512
1142
8612
3630
372
210
5559
1249
1144
7001
8973
3360
1310
139
14
822
2399
7345
349
1950
2777
4635
7112
1788
1303
4074
658
11122
761
4460
9542
1939
630
1036
467
4750
928
2123
3327
17572
1078
3352
886
262
1391
5206
649
4674
3570
329
573
11855
2177
2873
395
1329
1358
787
321
6835
11245
1748
812
1948
1190
1952
1945
83
3724
6466
2480
2552
1405
7345
3525
583
3342
2065
10434
147
833
523
1432
5188
3177
8988
4921
2848
940
2453
3068
581
2891
1286
3423
288
1386
2511
662
569
570
253
1175
1429
4802
1327
2813
701
2971
2397
5637
1436
2186
1398
2752
1905
4653
618
746
928
1951
1452
1882
647
12703
953
1333
7273
4214
433
471
2641
8337
1140
67
964
3102
1806
2402
2890
3506
8043
310
448
405
5336
2199
8147
10
825
163
5233
2021
2533
1554
2522
4121
3042
410
453
2200
2581
29
3904
1723
2948
7147
8826
538
1214
6808
400
131
917
799
1579
3654
509
959
1979
5067
13893
2881
3588
922
4422
281
550
1702
4163
3245
4681
1920
371
1874
2849
2711
1316
795
3239
305
102
2532
753
1313
1213
2230
2723
2958
228
5021
10147
9188
6463
2545
1433
6707
1929
10308
1817
3458
10219
1348
2109
190
2860
1382
2016
1689
1109
4292
947
3205
4910
2037
472
181
5015
2203
6916
997
6121
8831
3281
4237
2524
851
5241
2448
2842
4093
4559
7490
3086
3413
2166
2035
8310
6804
1095
2314
2302
7511
392
7572
2559
10923
793
3051
1528
16402
3803
1641
16
2268
4461
487
7154
4002
1254
4321
5707
1411
28
1466
630
948
4576
447
4917
3721
877
2315
1979
4137
205
903
5943
1210
1478
110
1620
812
787
4015
2303
3037
4090
163
6694
195
2712
1893
592
1008
3684
3392
16358
677
1147
2817
2113
2321
2426
2026
1197
16163
5839
1950
655
6209
5491
194
1034
3125
1293
161
2437
3421
7908
4932
1502
2601
3668
4211
2062
154
3377
9090
2720
264
1231
537
2816
2044
1504
3610
1215
2386
84
2305
2407
4728
5174
1807
1206
1330
1525
4361
5068
913
632
65
5194
6193
3707
8545
2296
1358
3077
1334
1024
11085
3130
215
3793
985
769
7082
1167
169
666
74
3847
3945
41
2809
401
6410
274
431
2400
7726
162
1730
1952
5072
859
3570
1648
7796
4511
415
1530
1628
618
2663
3672
7205
984
6097
3779
7172
2936
2335
4603
5211
2227
1482
3017
3366
3485
8254
171
510
2711
1236
7788
170
184
1701
769
8845
8060
1146
11809
1893
662
198
1689
1549
3084
2094
2320
675
249
8567
3141
3893
3860
2710
3656
4360
1318
48
3998
426
141
1220
909
235
2517
1046
146
4686
2144
534
1479
899
316
3256
1037
3060
1468
903
703
2724
1671
2082
2338
1112
2500
2482
3912
937
863
12729
5107
5776
1323
1566
7459
5198
2096
8521
6082
1169
4626
6757
1598
371
4362
2932
3217
4273
905
3021
1896
3305
6248
3574
8127
6503
473
371
6469
2759
1450
1774
984
8775
5678
1248
2324
14789
8590
210
3508
7405
7998
29
3272
1922
3550
2506
99
2362
1200
1705
2789
10279
2242
496
995
1686
482
283
7067
722
3318
2724
13525
13166
4422
3641
407
643
4072
601
667
9123
1696
11257
7712
2262
3844
1281
4041
390
5474
9714
10950
542
940
3015
452
1578
7499
5082
688
1700
6227
3708
59
1685
735
711
678
1004
2037
2667
770
2079
1441
1596
6942
2089
715
198
9697
780
4863
348
3094
8507
550
494
4891
4947
1903
390
1532
2889
1236
3296
1807
8448
1666
459
3734
990
17086
1604
2177
766
1387
4461
885
4418
2686
13
1418
26
1505
530
217
785
8906
145
847
1204
3675
6587
4472
1525
3163
3819
2318
1131
222
114
2408
4348
250
3456
5581
670
7854
9037
704
1969
4123
674
277
2498
749
79
988
5357
2375
277
5538
1818
7209
3175
1963
185
423
1575
618
17447
2207
1769
333
14126
5459
3286
2345
10639
2153
1185
1368
1866
2481
4921
75
3041
1931
1116
3939
466
4500
90
677
2029
2362
497
381
1194
6307
210
3599
962
5872
2004
5585
844
50
2953
635
3308
4391
3200
1480
4254
2244
2673
4049
3993
6678
850
1402
378
5216
623
5024
2225
8343
838
3661
1888
871
295
307
835
16
937
1209
1445
650
403
1123
1843
3620
913
494
1313
360
4374
8508
8821
1948
6262
1412
8255
8658
4326
5177
1700
10317
2078
1692
4455
4706
1361
2235
4167
1388
8063
3517
747
3063
909
1621
1379
10123
184
70
9569
1937
17
4484
7236
2163
1011
2728
1143
124
1869
4300
2284
430
10506
16
1550
3344
1171
2423
4061
854
5345
6166
983
6553
4172
10732
418
4827
3452
2330
6741
1521
3444
484
292
7318
146
3194
198
2229
288
2047
6634
1555
1102
278
2061
1796
2749
1998
2556
160
15295
3090
2773
3463
962
1127
967
1880
4320
514
676
260
5622
174
779
6826
1859
81
446
6356
6539
357
2226
525
3256
332
6690
1747
4068
1281
3509
14907
1372
3178
3181
4993
2785
1364
1449
2050
2841
3065
254
1164
1513
2573
2927
325
5189
1804
3375
480
833
287
20093
1491
902
4768
7325
819
1571
2084
1610
7658
4817
2571
1559
1872
510
2035
3706
1537
1298
5221
515
767
3540
2318
1316
3578
109
2230
3497
600
3621
809
5343
1506
26392
1642
411
1277
1385
5068
2027
3241
5272
1197
4390
6194
2428
484
916
802
6548
5399
1875
4921
104
1539
3656
596
10865
3141
3216
3064
4090
742
2595
3466
9153
2432
2967
6444
5740
16319
2143
399
1561
2754
4397
3616
5275
381
607
7521
792
2595
3492
431
587
2079
120
3040
10310
3997
71
584
6200
711
9412
662
4142
2313
6
160
3334
3844
1207
3210
566
63
2630
229
1071
1640
578
5643
2524
3501
976
3034
489
4248
1686
682
960
1812
898
10827
1131
1971
105
2064
7883
6469
2036
2050
2153
216
3008
358
329
12075
697
299
380
955
1497
1246
9561
3120
4873
4897
2610
1235
251
8839
1128
13
3098
292
6300
96
3592
1734
357
1442
1444
3894
7371
204
7705
80
2773
144
503
482
5346
1013
186
1005
690
1707
1160
175
7608
352
6205
9935
471
433
1151
3557
874
1274
7873
892
125
182
564
7750
11380
366
12494
8629
6458
1740
500
7344
3847
4719
789
10463
3099
4771
1485
11448
833
4572
11016
3509
753
367
922
2528
419
2104
911
4749
6555
1676
5499
864
2145
801
726
1371
615
971
787
640
845
22
3031
185
1165
1034
2007
1121
47
3177
1360
443
1211
517
42
3539
4871
900
75
1394
1120
6674
5543
3899
4137
1882
3730
3514
1833
3527
1440
9
6669
2931
1728
969
1311
428
997
336
3804
1738
2703
1375
4450
4955
3707
1642
3525
437
6169
1727
1642
313
319
6194
4642
2673
9227
894
1604
3288
1620
926
3679
2300
368
834
378
2655
1191
5010
4826
3473
716
1135
2030
1305
7310
11458
2035
9
1748
1904
793
1769
4643
3268
2765
1716
1600
5872
1844
3815
423
5353
408
128
1897
2509
5960
2471
2091
4152
6600
11408
998
6717
3581
3701
436
1178
948
2072
2116
4969
1298
1514
1311
3142
914
816
790
2614
5304
11111
2596
2760
2506
5758
172
52
417
6721
2106
726
864
3018
1575
1139
265
2732
8783
2013
517
4749
2097
5405
3585
4719
1182
804
3166
4075
880
6256
4807
3656
7616
477
6793
949
840
879
499
1894
6039
520
10188
9165
4342
3562
1440
2905
11648
3112
1672
14879
3910
1935
1650
2486
5034
3850
1417
245
809
2122
13527
8616
3768
8140
1522
1402
2219
229
1251
4065
1979
2144
3296
822
9875
5437
2268
4290
396
3272
2908
1187
2720
3432
1919
2978
2664
1968
212
3273
2713
120
474
1991
6851
1670
990
1042
3709
4119
376
5060
5779
41
3514
2561
832
1196
4182
3255
965
1915
3161
1521
3012
832
725
101
1095
3737
3903
1821
4088
2861
4744
12642
6619
2365
2712
358
7023
2816
6407
459
6080
1148
208
6588
751
2219
2078
909
2432
6633
2690
12203
134
653
1816
247
9823
2625
2421
1367
1758
7827
2336
998
476
1030
1880
1365
6947
301
2794
4486
145
3349
4114
1635
2120
2342
154
927
2805
2067
7473
2422
22
9347
2467
4230
288
731
875
1288
7830
1296
688
2169
2081
26
6312
2461
2633
1680
6506
5323
300
792
3228
7505
699
576
346
388
1064
5674
2059
3836
4968
2021
393
5636
3490
102
3308
2702
5991
4832
4650
833
2250
4041
326
4629
2510
479
4816
259
2074
4603
340
955
269
3741
3911
4067
699
1241
2235
4273
4075
746
290
2840
552
7477
6555
224
998
4081
15637
3225
5872
998
5537
11061
5100
714
907
3135
5785
2755
3607
6257
7093
2119
3511
6452
7687
528
1294
1199
1036
1568
1788
6913
2466
4079
1563
1824
1948
2060
1936
4035
5299
2135
939
74
2830
4806
10366
171
6514
1500
157
3768
7512
1110
2332
7379
2813
386
7001
3854
3925
500
167
2013
856
11
1039
496
3312
5185
822
1764
13750
