11
38
21
58
29
45
82
99
63
72
152
98
106
133
145
152
69
175
197
262
106
158
8
264
170
101
283
340
140
197
430
52
75
594
359
240
208
5
150
358
514
370
395
267
35
95
251
579
154
297
260
327
825
557
161
522
615
622
362
139
136
581
510
46
158
692
214
116
301
323
238
610
760
563
641
398
119
309
196
334
177
321
1050
18
915
345
38
429
13
209
208
950
99
719
457
351
112
26
948
82
254
439
513
458
294
695
259
1129
589
143
627
253
179
1225
323
1354
828
532
471
98
149
501
1347
367
907
416
343
301
1330
25
1274
269
1225
87
104
152
867
493
401
185
248
111
553
246
730
363
1301
137
1176
454
51
186
65
140
448
17
70
1765
253
89
159
516
480
2
753
622
271
126
1769
560
69
29
814
801
4
1947
363
164
65
341
48
1161
137
297
705
362
44
953
1835
922
284
171
693
187
383
602
602
207
129
260
339
1182
111
69
1558
471
679
618
304
74
117
335
140
240
311
225
944
309
636
188
1217
433
655
100
988
458
596
623
154
487
1734
193
299
708
1124
162
188
1217
219
82
2
567
123
1142
137
218
479
886
2450
211
661
187
303
720
73
246
819
720
648
346
628
78
3191
1065
215
166
442
1044
1502
86
481
127
1027
805
34
1040
197
1773
143
467
577
1398
66
389
1053
98
192
92
1263
384
621
351
52
582
1631
1606
478
593
264
84
1208
169
348
252
80
7
308
176
1690
573
1349
263
434
121
179
56
1346
366
316
284
934
1474
1179
279
592
23
419
91
258
301
116
40
309
261
1227
1249
824
605
396
498
709
1884
212
288
698
530
68
18
718
115
48
279
343
700
38
151
1640
288
579
976
270
686
496
203
1044
440
285
581
750
705
424
220
80
229
203
499
1576
224
536
324
34
8
2077
315
209
540
237
535
472
247
40
450
999
326
461
268
546
968
751
56
1628
42
1039
574
1344
329
33
427
91
115
892
703
53
394
118
196
277
2
497
101
429
356
280
655
116
289
409
12
254
51
20
339
907
576
423
508
12
467
1031
180
124
125
54
522
629
392
672
504
301
11
171
229
565
1515
232
652
110
1593
712
379
47
218
86
375
1548
407
317
107
23
173
377
42
579
60
2383
730
486
318
13
719
44
75
60
116
826
81
93
2248
119
144
514
232
306
423
76
398
197
593
834
262
280
224
835
329
818
332
33
182
119
739
44
634
1504
190
91
113
33
281
665
161
508
96
1467
617
993
135
84
1361
374
18
198
275
354
2242
95
217
294
275
344
199
148
391
811
325
182
850
492
359
922
301
680
819
315
579
95
596
322
113
380
307
574
1199
1005
187
399
142
83
826
322
485
1789
168
1192
369
201
1313
8
278
37
341
1090
259
788
28
66
128
185
89
261
59
694
312
144
465
432
1386
397
44
173
118
601
598
249
137
130
47
779
264
528
21
232
221
134
95
308
598
579
2362
237
261
589
817
490
1142
38
74
95
66
778
27
153
96
567
384
1921
165
310
1062
815
185
942
3152
261
56
111
37
229
276
217
306
248
302
166
133
1057
120
408
108
437
1575
379
556
67
237
207
285
291
473
142
8
21
331
650
528
4
2489
117
814
143
137
123
850
290
120
64
28
192
552
140
333
922
26
396
4
626
1062
457
21
11
506
307
1427
945
301
1134
716
576
619
888
449
175
137
188
404
1153
866
333
141
247
190
998
202
692
62
516
1324
45
1571
17
441
1163
222
1135
224
19
1210
633
801
287
123
368
981
287
109
1026
841
794
903
401
94
516
1804
999
177
300
1116
8
127
384
173
485
2115
1604
977
627
225
1172
231
1204
546
118
99
61
1136
40
1093
1731
427
718
99
102
537
807
758
948
930
224
74
29
645
73
71
208
875
226
265
853
27
11
482
447
334
557
79
18
47
58
219
2005
477
993
331
444
22
204
243
102
608
10
14
647
174
411
970
134
1286
189
238
394
636
797
61
25
1027
52
180
253
224
204
946
500
408
612
362
106
443
1477
365
473
142
515
1211
504
138
139
265
211
835
14
930
840
807
105
317
779
24
42
39
1310
74
40
52
1167
425
63
1241
281
947
1514
1077
357
77
649
753
87
139
262
1054
816
3
471
598
164
362
78
570
289
96
280
68
54
263
104
636
163
445
21
770
694
1008
566
410
1071
647
43
204
608
369
632
787
948
317
1717
290
48
103
1698
259
14
828
591
143
664
32
53
438
31
59
725
187
665
388
715
286
677
49
306
733
943
106
20
1609
605
153
451
955
64
1091
187
556
341
1626
156
607
631
1031
286
170
352
418
1156
1182
50
26
150
261
1118
630
391
215
596
863
555
164
233
1049
143
95
31
149
47
1222
411
527
58
871
141
136
308
245
230
590
432
902
178
467
130
292
229
19
219
26
392
523
1075
393
1207
94
1103
151
19
505
351
340
183
755
749
1404
911
532
1171
2943
1658
210
125
613
1021
440
1575
499
1506
914
211
241
1502
319
605
248
894
390
695
136
119
50
650
562
251
607
739
966
606
736
754
828
2069
582
364
677
228
12
210
1211
172
230
1534
218
130
1119
93
762
55
855
584
40
282
702
325
298
184
9
130
102
49
312
389
660
733
154
1616
322
217
71
86
420
703
670
170
286
1704
920
444
702
1269
26
1476
274
731
216
178
563
423
576
463
27
348
581
617
432
129
118
1909
102
363
760
733
143
861
1751
25
996
433
151
796
401
642
320
428
69
407
71
1172
334
156
47
279
301
49
204
359
525
2837
593
93
413
224
118
175
204
1100
849
432
479
186
403
704
78
2368
73
295
107
338
231
146
660
256
933
861
180
657
123
65
745
969
585
309
342
138
855
154
269
655
478
60
357
4
540
215
1250
396
164
36
972
432
812
754
565
205
19
113
233
95
633
690
349
464
682
2103
243
2099
206
400
458
596
70
156
406
595
12
884
1040
593
308
360
493
2399
895
227
87
301
1428
722
553
100
11
154
46
323
1091
281
89
174
2535
97
446
353
97
188
597
2155
361
216
697
3353
227
614
546
625
320
1260
195
546
1145
2674
400
1676
307
76
135
377
1221
1104
229
486
367
165
341
1084
510
351
56
773
149
79
643
435
297
2465
876
190
340
129
77
133
262
142
744
55
663
477
3135
393
3
1040
325
567
275
242
94
474
161
209
142
862
327
928
177
24
1023
134
36
122
341
30
722
798
496
183
748
484
1188
782
157
115
327
632
1539
233
202
288
154
262
529
1230
965
828
208
509
303
643
167
1879
238
12
382
1007
822
1200
2355
574
1072
1044
454
556
50
1111
326
67
224
743
522
340
349
14
578
798
574
1193
142
339
252
3355
55
1249
292
45
119
196
806
721
776
251
302
225
100
17
594
244
228
85
977
178
1570
566
1241
289
107
598
507
2787
206
571
92
652
605
234
1751
474
270
247
647
246
77
605
394
40
22
62
425
136
21
750
718
443
94
584
31
197
1853
300
155
818
237
621
206
1256
125
30
310
26
157
263
63
176
717
29
643
895
1689
945
542
1277
754
1517
430
177
642
391
542
37
39
643
1361
1231
76
538
1733
1094
90
964
1443
888
3656
1062
17
108
352
1013
226
405
340
174
1713
71
485
19
1279
328
965
96
132
242
126
343
1259
62
493
814
70
242
713
62
175
23
501
237
941
216
710
505
46
109
89
1719
421
2049
303
888
376
110
164
1542
597
971
604
554
483
1478
168
2139
212
40
1094
257
1103
329
331
194
653
174
128
186
516
335
222
176
1403
702
143
257
198
1017
503
69
675
14
1338
293
227
270
71
446
2517
148
432
86
253
271
86
451
296
215
146
1414
187
878
921
1664
44
220
1166
540
186
1096
53
1314
384
258
211
342
1089
700
696
1097
96
182
458
1047
1199
1016
65
326
9
51
316
52
335
1088
1213
103
321
706
697
24
349
317
462
667
1790
446
422
352
301
395
152
254
511
246
2165
306
167
988
367
91
176
1229
1710
936
661
63
1206
909
1051
851
408
9
1233
791
428
191
1104
127
589
335
1255
466
326
93
303
148
544
19
1095
884
471
130
423
809
568
491
588
643
265
1096
132
619
739
203
78
562
33
1768
163
1427
37
188
271
72
1250
544
117
230
986
311
1303
6
1040
86
1899
346
91
740
731
272
156
57
290
421
111
196
732
183
90
227
333
397
671
163
492
967
416
228
1079
206
46
105
281
1257
114
402
240
603
712
344
104
411
825
25
532
261
791
404
1081
679
40
796
62
120
435
760
670
214
350
523
529
479
212
283
517
28
45
219
64
730
300
724
418
315
544
857
7
710
225
57
323
151
470
787
385
127
2051
783
162
64
80
487
418
436
177
1417
160
287
132
837
1763
1113
1525
126
1974
65
807
1063
635
420
718
1006
481
348
821
967
589
25
610
630
179
241
788
358
439
282
507
836
907
236
911
844
44
37
246
670
138
580
209
130
525
287
593
963
1053
43
1267
145
47
2002
160
67
441
106
454
440
552
680
1714
117
349
2070
109
17
278
972
331
28
511
748
449
345
522
92
587
625
41
162
705
683
436
182
235
369
849
606
41
564
393
170
238
1659
73
85
824
1138
189
191
792
492
62
696
179
564
665
252
630
1850
848
9
149
731
84
85
1229
253
1747
207
139
379
346
256
299
714
473
288
794
816
100
1485
46
1684
608
290
553
309
388
476
143
63
717
962
1273
2
392
155
796
692
271
850
238
85
884
46
283
487
214
101
184
188
308
294
645
1990
548
233
374
122
16
148
11
334
444
756
129
101
89
1516
470
1160
145
128
681
68
430
437
214
809
466
100
105
660
355
664
120
87
856
1524
235
545
707
397
495
1672
359
643
735
5
273
509
163
132
1126
919
279
272
165
316
996
28
1208
394
846
173
45
512
30
46
391
838
1790
349
71
618
550
540
477
299
1288
527
1431
176
48
67
815
672
369
18
1064
1730
913
349
260
171
242
287
14
151
45
322
28
1443
971
218
332
870
611
650
312
421
1023
12
219
1110
253
224
109
53
632
226
670
48
122
78
287
25
674
216
419
556
1553
1300
718
2260
987
119
690
190
416
1184
605
76
1066
1195
168
150
10
53
479
791
512
848
415
350
112
850
589
808
1117
390
225
251
96
94
290
72
595
82
265
122
176
471
69
10
177
471
811
605
234
2
1562
297
314
80
341
1144
321
1526
72
173
135
1332
40
507
438
36
494
558
512
956
109
437
39
1572
360
123
213
517
90
119
1697
276
583
1203
377
173
70
276
379
965
681
1817
401
509
596
80
460
875
108
657
331
5
1016
14
20
662
1082
150
274
76
281
105
593
128
329
1057
542
173
896
413
115
738
1511
606
912
24
104
277
257
88
685
130
343
375
352
205
116
32
1993
149
276
114
187
198
1231
161
1501
200
743
49
1026
137
441
412
222
1324
426
301
180
835
139
323
232
61
1375
305
285
1716
68
444
335
58
17
152
388
149
343
35
172
147
303
246
1160
228
400
119
12
236
381
192
65
23
66
538
157
518
879
692
595
254
437
1380
692
628
442
498
763
326
298
620
1324
728
463
88
1007
66
377
1375
47
1217
161
212
162
88
87
551
434
510
795
1679
118
382
235
291
318
117
204
1281
96
412
1230
47
310
196
75
1685
653
393
1199
611
1395
252
254
273
152
694
387
168
374
600
2
169
367
507
63
1191
201
454
22
1061
313
339
1081
563
9
80
341
358
38
244
745
810
70
288
121
227
1961
33
1173
395
1617
78
93
683
397
302
105
867
541
40
106
550
1577
37
380
1041
475
567
102
1445
172
439
593
243
1399
412
294
306
225
11
382
7
2025
38
83
84
734
378
102
4
590
1240
139
52
1204
73
1455
638
38
198
81
10
350
943
85
85
394
613
157
1299
596
174
678
297
393
559
758
87
1444
57
1325
76
725
261
113
1010
1209
1554
1908
815
181
92
199
302
294
209
85
211
142
1124
94
92
552
135
222
159
100
114
459
227
266
359
216
356
150
807
870
197
82
265
20
824
22
768
50
90
1009
361
844
315
43
29
276
911
166
1542
534
192
566
118
95
232
399
503
454
371
400
1207
232
70
156
190
1290
214
34
256
326
370
252
716
108
446
708
1309
1041
867
893
406
416
1015
761
151
435
216
942
186
308
774
68
490
110
1416
1925
1924
169
316
70
174
192
1731
270
102
1173
48
543
589
670
281
203
130
687
267
480
271
700
207
37
485
215
901
764
7
1564
496
44
2089
140
198
191
862
204
199
600
23
246
112
123
337
17
1560
364
585
7
248
1728
664
90
121
613
269
361
702
326
355
309
1839
85
139
1906
102
168
246
255
66
77
242
122
91
72
597
150
927
158
180
1969
574
251
407
237
343
568
553
449
625
89
482
21
176
1454
50
50
865
402
374
482
16
378
1280
218
574
260
100
1312
561
624
32
150
225
891
176
223
2063
138
22
1226
3438
493
353
222
1245
610
499
140
398
335
1034
110
660
1033
1223
39
406
533
953
36
339
1027
244
412
306
1320
566
964
33
54
217
1034
2
330
223
809
93
140
704
159
82
987
838
173
644
841
36
40
215
209
180
119
109
356
1081
215
16
566
575
104
52
371
321
2279
282
183
1361
456
694
1539
390
755
111
69
95
180
727
87
589
153
1223
203
46
205
189
63
993
205
435
103
118
560
283
395
503
300
319
643
755
319
195
276
182
8
52
160
144
183
1279
485
1796
71
622
431
660
880
828
322
420
198
289
829
325
164
981
829
414
632
1168
395
433
2223
12
107
312
355
115
875
153
958
307
111
512
1527
211
729
102
1090
195
723
258
434
219
1183
626
223
1019
160
153
117
1002
803
203
371
1611
365
1585
539
847
145
203
50
2
329
102
456
6
911
38
257
140
187
99
363
1414
896
1313
6
225
632
374
91
542
187
39
315
520
267
553
506
1544
39
91
1398
942
138
365
632
495
323
218
735
626
652
246
273
371
347
306
434
292
313
467
754
9
246
201
1410
300
158
154
1414
20
92
855
2304
1134
81
525
152
98
654
24
392
1286
228
456
256
1296
155
867
763
55
186
172
996
627
431
388
16
243
838
1012
72
1084
354
83
248
2030
525
266
115
456
232
445
1058
1295
128
1120
373
148
313
892
77
78
102
375
180
1752
1472
291
775
261
315
357
79
816
212
1439
835
240
191
89
107
352
712
80
1128
1966
16
702
90
73
347
1423
101
296
267
263
479
19
476
341
318
96
5
623
34
745
593
45
318
162
1310
248
1111
344
210
169
1017
291
350
806
132
4351
53
1056
21
1024
418
288
138
511
737
204
556
771
759
674
203
729
1318
3
509
911
519
56
1258
525
3396
509
545
96
853
40
251
254
122
151
152
328
385
450
971
2
752
200
55
167
1536
32
154
108
1351
72
466
101
60
220
126
1727
1327
997
58
569
881
237
516
324
203
223
1301
1074
9
257
36
662
354
39
208
323
148
44
98
10
302
170
661
150
127
307
290
510
274
548
140
305
210
143
106
858
49
329
577
125
252
497
354
357
54
37
555
132
91
293
79
523
1532
790
821
465
1520
235
72
102
20
30
36
2379
88
392
83
835
24
1648
998
1897
204
853
56
540
1224
454
668
361
201
171
484
24
224
353
832
164
317
2
877
211
472
1139
1216
101
453
566
169
433
179
3447
667
289
499
348
662
61
118
354
464
307
1216
429
20
383
482
388
1467
92
58
414
2762
490
688
683
11
51
853
1058
939
43
851
293
166
75
61
306
117
888
449
778
66
198
1015
150
235
999
198
174
482
194
317
290
1229
203
597
758
347
1008
1052
522
975
8
110
128
331
45
659
201
1180
274
329
338
508
28
1416
1892
244
41
306
375
358
2504
191
123
502
917
203
1472
1071
151
257
434
246
427
37
2
629
1227
516
137
2193
675
388
169
366
151
83
6
1572
1495
378
346
733
478
72
279
578
184
423
200
172
206
260
33
450
166
102
70
269
1726
121
1823
24
77
575
13
73
749
601
1439
476
1420
1067
47
311
523
650
93
30
81
1405
213
85
115
434
208
282
716
485
397
794
508
189
1883
89
11
60
491
34
193
673
371
988
265
171
92
908
234
281
212
2137
930
929
176
1169
211
437
36
2136
415
64
757
529
107
629
444
287
313
97
1170
4
409
384
148
1070
269
370
552
228
1022
212
311
253
300
153
927
1193
694
234
202
323
299
319
62
170
1043
1230
300
316
411
199
754
146
724
452
766
339
33
248
892
89
1494
283
210
687
185
2053
82
1098
299
204
1126
266
716
112
118
381
140
393
533
146
86
11
45
110
25
5
1759
260
172
193
1118
14
170
604
839
236
291
72
717
364
196
45
118
42
260
247
454
543
465
154
437
45
400
300
910
317
2147
595
66
84
240
104
1254
171
4
227
563
1406
189
35
217
713
237
1257
1227
7
44
2029
187
428
62
23
73
242
766
39
1028
170
890
292
120
1217
2463
520
152
651
115
338
138
348
16
637
213
129
552
2109
26
83
894
253
37
154
823
1310
46
119
331
1868
72
218
214
262
68
534
430
78
2640
150
375
69
179
764
1218
57
38
239
338
89
130
399
22
71
128
1648
191
386
485
303
124
132
313
221
259
528
1554
117
656
1330
35
556
784
880
934
688
702
1766
1813
6
252
164
275
690
1460
780
714
119
73
44
205
322
471
1274
1452
124
227
899
24
149
1273
76
195
801
1062
905
196
104
119
76
1634
308
29
129
1229
72
604
603
408
106
879
576
1153
350
37
97
628
761
935
474
880
35
1333
361
232
599
40
334
175
171
631
542
173
220
1576
247
527
46
188
2496
399
568
96
83
457
1829
177
135
211
144
1380
300
25
226
756
381
438
1008
665
872
503
314
51
1267
2305
492
324
371
229
57
1204
355
190
162
546
138
133
354
168
419
1603
165
885
475
226
268
36
179
2673
483
113
954
953
966
358
2093
1305
743
201
663
54
767
117
464
243
318
319
524
23
110
345
40
78
1986
107
950
240
698
1502
607
248
1189
103
65
255
94
263
46
366
1357
426
300
354
2692
131
891
77
266
88
11
342
716
992
25
201
168
1177
334
1137
178
132
557
118
370
517
758
1474
445
183
173
2387
867
315
210
81
1260
1062
244
1047
55
982
944
1176
221
452
365
175
139
775
600
1575
284
413
30
86
369
399
1023
1138
1144
468
718
122
39
366
286
33
120
295
461
196
138
539
243
403
101
89
104
356
713
381
98
725
501
2033
868
198
3
393
394
208
1297
518
218
103
235
573
84
225
716
1416
631
315
222
491
161
251
538
703
266
861
403
620
901
468
367
112
177
74
199
420
520
226
849
980
1695
203
163
433
178
113
284
1211
194
314
88
133
474
391
92
337
236
86
1277
163
68
79
119
420
414
208
865
319
91
502
74
165
75
482
1411
47
68
261
1565
1347
504
1049
269
226
732
147
390
455
584
260
825
333
212
581
399
304
295
157
446
638
350
302
301
40
546
270
934
287
438
551
1305
464
280
254
1200
208
235
708
832
318
741
753
6
44
77
372
83
241
686
104
1515
348
95
435
26
800
14
395
265
353
748
218
295
626
1001
904
340
114
599
422
651
521
1005
248
616
78
51
172
1051
291
81
1865
43
85
413
824
227
189
327
333
17
29
126
129
436
374
523
301
729
12
1496
62
122
946
1451
824
275
9
861
1502
190
647
455
488
192
459
1759
12
262
524
387
385
7
520
158
743
253
69
1662
668
66
189
1136
1591
57
65
863
220
47
346
450
1053
808
1062
252
545
154
1025
392
1342
1204
1243
293
26
794
250
522
905
117
231
353
80
406
257
284
882
295
379
763
68
850
445
840
8
145
51
398
506
156
1440
1361
9
451
308
333
656
789
449
317
127
1056
1445
627
125
992
68
401
115
879
115
393
132
342
290
1792
846
60
1187
1101
18
1711
49
163
369
185
131
789
128
471
3038
380
215
758
136
286
205
286
971
15
90
1516
305
788
909
534
891
704
1428
612
541
364
50
239
518
183
319
505
213
324
1162
254
233
920
138
165
332
194
207
324
583
1715
1366
134
18
419
478
38
397
536
33
520
173
126
103
239
223
357
144
475
1043
977
131
322
179
1315
1196
62
202
726
1291
135
63
519
6
821
64
446
157
1306
652
84
112
40
315
1303
1007
323
28
381
417
347
132
112
388
848
2337
597
208
145
776
772
1289
264
27
471
1143
913
89
543
172
240
810
693
451
205
281
963
190
674
404
313
198
131
2270
191
560
78
70
3
256
54
547
38
58
41
505
3
136
1176
303
254
972
866
608
272
615
489
279
156
44
599
391
763
110
1010
771
843
527
332
2347
38
386
675
149
587
201
239
27
268
649
370
618
59
210
453
351
558
481
717
1005
7
252
118
672
854
1847
507
235
200
50
2579
163
275
278
247
915
475
268
985
407
670
330
210
417
90
38
120
1341
197
41
206
5
29
136
284
409
372
1633
20
256
163
2110
27
358
75
170
233
1823
477
317
852
128
1093
226
158
197
113
369
80
494
1252
29
145
320
74
137
59
772
1592
700
97
616
668
88
61
2
181
467
73
1203
1188
1121
389
110
1120
1028
475
572
422
132
571
146
221
816
129
179
511
135
549
1293
208
89
819
945
321
285
96
35
784
2
474
976
284
181
268
322
869
2
410
345
369
354
292
106
65
1367
433
55
33
78
192
228
111
1831
48
1927
114
481
271
838
470
746
907
780
630
983
1258
332
131
252
939
1053
1981
1180
425
700
201
26
153
3880
685
1121
905
46
386
809
585
147
539
1562
586
220
1880
43
38
116
285
657
336
147
779
52
253
776
757
984
3
37
571
1416
2635
172
1102
17
719
361
441
1070
581
839
657
1606
482
344
364
734
183
110
302
1390
179
218
1240
200
1256
2051
114
153
571
213
350
1310
1213
611
1709
466
270
35
675
397
246
455
604
28
287
116
101
55
14
304
468
1550
12
267
973
285
69
645
213
88
129
739
198
956
1442
176
303
89
275
578
229
301
40
72
625
9
746
30
359
717
708
30
233
1151
1742
225
231
756
128
109
113
116
133
1032
828
10
886
154
609
117
100
1711
204
141
17
611
79
565
575
455
1600
970
809
82
377
277
122
569
619
1547
29
510
392
116
1292
818
89
463
213
246
72
370
258
1921
860
115
124
286
212
78
703
701
657
606
242
456
44
154
207
656
234
449
444
271
457
422
771
811
270
784
138
400
935
106
579
344
392
740
848
402
422
305
1085
85
248
88
281
1125
315
237
2605
139
767
435
85
187
56
1294
62
1045
457
67
386
1171
377
140
58
462
109
570
570
227
348
79
77
362
320
1082
60
170
460
480
2
418
302
678
235
943
437
427
1228
811
1209
16
239
702
4
224
448
73
178
19
602
922
420
2352
1618
906
473
554
342
115
1418
181
421
1320
493
86
395
508
54
125
38
115
83
620
3
163
714
45
49
1863
65
472
122
2590
1996
61
539
118
481
8
25
191
229
428
11
152
245
1096
8
86
72
1339
987
133
293
328
37
1662
1036
45
766
516
247
399
1257
217
968
261
825
179
414
46
346
176
560
328
316
235
121
122
1532
122
238
280
633
272
270
1318
181
491
873
230
6
323
89
214
354
584
152
647
439
401
127
811
94
114
198
1337
685
132
654
11
190
747
182
958
618
73
133
121
1749
98
19
989
911
887
39
106
326
37
282
334
150
2368
104
176
314
935
47
160
1949
965
125
846
150
1887
52
90
499
384
217
142
109
262
1656
885
58
156
1624
316
400
242
281
99
130
1382
186
506
310
732
806
1198
149
1086
759
1616
86
501
428
625
392
67
1042
694
663
801
266
50
50
152
821
82
189
32
516
178
75
908
560
356
698
1632
67
1133
317
421
298
557
182
1555
522
1013
295
663
764
565
519
1366
492
607
362
117
76
514
1208
71
529
138
1677
862
669
60
1371
274
349
81
57
360
228
533
252
197
1503
6
42
664
1528
418
13
944
150
487
671
328
686
48
495
621
48
1648
269
761
29
25
378
326
362
1584
354
1034
104
2973
876
32
1906
1230
113
298
446
1073
58
63
1137
269
818
224
400
885
164
378
52
552
888
290
802
27
1267
202
672
89
93
176
84
26
97
96
76
588
1081
2
376
811
448
644
549
964
1742
801
768
485
840
1637
145
1271
202
355
541
1234
248
246
1149
470
168
4
104
688
146
138
616
147
7
366
2
258
509
1003
165
2641
130
13
82
395
576
245
426
163
165
570
909
305
78
92
341
163
2286
326
50
106
189
38
40
93
224
523
1588
278
54
234
1013
337
170
169
891
178
266
312
551
768
730
1131
297
186
1078
200
1475
1434
364
64
20
11
89
1193
158
939
579
208
528
5234
100
732
684
1173
730
39
177
147
146
136
1080
884
819
48
330
384
328
279
992
97
386
1415
459
40
747
37
204
336
747
92
504
306
201
1026
1244
326
316
1122
750
518
1609
741
862
108
480
349
44
514
1075
334
448
699
294
313
180
15
164
1348
195
383
1166
402
3
1128
438
1049
41
98
372
70
777
320
512
85
1236
330
893
68
320
722
521
788
302
288
131
145
431
550
771
339
1083
286
457
207
1320
823
276
1249
320
400
186
205
281
241
24
125
391
94
170
672
1634
274
981
195
175
495
1142
380
569
277
590
1159
260
264
2
149
518
49
927
1224
261
284
601
197
107
105
1030
1366
143
355
356
212
94
215
232
1375
143
43
65
682
2569
29
138
28
86
10
447
280
28
243
267
845
326
324
17
386
187
893
108
3077
737
322
213
271
634
241
370
311
2299
638
603
757
115
573
303
87
1239
734
162
146
451
931
3350
511
368
198
183
31
915
1031
436
378
472
483
1424
550
133
315
197
350
263
215
150
453
91
335
221
154
421
284
422
114
141
1472
969
277
492
943
157
316
150
580
1067
981
397
310
667
308
376
392
238
92
50
1055
313
19
687
228
267
160
1011
396
747
256
174
436
370
291
542
16
1594
873
218
432
686
1876
198
266
105
466
779
782
303
116
138
301
867
243
5
508
266
292
657
290
341
1501
242
407
275
219
132
221
38
247
1118
321
259
558
25
77
150
179
60
231
206
622
394
21
1232
103
2260
201
42
121
324
752
82
386
200
134
625
94
564
362
110
143
477
442
248
612
69
1172
601
1446
237
147
1041
110
257
169
240
550
301
146
252
1019
355
456
210
408
906
978
231
44
558
115
299
2463
741
160
123
243
399
815
1101
130
415
292
131
221
12
1200
44
343
512
1147
269
468
1209
582
47
328
266
2393
507
203
477
50
116
391
288
1134
656
16
533
213
132
159
433
745
1864
1363
300
53
251
575
231
252
535
264
34
490
674
228
30
586
251
73
202
481
718
2056
17
567
55
1664
420
947
712
748
1974
690
1729
416
844
125
482
1091
886
791
1078
678
233
478
523
69
119
435
151
934
77
10
131
115
58
75
912
146
31
728
541
539
296
268
126
570
595
463
228
490
151
902
877
1046
163
698
232
425
151
804
555
306
1447
267
755
1584
1064
280
243
277
1480
122
176
235
4
428
50
1194
176
271
935
91
144
2
495
272
507
1131
454
203
5
35
134
680
1253
62
28
110
94
404
418
819
270
248
187
675
474
50
273
741
11
129
659
787
295
493
81
554
205
1042
396
1112
206
664
2477
187
454
991
284
726
86
193
1164
387
195
58
9
110
1914
587
823
166
544
852
273
403
162
946
1384
391
207
124
169
341
60
72
827
40
273
514
156
501
219
297
248
637
85
2
522
52
1314
344
485
393
125
984
668
261
569
881
451
282
28
508
46
86
391
983
5
1039
10
733
121
202
176
88
80
75
161
240
229
321
393
73
486
247
525
703
493
584
160
449
190
895
899
1250
2849
782
870
568
974
261
2
477
161
728
75
63
1001
19
1419
104
424
217
25
104
284
46
699
343
8
592
1575
432
691
460
163
665
205
278
78
134
1107
225
212
151
1853
798
453
586
725
131
278
786
286
1029
42
97
883
743
441
814
478
1445
879
713
23
1320
579
928
250
66
637
308
65
479
184
239
98
133
32
1241
190
129
155
73
125
46
832
1364
939
25
863
228
640
890
108
903
349
234
776
1465
1439
295
57
163
1963
249
313
49
27
84
1499
471
340
206
104
137
110
138
101
143
531
615
181
757
177
1248
1969
178
1106
42
452
116
591
239
127
209
534
875
336
751
491
218
549
203
392
422
528
629
864
74
1248
59
622
171
450
23
2
75
235
275
1087
1569
722
3013
47
165
4189
72
111
39
1132
1624
557
607
922
88
337
42
195
45
146
698
543
560
233
369
552
148
655
354
398
276
344
1171
1014
2141
5
7
853
533
349
212
675
102
51
208
409
212
219
768
262
359
394
56
50
366
687
378
599
1049
485
182
253
1200
732
157
1386
179
639
1183
154
280
150
111
520
414
322
74
293
195
363
522
285
913
302
522
29
446
986
614
648
97
115
214
824
155
26
643
331
135
254
312
1913
472
83
226
317
215
352
1368
306
669
247
442
324
550
634
274
129
916
253
303
470
2130
849
416
1355
82
436
7
172
1127
2815
578
2200
1212
266
221
1064
367
324
592
444
258
243
462
1105
164
73
235
250
107
590
126
596
1007
184
135
1382
299
273
313
90
262
374
176
868
730
277
1053
255
544
135
1709
92
134
107
271
321
115
1205
231
473
226
665
1361
110
14
460
41
472
830
115
53
181
143
205
586
166
342
221
566
179
310
441
66
260
683
361
1227
429
854
390
104
238
712
239
985
1302
1594
134
29
25
63
129
17
1552
1114
431
339
492
678
612
368
116
98
501
174
2168
54
392
335
79
758
1376
467
130
784
269
74
558
826
33
103
418
769
444
789
9
5
412
106
911
26
289
2143
56
1217
175
435
1143
255
458
775
964
81
1321
61
53
195
418
945
15
337
329
451
1003
2427
231
304
252
1224
251
456
591
275
161
78
58
255
194
354
11
119
667
58
145
580
151
544
688
419
649
179
194
773
238
644
135
245
96
147
53
901
218
115
199
207
348
433
1722
382
115
700
311
668
1078
515
1401
153
68
1200
199
256
921
531
368
836
115
626
342
29
286
298
422
465
305
71
394
1056
74
269
272
1666
81
46
80
46
240
316
674
3
8
126
226
103
1707
479
550
16
152
640
72
870
127
902
980
46
109
390
302
100
3
311
1725
130
64
846
801
467
51
486
816
942
222
544
513
90
1046
418
78
270
1071
237
331
104
385
381
217
884
45
194
120
2062
463
499
733
135
534
274
142
455
402
231
2027
102
419
155
398
1436
549
148
49
1442
248
477
239
276
227
43
556
123
461
290
656
25
498
533
542
312
281
149
823
852
72
363
2141
473
1522
1316
14
704
142
44
752
564
737
309
154
74
483
789
1392
147
59
892
325
660
847
425
843
485
315
110
1096
705
363
14
529
191
25
18
248
218
401
4
24
53
1066
8
755
432
1722
1153
1191
400
943
4
1391
1402
1207
452
470
1595
749
334
455
734
1009
259
714
763
180
206
101
451
156
90
1498
141
470
503
125
1499
1699
241
273
864
2162
673
13
196
134
1092
1337
220
625
199
262
164
989
59
166
1397
92
288
596
131
9
816
282
778
863
1197
834
825
223
828
29
59
290
153
124
376
1611
356
26
62
12
73
16
148
438
1659
252
353
538
80
33
79
157
267
179
68
675
386
151
447
68
109
2
644
362
86
1556
270
619
853
451
240
1717
78
550
841
159
817
451
303
2008
1193
579
1051
391
213
1033
599
633
1878
19
825
230
451
529
55
566
1052
1036
305
1145
908
196
2340
227
62
363
640
587
31
235
1563
200
327
255
284
862
428
88
467
742
163
719
804
358
979
161
537
742
161
77
1669
243
503
1122
905
380
86
438
597
71
228
721
128
639
267
1291
605
28
1516
96
403
179
1313
159
1051
178
156
891
62
539
1052
332
365
556
791
323
52
391
347
294
487
367
187
161
394
438
706
258
1693
268
1189
203
305
683
929
147
818
404
226
221
201
2139
291
47
401
316
851
400
1699
267
31
211
375
311
489
572
406
123
267
594
503
169
363
246
497
234
151
762
219
39
79
1001
378
571
160
861
52
40
41
347
321
521
133
1716
618
631
910
72
620
905
207
136
114
108
538
186
75
203
436
630
446
211
515
200
187
2226
627
389
1747
1666
507
1238
187
805
1870
702
535
578
1015
625
425
1367
924
534
21
118
336
589
334
580
52
662
131
76
348
348
308
1192
125
2
161
517
400
270
430
990
218
348
521
271
137
34
822
636
263
168
48
1261
1213
1121
190
160
244
219
432
470
232
578
424
183
108
404
311
386
153
1772
759
644
246
173
592
524
796
176
42
520
16
128
463
453
5214
917
261
12
446
485
288
1943
868
219
710
210
316
1094
7
77
49
1269
140
2891
1281
95
180
524
375
108
362
668
190
159
201
486
443
837
270
704
727
205
466
198
868
825
713
7
507
489
850
422
215
578
578
813
433
409
987
437
840
297
773
78
604
124
518
305
34
139
480
100
211
35
746
949
260
1587
173
766
508
357
204
800
26
306
75
482
265
268
127
2718
34
1606
2277
147
1563
1149
55
441
285
700
354
687
1239
558
462
330
509
335
255
284
164
199
73
824
225
136
256
2030
156
621
223
266
522
524
314
250
392
165
968
149
416
80
292
5
35
400
619
309
599
1418
1399
19
140
26
389
1487
466
633
575
181
474
348
8
552
1118
126
72
1074
75
23
278
2
168
308
66
109
71
538
314
1194
353
250
466
19
1251
27
1536
388
963
49
611
2837
561
349
701
13
18
500
1127
476
294
173
143
967
141
2211
776
153
429
282
156
247
26
426
69
1013
252
150
301
460
353
99
158
491
1286
96
726
818
78
225
5
995
670
2
358
399
545
105
1443
795
66
272
35
461
42
271
737
574
141
661
23
1024
424
173
933
755
61
1217
167
434
444
86
1286
771
47
120
274
35
1143
4
2426
153
221
186
1247
953
280
323
473
67
106
89
1863
120
2
310
23
610
675
454
92
554
945
551
593
66
76
735
465
199
537
164
499
207
850
762
987
366
240
1053
187
489
869
841
706
417
332
568
431
295
274
763
228
320
532
1022
354
126
83
196
1229
46
693
36
98
219
662
371
759
172
165
215
245
935
392
181
2
1196
2
826
859
395
538
1407
105
173
528
272
76
774
395
315
64
219
238
1022
170
116
234
297
26
445
336
2582
641
149
540
116
1592
1029
545
41
2
835
101
378
423
574
828
199
424
74
587
427
250
513
211
972
80
454
746
735
439
30
598
1398
286
7
647
217
351
254
185
759
240
3393
190
307
811
530
74
251
393
378
39
768
351
2328
706
291
316
169
793
419
650
489
1362
302
15
892
279
426
100
754
97
395
131
48
966
46
440
2116
267
175
15
941
608
152
250
468
307
122
843
294
139
112
474
839
265
148
211
414
180
1155
503
511
218
524
1180
1408
445
120
229
1777
1111
600
16
225
604
192
228
1629
87
243
133
222
2052
162
168
247
190
721
668
215
954
92
407
2
692
130
1171
99
145
100
431
829
2513
474
1089
644
827
1043
1170
578
61
514
172
204
327
17
254
1268
827
901
360
488
104
1849
2
316
837
321
956
1639
88
1070
1227
422
727
1472
1497
2357
411
2517
610
30
237
87
659
268
961
35
1122
167
319
497
383
1037
314
582
47
242
449
166
2784
1529
718
992
157
900
22
506
2257
37
371
271
1336
1823
1378
52
2
625
32
10
237
151
733
261
437
202
959
455
335
528
1396
178
1822
377
445
633
192
57
44
188
373
61
78
264
57
1507
433
470
80
864
866
278
64
482
493
152
500
989
119
170
722
37
228
694
360
980
776
55
1277
82
335
1044
109
759
1464
1894
77
392
387
1645
1686
549
1479
6
639
849
189
725
31
152
510
805
502
228
190
2914
574
364
77
731
772
272
219
181
512
1095
1819
354
108
161
330
1213
1514
115
387
296
620
527
464
369
62
210
309
515
1177
444
1415
374
755
641
45
5
21
99
207
638
1048
373
226
14
11
71
127
444
67
201
651
13
1533
235
34
367
183
131
202
44
613
196
1758
242
850
225
331
1438
190
206
523
644
187
378
321
241
167
9
1467
1879
143
305
95
746
278
241
341
1211
192
35
91
498
511
434
174
357
437
1023
772
43
370
235
655
7
163
208
431
401
530
347
228
523
1639
159
306
1021
132
192
409
617
837
573
297
575
155
1585
295
22
319
426
330
785
91
286
368
54
71
1147
1510
55
334
60
528
27
1066
187
414
1653
507
324
144
348
167
229
157
1066
170
971
151
859
411
1590
774
321
756
129
268
129
409
795
117
873
236
340
534
458
7
108
591
387
1077
79
129
298
110
1090
1975
305
72
23
355
897
1954
429
1166
235
516
116
258
214
396
1282
613
407
256
406
182
1106
325
46
467
511
132
158
636
1506
375
461
233
1330
138
149
253
913
179
24
37
573
57
639
44
20
352
2359
456
409
40
233
374
268
20
109
423
217
441
119
1779
454
514
199
1094
173
457
253
222
594
82
189
934
278
208
239
248
639
252
503
575
864
546
1514
724
518
818
871
645
415
366
390
922
563
1081
170
1324
743
149
290
464
1642
505
186
760
260
129
464
145
680
1069
20
197
426
586
96
68
337
933
309
30
275
697
463
533
80
62
126
289
717
469
547
279
83
429
570
65
1404
125
293
1168
199
76
117
4
768
80
478
463
157
936
157
703
764
573
205
430
363
247
111
503
699
1401
491
331
13
517
999
293
81
167
203
158
2401
260
305
675
301
800
866
16
43
74
33
196
1104
390
193
97
1555
312
372
307
315
565
1192
96
1956
991
184
183
983
2133
1047
293
493
237
279
30
599
584
173
1789
790
44
641
367
107
391
86
427
1066
435
960
138
197
421
290
320
546
393
60
812
506
244
168
2048
951
3
95
234
183
244
1729
137
69
539
607
24
545
72
1905
624
471
215
621
38
193
28
440
285
36
75
167
538
429
881
2
140
267
531
80
553
17
205
658
1771
324
44
335
309
573
255
677
376
1913
158
328
841
353
148
1353
745
133
1245
1273
562
52
122
175
227
283
62
499
1100
1011
1888
190
526
222
49
68
103
288
150
49
433
144
761
160
39
684
1302
513
130
1118
732
1165
339
239
29
1055
9
68
166
84
257
863
70
366
91
589
366
230
53
168
601
1482
720
298
2346
243
26
60
651
372
846
616
694
1084
160
221
210
54
509
36
10
141
501
69
733
1087
306
121
923
399
237
394
304
184
1003
17
414
382
672
42
335
1017
108
413
166
1319
203
1590
2132
278
334
1646
667
889
941
222
1268
696
737
249
2496
1217
103
631
181
186
615
428
1867
43
428
160
207
850
29
996
1283
1927
646
6
400
1653
80
205
328
89
565
7
386
264
535
122
139
766
156
523
558
70
4
20
2111
1832
110
112
692
593
687
273
860
260
471
567
400
614
411
400
441
173
189
71
1170
360
171
1787
15
1243
53
201
5
69
25
51
286
46
184
119
897
299
1099
210
147
143
687
556
195
1730
377
430
887
15
864
864
411
393
159
798
177
668
271
193
350
106
299
671
887
271
79
647
726
293
500
275
483
137
47
284
327
36
19
477
766
247
1151
355
122
161
563
1063
185
28
1052
619
2615
732
231
387
231
1222
697
379
63
1562
298
354
395
582
775
1576
155
691
187
1365
95
11
425
118
347
71
973
1617
606
473
45
483
185
108
489
266
241
511
148
202
171
845
451
166
152
794
701
684
26
198
741
1167
72
175
20
110
102
560
84
210
2083
471
472
56
152
56
632
630
116
343
460
687
115
264
513
230
222
529
75
66
284
473
1446
167
60
1021
272
1029
352
205
396
513
952
329
1811
40
1149
627
1089
564
110
566
88
158
763
227
798
144
1328
157
96
347
426
270
702
20
31
56
989
573
107
52
307
57
703
2116
762
884
501
103
181
14
637
345
2
239
287
161
729
612
378
465
28
58
57
312
134
526
458
36
699
278
100
334
693
236
741
55
87
346
1190
248
984
274
32
726
33
482
362
1018
223
1292
133
13
731
266
84
86
381
76
2581
1578
53
449
466
447
28
593
1182
290
1061
1837
59
668
392
347
441
476
77
80
868
693
106
61
250
414
77
252
420
134
106
883
185
376
538
185
291
174
838
496
596
276
318
469
262
435
315
140
585
353
1177
104
304
273
2199
270
235
864
330
1405
671
462
297
80
1253
168
1106
94
502
1389
1387
198
127
324
236
499
16
336
759
50
133
349
213
968
850
16
1563
947
285
2248
511
735
510
77
815
78
7
59
90
1527
1255
110
212
117
599
315
1870
767
337
396
354
249
79
550
650
517
474
255
168
553
117
978
547
326
45
675
132
956
7
1252
37
825
324
322
1008
125
1136
140
795
1208
272
82
403
9
45
790
521
536
575
257
714
17
316
31
230
101
210
207
79
211
502
595
651
46
266
402
618
100
311
437
1450
870
88
333
449
192
509
48
1096
97
961
1334
122
268
948
170
11
588
42
137
1743
110
39
379
1488
668
158
467
426
446
212
1397
103
388
367
2376
203
770
29
347
672
92
819
364
1001
1997
3234
895
2054
393
438
819
73
203
704
610
1082
375
2
738
91
154
1487
1404
414
804
383
817
77
383
255
445
18
43
551
269
880
952
28
70
832
1294
2373
297
95
65
277
146
1050
659
461
298
96
191
476
64
111
80
339
211
160
260
290
193
231
1919
401
336
28
352
523
192
673
298
1178
549
618
121
1835
59
1001
572
30
374
449
244
42
69
85
369
67
1662
218
115
1001
373
279
109
246
297
163
2053
2300
960
57
708
730
85
471
769
226
298
239
738
95
1525
661
426
303
4
902
1335
488
199
595
116
773
284
286
202
4
319
829
134
810
21
1162
2133
226
569
956
1079
732
951
131
381
93
87
738
375
367
101
264
458
780
232
716
27
234
177
399
476
510
107
900
505
178
324
354
199
70
403
29
105
552
324
2108
242
82
759
141
1261
41
822
376
904
719
307
41
89
383
1560
162
1689
22
1082
2
15
189
147
246
297
230
79
127
787
486
60
599
284
513
873
1047
98
288
367
254
7
147
213
341
406
481
62
129
464
356
395
82
123
597
113
122
1199
64
535
322
187
78
485
1556
1326
343
352
266
573
1088
576
1088
279
94
233
55
283
52
1527
305
1473
143
363
377
839
194
218
504
79
294
296
269
106
515
720
106
424
571
1925
43
621
1155
474
118
109
20
185
1109
111
330
150
378
61
335
35
83
137
1413
557
325
80
289
352
854
263
468
996
920
352
24
779
1529
1167
345
207
84
573
194
15
191
562
675
134
118
136
842
441
884
267
218
108
443
840
403
198
208
152
120
233
66
493
246
281
123
637
82
1957
212
291
57
102
683
225
446
129
1123
469
245
1278
1954
204
1992
798
595
868
91
308
982
135
283
1283
1091
194
574
560
43
24
12
36
457
381
308
202
152
1712
387
49
189
867
1315
589
160
1069
307
655
48
112
19
455
412
381
696
143
72
210
891
121
206
224
253
1406
139
12
46
50
384
84
1383
54
251
321
510
170
104
42
487
71
1143
64
584
782
609
208
401
28
447
190
911
28
1583
144
748
217
428
2027
136
99
263
47
149
570
380
504
614
228
479
293
318
177
51
850
368
48
90
185
31
824
1434
73
57
1275
973
154
446
279
189
265
70
174
100
421
209
94
443
56
245
61
1803
308
725
265
128
20
210
600
1757
1652
525
650
324
565
968
381
572
721
363
597
92
1951
4241
949
260
55
155
105
46
660
293
344
1080
485
108
106
139
402
457
367
403
243
38
273
102
100
39
1895
190
493
793
199
832
363
11
400
163
1110
195
1080
65
173
497
740
32
176
509
222
271
57
449
714
15
241
40
998
96
215
285
301
388
1145
438
55
1671
147
33
47
309
1207
30
699
475
296
374
931
445
353
1800
200
353
454
84
942
1456
23
673
384
196
59
927
602
343
587
1007
400
175
185
1045
3
558
147
861
903
567
1006
95
800
485
233
918
943
180
524
266
793
1152
1738
996
1419
325
1302
171
279
321
310
271
69
241
1858
1560
823
71
353
117
45
151
283
218
20
1442
253
107
620
311
214
29
75
46
57
2060
972
263
143
14
1039
490
93
1447
78
373
828
164
906
330
139
333
1881
149
1029
947
65
1537
377
169
452
483
446
382
211
457
90
195
522
603
1964
354
110
653
266
271
716
61
141
193
149
734
583
1022
135
214
296
607
53
109
874
198
1042
1094
736
276
329
319
462
458
1224
495
2
708
41
764
86
1210
122
169
83
871
1534
152
631
327
669
565
98
1283
119
136
316
888
1161
157
475
221
54
200
340
79
1362
107
1240
229
860
321
709
452
643
874
226
1100
373
388
252
210
197
346
217
600
857
397
1013
13
262
1252
667
3297
2274
956
1829
314
1029
133
950
87
377
215
133
195
167
70
2849
204
382
182
32
252
14
356
1296
988
442
951
287
437
19
588
233
75
250
834
144
44
583
528
687
37
310
312
754
456
307
6
160
362
171
1461
205
1710
121
748
964
289
158
1112
102
184
687
648
485
1128
1473
21
727
166
303
400
1018
79
215
309
538
151
9
66
527
275
280
92
32
56
1852
366
55
91
115
310
115
765
556
402
135
389
399
258
276
16
1402
617
905
768
512
992
312
373
471
33
463
747
326
65
456
347
138
29
729
898
708
88
10
452
179
64
1276
1487
179
386
16
506
74
7
454
1240
607
398
873
374
151
314
120
16
88
165
1281
742
176
354
519
859
1219
357
744
745
582
135
156
589
1004
174
487
1112
554
604
1326
155
281
619
131
61
275
12
61
545
703
368
399
33
762
247
210
970
640
15
242
715
136
23
197
76
600
29
1345
34
29
704
887
71
21
408
1405
55
89
61
384
176
1394
241
261
488
213
81
119
2
94
216
422
126
241
2868
668
321
1191
22
318
740
81
727
544
165
615
384
701
268
322
3013
207
784
108
1498
613
188
38
728
565
117
328
334
1285
19
444
525
1054
33
716
167
933
301
265
58
430
575
109
574
442
89
761
1042
935
263
1257
62
2044
799
2768
554
225
22
360
196
85
111
662
257
46
912
1491
96
242
282
784
125
70
1877
274
111
373
618
2
1315
567
941
468
235
305
312
184
791
1310
1116
688
233
105
276
171
65
371
119
34
1339
460
432
110
163
1169
706
308
280
482
40
781
415
959
434
809
13
222
201
3
184
30
917
492
690
1313
23
211
961
1494
109
105
770
651
659
138
784
195
350
185
885
601
44
1159
194
7
241
747
433
1407
681
445
521
738
2101
387
61
202
592
1757
14
1370
2339
112
618
1945
30
131
52
59
1033
720
186
228
1322
146
204
239
151
242
310
768
101
133
2277
183
78
101
1483
809
975
1325
259
121
351
64
1612
622
104
1168
363
282
109
693
133
1354
280
95
1830
405
1182
767
1202
594
1020
1736
253
265
1258
320
216
706
89
84
528
176
1102
353
467
66
166
40
199
392
289
1090
2044
49
786
892
187
257
96
355
805
168
484
411
83
52
126
333
2681
320
1300
369
520
709
164
634
88
841
14
272
638
41
51
453
989
199
1061
1104
1780
1146
1010
1008
73
128
149
392
420
51
337
240
471
602
1109
210
749
208
66
59
363
363
517
514
1081
439
314
613
283
212
265
547
75
411
363
416
180
77
873
87
718
233
372
144
441
640
154
289
137
338
310
277
790
166
56
418
571
160
1330
61
174
781
229
134
108
932
629
956
300
266
435
303
877
501
550
956
615
153
92
419
48
142
1030
10
728
264
50
654
799
29
665
56
293
115
1310
134
439
332
460
839
273
66
294
111
338
43
