334
435
494
521
1193
1661
1231
4178
2936
4339
4526
4637
4714
6034
5905
6242
6509
6906
6665
7887
7276
1420
1276
5590
1093
9193
8953
9126
1449
1118
1931
12310
2426
8710
4741
500
6230
6406
445
2717
8023
11370
1307
9181
1156
12722
11372
408
17564
3887
14737
6218
15591
6178
3207
1249
1227
17374
7302
12473
17877
17960
4143
18534
18477
9258
9757
4743
6324
19414
8414
19578
3964
8460
1750
6003
4429
10951
1884
5549
20496
1133
1400
618
4124
5581
2008
2719
3973
14739
3582
5114
22202
8536
3631
3035
24040
1101
2052
24951
2802
3827
3315
26306
250
20343
7858
1398
6836
11700
6605
6116
11536
8464
9105
9564
852
19350
12200
18197
6140
7843
12234
32801
34349
2324
4867
4627
11100
15321
8870
10393
3077
4409
2864
37457
16874
20139
3217
6364
19636
4173
19093
8328
45566
5795
6479
1563
4955
10507
6522
381
35511
129
26066
4639
21575
33090
23814
22056
958
2447
460
43217
2950
1947
31257
2018
28100
104
11809
9263
15613
4855
21477
40863
322
12459
6262
1954
11171
10746
6120
17450
11661
5872
1525
5070
513
6157
25697
6547
7229
5025
19900
6504
4988
31131
9228
18502
1488
3807
9967
7968
1487
3167
30104
9054
38671
2685
5078
16596
11134
20506
1815
8405
2019
18852
19032
21393
25007
4742
21723
22788
13262
4313
23519
2004
100
21352
6994
30005
8006
11271
20469
5136
14834
16811
19437
27341
7432
12530
5766
1077
1654
15466
1254
12998
14463
28616
2418
1791
3184
32593
6225
73043
515
4622
13098
6728
1813
15530
24090
4025
35796
9518
141
879
28343
11464
41288
4423
10062
30191
19533
32714
6281
332
8027
3634
22559
12485
64867
51094
7250
12480
4348
4753
24874
4439
9845
7809
7423
1702
2266
13784
15000
29928
433
12766
15968
10375
4012
21090
14172
245
25912
309
11268
18145
16525
6697
6724
4674
10840
6631
39376
3727
18063
10927
3786
11558
3346
38005
4773
20
4783
5259
1051
8848
2919
50
11972
24444
14906
25548
3285
2912
13777
7381
5678
34762
2344
298
20148
1721
6901
15682
50556
44001
10871
2997
4411
142
23325
27748
5937
11251
15743
3156
843
27561
1334
6573
14435
2674
31856
2060
2597
15373
2470
4529
637
17238
4791
6539
5023
831
5417
2811
19868
13594
6291
1223
7183
2755
6134
1067
3000
2285
7331
16597
223
686
13905
8381
9327
18887
16192
15764
19269
2948
1727
306
205
15936
939
2498
54249
1428
2513
6914
95779
7826
10317
3146
29406
10795
9150
9352
1764
21897
1669
7132
8616
8368
2813
21382
3091
11661
27755
4057
63260
7972
1538
75230
2229
316
210
13171
13831
1808
23951
43348
27384
31244
8820
10795
1658
16648
4344
11489
13445
9292
6563
10099
2383
1537
10730
2029
12845
11983
8510
42677
13318
19025
7554
438
1228
4435
46051
9081
6060
20130
8702
20393
1038
3827
2779
1654
4270
36790
60856
2193
1471
317
10939
782
9354
1579
4850
3756
2059
39299
2594
3023
8354
3939
1593
18809
3338
14291
10607
3333
27613
944
18323
12372
60854
5732
19071
1217
10927
8396
19666
6193
16003
2270
42572
21662
40163
49883
6994
33860
4093
7568
14679
15780
7076
5166
6319
2468
5816
19288
22208
6807
2320
2347
7916
6159
5658
16213
22545
2503
2621
8782
6222
11878
20449
15334
1869
18918
4016
9346
434
4007
9064
3860
15564
4993
6891
21855
9183
8387
803
849
9961
343
2168
5820
6161
2487
12931
14501
31644
2404
7794
14569
14004
2716
3369
1497
1438
21901
5430
14863
13729
4055
3934
772
2296
4692
1850
21520
501
7455
7763
3014
8179
16951
20446
10670
19470
417
1401
10612
2924
19742
9892
19581
12382
2579
13059
12384
17425
20600
6122
2290
12559
5019
2000
579
26411
3058
1676
10128
206
12246
31280
5442
9081
19021
8992
15138
7308
13311
30671
1180
277
2924
3784
39077
8133
7593
56452
5391
2183
31117
20567
4159
433
199
13264
5934
33424
5655
2632
8893
3737
14623
25177
10219
2993
18829
4260
1455
7197
22661
8944
10526
10694
292
36418
5351
35116
2489
15848
156
7960
54361
2423
7194
6027
2912
11586
6893
3886
29401
2099
92
4683
2383
5540
3481
19345
4590
5474
9994
12534
25633
5160
34096
19136
26251
4957
8099
8507
2165
66381
14891
16564
40705
9438
505
2101
13338
9544
9218
13003
2969
3585
330
66299
8144
6096
4516
14738
23858
3290
4938
22989
40913
14202
5422
700
6615
12157
4404
1026
7411
23415
17707
17747
12856
7424
9506
5432
23981
3060
15779
18565
13076
771
23924
919
16403
11676
11492
25877
29007
10325
36751
3003
5604
11264
8709
5538
3517
7609
26152
9904
25374
5177
353
4152
17982
3183
467
15449
9035
8333
5132
9432
1207
17973
22102
469
19439
11999
10360
4446
29692
1008
4255
10277
6801
26034
1417
4336
27788
5020
16975
50159
6218
2419
2967
10455
219
16109
2010
4584
25915
40559
833
11851
793
7685
18340
56544
3998
1882
5788
10184
6026
11007
170
8423
35070
7910
41063
1338
373
8360
25390
7266
938
22663
2237
4394
5653
18780
4158
26817
275
14743
6113
33137
7192
16106
2751
21614
4027
7311
2801
4917
22618
22174
135
7732
39359
7488
2371
3433
6531
9474
27895
22383
19039
199
13346
4407
13921
13299
1997
19469
20485
197
1066
6496
4700
22330
19370
3403
2269
22215
6303
11354
27690
1856
13409
4544
20989
26025
7430
377
1406
7484
63
7659
314
7136
1822
21149
2796
3779
16967
721
19225
11545
3884
1022
1601
19672
1808
2175
19797
25021
6605
2254
34924
15439
6033
30343
11133
37642
10302
6736
1935
25933
5230
677
5199
304
4695
10260
14885
11651
23225
649
13568
12357
9923
1630
7636
33163
24558
1914
854
606
8315
1123
1432
6608
11754
24192
842
2478
7737
3312
12966
10007
19061
32725
17782
4945
21224
12956
285
36102
15290
26770
13675
7552
8622
44203
42907
7080
9485
526
572
8198
43262
1585
1718
7234
157
3814
4657
11673
523
24421
1191
864
1214
30325
1584
5449
3255
22684
338
12483
17138
13540
8999
18087
9612
2131
13851
4997
10047
18278
8522
955
1326
965
1139
10680
18647
10216
10643
2999
536
11641
8838
3127
13036
3155
2586
29618
5331
5733
17909
11317
28543
589
3802
9433
3659
10836
13677
27461
10928
66171
6324
21425
2890
1126
11745
10147
2883
2035
7324
26577
24244
2526
13058
2862
214
28664
1734
6627
546
3464
11389
4236
12893
4422
4655
3121
8736
1506
11574
3396
41216
139
5775
20092
4468
6437
16090
7008
12010
7396
16484
1602
26203
345
1219
34490
3432
26719
3353
26148
3449
17041
4308
15553
4157
495
3323
15981
10792
7307
285
3532
11327
9410
12743
1848
9177
128
855
2882
4708
3686
965
8554
61340
1075
11872
26828
4793
3825
8314
16750
1483
17352
9361
12152
293
15963
9511
6045
14739
9423
6599
2798
8347
1477
1421
13387
10154
1360
409
14231
27197
10858
1573
12957
16216
5190
5607
2412
26415
24729
8070
10617
1581
21463
2141
2433
605
837
19713
8082
36063
36773
824
9191
715
1390
45479
11233
12217
3492
3821
13597
1424
7194
13951
16949
5715
13196
15531
8784
41894
2534
5722
589
5284
2994
18269
6914
42074
6176
4486
5828
6586
21303
9609
23261
1868
3568
15636
3565
14668
408
6192
16223
6269
39740
15155
10907
6714
27386
3343
18685
15991
35953
49773
6350
1008
22735
7336
10264
17538
14154
3463
10036
4992
5462
9480
6727
41330
12080
21968
1435
3416
12859
2038
60234
8744
4937
10376
12032
1137
199
1946
9046
3826
5904
16785
993
5992
5489
11032
27487
7069
24979
7676
608
2770
31813
21636
19226
6287
33247
13574
11316
21398
7147
7083
13655
15096
32782
9142
10972
3654
7655
2913
475
46572
8851
955
2813
23370
12909
2576
3956
554
11161
7781
7963
4620
2170
7223
6728
16025
24
13033
9605
4333
7975
7124
1886
13341
15081
8026
3570
17998
129
16430
22637
28357
2052
27504
495
6594
25072
7008
23806
9477
386
18237
9969
5081
766
3233
12417
9868
7987
29810
5843
5235
39655
18932
16682
7809
32539
17518
7588
17424
6054
17165
10291
1057
1979
2852
5263
5076
128
5104
41933
17525
566
15650
19712
5832
3899
40561
2503
7730
14535
10369
991
23040
11512
16386
8309
21081
4036
14797
9255
600
2720
8539
1237
18189
2489
4124
10101
296
42059
2142
9298
19350
33311
41638
5892
810
28288
5111
1610
22391
6295
8129
7527
8468
10509
12267
2940
2950
7852
13927
5470
17990
4456
6221
53716
11584
4821
11176
20802
2198
7853
15882
20941
508
1875
12317
22489
5252
279
21795
32184
1210
5364
610
56755
20758
7228
2630
2815
3825
3783
28010
4487
12165
7898
15876
18461
18336
23406
16815
14449
121
2827
20724
2786
4215
6764
6981
9702
6652
10179
1827
3396
8377
13778
7492
52463
6261
35
18425
11010
9298
2969
18447
10778
22040
27520
839
9477
13065
590
13773
26953
1470
5253
2752
7822
2143
6850
11311
12044
23295
3584
13475
2086
10506
13364
4973
3819
18733
21912
518
8274
7144
31696
2091
179
419
14104
18253
2149
2967
7967
928
7960
27291
32843
20641
6505
1959
3300
7782
1912
372
5883
62
22983
3606
11395
24334
4584
1761
3819
265
2085
7445
469
1011
3615
92
12040
13639
23842
48254
11891
3799
308
7098
10489
5566
10527
9593
2827
19142
7280
2662
8028
10208
9452
12598
1133
17657
303
4594
27959
18285
6474
32343
33495
40024
16909
59567
3340
5526
103
19788
18292
3764
9831
26944
7049
52926
7157
7213
3679
11313
1507
1806
21977
15667
7583
4226
10940
4719
84768
3952
2314
2322
21936
22973
30144
18304
46908
27311
9623
14293
9718
2304
41726
13518
10756
1175
51479
6637
2100
576
48520
10026
4797
3019
638
9122
8866
27799
2863
1934
9659
10993
8905
1871
314
179
14617
16549
2139
7190
11728
7912
16544
3259
1758
15811
771
19775
26836
12876
8128
828
911
1268
1996
994
865
13920
6694
11306
20184
21815
282
7353
33612
10168
4145
25260
3296
2502
10750
38956
31595
15401
2565
3800
459
66898
18226
4355
30646
2264
56238
32105
6440
4267
2174
7438
35030
9569
14835
35311
19558
3075
8566
15821
9228
3089
1088
13958
9146
10264
804
6403
3806
740
17225
21146
1699
21695
9907
16004
6133
1696
63371
8291
2329
764
12497
4080
15623
105
15555
17235
1335
12022
14300
6001
16525
55414
487
9318
15570
155
6696
10604
4589
3792
1676
3533
19415
3322
17661
28026
15055
29253
5420
17241
4157
5889
10590
8329
16204
5251
19005
5635
514
2685
31939
2448
6480
15344
376
48134
2599
5181
14931
3658
2042
13648
10236
15334
12566
5517
31182
25720
11151
2748
21550
9550
11055
11082
7616
1421
39320
18108
2475
26134
33677
5048
4283
1762
39803
17003
20928
1281
10131
9472
38201
21482
17196
4942
13001
42882
5251
163
35049
39824
5320
7696
10386
12
2855
1517
15460
6553
9105
10924
4145
20225
21409
7489
7162
3822
1060
12476
11090
1062
7680
6389
8816
21321
3718
4479
210
45693
7036
33105
6053
14679
9114
7827
17607
3420
680
7522
6694
12924
5720
11260
355
13145
540
1894
34077
6885
12980
153
10398
25307
4408
3003
13368
20735
10151
329
4311
8467
29815
2527
3983
2066
1514
8148
9940
20883
6727
11350
9546
36437
8400
16023
4713
5107
5197
1417
19854
10955
1697
18840
26154
554
10487
5412
1304
11794
8431
12603
2539
10358
1389
2685
10814
464
3993
5449
7418
8485
2819
1256
1067
3170
187
9851
26373
15369
17199
3759
2290
10003
28003
12641
9711
3755
22055
10067
9349
8712
30
3455
178
9646
104
13195
881
22984
3013
5357
3954
20714
4251
10258
1533
12345
36113
8428
8037
5510
17852
496
10034
43602
208
16382
26
29661
11880
2448
2227
13657
999
4197
27337
10403
2506
13673
296
24680
2262
26037
7458
609
28894
39692
12007
9959
7379
641
15960
23354
843
136
9525
2996
16288
9614
21751
23451
35486
4234
5920
12652
5574
12362
3839
20546
57
11186
29402
17647
39153
779
5523
20514
8731
5015
5965
9239
6671
15875
32905
642
5129
2504
24251
1154
37046
1302
24746
6582
23435
1724
12535
14535
11055
986
10151
14253
31463
7505
7028
14975
8559
34575
9040
2661
7173
1726
22981
2252
7002
8076
2300
3386
2849
12855
7587
4807
8632
918
13447
14179
754
432
7479
1174
18910
6550
7384
3217
6833
7301
3717
2321
14566
9868
23296
5880
3530
12896
345
11071
8474
13955
2059
8878
5439
108
5731
2517
685
3045
2950
7924
11281
3466
4649
23215
9957
18026
4737
1136
2906
13386
12723
14405
10296
2558
2858
3243
1144
1290
21647
1419
7667
1956
11450
1712
3709
23998
2983
24299
243
2330
14225
1567
2418
20772
4678
28509
1464
14057
16405
4040
1237
53
7336
4768
7033
2221
2713
9072
1691
33382
5203
11635
3411
11301
21100
14070
9286
8865
1901
5929
20058
32197
1983
47658
3465
4863
10438
16103
5907
7002
6322
7996
2117
17177
9146
8473
36724
18894
31771
1462
29000
5489
9729
19056
2629
8470
4680
5371
8244
25107
12853
19250
52015
45893
198
26745
71294
2866
38474
6647
7725
12661
17073
5715
7557
2454
20520
12274
17444
19104
41016
11497
21610
10296
4941
9398
9031
4567
4498
8416
793
18820
23425
12783
866
688
634
1864
7502
4827
2039
25222
2804
3775
6031
7332
2978
10464
4170
1616
123
69617
2909
52282
3032
17584
3074
7069
3320
12896
38174
7525
25993
17252
11568
10624
26995
4788
13171
6972
2043
2203
39399
19935
47012
4879
32089
6180
3082
1097
13783
17127
6393
4063
2
351
7381
1625
2642
28806
14832
7322
6000
4410
3949
1157
1460
7277
4633
43920
13508
12035
7145
9037
16074
11977
2231
24607
2251
6891
5907
5456
3107
6081
4462
6165
11674
3095
55
149
1879
3590
15015
436
5842
8442
86
9932
2336
8485
11810
43590
38109
2726
340
4745
5951
49198
17711
10096
13676
2235
3932
811
17515
8338
7551
28781
2981
6568
6091
9183
10
11285
29001
1537
9003
27890
1579
23835
8718
8492
16303
19163
1856
6565
8091
11921
170
36237
32558
22779
59542
14368
18248
8016
6114
11317
17972
25864
2322
16752
35822
5256
18422
1147
29520
2240
20801
10432
6139
9911
686
618
10007
5941
1782
1256
3332
5351
3683
5640
2969
18695
20341
3729
1771
13538
9560
1406
14942
29132
7646
2790
15905
1143
2111
2449
5404
28589
10961
2861
12473
4547
12336
315
19284
17608
5734
6259
9615
33209
2145
244
2586
10618
4803
11624
319
9550
3533
2472
7825
6604
30556
3134
14101
25495
6002
12728
30839
29239
17337
9104
11399
12411
1782
22304
9655
329
8445
7625
971
17582
936
15288
6914
2140
11126
10636
4255
27168
13650
14620
1954
9453
2815
1700
6684
10499
3990
9637
8326
25270
1139
7380
18889
6416
14450
5331
1463
5103
9259
4100
4910
70551
3879
40082
2728
660
1378
3703
9348
4735
6042
11364
3480
2471
3221
17035
13066
4227
10625
33405
1985
910
2669
1263
13176
1197
9895
21922
6768
20801
2062
35072
3197
155
1268
6606
28367
22237
2620
58672
4790
5848
2652
27235
17946
11275
13140
31644
31550
5014
2577
3453
12989
46912
19220
2708
4765
22547
7015
18427
13997
12126
5177
1219
10152
444
705
3574
1115
8659
15757
4792
14970
22301
13935
17140
18777
9261
5355
1903
10758
8971
47
32064
78574
42948
17759
4734
12249
18511
4332
10701
7458
7356
27763
13279
22322
8141
50704
42671
22877
10346
17301
29218
25393
33791
313
24597
25298
21
19631
30511
1521
4524
1314
14784
16749
16031
5554
1655
4386
19586
340
15585
3896
14436
51624
1727
6458
11886
1558
975
1729
11471
1784
2131
1334
18985
19259
12025
5918
8402
33488
9792
9938
7240
14346
10897
2957
1285
3633
3933
7117
19039
2216
388
17321
14267
6614
102
10733
15045
92165
4906
813
7649
2679
14287
7226
1481
417
5788
19377
30959
16927
20131
8153
13418
1652
1581
33654
126
17334
3096
1357
4697
8736
31348
965
17035
2857
7671
22259
12403
6154
525
9806
17449
2525
1831
12913
16562
35040
14448
44475
7062
2765
17966
7221
23311
3710
38271
27486
2299
6893
1028
18932
854
397
33311
1371
15585
3733
12554
7075
4200
3030
3843
2256
38852
2970
12975
26255
9591
14670
6269
8596
9866
3818
6473
13838
24826
19251
4843
1372
210
4723
164
26109
4307
7534
2536
10083
25910
1483
12369
1638
16254
1722
26634
2648
44906
29684
2459
2280
9896
5256
5789
2815
17076
7695
7804
13063
30408
4409
26425
8063
21199
22895
27825
4432
30172
19913
1065
10820
3550
7564
8449
6224
83
21095
25657
23184
844
7465
469
37484
24503
41971
18906
6253
25764
26182
6046
7009
19823
12195
8415
4293
2629
15180
38631
10566
10440
1177
10092
26010
33950
10387
18922
4126
1662
19809
19012
8483
17961
4805
39810
9898
6577
1722
13917
13647
4653
6788
2
4295
192
12238
11528
6386
4983
7236
2971
1877
30497
73465
41536
27591
26051
6632
1288
2506
33135
15481
7473
3150
5217
4680
3087
1888
18061
11871
11415
13828
12465
3483
43353
15219
2946
3694
18597
167
16422
3521
11487
12230
16746
8357
10873
464
10379
219
15546
35167
932
2732
4813
16601
13878
5856
13448
3787
701
6620
10308
6556
1190
12696
18549
37154
9671
340
6512
29031
8155
3733
22182
9119
421
2622
17978
14090
27637
5172
1984
6797
1129
2446
3714
56469
15075
2744
28531
110
8742
29804
1440
6345
23546
11539
10583
3697
5597
2578
1264
5763
18399
57878
80
113231
13928
4045
10225
10740
4926
2466
10151
25562
45475
6080
43648
31101
2490
2712
1745
18179
10843
10700
16938
14385
9136
18415
3874
2602
25542
15601
10516
2069
12909
20366
8806
22363
10237
24768
225
13843
3030
6780
4398
15623
8809
7715
5978
44305
12362
2345
55211
2952
5182
27749
13347
2922
17557
6905
14554
523
11997
35
1479
2108
10357
4907
22817
27742
2349
4160
12145
3789
15113
18431
12084
15579
11473
6409
1126
7172
5310
21076
8181
29253
12540
89
3692
6538
23369
5223
7097
7691
11861
2928
2599
20489
2179
31234
5781
11607
3950
8380
42163
4058
1902
2891
14967
41427
32607
20772
21532
11500
8263
584
3654
18330
14517
2088
11425
23967
12519
8257
4396
2238
24541
9334
5439
690
5228
5782
5990
5117
1345
49727
9928
23501
10828
13388
2130
13799
18867
8426
571
3971
17716
7414
7568
2712
7953
2250
803
1104
1794
535
14050
2422
57628
4482
13452
12029
14326
4359
14380
11351
38239
9281
3212
1594
581
4977
9900
31703
14795
19409
1471
2031
17062
9489
15137
41870
4292
8057
43791
4417
4814
6319
905
766
1458
3334
6580
3043
15057
3027
33865
386
989
16809
1472
8738
6979
16484
5805
4245
6117
5274
4765
32382
3342
2459
38334
6571
6233
1872
9798
1553
6090
16931
4668
1852
5469
4742
38296
785
9347
7587
15986
4048
4669
609
679
12543
144
9714
3756
18152
25988
5769
1028
15988
264
16825
8211
6185
905
10309
41237
1179
5160
4052
2609
6737
11891
23833
10981
21312
289
3853
14633
5124
17252
28148
6156
14847
11685
1327
5156
298
404
4118
5859
3474
43352
24648
25006
3758
30945
16621
7955
39530
4585
1073
8903
810
6867
744
14384
18280
5368
37919
3339
2595
5383
26148
186
16605
4865
10081
3022
3773
32761
1462
9145
15444
33819
10037
5301
10926
27316
1072
23492
3700
4024
13728
12600
37280
5492
2138
41893
9908
16063
412
6447
15241
22473
9817
4230
21417
41307
2337
2380
7068
9929
1740
10160
15284
1059
1065
35045
6075
1053
3869
16958
3727
370
7638
32587
4944
3261
5990
6305
2190
44558
1129
53383
1591
15122
12758
4533
1891
8430
7604
7587
51797
20249
4665
2734
7805
1296
4910
27699
10136
22877
17285
5102
14631
266
1149
2703
2832
19392
29356
48652
6382
5463
5135
249
10794
17207
50992
12465
10040
24975
5432
20508
22242
13669
9944
50667
31561
3253
18052
21622
28893
2447
6863
2557
10615
8534
12470
11616
467
3998
15077
10532
22619
6676
13659
7057
3113
8927
5399
8707
4684
2591
548
1815
2828
9028
9106
731
9094
33582
6029
17164
13640
7502
23211
6190
10673
10329
3681
10753
25076
8417
1564
4922
7989
11591
2503
301
4210
10910
45472
22193
4153
12380
12158
15844
2319
9449
45985
3772
570
2429
2630
1240
31357
3008
4609
12185
9285
228
22115
2972
12150
35337
602
16362
5200
5552
9433
7726
31325
19555
22248
16318
442
6134
3596
9786
17812
21067
16478
16370
8611
6882
6486
4392
9246
2647
3625
1663
5388
26462
35736
24678
17294
9934
24490
403
7303
3273
18792
10298
12955
12240
10422
1789
954
3942
9350
12243
22669
1518
5388
11127
8767
6592
1707
11397
27466
32298
7000
23939
4912
3643
4295
8580
41940
1320
65368
1164
33719
14229
16478
4009
4660
10497
74217
3618
7075
28187
1591
50461
24921
1262
11600
23225
15298
3359
4949
15988
27128
26801
2898
11564
6343
4759
16619
11972
1911
28662
18065
18007
22168
55268
30912
8779
71844
599
39508
15113
20751
23609
350
12867
679
14179
15263
9322
3742
9011
2580
21959
9704
19937
4639
4381
21200
8176
14488
7299
9651
7757
6361
33354
1616
15273
21684
20382
856
6784
19320
12972
23002
10017
1302
25109
2347
14754
19567
15005
1998
7425
2056
9084
9316
6659
13525
12707
6163
22788
5201
14465
9907
32353
782
28699
3063
5374
9800
1554
380
69492
2538
5903
19128
3238
925
10330
15955
805
19784
20179
962
9550
4149
14832
17178
836
17809
7869
6588
18359
10632
38745
4971
10111
10039
3852
24932
19457
5877
21910
19042
276
26905
11406
17356
12804
1360
1639
1458
14385
3253
609
6651
11686
11529
11179
49008
8764
4334
26357
1058
2086
22474
42903
3680
9058
7607
5939
31801
4871
32243
17284
13794
2362
22528
31139
31554
7222
33600
5284
9668
5130
3743
15128
11188
10980
17437
13657
5274
18588
5555
3357
6141
4571
24157
6398
5242
3288
1127
10658
35208
44903
7108
5165
4445
31183
23953
2318
17279
8903
6880
32075
1566
10896
405
272
368
7259
1304
136
8772
121
11786
453
7996
1985
972
18441
17578
11431
7189
28848
9878
5945
3848
3687
6723
380
19306
31695
6834
4109
8433
25835
1289
7503
1084
9798
22722
1841
12107
1429
14218
31894
25884
4170
19976
14125
10544
18412
1706
7987
12812
3102
3551
4513
1971
1470
35397
12704
27546
8854
875
3037
3206
28715
11047
17165
31105
3556
1789
938
22240
978
803
8588
23137
8551
9161
17695
7754
24245
8466
23478
631
13567
2551
6712
14030
1275
43363
8946
9483
523
15322
414
10468
746
25511
5397
2896
2415
9096
19550
7016
6521
8875
6228
245
7608
7668
8598
7185
4027
25049
9000
1046
1510
14891
7387
396
15969
425
5720
11083
10309
21829
21744
2140
38093
553
13677
11480
14498
17126
13940
2320
7846
606
3973
7603
560
165
8583
3742
7393
28687
34181
556
95388
1505
10592
22048
17682
226
5724
324
7099
8471
8569
3456
21562
8291
4378
9728
15839
7006
10711
5253
10203
389
39391
6590
3274
1366
7188
6556
8655
36110
13761
23777
32439
11169
9564
27254
7016
11745
6316
2444
2699
32816
34746
36581
9665
5794
11371
1002
21838
21623
5886
16312
29458
1734
2885
7629
23450
2664
4560
4416
6666
802
15238
3739
20660
9109
19197
11385
18423
14213
6400
1039
1637
23910
351
17083
68757
296
35384
859
1592
8795
5587
16024
8568
18026
17785
16658
7631
26397
2719
31414
1413
17632
9235
9201
5057
20390
5841
476
31979
6478
11045
9490
441
8581
59327
1703
14454
1592
5593
3456
8126
3454
2858
9371
28219
7991
432
10776
21781
13749
17757
613
26081
12264
10697
7345
7952
4338
31884
3011
2303
3621
184
6806
8025
10845
12869
92
251
19103
10965
5826
7053
20885
3648
9187
2653
3083
9233
36717
1064
1588
4247
16417
6494
7178
38238
10340
28132
1145
839
19144
16033
514
10398
10828
16858
1063
4206
8961
21062
6488
5923
6980
4028
6980
8300
3669
2695
34668
6572
12015
10851
2346
6902
6052
14984
2
9743
13296
9471
10851
1787
7382
15724
9664
5885
32404
5188
5474
2416
6328
16057
82059
1022
17608
16310
25835
20649
20827
3388
13278
13736
3143
11137
37196
1579
4181
4521
11074
35336
829
11149
12943
30976
14005
605
1889
10035
8081
15878
9385
1946
26238
1335
19543
3998
9962
9457
13413
15877
15701
5854
10344
1690
1709
14626
5939
17606
1997
3124
25789
25135
7504
4116
56288
3267
4541
577
6652
5665
15805
22813
3282
2844
3414
12209
20279
9811
6894
12230
1178
10063
5658
5386
9142
17313
12637
47351
3914
552
25666
501
943
3273
10026
8694
461
5593
49980
1963
466
8199
8686
4722
6316
352
5087
3047
23343
27873
35066
36000
16863
2273
4746
11748
10839
19004
10758
3037
40290
16118
2143
130
2802
14420
25814
1269
2621
4158
221
6399
3922
274
16533
316
516
2439
4389
13241
9803
4474
6150
17971
118
2426
1422
13499
24512
2700
22207
10787
6949
19046
8776
14914
20467
8835
4479
1490
7466
12904
12171
5120
3569
8317
6420
15625
5086
26844
21939
6406
7068
29905
10015
3876
439
13932
8805
586
13374
13668
46603
7414
770
3203
16542
664
3074
1857
6665
2098
4830
7245
28793
30313
471
2457
7992
11372
51138
2150
86
8106
9066
493
18443
560
1469
1117
38059
1747
989
244
4381
10952
4905
1070
1991
9051
30171
3580
17285
8345
2899
1712
12212
2435
34264
7406
27728
1543
5678
33018
305
31391
19152
1387
5361
12687
13200
7509
7331
3314
24436
9768
43136
7527
1899
2748
16112
7135
22525
7563
9688
3864
4695
2723
23514
4385
3414
17949
6213
5061
11988
471
23869
1849
64
13600
10521
13320
1856
6176
14247
7170
4118
11713
1506
2847
897
1497
14783
735
2419
7207
1490
5763
4686
5386
6152
1962
2295
112
11546
16474
12216
7137
32754
324
9179
12692
11686
5787
628
9060
5157
4582
4493
24317
1890
8736
10908
22820
14390
12042
7050
14487
10264
424
10301
17749
3279
12010
3399
8056
5477
3084
7117
2934
13757
2686
3331
5137
3141
3868
25422
24211
8621
10229
14571
18965
2775
9898
8089
27626
621
3749
1779
2892
3658
21341
18440
5832
2806
22649
2601
9800
12489
11956
14469
8784
376
4352
2984
25213
1099
35399
37339
6925
25761
799
9962
5361
14980
12329
6529
5510
14557
9132
31095
11864
9230
5274
1250
5795
4532
627
33156
3636
8060
5361
13556
7846
8576
7221
13529
43429
4340
34587
1510
4574
47884
10434
2010
26978
2588
3153
1944
12123
9180
294
34693
12574
3012
22632
21434
17580
46501
12947
8749
7682
1438
10623
3027
6548
17646
6961
5995
2936
13962
11778
23566
4931
85
2708
20292
9224
27910
12249
4314
4523
2848
5514
9616
43984
3032
6617
13420
18148
11554
16896
199
24916
5570
5912
3640
1473
811
6850
17853
14392
1742
7841
1866
5115
52351
8088
1620
3917
16849
32132
6213
2409
2109
1353
2295
216
10829
415
12522
8316
121
17333
9426
10644
8962
491
7254
17183
7632
21524
6859
22001
795
63
10077
7188
450
10574
2160
34429
10474
6514
20801
3273
6914
16570
5764
4124
26320
14121
12266
663
695
196
7214
12768
13283
1351
83597
21501
20575
17396
4924
15487
17437
6973
43369
4745
4680
2073
5212
41672
22686
8745
20827
269
7662
26160
11761
904
20711
18772
27496
11562
15831
549
139
7570
20977
467
13749
3197
14051
5799
18002
10537
4327
26599
11960
4726
11686
2842
2718
36677
2524
1420
9673
455
7347
5968
3285
9618
16595
15906
8091
10976
387
25801
2288
28655
4572
1061
2643
9455
12001
710
13572
864
1819
1330
14522
20082
281
6640
26494
16176
6692
10491
6098
13581
2366
5862
7191
9228
17723
713
6082
1585
1840
16654
9881
35772
1276
5537
8949
2503
5036
1084
12760
2757
8942
5254
4569
52635
22797
16755
3861
13253
19977
2878
65782
1276
6632
4192
4538
15152
8467
6279
14714
13578
10046
663
13997
4563
5602
292
2164
9574
2644
7211
7415
477
14345
895
3027
4559
22672
4766
37017
7385
4817
17384
9671
2769
9818
34694
9753
2064
28707
3781
389
10544
4642
12587
17687
6881
3311
37191
13544
11992
31327
15230
1013
16789
162
13798
3796
10902
8554
6941
16818
3199
8702
10460
359
3507
2499
8624
3314
4024
4270
8439
13124
766
4335
11288
1893
56045
409
1069
3336
2172
5933
14287
11850
22140
6585
62030
2646
32680
1029
94
7803
2051
22758
1765
25700
27469
1910
4954
10975
22224
12409
20584
1252
11337
4593
39
9815
3548
21196
3404
17507
516
16
21354
6873
5606
1712
2496
2328
2275
22231
1729
10195
432
7328
1397
11047
1871
5568
1575
18319
11013
11388
11810
5225
9965
22817
41755
158
2804
16321
1473
5232
417
4228
1681
8515
7580
17894
21753
4746
7274
3135
11430
20504
2253
33569
11111
1322
5472
21566
5694
50234
20142
4580
2270
14445
3351
2948
4721
4670
14332
12337
6607
1961
3292
21062
506
7058
26573
2729
2197
10952
9606
23987
43445
2368
18640
39645
20047
5930
23348
443
13524
4280
20289
7261
9873
4865
127
9949
20760
575
52934
21986
2010
7907
24398
12403
34971
26316
9660
866
3864
9897
16289
7472
2137
1249
22954
7231
15804
337
3122
26428
2800
2274
3421
16317
6890
3104
3176
14282
4713
19003
15365
17893
5049
14667
7143
1428
14310
16357
1916
2084
16623
8597
17266
1622
40653
7584
8654
20696
9474
523
2450
20984
4036
17315
1547
8103
3724
2120
2969
16560
18117
5962
2477
9446
9614
39294
13749
7423
5479
2154
4068
9506
13550
15419
27391
560
5794
26302
5897
1240
15769
3973
2122
9016
13744
5396
4837
35699
620
4925
14798
16617
1023
16926
7564
16256
1861
4356
4589
3190
1807
5776
2271
7946
10145
13805
27221
3234
13111
18929
15606
4931
166
41859
13312
9574
6662
5166
1793
7707
1774
6907
25793
25906
28903
12456
13770
40232
5131
7998
12524
11928
29391
16660
5290
17790
32006
16361
6129
36301
12609
11494
2788
374
2009
20914
906
18168
2012
14630
13539
66223
3777
19444
778
2087
24779
34003
4822
8918
19453
25676
3583
37061
266
7603
10358
6119
21011
20726
9341
10158
4012
10736
14422
20911
8999
5491
2527
7782
8729
262
9696
27008
14724
4503
2493
41976
9027
1056
6055
27588
3575
1547
1233
8643
3005
1017
7556
5953
103595
7322
4254
33356
9996
4530
4987
8163
4448
771
7015
7900
20257
12428
12113
5673
3687
8793
2117
5791
20230
17715
16749
1936
4973
17182
6464
3016
23545
9677
1580
3789
8133
23853
10639
16549
9368
18854
1491
49510
11353
10545
6820
756
19795
7027
6978
12329
1616
355
60400
2155
15767
12619
5943
17959
6262
8604
8037
23699
29494
1715
2101
17368
12616
30006
5114
306
8994
2909
3448
10857
21201
7490
2633
3105
14259
2429
3569
3433
975
6804
10755
1337
6079
16583
18396
25395
46476
1143
3428
5934
11316
610
22577
106
862
11963
24961
5772
1404
10451
9868
76
5140
8144
557
53696
8818
2410
5981
24391
12321
12949
13517
11819
5883
24218
13311
13660
13452
24087
21886
3723
7434
11823
20030
18083
7626
523
7252
1972
3856
17650
15995
5828
1226
19914
9848
12257
13031
44561
177
16242
7068
4416
1138
3594
2420
18477
35598
9817
7931
12247
12473
7025
33106
1494
6324
6442
10918
1762
8520
17541
8868
9103
822
2318
1068
7692
11204
21633
20787
5174
11819
17657
9656
4923
14035
5053
481
19881
17942
2525
11568
6565
4124
2198
5603
7412
1876
1810
6953
16013
17054
16367
14213
13151
59474
8454
20631
20073
15411
25390
1295
1077
7616
8236
3957
59706
4533
3855
4570
14493
8973
5067
1670
30765
4508
29068
641
26629
13025
50063
10340
21076
3098
1039
6067
23541
813
36944
6210
1524
14325
38163
9609
27456
60981
49071
1179
2131
13937
20906
5116
2479
6095
2745
52
6161
1715
5207
217
22004
4723
3151
1928
30353
3181
2500
7617
5300
1470
3891
3649
1728
10512
2954
685
45070
2411
885
22347
1388
3360
9243
13868
11110
8963
22899
14967
6896
2896
13603
10665
5587
17211
19011
3324
10561
25975
30277
15162
427
12037
555
8228
6941
4818
5524
19659
3564
6269
14439
9042
6815
31477
19123
28773
3460
7964
5446
12449
2796
6274
484
4354
41382
3483
16775
16251
5867
12659
67645
1927
15607
2082
31041
10014
800
6841
13010
50639
10796
2482
530
9157
3258
5693
15688
861
44844
1931
664
9133
1371
22599
22384
9072
4648
19023
132
8012
5225
619
4011
492
6491
6968
17689
24231
3478
51302
4437
4795
5091
1292
5940
26877
2371
1367
7866
16728
17578
16444
17677
2074
10415
1301
89
17792
821
20516
2919
10177
5369
307
7737
4389
8313
3670
13828
1570
8582
15
25087
3121
2045
554
23178
4457
7049
835
1728
7661
4970
2189
1517
23887
2792
5086
17914
14607
28632
25123
1460
1346
13720
9224
6698
22004
21096
7546
582
3369
2703
3815
15428
5813
41784
12426
11641
3539
12728
2800
14564
584
6381
19289
23886
9653
2573
2983
2687
20625
9403
16932
1366
3825
13068
5375
27178
347
15508
28725
1673
6196
12646
1327
5357
9609
4819
22327
7368
1197
424
39166
3399
940
1206
2169
7747
5077
21442
440
27445
7495
17878
3642
8752
11952
14786
8321
19166
5180
3761
9339
12832
53672
11185
10219
1291
8438
11093
390
6837
6671
687
4771
37842
41481
47884
13918
29382
21580
7634
775
737
10754
2637
6776
9053
16097
10419
4890
5710
7393
20995
10194
18327
150
6115
61841
7811
9849
7077
22942
2426
20394
39018
18321
24916
8926
7599
1517
6375
12837
16971
1474
9380
1363
3487
21853
7274
13444
2087
586
4966
13640
656
56898
35311
2409
18364
6
36501
8658
3266
18527
28046
12010
21281
3046
13212
2692
11729
24896
20531
7420
16156
11930
3228
18703
9796
29468
52154
1342
11479
8758
27734
2175
11468
36019
6205
14820
5589
4481
16318
7885
4685
41838
2768
1799
18514
8013
9355
11290
1940
23547
4003
9759
44672
10242
2087
16312
14643
4649
7733
5732
27723
16279
16862
4329
1892
1230
3687
23270
3801
10940
14051
28132
9242
13000
34549
3046
15290
30624
1508
19863
10449
6898
1681
836
18736
7149
13212
7369
23025
6080
2693
1339
3780
25158
2202
5110
1923
24132
10292
6683
5150
608
4515
67461
17987
26332
1046
8218
4971
31884
2474
1764
6396
4892
24606
4250
17087
737
13885
11195
24095
20354
29457
6064
15001
15080
3643
18706
10764
2677
12419
22854
12437
1295
2779
12202
40254
4339
216
16150
25313
22075
2412
12740
13090
2047
2883
13117
755
13331
4124
1213
8430
19870
37940
1414
10170
23856
18820
722
5100
14071
298
355
9926
14510
1567
26640
273
1731
8934
2595
10618
6790
9037
16377
2366
25578
47224
11740
66073
893
6992
1032
7838
28742
33668
7729
13753
10412
8314
11707
395
980
12240
12792
26987
9352
15073
9771
1570
3760
9941
33650
4380
8695
859
5688
6204
29271
11804
8171
12126
18116
2970
11255
6195
12424
8726
3886
1104
6335
10002
40697
37937
12187
17214
4802
2332
12412
11915
1242
5830
16394
1154
1631
4715
8131
6827
3901
3571
3385
13151
9233
19479
1279
89694
1721
34558
14261
1728
56961
9472
18463
8418
12858
7142
5943
2463
1570
6478
2566
2992
13454
25923
11334
24570
40718
4148
24939
2581
4880
20983
1844
12325
3295
1280
1551
48
9493
367
1519
1670
923
23369
12696
8145
27230
1953
999
31395
16074
1284
7896
3866
5706
23414
13395
2175
17894
15396
11661
4531
4748
12278
4576
580
9815
2084
5982
7837
15140
15392
36314
995
3661
8482
40138
4352
10838
23618
8274
12966
2911
20865
18
25044
4753
37636
43500
34081
7564
16361
1444
5041
9071
21443
5427
6195
62855
4015
8661
2455
2743
6622
11251
19123
2556
4560
9752
10035
5934
1773
4515
10793
6264
1073
752
12397
5109
7787
45120
28941
19070
26434
15135
1021
4949
1069
1108
7124
4482
2492
8679
23386
8732
25625
17093
26087
5613
7792
9010
6915
7742
41
2461
5504
1817
3161
7091
2106
2352
5719
24092
3659
268
12134
1895
29839
10425
17054
3958
850
3695
9296
15268
6228
184
2994
19155
8006
4729
36162
2603
6854
41984
7892
1973
7133
3797
1717
1111
13317
32479
5220
9186
24903
14598
2581
13955
511
12125
1306
13908
10942
8910
14374
7699
11253
3899
9448
10484
34269
20162
25495
68197
12344
3569
3015
6140
3249
6144
7095
13139
8690
27785
36429
6821
724
5066
16941
16040
6522
831
987
2572
20206
6487
1735
3128
13140
14381
4224
12090
41887
26168
4666
24317
1377
15646
19922
1877
4122
7582
17857
641
14519
16919
6670
3591
24113
1608
17746
392
4271
3595
8025
27384
29756
10569
3258
17376
6403
28877
247
4351
353
39
27780
11877
2368
23908
238
567
14034
6536
7092
3052
16553
18871
5784
24707
12439
7165
6497
391
25836
20656
7387
1934
50
13655
2791
605
13193
35960
566
1766
1727
5217
7341
10088
21698
1623
11099
7214
1650
8630
16966
2876
20722
2832
2894
3221
13625
5488
37243
5309
9009
2654
6396
14740
8522
2614
7998
13163
6438
9229
22939
7545
2273
11267
1514
29364
26370
506
3735
13702
13103
3842
12325
3590
5514
23728
30836
3221
11864
9104
9432
641
4638
10944
7332
11537
786
565
4045
11531
10206
1778
534
16022
17688
168
18716
4518
5282
2891
3478
23967
8533
1192
22934
12488
13166
6396
3384
8336
7456
5210
13695
6652
1474
29791
4064
31451
484
16438
5463
14476
3629
76293
21986
20168
8159
2057
1328
10748
7327
13104
476
963
197
53512
976
16735
2379
1569
3686
21635
24442
2585
8169
13163
1671
14716
48040
13426
6568
2869
24740
4051
8231
12608
30533
111
7432
9472
65338
9032
5832
9611
4875
22402
10849
1581
84
9430
8
2107
3769
35162
19117
25619
6317
14321
44777
2602
14768
6374
25520
4973
1956
50176
3641
4085
10765
13569
15015
16158
11443
24006
15539
5575
5834
9533
1946
4977
1483
10589
1640
5222
25639
2974
2121
10867
12070
21234
811
1369
1796
386
18524
29305
14804
1690
1858
13126
553
29480
2337
12539
18589
18206
10903
7051
15484
3725
13591
24033
13791
56108
8626
4840
1456
2836
2810
12482
17675
12739
4233
18833
403
2009
11095
7530
4914
5708
62137
7919
75
6357
21061
5752
44601
21623
6797
33520
5571
17746
11907
10153
10018
903
11062
1178
14257
1284
17500
9147
4308
3440
17845
2794
9391
14882
2618
4611
1748
7828
12925
5758
1195
20209
11716
44011
14349
18579
673
1291
3066
15313
17034
11401
3840
2794
25917
221
12527
7232
3975
2012
22517
4039
3055
20843
37653
1117
2194
3933
10015
2826
9111
8377
13038
2071
29788
28329
31655
59340
1127
2190
13641
16449
2176
2978
23895
31556
32692
6074
9038
6358
11217
10843
71964
8932
3636
4639
6176
1569
1779
5517
2112
3982
46427
13704
16396
9825
33256
13619
611
12792
19706
4504
22729
941
3811
839
45556
3016
14501
1999
4734
9811
6699
7238
6813
484
2045
1490
13523
10277
11073
257
2824
1168
1323
10026
16429
1087
2063
2314
463
391
17647
9494
3885
26112
7490
9641
1868
2585
6504
30764
12387
1530
7798
5565
66
4115
13346
45450
26075
3868
29459
4821
6835
6240
1948
55463
31623
6722
1050
1831
1797
2487
311
3695
8291
9863
17491
2616
1039
37560
1441
21191
5066
11147
300
413
41343
13321
3290
27154
9173
13568
2496
22413
16
29806
15280
6327
36019
4212
9006
3841
2062
26869
10359
2885
4203
5470
42195
5168
21268
5608
5613
1605
915
3533
5517
16195
40216
11635
5254
275
21337
867
683
5522
10531
1437
278
566
21886
23477
2751
11128
20563
1382
9364
19463
33032
800
16170
14867
6558
11511
594
10823
5565
1989
18595
17800
5123
3333
347
1056
15033
2531
33197
1294
39007
20927
33372
17394
5003
13645
7650
35
6737
385
663
7767
4733
4998
49894
18735
2186
20897
45
40462
4483
22387
22567
33098
13163
16404
20414
3946
23317
1139
7514
2957
5977
193
16548
4100
10194
21547
9122
9787
15039
6715
783
18341
14771
8636
2472
12561
19022
440
11329
12389
2782
6005
6094
11473
16559
813
5387
20822
2
5749
7223
2182
302
2417
196
12445
3124
692
28001
19463
39579
8135
22567
35617
38343
3404
7671
3252
86
7216
1225
1058
679
24046
4780
5162
6921
16771
7682
3279
48
14380
20707
4477
22503
2559
34419
7754
1283
2192
28900
22646
2602
11164
2761
1903
30134
12578
1228
3612
5130
29373
17105
653
38154
7124
19041
268
3718
412
908
10178
3930
18100
24292
8472
1106
6084
5352
4679
19002
9198
8057
11429
639
2412
6171
10946
15766
8656
2320
26114
14612
775
31583
4665
6526
6986
3337
16720
173
1781
19132
2608
321
24010
69
13410
1338
8219
4290
3529
11402
5916
21504
11612
32995
16559
10714
4250
1670
7085
3669
28494
1717
56894
4718
1042
6160
2001
4257
5851
14148
3832
5269
2
6783
1112
25074
4200
16076
208
54
6115
7229
10825
3109
5515
6226
11615
3010
50753
4473
11329
15224
8531
8198
3349
32827
1082
13838
11854
283
3150
12612
19073
18728
2438
11673
15159
5658
19095
70129
14335
3905
663
20436
14695
8651
13266
18269
590
3268
25400
11975
8321
15706
673
3860
19294
32917
1327
6490
7732
1359
11249
5715
9291
11922
15621
1801
15530
25585
2306
4870
5447
5207
367
1750
3528
19151
13822
850
4345
7008
4235
8323
7048
11831
4606
7340
18477
2959
1225
9215
4200
5482
6438
10892
1188
13179
7708
5344
431
29851
1432
4859
4416
11559
548
15897
10135
17421
37390
34041
6384
55632
9703
7325
2435
4182
4086
14037
14281
29014
6916
22116
15643
8457
13944
11797
4454
12348
8855
660
1127
12141
3860
4890
13185
1010
34459
21025
8115
6606
14470
6769
8761
3407
9524
9316
20617
7234
18632
945
47580
2261
19048
36551
7276
11705
11199
5699
17507
1827
10823
38910
3644
39018
10165
2487
15508
1349
852
4093
2203
16111
8185
9665
553
15730
294
5498
502
5427
2161
6873
8488
9764
10680
26820
19319
10469
37780
1670
27621
22296
6719
12693
39028
6761
16346
2990
29133
1103
3215
8846
22858
14655
2667
2284
11889
26843
10741
24342
28982
1197
4566
1747
25943
8286
15001
15503
19012
3184
11261
140
3005
6742
29128
755
1603
3892
14279
12481
4869
413
10106
993
37867
5383
11844
5944
22019
9410
3079
13330
17180
9027
1514
8691
692
165
15343
14737
3747
3577
7196
12265
5122
21084
5229
5982
3098
26049
6773
11570
15506
21489
790
2308
2968
3580
17872
20404
15970
6454
12071
11709
1336
4221
17461
25422
1679
9660
3558
11106
6635
39923
10393
13034
5835
20568
4578
12381
10672
1208
396
75622
1225
1683
821
8665
675
5574
2456
10509
5808
2972
7810
30104
6399
25243
31908
580
4557
3426
9837
9465
42050
45310
9106
7552
3789
2943
2617
38253
6681
8035
5877
848
37874
15353
4040
1886
542
6000
2242
30605
10217
706
1880
9788
6432
9131
2826
8951
37076
948
13531
21999
108
1866
821
3023
23375
5698
1012
1694
5280
8374
17762
2115
8659
10485
19935
6617
20050
3561
21029
196
4172
43266
657
1736
1348
9766
34876
407
2404
3438
7952
13407
6164
10582
16023
28369
18674
17594
24019
26426
180
1511
8486
13969
51623
20084
4777
3875
11286
13411
932
21897
32384
4212
18041
11163
4782
7117
623
4445
19749
18077
6972
27471
11060
2406
20998
21273
10666
6235
7548
2
7419
21032
23535
5259
10108
8597
57832
18632
4418
4321
5536
11738
3700
2217
2319
8559
16520
3095
6471
21079
14955
1685
3993
1132
5171
17186
5192
2943
1743
2495
31199
4006
11677
11294
726
36055
19222
7533
2460
753
6837
11890
12301
4063
4924
8520
4589
2324
28807
13067
32343
1504
2085
9748
5855
4630
12604
20688
18422
8002
21577
8062
464
15248
6134
36701
11035
20657
37245
2430
8336
3201
1791
9973
10693
6736
1421
6809
807
17168
47525
3540
9090
2111
8488
29381
9770
26151
9272
4112
22754
2384
3037
2879
4825
35842
1470
5488
4181
9321
5104
13604
15171
14344
11995
1362
1825
4761
57569
3740
4761
5798
10111
15939
39764
12849
2317
5815
9418
2180
8898
9566
8281
11049
6274
9862
12138
21069
16970
2175
6139
13706
25116
3016
8795
11365
19108
24963
3303
1152
4210
5142
33855
5495
11958
2774
5042
724
22543
12289
279
746
1899
2280
1154
19525
5043
35929
7859
4847
6483
2778
20551
13941
10291
6659
16653
2462
557
47328
11556
3798
27175
9469
6585
2789
5888
20242
8966
14673
11127
8732
5752
10127
25466
3052
20897
10563
16502
16610
4372
28839
3099
4335
7826
9566
7164
968
22458
3307
30592
4851
11299
60147
9520
14178
20185
1715
5268
6859
125
11703
7581
1643
770
1838
193
11726
7183
15613
5426
1684
9337
2143
1652
18787
12053
3185
11226
676
10577
15112
24421
3850
2096
2733
12490
14769
1517
4376
18570
2679
10796
1815
2934
11447
67268
20655
2366
18942
19365
18281
19866
4834
7519
8312
27251
2540
6263
9953
6798
79668
41556
1211
18827
1986
6376
4022
14626
1420
1135
12686
3678
19087
18281
12068
5746
77
12211
3108
3123
22877
3955
2805
1044
7907
22974
10806
11041
1400
509
41502
3198
18109
2229
18965
769
1472
1753
13430
2702
164
297
7108
800
129
4257
7041
4677
1894
6341
18133
11051
2351
4516
12737
23161
2640
9917
34170
43134
19716
5144
4285
2794
6327
38169
10684
14353
2879
1933
9501
26767
26886
18963
5853
3390
5832
23772
967
426
1728
1826
11605
8594
5550
1954
7732
5801
6706
9111
13469
25508
26787
15927
12420
9399
19599
1913
12658
2889
12862
25680
6704
23367
8424
1641
1213
12996
11576
2809
35902
1375
9507
16471
8687
12809
375
2264
1366
1632
5841
5300
38004
27676
3730
19650
4371
7962
10330
9424
25380
11546
4883
29368
9577
23120
2764
16771
5947
3306
4512
35860
20979
10853
3085
974
2055
11631
21356
8797
4844
20605
2892
9790
1752
148
12537
15189
42982
15863
19538
6215
12797
12986
32266
2687
19783
152
1607
8370
1945
13589
4839
5124
5209
39964
13038
4202
19166
39326
7833
11162
16702
36322
8881
3630
38634
2117
27084
13544
41718
6968
10732
6709
34962
2332
38363
4236
1725
1628
1306
2114
26445
15029
343
2977
26396
1557
17501
28392
18302
1141
5671
37612
7208
22894
460
4847
5327
209
1131
30766
9783
15871
93
17303
4460
6016
26623
4559
3242
46074
9768
24241
1707
5160
3985
6051
3906
10
5065
43498
4118
27
17140
8809
8850
2197
8421
10345
5004
4987
1390
4512
5526
4274
5685
12547
3994
20719
4180
8974
4015
5531
7862
42605
3363
15853
25813
6408
13857
5811
36715
12277
3089
5814
2403
5919
599
20610
17415
12030
41216
22301
1627
10805
20696
1498
3521
7413
3469
6262
9476
4442
1820
636
12336
293
1266
2202
13430
4546
11056
30412
555
8484
3
4302
5966
6448
5646
27433
4407
66047
6870
4148
185
23208
1910
10387
24082
1468
13958
42973
37904
29798
18556
17329
10776
14771
2760
3294
12338
22792
845
1524
17139
13381
153
11688
14714
286
15967
12537
20936
8172
15062
1682
4960
17247
28367
6858
17231
6095
1001
6615
13012
1053
4038
9457
9382
9094
33926
3820
4230
14167
4184
4723
12027
7030
824
1407
10894
10958
1154
16410
20469
11279
5801
2141
7011
4489
11086
886
1334
28504
25542
17584
28280
11974
25589
4979
32997
8198
3599
14305
31991
24580
9232
18440
3869
2987
13565
4830
6430
3509
14223
1953
25306
1478
3471
13773
1290
22617
2358
23835
6971
14331
1550
3966
7397
8595
4070
1329
2320
1400
3881
13262
957
11337
1662
8735
28166
269
4536
4694
40967
17885
8784
7403
7663
8549
8602
3236
11288
932
7073
53350
1421
18141
8410
7820
13446
7822
5951
15926
2450
7047
4651
6928
12583
28750
22665
7073
6023
27189
3511
14688
8658
16694
7304
15288
1540
700
6204
18296
26815
11890
5400
2140
2426
7439
16521
1580
1771
377
28858
4492
434
3525
882
911
13383
15403
3483
13932
15030
16200
39382
33209
14752
2136
38786
11655
8708
8344
450
10220
6311
2600
41867
5270
8287
35324
7873
21332
2098
3835
15224
30842
10070
4698
14943
2153
1368
34349
12140
25454
9631
10279
5044
2060
1245
31614
4374
4506
113
11676
3045
46977
6473
15038
303
2753
9587
39711
10443
7529
29461
10510
9701
1316
26488
26408
34983
4496
7665
7078
9160
6491
31570
5359
18347
8113
319
4650
5918
11687
28525
37375
12427
2469
2118
1439
21750
4164
30510
13752
9437
1485
4759
3486
8388
11185
16131
4790
1689
2750
1484
8886
411
40877
10646
862
1331
9395
690
9933
12160
8186
1560
29994
6504
5755
20721
10984
6703
15035
13904
9507
2164
7831
9883
17008
5668
10978
21459
2448
10849
34357
29508
18424
12030
65148
16176
6771
6326
3981
4762
24037
10672
24882
16256
22581
16208
10939
15538
389
20043
16764
9520
14439
5050
1863
22457
7540
8809
9123
3726
11821
15820
89
21281
10278
59903
34696
32663
8148
10568
2825
17098
6065
37705
2588
3678
13470
2047
1983
4983
505
12637
3067
11792
16156
10503
6290
12667
12888
11187
4110
24460
20044
3218
24306
11792
841
13551
36486
2357
10138
1159
13351
4378
27622
9949
19680
2127
33114
43543
10773
8273
32573
13052
6732
346
7597
7392
5168
6963
11936
28148
2411
18069
1175
35407
53992
15617
29985
23506
9558
5892
9209
38145
3974
3312
18843
9361
4068
11794
9705
611
16270
4747
11966
11546
11162
25664
7441
31073
32374
4165
20625
2374
23842
79411
31291
3412
9755
6927
7035
10058
1683
11351
566
31692
16918
2731
19575
3110
17998
13591
11807
7888
4294
10410
901
41947
8857
28812
14478
1296
5830
10186
10388
9467
1828
24581
567
17733
14059
4435
1497
22286
28923
4882
9538
2806
34743
9102
15826
6456
2276
2314
31418
5151
1777
3965
7814
6050
5020
28204
24
1302
3298
1318
31110
22618
27260
2104
3384
30168
11047
5230
19178
17455
19012
225
5715
5517
18135
8652
2668
1521
165
58942
4007
4792
572
11574
16524
12149
10297
1202
30021
11925
386
34253
4282
15196
776
2431
5332
3834
14942
10454
1248
5262
4687
1760
2538
489
4616
27396
35976
9095
54009
741
10065
1304
5198
5526
20787
10914
3040
13599
5764
26243
31799
2537
11046
26502
19731
3530
1311
9566
19383
2799
265
18353
58
13999
35519
10091
1814
2649
6774
3180
8204
4123
12274
11018
23385
20874
1083
6334
544
7439
1077
4192
23674
6542
19963
4335
8837
3691
2865
9844
8422
12402
3562
17598
1201
23791
1476
99659
24118
1239
11311
11680
8096
11630
2504
7203
14403
5813
5102
16564
18397
32826
26929
7337
39257
18883
6152
4634
9625
6571
5503
22391
13672
2585
19439
18873
4499
2563
5178
8471
6095
37605
1523
10717
62
26880
3712
32915
6211
10683
3293
231
994
15189
2856
7069
15483
2145
1031
703
21139
779
372
19993
2759
4959
3846
40442
8252
23584
12040
9858
4663
7690
1445
6692
5807
1003
446
10912
16836
1417
2674
6020
6923
3302
19384
642
1344
11901
9081
4832
7060
14833
6095
24697
3286
13886
3106
4821
23788
7869
9975
11696
9786
4138
12624
12692
5403
1929
7782
11096
32619
26256
12467
18106
1694
10940
1357
14488
36177
1447
4334
12244
4856
333
5852
3658
29523
1982
1270
5178
3910
1021
3589
15002
27267
7388
37459
3171
18692
2889
11230
2440
25340
16182
1192
34
10485
9244
3873
11600
2897
16176
5447
22634
881
12311
8483
698
12733
10245
18850
170
5281
4955
4275
1145
4965
7888
13241
12007
743
2127
2285
53639
23779
28485
8322
40949
871
5572
106
2274
2625
35573
35697
29241
5308
13025
1317
21906
12890
13803
7551
3096
64
5829
9048
4246
345
4011
34428
35146
576
777
16416
15680
9713
2409
12765
2827
8052
21454
4392
6762
4393
1879
53672
9008
508
11021
9177
9318
16777
12758
15532
12311
3778
3762
9677
30355
1479
6169
95
1360
16231
3866
15007
4537
2218
62823
654
777
6594
1250
25155
9834
12433
7678
403
4638
13984
6876
6410
4352
4658
3847
8090
4211
14094
8111
1829
8717
9545
18932
8538
895
8837
336
3389
1942
46944
23726
6176
4593
19697
6064
13661
2639
3687
5422
7053
41099
15881
698
13120
1779
3323
4620
17566
15209
26947
10665
5303
2155
6746
6455
14878
5634
12865
2512
3068
3782
26235
7032
15427
9444
2248
3356
21347
485
20994
5271
8449
2722
9961
180
11731
13050
4416
12624
1704
8173
22372
31901
20397
9029
7952
4990
59555
6624
7342
23571
19106
930
16424
2574
17343
17760
28450
15792
28619
10408
15827
9312
25449
2994
2796
996
3919
7885
16258
30083
10328
2074
8233
13264
2028
14313
6607
13087
6300
1287
21958
7535
4043
7777
11424
598
3541
6131
18826
8919
3631
11883
2636
24716
38867
2520
12950
16345
3008
583
4922
2
3560
8540
18037
7132
7696
9663
951
42383
19230
17756
11048
19597
616
2508
19951
646
13424
14123
1447
21897
2733
3718
6161
1342
32428
7078
10318
2488
7399
1414
21611
7154
3237
57886
8787
12452
33629
15036
42551
1483
6348
2169
1419
5433
24374
1978
26934
12092
2884
13943
5674
5590
12282
4338
1720
8012
17426
40814
653
4248
12414
14420
23520
421
3135
4100
4014
12800
4520
2859
20493
4563
24114
9329
1141
6533
12046
15181
16346
19627
2031
2371
3664
10491
927
13262
1842
21996
9515
13604
7806
19537
2581
19906
3541
20321
18398
52
26831
2602
592
25191
5829
22722
718
19794
27696
21819
15674
329
9704
16478
10852
18994
32976
4646
15065
41499
4189
33687
10184
1618
2169
13720
47004
5885
3370
23987
13936
7335
7401
8654
48266
3410
24641
4522
3774
2546
788
19824
5066
3805
19421
4803
696
6482
6383
10242
25265
13930
13847
26647
3479
7803
6108
2090
14958
4669
2761
10438
5963
3124
6389
7015
2809
2236
148
46864
4981
19576
20358
7857
6055
35572
40893
31886
14901
3235
930
22152
10711
7285
14146
1457
26875
11784
59425
3487
24622
3782
30591
56201
9635
14868
6864
22789
17920
17246
10736
6330
18084
2442
3428
10711
3127
6417
5531
1737
21103
20763
24707
3597
103
7830
1192
1541
784
29391
2758
15540
5893
12335
39864
4191
12312
9442
2989
3421
11445
9208
2132
15372
11030
3211
5481
27696
1339
28396
294
8845
1955
3906
11456
19493
39445
2676
20946
3432
9216
3419
7670
12878
8512
5905
16370
11396
3720
7521
859
3596
15377
6358
6231
1935
8088
20137
1470
15683
4850
9963
26165
24295
8695
117
11885
2680
14070
7457
27876
23858
22033
38358
2613
9641
20142
14690
15354
3845
1150
1868
17266
7916
506
9523
21349
15224
1400
294
3892
8089
237
17805
10324
1736
6047
30412
12024
14826
1306
3096
29307
6514
8908
27598
25951
12990
19566
24487
9889
24678
4444
10390
16981
2838
16683
7796
1345
8363
5275
20296
11888
2562
11113
6344
29
7584
35216
15647
32279
36226
21466
6298
1059
38020
6386
22249
2606
6142
2425
17207
9274
3817
2986
17059
4513
796
6553
30174
4143
15738
3907
2092
10115
15194
3478
43690
8774
1941
18208
8336
578
11806
2963
10546
14426
257
6375
1848
5772
21387
2376
10842
22087
1887
1838
18492
38380
348
1481
21110
2830
12761
3163
8647
11844
832
7496
11975
62472
2291
135
17258
18031
5910
2339
16537
7977
14784
974
7426
8643
2828
3241
16968
27839
7168
7000
2527
10368
23877
17477
1697
11060
6336
11574
3128
10835
26425
230
34768
27566
1823
4907
34703
7881
8840
7882
5038
41217
2868
20308
2833
2913
202
10576
30528
6345
6164
45791
13462
8435
26562
16337
9175
10387
4996
3123
2309
28139
3305
3111
1004
6953
5221
1135
1912
16711
8949
1530
11655
43002
16946
24128
6735
667
20367
16727
2464
9073
6085
279
8669
4134
482
8004
5019
21718
10951
18364
17070
19919
5596
11508
239
10518
12663
8437
2680
18026
8543
1488
233
15000
6369
16560
38988
4640
271
6314
5418
63060
6799
5449
14391
6521
46008
15759
10552
14301
27728
41749
17718
18905
5605
3565
18835
6831
4654
7659
3661
14543
3761
2920
4358
14710
15522
836
14645
6137
57585
5885
556
10091
19362
3889
1079
1129
3530
60486
52
274
51803
5357
9695
28781
10751
2502
13203
10531
1913
377
8763
38564
6857
11987
43736
20390
47402
18615
3351
8629
4852
405
342
452
2441
14415
8424
12186
6081
3238
38596
3195
1292
18006
5765
21777
1132
10014
15173
6287
7618
18969
8294
8515
11515
6793
23484
45118
14460
4986
1021
2960
1093
15800
5508
7811
25415
13743
14187
26844
619
6458
20533
22684
39651
33049
21991
6284
40739
887
52659
14421
3657
10397
27257
9496
8501
26637
953
2314
11533
10375
6823
1646
894
25718
17889
17586
322
6282
3269
11074
7026
3960
20750
3485
3318
14324
3378
15710
15739
544
7243
23632
5952
10283
286
2880
23566
131
18466
27087
5206
49909
27893
7396
7955
48885
10868
14122
10823
3505
5265
13260
1267
12786
14169
8340
7225
4372
8962
22139
12
12610
14839
3404
15004
240
24241
19494
2069
2593
22644
40
12318
6492
5011
15590
5083
19435
3845
21117
8837
2564
9147
3815
2380
2006
5042
1743
14322
26761
13754
6553
3076
15534
6076
3875
6651
11473
17234
1009
3750
14133
3204
24191
5606
6614
981
1960
12779
2759
2760
18863
5563
2083
109
11519
349
6437
1559
21162
35869
42793
7968
956
11109
1416
18998
14245
34713
7025
5077
8868
7029
4401
46165
7363
4748
8042
14650
439
9961
4309
20564
17997
1414
1075
2079
35180
21022
10487
10053
6624
3548
3013
2701
937
27159
17328
421
25215
48
14728
5627
8913
3163
32140
8651
2162
697
10203
2888
19629
46871
25267
16191
6487
12104
8134
26246
8358
14780
12547
22806
69
17410
3116
12072
43264
6279
5152
11597
31785
430
25433
1462
11863
5736
2434
4996
6619
323
23265
16025
24812
23861
4098
2255
9686
26189
12830
34137
32981
31925
1606
12306
5622
6677
8987
6520
30856
7688
32106
2014
9295
6946
22798
1242
19486
2140
8497
5798
10849
15775
16809
14856
19247
9348
1747
18869
26641
5099
6703
16751
2517
4286
3476
6893
2819
56
10568
28621
4998
102
2376
39776
15131
16257
1208
2158
30937
22246
16448
21335
6615
1031
1956
21551
343
14806
1871
3121
2326
11880
6320
10916
26540
35148
2962
23917
9218
5683
9881
2465
28913
6808
6286
2553
13711
1639
4051
6357
28184
13659
12264
1182
3371
9824
2226
19270
3724
2979
373
16329
1567
35966
1998
2074
27377
3300
2887
1360
10852
18855
14836
3846
36875
17228
660
5348
6442
5191
7956
6978
12967
15470
41883
3231
12749
19059
11290
6970
4471
5398
1823
6099
16958
9348
4330
19243
1889
5455
14474
20897
5199
6428
10511
7523
15504
315
18257
7600
2773
466
4379
13343
8170
5583
544
12224
6124
45225
838
3442
10455
11070
6605
1021
10968
50889
2420
4563
2663
23849
3349
7793
1351
15275
1757
4537
30733
19150
13352
2732
6792
1230
1026
1062
14226
4210
26924
8723
886
17569
31572
212
4489
1544
29546
16906
4177
7282
508
1716
20282
2735
10845
2317
20561
30520
4015
8206
4310
475
1877
10071
609
607
12987
14082
35414
5571
11235
18854
32129
22143
5353
2735
11667
11278
23617
20899
2264
17926
12724
18027
2459
16727
6964
8275
15184
28551
10562
21475
3019
11918
4451
2527
13685
9242
9745
10776
3576
10470
20926
5994
7140
13711
6364
6037
684
1976
16768
1197
23688
1525
3607
811
6900
6179
179
3817
1246
19177
44974
7074
6619
31508
10310
855
9826
11909
4031
11039
45661
9647
12602
954
779
12896
8029
9018
3134
5654
5140
15826
6110
10897
17123
4202
10079
16757
11226
342
30336
2308
1617
5443
26873
4468
1646
9559
8717
10146
723
3148
12377
16732
17154
4351
27767
17600
8575
74573
9533
2018
1886
22465
1539
826
5038
16391
9756
5279
1680
13071
18579
18680
741
16658
2511
17692
1073
246
10561
9700
2948
47660
7583
9637
7125
10201
25002
32406
2347
2031
21628
11166
9577
2125
8211
34286
15233
3223
8107
332
18453
17326
3313
18911
35870
8152
24306
5321
14178
3972
1092
10740
11204
7562
2881
4635
594
3392
4141
481
15138
6986
4578
16362
803
24647
3024
805
21098
45240
4017
7837
27420
23279
9253
3782
2646
3271
1861
214
252
817
1605
2205
13884
27635
7946
5554
10725
1540
299
6154
25033
27680
1949
21848
19343
15516
11690
10321
9859
1906
3663
9140
8122
11614
6542
18157
14452
8697
26938
