12
135
1
227
180
63
196
586
28
114
28
331
10
408
30
123
157
628
837
40
24
125
97
451
63
276
130
105
153
5
78
52
63
159
26
28
11
486
194
29
15
57
73
87
470
56
79
336
135
572
288
10
431
42
484
156
6
81
21
331
149
147
51
51
50
180
225
22
107
234
74
42
231
115
13
78
82
25
138
311
14
27
85
245
129
140
110
264
13
24
84
123
191
357
13
266
341
214
1026
321
167
28
323
48
292
37
392
12
57
50
133
172
48
60
156
76
43
83
482
157
566
267
68
83
87
112
173
96
67
40
16
29
153
15
28
9
83
34
529
125
93
146
136
34
105
236
247
11
64
140
287
71
280
30
35
94
71
127
57
171
301
286
42
335
138
109
1
31
102
159
53
176
50
494
450
201
454
371
129
131
14
144
20
714
12
283
732
208
76
195
97
285
156
13
119
183
50
256
115
4
18
442
48
92
197
160
81
60
249
99
11
104
28
121
173
93
349
53
198
16
160
30
130
119
43
108
231
193
89
190
126
315
465
5
178
241
39
197
105
278
784
30
13
167
15
91
69
49
77
401
21
87
77
88
404
15
317
373
307
98
311
94
131
606
85
33
163
62
20
264
322
58
95
196
114
141
324
91
203
98
299
133
516
169
330
159
12
138
351
9
255
80
76
93
361
153
112
53
175
127
376
101
51
11
83
214
83
101
83
310
49
96
81
32
51
70
116
30
72
92
16
438
426
430
53
245
161
60
236
470
138
223
310
65
205
1
419
67
215
75
275
186
71
76
87
62
436
260
21
71
135
8
323
163
40
250
47
19
248
194
172
67
80
312
150
34
50
184
364
179
103
75
31
202
93
183
42
153
100
325
381
234
43
371
428
105
156
1
194
85
3
131
10
233
841
308
289
125
295
223
66
172
12
20
198
119
153
95
142
64
339
17
550
40
394
82
55
40
198
37
2
531
167
69
574
81
61
220
61
236
108
186
63
84
22
120
261
265
219
114
2
96
100
273
41
41
193
7
82
16
184
134
330
61
174
121
290
14
479
17
138
241
16
109
97
413
95
32
411
12
14
83
297
24
237
328
27
162
185
72
212
49
102
13
108
32
665
138
107
12
89
184
112
7
426
57
101
196
235
233
391
76
357
58
178
44
425
71
287
80
457
61
53
211
125
63
109
30
189
741
193
13
326
17
468
423
466
54
305
62
60
7
42
213
29
29
507
242
234
83
3
110
207
672
303
12
249
110
1
168
77
239
232
3
129
415
392
117
142
22
85
5
31
6
241
13
182
463
66
363
98
166
703
47
518
131
137
330
102
50
71
68
168
350
97
315
14
277
143
40
271
38
180
323
109
180
44
427
20
9
85
180
64
93
98
257
265
469
15
170
304
115
290
112
184
151
237
31
187
59
11
145
472
50
5
67
88
303
136
273
20
91
130
221
57
34
98
206
74
103
170
2
79
83
10
108
26
418
122
208
267
54
20
29
149
219
842
83
318
201
342
1
145
214
69
68
47
90
61
58
188
130
83
122
24
111
218
140
54
146
74
9
105
245
236
25
91
102
10
100
13
454
187
55
363
73
40
65
96
10
137
85
17
160
84
52
283
39
38
13
37
7
10
56
11
60
28
66
18
11
7
486
49
164
21
20
87
230
128
122
67
324
145
493
200
116
195
913
228
95
6
80
165
316
57
436
23
82
118
79
153
53
61
80
498
18
32
42
365
16
323
188
23
9
66
79
209
34
225
186
65
96
84
167
220
11
294
147
2
43
187
413
129
227
335
72
257
194
430
104
189
86
68
166
104
86
37
7
83
110
60
13
434
200
27
2
197
99
563
112
62
28
209
131
21
93
63
439
120
278
50
387
21
212
88
632
68
65
200
153
112
25
66
42
9
3
102
21
192
99
201
70
369
36
236
147
108
4
20
191
43
93
28
199
12
3
1
209
434
172
500
154
104
92
88
157
93
154
13
193
38
308
380
39
4
2
46
446
9
1
97
28
146
30
145
148
98
134
5
105
248
207
151
6
13
220
491
95
60
374
1
36
55
85
31
249
17
184
5
297
52
265
103
97
87
80
51
138
3
18
25
118
239
219
60
73
24
64
117
143
137
591
57
81
14
59
6
161
71
44
203
37
130
21
144
465
394
119
137
87
50
18
244
242
31
166
174
139
405
27
66
234
20
60
10
120
53
163
12
127
180
183
89
44
145
23
9
99
180
114
90
32
95
114
194
85
25
181
23
208
25
416
82
147
47
55
61
6
23
306
123
40
417
18
300
52
137
209
57
170
180
481
60
189
146
136
138
80
66
439
102
141
172
3
13
236
12
302
161
48
22
31
51
81
37
23
265
238
54
161
203
99
157
200
68
251
127
171
142
75
306
351
34
143
39
63
230
14
227
161
76
58
77
6
138
188
11
161
306
230
132
23
4
49
47
1
261
174
665
173
157
54
16
74
103
36
138
51
170
308
342
894
45
184
81
142
59
139
36
216
2
25
211
220
3
99
35
54
311
44
239
229
294
322
146
231
202
335
22
46
54
3
84
20
173
180
347
216
624
103
35
87
21
56
83
68
97
280
185
190
81
80
33
119
52
228
186
90
75
129
78
288
78
185
358
117
36
39
39
428
49
75
421
73
127
62
151
7
219
8
113
20
453
58
22
170
65
324
1052
1
18
398
84
831
31
28
181
111
460
77
61
198
238
101
81
158
244
142
13
497
85
195
12
246
265
74
96
38
110
119
63
197
98
58
227
30
2
103
72
33
164
22
329
31
18
245
57
290
15
54
73
59
553
54
85
62
89
283
16
950
345
50
92
177
217
51
59
77
347
167
67
549
93
63
352
71
127
423
6
110
62
8
67
241
354
206
28
433
28
215
694
107
285
54
175
17
519
429
251
283
175
13
68
198
71
555
137
19
492
244
526
91
278
36
79
28
129
49
154
86
155
1008
334
73
290
128
79
100
436
203
32
52
21
192
3
104
319
30
240
203
45
146
4
276
183
17
173
397
11
210
178
240
47
14
26
94
276
19
35
41
105
22
135
93
44
233
14
57
54
479
215
496
15
67
320
242
114
131
243
302
179
426
249
302
207
124
399
176
7
289
63
14
305
331
134
124
136
5
116
13
141
80
531
89
384
71
96
38
29
343
124
33
239
20
282
109
47
425
225
60
267
36
584
101
19
65
430
241
131
135
97
8
158
749
150
47
76
421
113
207
557
93
105
159
457
85
175
60
387
167
62
25
269
60
280
97
184
122
35
68
20
137
33
126
296
5
3
157
137
169
118
32
246
11
2
210
288
167
149
132
108
18
30
289
216
35
321
108
149
17
248
4
309
211
119
208
17
31
212
38
70
144
151
5
98
253
223
53
213
338
24
129
98
239
55
1
192
29
153
150
16
50
369
27
111
29
174
30
78
90
149
372
352
16
411
88
161
28
165
55
158
275
135
60
85
503
79
630
113
28
448
229
699
117
113
4
65
478
308
77
202
28
642
55
224
82
51
9
54
328
133
57
391
8
7
378
155
54
434
372
130
144
333
360
95
72
30
65
382
216
233
238
122
171
95
78
332
218
93
253
40
263
14
2
247
88
161
30
142
288
73
37
17
338
219
29
83
105
63
5
212
162
207
42
63
468
80
6
271
187
166
36
184
162
152
179
139
132
180
67
205
243
22
198
290
161
97
161
31
338
129
132
22
121
197
179
133
30
32
184
51
201
35
86
27
214
5
156
41
23
69
118
34
66
101
26
592
119
63
160
451
328
152
10
684
96
1
35
251
154
403
197
241
458
29
61
129
306
11
109
69
30
16
90
230
200
5
320
25
7
247
1
170
6
27
337
24
175
306
333
20
824
42
402
95
349
13
189
93
30
110
162
66
85
26
67
127
439
18
21
626
248
55
406
34
56
31
26
79
110
84
280
2
132
55
332
247
76
18
85
9
54
159
37
205
35
158
236
66
72
167
80
146
521
97
235
11
23
270
185
5
284
59
368
58
232
411
296
55
92
112
363
57
65
472
212
108
79
190
102
184
1296
10
188
150
41
119
32
348
68
134
129
70
31
81
223
235
59
212
406
190
389
312
2
93
171
155
134
13
69
70
78
273
106
1082
371
26
135
4
80
182
37
242
19
7
106
33
285
146
333
275
103
74
38
162
37
299
29
43
131
323
80
317
339
92
118
43
152
17
291
214
26
39
438
504
148
134
33
284
172
188
202
225
217
22
351
83
606
31
454
169
33
343
38
250
19
79
112
122
57
36
128
10
190
8
80
325
216
8
346
148
19
307
268
123
156
43
61
43
102
148
407
49
138
81
106
14
318
20
433
3
9
83
80
25
37
24
283
46
56
10
4
163
52
43
99
30
83
55
53
112
54
67
357
62
208
60
7
21
461
91
122
186
169
513
179
108
166
32
24
61
83
4
221
65
453
17
302
25
159
44
244
32
94
43
220
199
11
29
172
151
110
29
186
18
306
357
2
207
88
18
124
302
202
152
132
132
100
127
75
122
73
102
125
132
6
132
467
174
17
181
112
105
10
60
45
27
174
15
83
72
172
8
409
119
31
212
312
118
6
298
510
26
65
80
20
138
138
259
428
171
35
36
288
8
26
288
104
86
24
184
330
27
184
373
8
73
285
120
31
82
53
17
2
355
128
315
332
259
187
302
240
80
98
39
249
279
555
148
365
46
59
212
244
883
164
227
218
389
11
67
1373
112
370
16
208
100
59
12
378
182
27
185
400
121
211
88
191
284
43
40
35
112
104
330
65
60
129
125
8
5
158
156
21
175
65
14
259
130
557
329
463
281
178
106
136
31
144
38
20
552
133
213
6
78
59
282
49
21
422
219
59
142
33
108
114
208
53
260
21
627
45
10
305
404
194
340
3
3
136
5
70
36
511
24
3
237
500
256
58
231
131
503
332
430
108
172
459
99
80
174
33
103
35
66
91
254
49
329
243
264
46
108
8
3
288
84
239
34
477
6
70
297
365
107
215
102
16
251
21
139
5
126
22
122
310
316
83
10
61
252
316
390
154
293
17
7
232
261
38
122
17
23
220
144
305
29
99
156
30
78
100
139
24
131
96
41
185
36
14
55
78
88
170
62
116
39
76
5
54
11
415
62
233
19
164
149
57
146
22
95
82
38
12
164
80
80
128
68
165
71
151
66
63
151
153
467
739
197
193
13
108
234
36
11
122
143
333
454
68
262
214
269
12
521
5
162
198
213
100
46
239
2
70
256
145
42
366
12
80
148
504
187
59
13
59
38
20
206
406
211
216
92
248
59
7
181
54
17
104
192
169
200
195
382
83
635
146
474
162
58
145
59
28
20
95
70
636
99
44
108
302
2
79
79
164
7
25
180
179
439
294
327
245
14
98
6
205
91
369
35
13
61
47
8
132
409
100
49
21
28
57
141
41
106
128
24
91
197
118
595
29
43
67
170
39
86
81
13
479
43
413
113
332
592
139
5
188
179
50
361
65
28
98
53
402
29
53
24
121
208
8
142
16
30
29
196
7
63
1
15
53
701
36
143
28
881
226
100
72
163
195
104
203
52
31
76
276
40
11
45
7
64
29
9
283
50
39
198
138
355
124
44
116
319
40
9
61
183
24
185
128
13
601
121
91
48
40
638
119
53
73
50
18
463
63
287
165
24
19
36
261
33
219
263
140
123
13
173
449
376
18
84
15
33
137
17
153
106
283
118
201
23
73
298
115
76
382
33
100
26
121
26
215
27
122
64
254
4
73
316
219
58
63
77
164
25
160
163
152
22
107
19
42
393
499
234
99
3
466
129
326
40
145
72
207
83
260
104
58
40
195
37
72
43
10
110
12
66
70
190
6
175
93
533
18
144
297
37
307
51
35
101
746
73
54
92
109
1068
124
61
288
67
387
6
226
142
33
58
133
177
261
125
39
175
162
79
313
248
66
197
61
366
106
151
245
306
615
563
49
281
328
19
17
432
175
751
31
41
126
65
250
21
51
167
148
40
117
74
16
16
229
76
116
269
83
133
30
178
41
137
4
36
108
21
308
146
65
53
210
37
159
212
46
78
412
14
194
92
287
11
326
86
272
3
139
127
576
69
11
339
252
185
220
19
40
245
157
125
7
106
48
406
239
22
73
26
213
226
368
16
16
200
102
195
106
30
37
244
98
32
281
110
137
57
9
93
78
210
85
117
339
289
235
148
202
55
142
69
79
17
153
163
34
227
77
328
256
39
55
528
257
399
98
99
104
58
202
72
3
79
63
10
9
334
36
39
88
12
14
142
11
12
66
57
402
46
158
53
243
387
172
79
921
91
237
213
166
320
415
85
194
101
97
236
115
139
165
961
23
76
225
109
18
206
550
119
273
21
38
32
10
3
123
2
28
283
14
293
84
27
101
17
372
104
108
502
91
165
448
31
200
204
16
136
241
122
195
40
50
17
46
104
53
55
94
3
700
189
53
4
31
321
21
530
295
130
125
162
104
19
211
27
84
289
18
20
138
92
86
178
115
721
304
239
39
127
192
171
20
147
13
39
8
156
34
110
4
261
59
112
25
174
176
53
19
498
248
62
428
25
216
26
334
76
234
448
95
41
32
256
488
130
258
308
138
24
17
31
2
614
10
97
17
221
158
102
98
67
177
178
200
79
106
60
127
17
61
182
6
43
91
7
72
629
59
56
242
103
34
79
357
88
803
18
339
29
24
208
73
154
61
221
110
154
67
131
22
384
487
18
46
4
162
141
261
152
147
361
28
144
678
252
109
186
596
185
235
82
4
12
224
197
132
458
90
77
110
7
126
8
165
394
117
100
154
220
147
114
9
1011
121
171
203
185
112
131
13
23
67
49
21
253
25
491
470
186
804
686
86
218
226
363
22
155
21
77
445
34
274
31
36
24
1
210
127
44
35
649
151
264
139
103
153
53
40
166
203
58
53
84
233
294
166
16
17
194
542
97
6
307
142
58
195
184
99
108
22
424
42
97
253
328
237
3
136
10
59
9
74
38
83
22
89
194
199
322
77
239
252
137
462
7
204
138
138
107
68
532
153
335
300
70
45
28
108
386
40
161
168
85
227
32
205
130
43
212
287
86
41
577
53
532
242
17
36
193
335
285
143
113
83
42
46
318
277
665
8
100
136
79
30
109
156
666
114
306
608
42
349
196
226
23
198
73
194
21
91
917
447
17
50
374
10
132
6
350
196
207
126
81
86
158
229
327
254
116
15
211
174
36
143
33
128
146
8
54
167
116
38
428
110
350
152
78
169
71
41
160
166
80
67
31
285
275
15
96
420
27
71
179
29
47
124
257
41
146
55
107
49
73
203
177
43
140
14
122
255
8
378
123
155
61
57
152
321
184
68
263
142
366
110
109
32
14
29
85
26
21
86
104
245
116
455
158
57
449
33
73
51
121
31
648
58
183
237
31
110
61
3
29
308
325
125
275
185
58
18
136
101
864
6
484
198
38
19
86
38
13
49
443
40
70
67
320
113
2
153
36
138
36
141
213
134
127
223
143
6
33
252
37
422
126
54
782
20
332
144
314
135
28
174
273
265
41
597
2
339
99
437
332
4
204
341
323
243
320
12
9
115
15
393
64
206
44
375
121
4
377
145
207
315
344
14
303
93
184
119
308
141
114
52
125
138
69
96
97
321
40
235
203
5
39
190
131
229
17
232
241
78
77
114
248
158
295
14
121
314
54
135
451
9
109
191
61
53
108
47
230
86
262
36
224
92
68
64
505
203
28
50
83
9
51
189
330
135
262
70
180
289
201
79
66
156
64
204
87
208
584
69
206
45
103
18
102
5
248
284
70
6
22
33
103
76
62
110
224
190
648
55
224
3
107
14
168
73
376
307
381
39
97
340
193
779
398
146
8
97
13
33
225
32
17
97
141
66
806
69
97
126
14
139
161
10
159
29
89
184
27
51
8
150
5
333
30
243
4
56
29
97
76
364
127
260
370
61
82
2
215
23
277
75
53
31
65
56
748
158
27
116
280
44
249
208
679
91
46
436
86
21
92
30
132
8
180
32
208
738
33
206
34
375
19
478
368
639
266
16
94
182
63
159
41
98
577
329
143
17
207
417
98
252
85
173
481
15
158
84
114
511
140
79
39
11
459
409
112
116
487
44
114
8
141
126
76
71
76
88
133
662
110
4
69
32
154
14
95
69
16
103
101
1
44
61
49
140
134
5
22
146
143
478
137
5
148
147
162
16
17
153
323
290
425
11
18
134
332
139
106
107
173
98
65
127
299
5
126
217
86
173
73
288
71
82
233
74
95
61
52
78
872
157
26
10
66
343
688
13
148
34
333
306
255
178
102
77
468
302
64
140
92
86
73
257
22
167
437
136
54
82
191
246
237
298
9
247
128
80
308
185
83
183
130
192
246
18
189
152
63
191
66
71
50
309
140
22
48
20
39
51
11
313
65
57
163
208
129
710
215
314
61
244
27
26
179
248
52
61
2
62
182
46
36
80
265
151
67
97
65
140
607
154
72
386
108
425
244
120
128
145
74
114
181
488
226
7
11
361
213
83
142
85
158
203
3
5
3
14
49
61
119
74
200
45
108
109
130
133
8
106
40
113
232
160
60
45
131
189
309
119
50
55
12
407
263
336
134
184
53
16
53
26
81
184
103
130
60
21
216
31
191
376
29
77
186
18
27
5
68
73
72
199
134
57
13
301
39
500
23
65
163
259
136
236
154
15
54
515
2
51
28
139
363
223
87
200
76
61
83
386
2
95
294
169
115
70
122
576
6
33
17
2
71
445
57
148
133
66
3
131
21
113
50
302
87
732
173
260
68
65
62
204
230
513
176
10
29
9
6
78
144
404
89
35
53
29
8
4
104
20
1255
176
522
206
82
19
82
93
50
191
22
327
12
63
22
296
153
176
131
18
17
35
146
43
15
92
348
25
80
122
51
13
222
104
286
15
127
82
220
7
143
84
550
446
52
66
42
202
111
69
117
11
50
20
31
29
111
207
11
136
55
138
178
85
137
17
99
218
313
137
9
364
379
119
147
199
48
229
69
179
91
62
87
201
99
21
58
72
15
654
208
212
118
373
3
162
284
466
11
246
41
510
41
156
137
58
116
8
96
209
21
222
16
118
74
42
49
14
48
370
112
125
358
113
280
184
33
174
212
222
87
198
217
138
344
7
14
379
105
64
50
73
12
1
110
340
275
82
25
58
91
418
150
51
23
117
91
60
125
363
57
91
70
415
834
1
272
64
21
147
91
418
125
96
29
61
14
253
30
418
122
227
121
43
12
41
101
148
66
253
542
87
53
165
628
112
1
82
628
427
26
442
179
42
32
150
173
38
59
5
1
83
44
296
46
13
50
27
111
224
51
59
182
137
148
48
81
36
365
57
71
80
79
19
582
42
158
168
156
465
82
563
16
213
31
641
45
84
186
119
73
194
168
30
123
206
159
125
94
109
271
9
467
59
119
170
159
44
52
206
148
96
350
13
47
30
36
49
170
40
84
57
281
152
8
120
229
262
203
189
106
176
58
5
49
20
195
150
112
247
81
204
11
201
63
465
280
462
144
507
29
380
66
73
14
102
92
88
256
24
99
198
387
93
50
200
114
528
17
41
72
15
131
15
196
34
167
68
355
275
115
72
147
158
213
78
365
98
244
9
121
269
11
191
4
164
136
90
2
45
85
13
88
205
130
65
241
314
5
307
424
39
2
114
108
74
60
437
188
33
11
57
75
155
99
451
112
507
154
25
644
114
154
467
31
139
568
329
23
273
73
281
605
35
309
3
253
172
66
264
16
95
273
170
217
302
204
20
346
374
247
122
128
28
49
56
295
139
26
1
110
23
50
202
138
222
109
59
25
366
133
230
97
26
122
57
146
46
487
399
38
890
84
58
26
173
11
35
27
9
360
10
175
235
151
180
59
48
94
387
212
344
35
429
205
401
185
41
173
250
11
337
169
37
211
140
714
412
61
44
169
65
41
78
49
71
108
36
201
83
102
4
10
44
394
93
57
46
202
151
323
48
44
8
235
139
190
468
96
185
258
41
122
728
8
104
21
39
86
230
18
18
100
58
95
43
115
78
69
52
379
118
554
37
335
40
90
82
190
114
71
24
48
19
86
20
39
121
68
26
151
150
39
543
489
155
25
88
119
3
1218
83
16
11
10
80
2
150
169
31
125
84
185
18
634
36
137
62
90
9
151
68
29
168
83
130
63
300
127
109
63
119
463
228
52
76
171
416
72
572
32
277
228
100
144
150
53
24
556
15
84
434
216
251
144
143
32
33
115
24
161
367
68
177
23
448
700
253
67
93
214
52
76
37
237
3
101
31
173
50
125
59
60
61
329
295
85
138
61
30
255
81
8
75
247
44
157
25
203
131
23
6
171
21
137
256
77
145
433
249
133
26
36
189
181
134
32
33
47
24
87
23
13
130
220
139
66
18
85
28
49
237
31
288
51
60
239
42
352
56
203
276
165
129
215
27
342
38
328
19
220
62
135
545
188
99
145
40
340
77
80
30
40
48
252
74
890
216
243
226
56
104
282
478
21
36
363
221
514
149
85
277
53
216
71
15
99
250
56
364
35
380
291
67
189
329
11
157
3
8
832
232
194
307
51
65
166
7
410
81
373
424
170
15
2
53
203
73
69
183
289
292
386
225
74
415
133
6
136
246
1
3
26
14
143
99
269
169
34
8
138
35
49
9
85
91
52
78
16
50
242
38
21
50
269
12
152
360
20
323
254
93
378
29
190
15
77
39
88
143
80
127
31
88
4
103
25
70
169
1014
182
110
1
381
365
121
62
20
113
18
25
279
81
248
26
29
349
79
203
115
100
93
343
53
112
41
200
146
2
177
71
8
101
165
77
69
302
36
165
41
63
121
234
486
86
167
50
83
98
23
218
346
70
171
334
10
57
2
133
219
64
24
38
15
240
192
59
45
20
320
227
148
16
111
102
28
86
88
14
398
64
191
85
379
56
65
152
15
372
167
27
146
157
61
105
26
70
193
159
12
12
139
12
59
120
28
232
102
68
33
284
94
176
42
69
102
17
6
102
170
479
35
435
166
74
321
378
33
341
189
226
255
22
295
41
147
450
162
22
76
46
576
35
461
144
102
197
78
16
86
58
395
188
36
84
27
252
246
183
248
293
9
218
392
50
57
242
217
39
883
74
53
106
16
15
41
275
6
34
72
135
114
137
120
141
327
365
276
404
39
90
2
54
409
98
134
63
324
204
700
15
4
207
19
158
5
152
3
128
77
52
71
143
67
71
12
192
247
383
113
194
62
110
391
84
98
172
647
69
31
13
4
209
136
262
38
106
107
30
141
48
4
200
63
227
23
23
1
138
458
18
287
80
94
229
15
26
56
198
151
55
172
201
294
263
50
205
39
20
199
181
257
65
343
43
21
3
300
180
17
451
14
52
115
265
67
50
23
43
67
200
67
193
75
17
135
62
3
6
545
53
18
142
29
185
82
69
242
4
273
23
33
98
6
317
86
218
125
45
186
383
304
9
25
30
139
69
239
28
117
352
60
174
694
65
134
180
162
153
6
153
82
60
206
17
218
725
30
38
127
484
129
251
49
19
152
23
661
16
315
40
200
172
187
89
983
323
224
63
243
91
72
40
47
1
505
52
12
11
120
40
39
101
57
213
21
18
58
1
58
84
66
68
400
64
37
103
206
122
243
70
131
325
225
68
201
38
74
208
40
226
46
107
312
95
110
393
198
271
88
25
135
122
25
452
12
98
20
46
57
205
26
32
34
186
310
236
96
62
60
22
86
28
351
8
46
297
129
48
212
138
23
626
67
37
215
294
166
45
364
2
203
100
114
234
130
52
99
45
101
146
522
663
486
280
31
143
48
82
129
71
154
31
23
4
90
105
125
26
65
12
114
155
40
49
66
6
19
73
47
89
45
275
90
80
274
5
2
29
108
164
23
205
42
7
153
472
114
145
213
92
151
70
84
48
10
18
154
84
231
49
42
46
33
32
525
880
141
64
117
144
354
244
55
459
132
54
71
385
188
105
9
119
151
560
156
64
2
545
236
120
43
249
143
252
26
239
19
62
186
194
185
55
99
24
27
49
87
255
118
73
50
277
281
91
22
9
17
121
123
642
101
188
61
157
123
155
91
53
319
26
157
44
64
592
46
67
112
33
168
82
195
64
329
115
136
106
64
44
131
19
541
214
191
16
51
16
74
22
458
2
85
201
80
75
354
148
66
46
421
82
124
10
58
137
97
115
156
124
93
413
165
79
82
163
16
237
143
90
208
39
234
170
210
19
108
30
71
190
14
92
65
219
138
41
63
429
78
104
54
815
13
18
196
26
114
49
222
10
63
175
153
46
480
86
162
23
163
117
156
159
295
6
231
4
55
305
47
1
49
355
14
127
100
22
273
115
550
57
671
228
52
42
82
227
94
225
88
104
79
275
229
106
131
33
140
32
323
52
182
208
140
386
133
155
40
74
127
84
169
90
90
22
76
178
17
194
62
34
177
65
102
186
330
85
26
64
102
7
249
8
149
33
124
84
240
30
55
218
55
103
25
140
2
125
73
72
114
87
77
356
104
95
62
140
525
3
244
471
23
48
28
507
160
67
242
47
182
222
284
41
96
31
18
147
58
127
84
115
36
205
10
427
203
90
7
9
150
145
153
4
229
210
49
136
116
142
203
144
5
46
102
1
442
287
167
110
29
83
15
53
5
197
110
60
60
73
492
196
78
110
82
197
138
82
38
574
411
86
4
25
131
40
82
327
25
182
26
27
366
50
93
25
148
219
32
28
317
165
542
9
180
113
81
143
134
86
251
55
184
81
54
204
22
127
132
261
8
368
12
15
107
257
298
70
215
30
140
70
172
172
48
29
75
10
252
142
28
436
100
69
4
55
209
62
62
131
85
185
568
11
197
30
69
163
79
73
120
120
78
84
77
443
55
227
219
119
28
44
52
30
244
214
231
279
47
36
380
15
80
31
224
14
189
68
243
199
36
240
1
53
354
16
149
338
386
18
78
115
39
87
144
137
458
150
454
17
31
10
53
48
110
264
617
14
5
86
56
1
466
366
24
404
215
88
157
219
61
100
58
7
205
8
367
93
4
245
16
23
348
210
240
270
236
30
24
55
78
16
112
190
87
161
115
3
762
29
267
229
17
106
24
51
194
157
144
243
37
175
74
16
177
180
596
101
394
187
215
315
30
244
138
385
74
15
86
37
70
921
155
22
49
523
203
20
2
24
250
90
88
6
173
161
30
170
50
50
36
426
186
348
482
128
54
256
78
362
18
145
271
36
35
12
1
115
7
73
13
123
17
72
38
136
111
61
64
10
37
28
33
72
896
159
29
383
113
318
235
69
31
2
306
180
49
38
48
79
88
109
390
83
162
112
103
68
48
20
99
322
67
58
34
454
530
21
102
59
12
109
39
111
16
41
378
145
70
187
17
288
120
200
108
7
22
156
260
172
162
26
128
31
291
193
34
1
130
38
168
331
265
108
58
269
65
251
15
22
329
11
62
139
1
273
65
78
103
26
164
243
102
75
122
327
446
74
5
555
58
72
163
137
43
90
3
34
4
331
34
16
154
70
5
528
255
149
12
123
302
462
142
217
282
161
60
6
147
155
292
154
113
43
101
12
315
74
114
130
153
246
32
113
850
305
208
471
80
56
126
54
281
72
49
64
212
315
302
190
15
183
409
224
23
79
132
247
145
30
527
24
15
206
207
181
118
109
40
116
982
69
917
21
78
77
321
754
161
111
347
94
160
273
106
187
131
17
29
201
660
191
32
82
20
13
231
85
8
158
226
125
123
181
175
135
43
20
367
2
839
85
32
19
537
64
28
27
244
439
181
289
29
132
146
79
696
35
157
50
37
226
140
46
181
230
25
301
73
414
393
36
50
24
759
59
126
178
135
1
43
242
176
34
121
941
69
92
55
159
59
271
9
101
576
351
51
15
162
110
14
86
547
289
8
7
103
564
102
20
40
97
221
422
133
132
76
111
211
20
173
1018
200
9
19
63
436
676
83
207
177
351
49
92
103
160
312
22
501
139
17
150
499
208
237
76
28
45
86
26
31
127
609
139
3
310
269
57
98
58
62
13
27
279
163
235
59
126
173
354
689
384
167
66
22
768
215
116
76
263
177
347
30
469
76
100
93
28
10
63
244
43
395
363
87
286
64
101
175
402
555
152
425
8
336
221
192
9
77
49
287
128
309
210
271
89
40
83
28
175
27
179
114
31
152
335
42
25
114
90
58
28
42
237
228
135
140
97
10
160
113
240
145
110
1
215
57
1074
96
450
61
19
172
88
5
299
91
56
174
82
76
216
56
80
136
76
92
158
65
120
45
111
13
30
8
161
12
28
540
266
96
185
38
145
129
66
39
315
142
71
244
46
166
103
1
31
455
271
445
198
28
128
217
481
43
351
170
41
191
426
22
523
173
24
203
43
12
39
45
164
217
1
90
16
148
124
84
558
87
4
27
257
211
101
19
130
37
187
21
103
42
308
13
125
268
58
133
210
55
30
165
250
303
15
12
567
149
291
55
51
74
298
239
2
76
197
13
5
81
90
286
75
69
45
77
9
184
164
151
288
260
15
253
141
142
290
29
99
253
287
39
304
6
138
3
72
162
227
87
167
79
59
137
25
7
296
59
111
60
200
18
85
10
82
20
210
12
77
184
100
24
84
231
121
226
41
6
173
87
72
59
107
297
153
48
329
33
16
157
101
142
42
70
214
21
86
195
127
74
10
64
548
194
144
112
193
645
119
17
398
384
162
475
23
118
49
142
124
37
402
109
18
212
210
418
56
106
776
7
178
55
89
428
115
198
38
320
126
276
14
149
156
102
74
20
522
803
65
375
32
712
125
35
66
54
152
239
8
23
72
300
60
290
40
189
260
53
11
17
457
221
38
99
332
164
87
47
46
352
56
54
201
5
279
134
73
45
144
76
143
60
140
204
63
195
41
132
66
28
95
148
597
87
127
214
82
83
27
66
218
132
324
22
539
93
64
33
323
149
135
162
225
47
597
119
449
99
244
85
284
346
328
315
20
68
20
577
70
386
715
83
177
79
404
92
293
219
29
39
48
100
176
65
48
51
84
56
81
98
140
76
3
294
91
131
65
19
255
12
34
157
305
130
232
65
73
28
202
5
55
97
54
84
21
58
99
43
92
571
361
21
130
159
168
45
193
225
242
69
219
46
392
8
13
212
80
355
82
45
132
170
9
121
341
19
69
163
220
214
148
246
655
50
202
110
124
84
678
174
123
223
594
71
5
79
223
52
62
628
176
25
176
427
295
183
83
186
12
203
610
40
35
14
22
69
352
17
13
33
291
526
187
127
18
55
48
210
356
20
35
34
94
84
313
11
104
79
58
648
231
350
95
23
498
443
294
141
337
77
213
23
20
96
408
181
146
91
194
53
142
45
186
615
143
376
102
28
30
140
127
74
26
7
131
45
189
185
259
103
110
143
383
781
461
379
54
107
317
52
120
13
32
199
28
73
80
39
62
73
842
28
263
28
204
175
348
11
26
641
103
50
489
73
528
261
54
220
1
67
79
55
106
409
253
123
6
270
4
331
333
129
346
29
15
50
479
103
131
715
292
47
24
196
91
11
40
123
89
102
44
101
329
33
31
419
189
57
131
119
56
57
69
142
374
71
409
509
24
344
119
127
289
32
38
484
38
59
436
39
2
106
54
68
83
299
2
15
386
223
87
221
5
29
198
153
819
18
182
482
32
22
108
50
2
141
4
6
231
299
173
79
333
21
31
125
183
159
382
35
488
334
117
14
89
24
4
416
514
38
467
35
24
222
52
48
66
182
29
21
193
44
27
100
65
11
89
80
18
23
301
64
68
33
403
379
151
267
344
573
29
355
48
131
408
127
141
21
233
372
158
133
144
82
3
29
169
175
122
95
225
191
10
447
169
151
5
56
408
461
166
428
119
44
125
345
244
148
272
221
381
183
55
102
60
80
40
162
11
137
44
26
243
181
43
1
287
149
114
140
161
658
321
167
67
79
522
178
78
282
25
182
16
243
246
102
180
370
82
61
131
30
216
1
116
247
16
11
53
120
54
9
84
82
20
521
161
75
37
312
304
45
42
230
22
570
130
193
86
59
112
44
277
20
494
155
172
1
232
64
50
373
132
2
223
91
28
565
47
420
138
25
27
146
525
149
36
272
17
15
114
252
80
5
31
50
57
241
265
221
207
25
68
177
106
6
178
161
4
142
80
22
13
61
5
31
55
12
465
74
254
349
227
282
55
102
38
269
163
189
96
28
52
256
20
279
24
6
140
88
135
9
111
195
474
67
165
137
168
218
99
11
221
129
11
28
23
533
232
37
119
209
270
167
163
27
583
97
29
351
174
41
83
60
98
20
78
230
12
511
212
328
178
20
37
120
821
54
532
187
146
262
100
198
217
191
55
3
108
241
18
53
543
314
72
46
14
22
116
4
307
146
208
279
580
50
136
78
497
53
56
24
45
141
131
29
162
200
95
121
21
468
15
149
3
3
215
65
68
190
98
174
239
3
144
15
536
407
117
102
60
193
24
53
390
123
145
34
217
72
273
5
40
43
27
498
102
75
62
170
110
101
109
233
101
421
80
303
135
33
172
607
60
153
77
140
99
177
825
67
41
15
220
26
65
77
336
36
94
66
392
206
80
75
12
428
71
27
350
98
155
57
105
107
67
49
35
5
309
219
38
359
382
80
24
228
171
174
180
123
171
129
58
80
74
278
9
641
210
162
56
79
542
637
4
14
77
297
119
79
61
78
15
78
235
298
108
129
266
254
150
130
11
36
75
366
610
296
165
372
205
49
174
24
432
71
18
620
18
195
63
174
30
38
396
248
70
581
9
33
25
28
37
299
164
532
113
131
123
222
73
350
8
64
65
41
392
415
82
151
64
441
328
125
232
162
37
31
208
264
42
28
113
47
140
1
304
151
460
130
7
69
5
201
142
79
116
122
368
347
45
166
77
642
39
38
226
75
105
89
183
59
158
8
242
225
56
166
92
9
9
119
66
254
139
102
113
138
138
111
2
545
26
225
48
42
7
33
53
14
627
208
102
248
181
266
103
30
503
356
72
295
21
87
147
14
24
285
288
50
9
155
287
118
85
788
250
220
5
147
337
4
83
72
360
453
53
445
4
100
173
126
94
15
113
202
118
2
101
15
8
36
16
460
293
633
285
94
204
9
257
40
204
472
143
126
293
207
210
74
265
84
47
3
33
169
2
376
562
83
8
208
130
203
23
222
180
32
376
89
74
250
49
130
95
267
37
90
167
134
76
46
104
57
99
415
5
15
80
293
39
17
333
161
49
74
213
330
74
19
321
193
531
169
308
43
223
40
227
43
128
121
86
111
65
15
177
299
19
79
944
3
145
137
40
425
227
298
45
11
164
253
235
49
149
2
174
233
173
208
63
14
217
63
79
177
272
33
366
108
242
258
23
104
216
73
23
468
26
30
177
28
80
103
211
126
251
88
81
189
126
146
170
1
47
442
9
77
55
163
93
228
53
57
324
20
32
92
181
167
23
31
51
26
95
90
471
260
4
97
132
450
181
172
210
127
331
82
64
344
22
166
159
125
36
331
150
73
224
27
24
11
417
328
21
592
16
101
230
44
469
94
189
181
50
121
146
27
45
117
45
25
42
391
132
82
9
45
150
109
12
392
47
84
130
126
96
366
16
171
3
599
153
84
120
9
237
3
22
161
229
78
101
88
745
7
519
180
287
117
267
258
668
179
31
27
74
105
1
130
5
437
226
56
90
297
39
214
348
79
63
15
61
113
74
70
181
7
367
41
2
539
11
3
578
205
229
398
82
94
4
225
86
123
492
313
32
310
15
104
90
53
60
1
57
140
17
340
132
307
49
264
429
300
13
9
837
19
200
197
765
99
38
383
13
306
61
199
67
26
213
142
43
49
257
75
132
148
15
200
64
59
238
27
6
112
131
116
56
57
40
269
204
106
12
151
1265
150
144
5
35
36
86
84
4
19
17
271
193
757
44
45
651
121
128
27
94
202
390
162
102
208
41
85
86
46
781
31
2
97
87
42
18
88
154
82
2
15
4
81
81
136
126
114
22
204
98
41
58
124
358
110
161
36
44
24
70
288
276
81
179
27
225
8
411
250
84
135
91
9
322
19
109
10
414
25
84
67
565
487
125
177
17
53
93
24
249
197
177
3
155
1
393
310
93
144
356
60
43
128
154
266
175
49
167
48
75
632
187
14
304
2
132
457
38
12
95
5
36
21
118
10
105
179
74
28
50
154
24
31
118
120
124
62
196
172
15
139
91
161
141
232
20
57
315
73
51
25
21
259
228
248
277
65
39
54
123
27
113
176
108
384
353
130
1123
139
24
8
144
260
189
47
27
67
162
106
350
112
94
168
58
57
294
70
269
167
6
27
7
298
180
478
126
310
203
9
26
119
553
315
32
1
23
421
427
6
960
116
183
315
111
119
72
151
182
215
16
12
22
72
133
129
370
68
297
111
75
252
180
18
69
111
407
698
17
165
53
69
1
60
149
153
149
120
150
17
221
104
309
94
141
36
205
308
3
37
129
120
136
178
38
231
135
104
79
20
152
125
46
47
238
97
168
396
144
206
46
48
28
195
35
196
26
119
339
2
208
171
6
281
216
320
153
105
144
385
94
53
519
126
82
122
139
107
2
31
2
15
36
47
5
7
648
5
81
44
203
69
113
31
241
2
38
118
60
349
68
89
64
111
267
288
226
12
259
33
12
101
69
140
130
18
100
195
169
21
81
8
4
65
46
153
11
62
6
129
64
141
225
240
36
92
80
120
6
73
186
180
607
68
78
68
484
29
164
146
43
43
103
66
449
27
182
15
109
187
77
73
99
198
210
175
68
49
176
72
331
237
462
97
42
38
278
110
7
138
107
149
181
190
195
185
384
22
306
244
395
57
349
95
100
90
38
99
90
219
99
167
128
208
109
334
105
100
58
51
195
590
108
40
248
27
123
287
83
7
384
131
66
261
80
86
806
10
115
70
115
76
210
99
229
127
262
358
193
110
147
39
315
379
22
380
126
122
2
337
24
634
23
106
146
140
78
58
119
722
360
52
300
547
25
185
179
34
334
55
130
565
10
85
183
49
136
40
239
106
234
73
9
114
51
181
70
299
225
124
29
60
261
272
94
122
14
17
19
465
156
105
92
17
158
2
4
209
14
25
29
243
499
159
28
402
74
210
60
23
23
272
191
34
75
173
55
78
76
156
92
232
54
535
160
90
46
151
30
166
15
176
5
163
24
354
245
116
74
463
209
153
70
112
53
9
53
237
4
21
98
331
226
204
417
12
44
23
96
36
113
104
184
18
92
11
33
149
110
226
3
24
462
18
327
23
132
534
146
37
8
64
640
667
126
417
514
403
88
104
53
48
170
20
43
163
713
161
82
23
249
12
327
42
155
102
1
163
115
231
219
6
711
29
21
43
277
75
2
837
98
174
246
229
180
6
38
459
26
292
115
453
25
222
60
668
328
258
81
18
90
122
540
466
275
142
226
83
84
125
113
38
333
335
294
938
46
118
104
423
179
145
44
96
13
6
107
301
7
68
30
210
10
503
296
117
470
12
124
80
538
53
62
147
218
152
218
215
71
211
316
34
412
212
101
1
88
275
456
197
186
29
94
70
29
58
44
123
363
65
286
52
160
55
26
664
141
248
36
191
93
532
669
139
200
471
49
328
49
85
57
178
67
64
6
7
61
113
13
30
247
361
186
40
261
261
74
316
13
92
266
33
54
57
421
133
39
108
20
152
279
201
247
27
24
186
53
34
250
2
134
227
129
9
107
65
172
183
77
368
117
17
186
70
185
79
21
50
530
64
267
46
276
33
184
41
344
195
227
2
370
413
224
134
337
262
84
59
174
211
154
63
22
270
698
116
63
269
331
122
243
176
298
136
112
42
128
64
75
380
100
35
499
38
21
446
92
282
267
9
132
87
17
193
99
47
164
194
35
226
505
194
112
45
333
76
14
174
298
73
91
4
32
114
183
288
104
578
31
138
218
17
264
90
103
28
178
257
34
16
215
186
3
158
11
686
164
259
18
226
99
298
20
514
357
96
326
14
152
28
339
20
453
152
3
217
135
330
289
57
154
184
239
41
233
148
2
369
124
59
126
428
160
274
53
17
28
427
89
217
75
82
4
121
9
128
108
190
637
7
185
241
32
67
199
123
279
8
80
212
5
233
21
66
617
336
53
163
267
70
161
578
89
497
232
179
534
97
60
19
543
40
156
123
198
28
39
92
38
14
45
191
205
37
5
245
98
82
477
109
443
3
143
626
185
208
36
81
201
17
123
199
125
129
41
4
255
230
193
175
38
87
236
179
252
3
241
373
141
33
98
117
475
15
563
68
277
33
264
152
134
2
44
154
99
150
189
613
83
180
51
54
32
22
185
118
367
114
228
350
18
107
22
345
19
211
185
439
3
157
139
79
15
188
429
412
173
219
47
288
35
5
318
54
626
371
400
44
78
6
131
116
5
13
222
72
16
95
86
363
77
82
47
314
35
30
113
2
74
172
309
133
78
110
133
152
19
36
32
310
18
207
59
743
267
122
347
58
88
153
527
44
80
307
126
410
74
51
6
19
231
387
100
255
66
540
61
45
27
142
182
187
69
92
443
499
66
76
63
535
41
196
166
53
25
272
45
59
280
157
352
57
23
328
78
192
68
110
173
27
54
41
101
119
21
307
108
852
32
156
147
39
126
105
196
157
101
83
46
95
189
54
62
26
201
39
398
75
105
14
96
331
79
199
165
7
31
151
764
385
7
143
484
194
124
7
55
6
107
3
53
47
178
26
346
27
91
147
547
59
55
303
277
112
57
18
146
111
173
110
118
375
38
187
73
82
396
43
49
36
273
149
4
511
142
4
29
33
171
171
33
486
324
44
192
60
129
165
19
21
9
160
218
159
73
259
169
7
22
78
42
286
71
17
319
107
56
71
359
197
150
79
301
72
7
61
279
11
93
171
453
373
208
63
135
143
105
92
177
50
58
231
72
158
135
297
321
5
62
303
129
141
311
58
171
35
243
118
772
83
92
94
91
73
94
106
170
137
22
403
47
240
311
364
358
176
65
34
99
244
5
1
456
127
56
40
43
26
11
390
341
3
50
101
7
97
74
37
177
240
134
12
113
68
128
19
195
61
39
143
551
82
191
404
68
255
21
296
30
45
188
520
29
646
263
100
397
239
409
1199
289
5
53
74
297
51
362
187
62
78
48
14
134
254
2
424
103
435
124
83
14
47
436
400
237
119
123
329
794
262
13
19
490
110
81
105
175
20
382
25
15
14
87
7
425
23
3
188
183
133
5
188
58
40
314
110
165
45
109
245
256
91
63
37
107
68
164
177
77
135
44
76
58
28
162
353
138
66
123
118
137
136
36
159
16
94
258
4
789
51
13
431
68
57
127
17
164
127
86
168
58
65
5
155
13
230
215
66
45
687
66
19
241
212
71
37
152
239
64
71
29
10
74
64
111
31
61
309
28
21
46
169
365
100
21
50
44
176
176
296
103
152
10
187
318
360
31
275
189
26
17
168
3
206
30
222
92
170
73
334
79
65
122
81
134
187
84
597
91
202
277
49
178
473
23
33
32
57
35
383
125
170
213
92
98
48
37
17
512
296
213
395
304
77
158
302
454
13
220
3
420
37
247
4
227
857
39
140
461
343
246
227
102
318
41
474
314
39
46
380
218
216
11
122
154
52
31
98
268
187
203
83
347
264
299
558
246
24
173
74
396
182
35
312
120
112
54
529
33
88
90
316
153
124
212
2
16
91
17
47
76
113
386
5
506
137
218
109
189
41
61
175
42
31
408
78
345
415
182
24
175
43
121
103
55
20
16
37
21
71
197
11
148
160
196
561
191
138
415
66
119
82
96
55
152
84
258
4
430
293
225
40
149
52
3
107
24
287
3
12
30
121
472
136
204
8
155
219
295
81
130
90
25
485
124
14
84
48
156
159
99
452
79
122
3
92
74
56
199
163
68
172
88
7
65
337
192
222
21
385
179
72
57
602
19
4
29
56
10
20
56
132
326
6
44
120
443
4
566
51
91
271
178
223
345
106
315
174
29
275
296
147
483
2
88
127
7
395
38
84
47
108
61
16
276
175
115
118
44
201
6
106
296
90
84
181
150
67
82
313
34
48
324
62
392
546
52
169
357
353
184
52
508
53
9
17
155
83
78
104
446
93
79
725
12
604
136
253
437
433
26
246
85
52
54
6
72
187
197
218
54
207
90
678
86
97
3
143
291
184
550
6
101
524
139
290
59
107
22
32
149
1603
594
66
172
27
132
107
83
65
169
95
174
36
80
248
117
46
70
84
34
156
52
113
255
64
22
89
15
65
117
94
112
176
214
530
32
16
462
119
111
477
53
114
52
302
138
243
90
479
15
93
100
142
122
24
25
98
77
91
228
81
54
14
67
50
21
61
196
18
75
209
21
37
32
50
55
333
268
59
76
54
94
155
24
500
611
171
68
101
180
2
70
153
210
230
124
394
543
6
99
205
458
121
182
18
76
102
36
388
193
108
93
994
130
73
39
225
54
5
43
18
84
112
168
1
286
441
