3
6
4
7
7
9
11
15
4
11
4
2
5
2
1
5
9
4
6
7
3
4
2
5
15
2
7
2
7
5
1
13
6
2
3
6
1
1
2
3
16
3
5
8
5
4
3
2
1
7
7
23
3
3
3
12
9
6
2
10
7
8
2
2
23
12
13
3
5
4
4
2
13
1
11
31
6
1
15
14
8
11
18
4
1
6
1
3
14
3
3
9
26
8
1
14
8
12
9
29
3
5
7
1
3
9
6
12
7
9
13
2
12
8
12
11
6
5
5
23
4
21
12
8
32
5
2
3
13
13
2
2
2
8
4
9
5
8
4
5
2
8
8
1
4
2
8
7
17
4
15
14
23
7
9
5
5
7
1
13
16
5
8
16
2
5
7
5
4
2
1
14
3
9
9
22
9
9
3
4
16
4
10
3
2
9
5
10
6
5
8
6
1
1
3
4
9
3
4
5
4
3
10
1
2
9
7
5
1
7
6
3
1
1
11
1
14
1
6
4
2
5
4
9
3
5
2
3
5
9
18
5
10
19
5
2
12
10
10
10
2
2
11
5
5
1
5
1
8
4
1
6
8
10
33
8
4
1
3
3
25
3
11
3
9
2
22
4
4
9
5
1
4
12
2
1
4
22
2
1
1
38
9
10
3
4
6
1
11
9
1
3
1
1
5
10
3
3
1
3
4
2
15
15
1
1
6
3
3
4
10
6
4
4
1
2
1
5
1
3
2
6
3
1
5
3
3
3
1
7
4
3
11
17
8
30
10
9
8
17
3
7
14
4
4
3
8
3
4
2
3
1
6
3
1
2
4
10
4
11
16
18
2
2
5
2
4
3
7
3
33
4
1
9
3
11
1
9
4
4
9
17
2
6
1
11
2
2
5
5
16
5
16
1
1
5
6
5
6
4
10
15
5
4
1
5
3
8
5
6
3
1
12
6
5
1
4
2
8
12
4
16
25
2
8
8
4
8
4
6
2
4
8
8
3
10
9
1
14
11
18
5
13
2
34
3
12
7
5
16
24
10
3
5
5
1
1
10
10
4
3
7
5
25
4
2
8
4
6
5
13
10
1
5
9
3
10
4
1
13
10
13
3
6
5
4
11
13
1
3
3
5
9
7
12
1
2
3
3
4
13
17
2
3
6
16
2
2
3
7
19
1
3
7
4
3
23
10
2
3
2
4
12
2
2
15
3
5
1
7
1
2
3
7
7
3
4
2
2
8
4
21
1
10
26
7
2
5
9
5
9
4
1
2
1
10
1
5
24
1
3
2
7
7
15
1
9
11
15
10
11
8
8
11
5
1
1
10
15
7
1
15
14
8
2
7
19
5
4
10
1
2
2
9
10
9
7
7
10
1
1
17
1
10
23
2
11
3
2
4
8
14
9
5
1
3
10
26
4
1
4
1
3
3
6
1
8
20
1
2
6
5
7
9
3
1
2
11
4
2
6
2
11
5
25
4
6
5
27
7
5
1
7
9
1
3
18
11
15
1
2
4
3
6
4
6
14
2
2
5
7
13
5
13
26
2
3
8
6
1
4
1
3
1
4
8
4
3
7
2
6
6
8
1
10
5
23
16
2
9
23
1
6
8
4
1
2
4
5
7
2
2
8
4
2
6
7
16
7
16
1
12
4
1
7
1
9
13
1
11
6
8
2
2
11
12
20
4
4
9
18
3
10
4
10
19
9
9
8
4
4
1
2
18
1
1
11
13
1
6
3
5
15
5
6
3
5
1
6
1
2
2
3
15
4
1
6
5
24
2
9
3
3
4
7
2
17
6
7
12
3
9
16
10
9
12
6
12
1
2
7
14
7
5
2
13
2
5
3
2
5
5
2
16
1
17
9
10
1
5
16
13
6
2
1
17
9
1
9
14
1
3
4
6
16
5
6
2
2
8
5
3
1
2
13
8
1
5
8
8
7
6
4
29
6
2
5
7
6
5
8
6
1
2
19
4
4
2
5
3
10
5
14
12
11
6
2
1
4
13
12
8
15
6
14
20
4
8
6
1
10
13
4
14
3
2
2
6
3
2
3
17
14
10
15
2
5
7
8
9
1
5
2
3
6
1
3
11
2
3
2
1
10
1
17
2
2
5
1
8
2
3
24
6
3
1
10
16
8
15
3
8
7
2
6
1
11
26
3
2
4
15
4
3
13
3
12
13
5
7
2
11
7
16
5
1
5
10
2
3
5
16
14
7
1
2
9
11
6
1
3
8
6
3
10
1
4
12
5
4
9
1
8
12
5
14
4
3
9
2
