465
465
1441
1859
4842
1778
4265
108
726
150
1452
379
2447
2398
3067
702
102
8259
2000
1801
1305
3425
1553
458
847
195
209
3374
3553
1607
4888
4696
3474
210
3739
454
6786
1896
1589
1496
2525
6528
10013
101
466
6271
112
4061
6422
7820
431
496
510
2662
568
1766
3212
2708
30
1976
1340
4784
5575
619
1560
2298
2881
3169
691
6651
2894
1100
6378
1120
122
842
276
2198
88
1085
2156
485
272
296
1768
2311
7881
2352
485
163
921
5203
866
485
381
2058
56
1918
473
1708
2542
128
2625
95
1129
1296
2461
4508
294
2306
1056
3285
34
11332
797
6917
6116
98
7694
916
71
1112
4147
5224
98
10055
2956
663
280
10045
57
372
3815
6242
6553
1121
6354
550
8997
590
1518
1139
5394
143
4115
8911
1426
615
2128
801
40
4314
193
3597
467
741
1121
761
966
5937
100
863
425
871
1871
5002
2667
7348
1432
119
1664
30
175
2082
2415
1905
9360
6001
9285
3921
3474
1903
9259
3114
682
80
15313
799
3267
4481
1288
61
2980
695
1235
410
555
229
1039
1632
9530
114
280
808
456
5878
580
3301
1008
944
969
2030
280
2674
3057
2270
1670
583
753
1508
5027
2883
781
5809
3560
831
1616
6099
946
7041
6893
6610
14840
3162
4087
2725
1280
5224
5489
3191
742
1961
1813
7669
2274
5279
2849
1756
880
2104
268
107
4854
108
3121
5551
3452
1700
1459
3015
468
482
3369
931
1009
2623
9819
3626
1497
942
7960
2085
675
701
7614
1230
1104
4346
4309
1303
5254
7365
2537
6683
1384
2251
3117
1113
1584
348
4678
3257
185
4652
900
5783
884
2200
14665
820
177
406
124
1115
2146
8327
1546
127
1483
8870
4474
1631
6517
8
613
1343
6358
411
1864
1893
2999
3578
198
774
996
262
3687
922
2256
912
790
11876
799
7019
1788
10590
1514
1193
1657
1373
4373
5051
6584
4995
3137
3049
4131
1848
1800
2369
4563
1542
1378
1115
3877
662
1959
1191
10178
221
1490
7844
1575
7957
5027
2222
74
5603
3687
109
6114
2199
1761
2491
3589
110
2797
1278
1662
4119
3816
8891
558
530
1438
1136
1880
823
8274
1397
1747
977
300
1904
1557
9474
401
3835
5505
793
2235
1477
1167
2958
820
89
1571
2732
4184
1232
4340
2109
1497
3675
5309
1765
6894
2500
2385
1528
2745
1722
2785
2733
4371
2346
674
1729
71
4964
109
512
915
6497
2303
895
5838
291
1493
7501
7886
1681
5416
3453
4490
80
1548
9426
361
1564
829
2408
433
3526
2914
259
7162
25
3497
456
507
2014
3662
5403
495
2049
2129
795
1490
5727
104
1716
344
2189
7020
1101
8789
669
3776
9357
740
481
4801
756
11040
522
5
1732
3070
279
552
617
2281
4324
2385
2694
8225
470
1645
3004
3823
3883
1038
9
6487
182
5988
1648
781
2347
4339
958
3623
1118
853
5560
397
55
5066
1637
9077
2149
3587
2594
662
902
2174
2834
922
6721
6199
6032
4295
1995
20646
5690
458
385
961
313
1304
1063
8353
4404
2538
1013
5192
6015
6876
73
4059
2729
1673
4671
427
1777
4254
9854
221
3736
4797
392
757
7409
520
600
1970
2468
1696
2506
5997
5168
1461
1391
7274
3983
4994
929
4170
1466
974
1871
1098
8365
4952
391
112
14
2493
4167
15882
1193
8989
6195
1784
5502
743
4212
926
4179
4156
4543
1600
1676
4633
9517
3366
3724
421
1468
3330
1685
1892
132
1397
1269
7771
21
155
1074
4634
7188
406
43
930
96
7044
1441
541
1693
512
3065
10576
10529
7461
4865
1376
548
8113
2428
5506
3471
2552
7017
1601
1515
2572
6428
7056
358
214
5368
8573
1194
1807
7677
1459
114
2024
3877
664
1330
2252
1820
1702
4257
268
4582
334
2269
1766
3727
7450
1699
1024
369
5237
250
1379
1902
5265
2206
1100
1017
1306
155
2949
2644
6025
1730
110
564
2915
6891
392
2226
1431
2696
1524
760
1317
14
278
446
3679
215
6015
938
947
2080
2778
373
10461
9508
1688
3270
1005
3599
6041
431
2115
434
4676
3512
3514
166
482
7058
3660
4451
3912
403
626
333
506
5434
2597
3201
2103
1542
201
2947
3912
7307
1778
1429
2690
8417
12354
946
6602
2908
5915
8256
178
1708
1846
4731
2752
90
176
1193
1272
3575
11428
4180
558
2664
728
2248
12863
7
4851
1583
3731
4808
836
1371
1646
7573
776
1330
391
2688
9799
338
4782
3524
1141
851
2943
922
2538
1900
889
3127
7032
406
2435
3389
310
1767
2050
3428
1636
861
828
2635
33
4393
261
1372
17501
44
3831
2114
6486
4430
2228
786
4873
566
1955
100
2311
1038
697
292
1868
3356
270
8031
6632
1015
4749
1211
770
3445
1477
1182
5442
544
5698
1096
1788
747
6851
1569
2290
1456
923
651
1802
1376
1980
925
37
794
73
2933
6300
10
6738
1489
4110
2508
2374
6323
4564
2149
558
1569
1738
678
2656
4355
3525
407
1513
104
1156
4524
3828
7348
3596
5258
2143
3035
1747
884
601
1872
8144
331
1083
9260
5264
2406
3960
1139
4066
3576
1629
1541
7438
601
3136
232
405
2265
564
2188
369
6514
4849
284
190
1145
2078
2545
2438
11266
899
6076
2574
8114
1194
2005
655
3185
172
14
1104
1319
641
706
2304
3714
43
896
3765
311
4552
1836
263
696
2184
398
642
2628
4979
465
46
11312
10018
2157
1484
957
2765
1773
350
863
1778
2586
853
608
3698
371
9060
1443
2501
345
3254
3614
1049
371
8115
2699
961
1883
1337
5066
4001
2513
4100
6720
1369
13409
3431
643
701
479
17867
949
8576
1095
611
2511
2014
3368
479
7669
601
2589
1938
7982
543
2411
1621
84
408
9098
2857
1265
2217
1851
1257
265
10038
1926
507
1195
8846
7345
9870
416
6220
2645
523
3032
2070
177
5628
871
7944
174
4531
1402
6702
69
1430
1237
3644
15476
8852
561
6202
6779
18409
180
7131
2116
878
3646
389
891
5351
6935
5757
957
215
373
539
599
478
2759
11827
1322
1896
2232
696
8969
4559
819
2360
4550
1339
2420
4920
5854
740
7871
306
2294
4448
2282
3064
634
4078
4969
1519
7057
3015
506
918
1962
1829
985
3681
96
666
958
7034
591
11901
1588
8048
6945
6684
295
1315
1883
251
174
2363
125
3276
1345
706
3207
1809
4942
766
8043
4119
202
255
6708
31
7029
2893
5502
1491
1846
2243
1527
139
8551
2262
13794
169
2371
267
408
583
842
1113
2989
250
5072
723
7345
356
4166
2608
1543
312
569
355
5515
7095
1219
8433
2284
3271
2210
4897
2156
2207
6424
1060
4969
1711
1568
944
3333
1334
77
77
1713
3067
1825
152
1609
713
5548
3026
16120
1584
7265
2553
1693
745
3386
517
2396
1404
2153
5015
1957
25
6980
1394
310
299
447
6804
2037
38
5772
438
2807
3689
261
5804
145
755
11359
168
1629
3218
1496
70
1473
2337
647
13
298
7786
374
2350
2339
553
2007
5253
1879
212
1982
3987
1162
1041
323
3697
199
1566
6004
286
1429
1842
662
7592
4262
3999
4236
7702
9799
354
4506
770
5797
670
5
1296
647
3214
4591
4297
653
2906
2868
359
131
5089
4330
449
7498
255
1674
1095
6250
1022
298
4376
849
4914
1230
4146
85
171
1464
991
2369
8116
403
890
306
1637
6785
3464
7851
2325
216
1601
1432
1990
494
1740
185
205
2602
1272
1609
755
2536
447
1431
25
282
187
674
5498
5952
143
3796
2397
1552
8051
646
273
2061
1522
708
6315
5294
391
262
4547
3296
1718
4512
3530
263
2800
2392
792
761
405
996
778
2368
6883
1582
3021
1408
362
1364
921
8386
526
5363
3325
3582
1451
2947
564
2907
865
1063
187
726
3099
5711
1391
4042
2908
2471
123
1353
974
785
5384
5167
2549
127
3057
1103
779
2212
2426
1137
572
1322
13310
5366
1769
6428
1958
1504
7427
1756
871
4170
2708
5652
2798
6281
12012
1794
738
3659
2960
869
321
205
1073
1132
1079
857
2739
272
3283
72
8519
4231
22
9887
13590
915
7480
90
4563
1846
1746
2200
1743
2077
4848
591
3628
532
3497
1051
3624
3957
4414
52
456
1360
2671
665
2961
1394
182
19814
3771
3493
194
904
91
776
4755
6117
469
1008
2358
1312
663
638
3552
1077
430
1474
1677
5101
499
143
5853
434
361
3636
7965
5997
627
415
244
73
4405
349
1507
667
3289
278
3097
4272
1602
2938
2903
635
305
2189
275
5609
2517
7199
4305
573
1497
7931
1362
445
2875
4725
3409
15
3125
2100
10901
907
1198
2751
1472
1933
5868
3815
1953
2331
1017
1237
4078
2489
323
1078
8295
162
3706
838
1026
1044
3493
2150
7667
302
1206
1267
655
2484
2185
1586
2778
5173
629
630
3049
355
3407
4841
3857
3285
4066
4276
6234
539
3891
14644
1730
4233
124
7187
4215
8968
2340
14000
2170
3258
553
2921
2429
1217
187
6590
2025
7887
2678
3832
1999
241
2945
4737
2494
2012
252
660
20
3940
329
1040
814
216
2359
2419
1333
1627
64
7286
112
781
3435
1444
3295
1351
4673
7890
2475
4951
402
4018
4775
4267
1394
12353
775
796
5686
3326
1000
127
2208
441
192
1216
7016
9494
8567
2256
2901
2314
252
1888
327
101
1082
1462
394
5964
1980
465
2049
124
1927
1121
2835
4968
406
1883
656
2272
485
812
26
391
4007
380
5011
320
4535
1066
677
5476
2540
947
5094
3871
843
97
2603
346
1324
454
4917
5442
3264
4699
3386
550
207
103
270
854
876
5325
3421
2260
2789
1113
7163
1922
7815
10628
2264
3209
1620
2882
3274
2852
12691
5890
1610
1980
124
570
906
4882
3902
4626
8284
4060
884
19
2054
4137
3001
3280
1413
9093
1420
693
2388
754
2475
117
4880
1045
588
3069
790
371
2318
5645
312
3781
7547
439
1601
664
3296
4345
1416
518
470
503
3983
2329
3693
10549
250
7530
425
2872
5111
5056
2583
3141
5030
1056
1887
1581
1546
2281
9274
6114
913
2047
1885
2399
617
2776
1083
5938
2301
2889
446
511
1322
3933
701
20
3557
7010
2172
539
603
5371
2040
488
1236
216
2504
4191
2610
5363
2412
127
2375
3526
4603
7337
5274
17
236
2319
498
657
2121
3535
236
1804
791
9573
538
1756
6208
3854
1114
236
74
2524
1236
4479
726
2700
6070
242
4840
1592
4402
1833
1807
9489
474
2940
2504
388
1657
1902
3373
2333
5602
4734
3003
572
831
1292
2429
1293
551
4716
3821
4452
6642
2477
1838
651
433
5200
4309
222
1958
668
1615
914
206
550
5784
9147
204
454
2241
3621
7755
1541
3565
2179
3900
1825
2998
2805
5495
3278
43
1995
10692
713
138
5779
4182
1723
539
1753
1870
3950
2928
1201
5547
6818
2871
1840
3169
231
2757
3025
983
3833
1053
693
264
4663
3248
2092
1856
10070
4007
1163
1800
6027
1384
1865
5554
4646
4166
2769
1962
706
947
1345
5912
13102
1119
2175
4128
3850
244
1380
3314
9597
1471
8551
86
2059
2357
264
1051
7916
5124
4123
6800
1027
1948
2138
5180
4782
3198
1484
939
9604
59
5453
5397
964
126
1409
5307
3288
62
585
5156
1426
4888
5968
3229
8007
1281
2044
262
801
104
1020
4085
2223
8677
6958
4560
375
1325
1437
1111
4940
201
1039
1655
3932
3434
239
3141
2281
1327
750
1658
1206
5138
4268
2753
439
434
771
1174
1776
1212
2844
383
1951
6661
7578
864
644
1616
126
10848
1338
1699
2677
2822
5196
1139
866
2798
1447
881
13996
148
5014
2382
2179
681
752
2004
151
46
1081
320
3863
319
2052
4934
82
4273
443
900
2941
3044
93
831
2449
218
1401
826
4306
3001
5167
196
707
7383
8384
6743
2710
12591
2991
3389
1502
142
5171
11585
14
581
176
428
1695
2509
1380
1732
1229
1201
456
4377
8078
1562
2658
2167
167
576
288
978
3688
21
6674
1505
8123
1843
1306
536
1632
3692
1325
2710
1657
61
1582
2339
861
3152
1734
254
1277
1042
1568
4659
5410
1425
2740
8452
1845
5695
5245
1972
1355
950
4877
1772
12897
5191
11315
11243
660
3861
1173
1631
7255
1530
6394
2130
1004
7399
2365
3948
882
238
1543
3475
49
5226
1174
947
2636
1511
2770
1411
3930
5177
3233
2377
2340
2381
351
7510
1807
4469
6462
1683
3555
316
1427
7871
2490
676
2382
593
3534
242
2016
313
950
1685
2018
5425
1124
2446
587
92
759
2906
4320
2657
774
4607
1567
9507
3311
8614
275
5360
886
1524
364
86
3352
5768
2492
259
364
9114
5753
9443
549
537
2654
326
462
8445
2224
1513
5615
3898
4612
2154
7700
813
1901
3384
168
420
4211
1208
3021
9475
5242
5090
1310
13
2062
2576
1063
1683
2032
1073
6001
2574
4557
1748
9365
447
5091
3580
177
650
1561
3429
12368
1196
5179
1710
2276
748
768
2919
88
102
4138
375
520
1234
4725
1036
1681
3633
10482
4034
270
2489
270
1988
339
3917
2346
4280
140
7395
888
1941
9368
10820
2321
7602
4100
1111
423
10128
3309
280
6392
9930
596
366
6156
1811
6729
2264
3282
1332
960
2110
16
232
1938
6905
2679
1768
1826
298
1255
1073
626
362
3213
1658
618
2317
3423
439
8490
2198
611
4444
376
264
302
2648
165
489
5044
8087
2326
4617
2628
53
996
1795
1265
121
3314
2974
1641
3462
6834
272
253
1048
2038
1695
3677
10135
1217
1466
10289
1402
1823
631
1345
2929
22
5873
6580
895
3579
505
572
4160
52
134
661
601
4342
7266
1488
143
764
1230
5449
3722
13417
3817
3278
13881
8657
2854
410
123
10438
175
2088
693
902
1195
1887
3064
5508
35
2082
442
3520
2704
5009
1446
7114
1792
46
1245
6421
292
1944
985
2451
3550
12922
4445
3896
4084
1816
2515
2032
1669
258
1182
965
2984
603
428
5578
6123
624
149
1838
565
6056
4059
13
8798
3578
3261
8647
1882
12347
897
658
5270
9846
4953
51
4032
2125
1207
2350
86
2246
814
1455
3861
1590
364
2022
809
1310
3605
5656
2671
6689
4644
812
5714
1487
468
745
1621
54
300
2006
2272
18256
953
11936
2190
2737
5274
5456
1103
3827
1568
3696
3372
1330
3408
2254
6839
3452
718
1972
4905
1450
5374
1554
2567
1158
6239
550
1986
1794
541
5581
2021
375
3484
5007
1165
2574
2309
2108
1763
2794
768
1015
1658
1923
5128
4156
3096
6001
5707
3166
964
2654
2528
1374
814
2532
5908
980
466
1182
5836
2301
1208
1417
3022
204
2633
4702
3690
1884
3639
5287
1909
11612
737
4058
10630
4757
1655
1904
3656
1298
1298
866
1112
6777
1891
151
138
4251
589
2002
3584
589
3604
492
2591
780
3640
2558
3629
2677
3235
198
885
1646
794
6973
726
7876
83
6384
377
7511
1442
1247
893
897
361
2231
3910
3505
4648
1317
5467
4025
3780
2567
4483
417
799
2918
2596
2898
12391
2791
489
3270
1294
337
2732
6436
1543
4901
3799
1579
2759
408
3358
4907
3835
879
960
1211
2828
140
1671
3557
3351
4851
12787
5616
1816
3510
4436
3446
1920
4020
10102
4122
643
566
686
476
2369
1481
1813
7474
689
532
3641
622
1363
664
5432
5608
1095
2010
657
1789
2252
6232
740
3848
167
3039
963
2091
125
3255
825
2114
246
1353
1697
481
4585
1212
1455
2204
2155
3285
814
1167
2104
4948
418
6098
4283
3070
1006
8881
2662
3869
4898
1150
673
3498
5083
328
3120
835
1998
902
2141
1417
38
282
2791
7374
7770
4699
9627
3332
3570
3639
1256
25406
1783
1605
289
1128
906
653
5977
333
1739
3416
45
1822
1258
1123
6774
798
6777
1587
48
396
1123
1057
513
1702
5608
3122
9879
6355
6105
1880
982
5598
1056
124
2000
439
871
2278
9292
9627
5710
770
188
3774
3559
943
6844
5312
723
4393
4522
2393
284
2912
166
6920
3038
4227
1074
2113
521
1990
2306
4064
241
2593
4161
2221
3882
5520
1995
2955
4775
2082
3319
1113
5634
251
1426
2902
140
1358
3645
1034
689
166
2428
1484
1053
3143
343
8635
1299
346
999
4890
2240
3681
1144
3327
929
7011
2269
1435
3101
2762
614
1373
6815
1161
4364
574
3010
3322
3005
491
255
8451
6587
50
83
986
605
3539
4744
557
6557
3343
778
508
3287
1887
3358
1606
80
1697
6043
3899
5902
1006
7773
4271
2678
1107
117
1227
993
907
86
4323
1488
947
4485
1068
653
29
3588
1678
2564
3492
1450
606
2338
1070
1627
1551
792
1810
498
832
8245
995
1863
2021
3404
9224
720
9726
729
4942
18905
6915
2640
3334
2668
3277
507
640
705
3305
1871
2640
1131
4434
1369
1668
1777
2
4648
1201
4402
4940
326
604
721
2929
7044
4709
472
3449
428
1745
119
7158
1005
8880
82
6320
4293
13989
5882
6801
587
1697
3583
2005
2654
5236
7198
515
4474
2504
481
8927
764
5581
82
1329
623
1393
3047
702
8069
6047
1291
4523
214
5460
671
2933
161
9262
1689
442
1281
44
1209
100
303
5203
5947
3848
1030
740
848
4244
9076
8569
5472
810
3543
3280
3513
1012
3762
2731
1387
6947
1751
336
2492
4893
365
593
2244
3752
1
4889
251
1879
404
2489
1408
954
770
5859
714
4037
5216
243
17364
7527
3282
1071
2054
265
289
8634
3105
14191
743
1290
2488
289
4737
2359
751
3965
547
2016
1955
3643
4419
724
871
2841
2399
866
2202
7019
1146
1001
3925
1541
984
815
432
390
2354
396
3835
5946
257
6299
2182
12548
319
331
7896
295
3606
10126
1133
210
226
5836
170
182
4669
6036
1999
2965
944
114
2513
4501
93
458
1185
1788
1400
863
78
3697
4859
7774
3339
675
4319
2528
5545
1029
2836
1123
7044
1182
633
7670
3786
212
1199
213
2608
202
1938
15583
4691
1316
1714
552
7921
10459
1782
2133
341
4853
451
1311
456
2164
2662
2829
3734
2342
5108
340
194
2549
5712
3880
3689
1530
223
1592
421
4427
4892
515
720
812
3410
5332
1304
13
3556
18498
1962
691
9505
4940
149
1888
1181
492
137
3928
931
4309
495
3459
2943
949
8071
4206
1214
1013
4793
1291
224
172
3029
3712
1867
578
2414
2450
5234
2137
3261
245
102
3083
2044
2806
7253
2454
37
13580
7842
1176
3089
1048
3946
3675
5231
821
2253
4415
2950
78
1729
720
1646
193
1715
15230
2493
328
4054
1949
2616
5370
10526
3750
2641
4257
2560
2783
2522
1553
1277
4133
951
271
2366
3811
11418
100
7863
14305
4378
48
893
2462
8210
3469
4729
62
13090
6881
9525
303
2861
230
452
210
10580
1289
112
750
5544
1977
1507
6699
578
6111
9918
830
642
367
918
6116
2244
1475
4165
169
3608
764
3082
1669
7047
914
512
4696
3391
1605
1114
2014
4386
10976
4206
2620
2918
47
3491
844
3020
1681
3
152
4710
2429
505
2395
807
4401
8824
114
1550
1061
3696
3884
785
1041
409
1379
3663
4530
9300
5283
1202
812
355
2980
206
3108
4107
4713
6405
2170
664
654
1888
1120
929
3336
2094
1251
275
1153
573
1393
1181
2763
468
2031
4346
1315
4912
1595
8891
12653
2878
974
8586
17803
770
913
2354
373
10163
8466
322
468
2873
284
1251
11518
6436
1125
1402
475
2274
54
2309
109
9882
1113
6459
4548
6390
252
25403
2924
8985
1558
970
302
1382
2208
2030
5180
14549
5641
857
1415
329
159
518
2418
2865
4511
1520
610
4521
4250
1081
499
1554
357
1449
3097
8249
1439
1047
757
2762
530
812
6283
10550
2746
1362
3466
1989
2813
342
9468
511
2207
7036
387
2059
5080
5326
297
2967
318
1349
1717
993
9804
1936
404
182
1790
1823
1924
3696
2080
9819
3255
8512
3191
6834
495
931
1772
4000
326
3540
359
4276
3598
1442
7071
1448
2134
3129
1297
18
808
621
202
2896
159
1355
105
1228
4974
3873
676
7508
440
3672
1261
8709
16027
1031
553
3218
383
3072
1589
3594
82
7040
6493
2
691
962
526
6969
9539
1131
2819
12338
768
4755
3297
925
1632
1345
4801
4532
1526
6471
6185
804
3337
402
3667
1282
44
5257
2878
1643
683
859
1838
5632
7998
16680
1781
1540
745
3512
3290
224
3554
6490
2958
1409
820
219
151
10176
1106
4271
786
2126
4308
1339
6638
5350
1967
2062
337
1764
3283
3085
342
1286
1354
2929
511
728
2148
1500
1456
426
1179
1213
1625
2250
41
2108
1790
277
1954
886
397
1242
444
634
1650
2323
531
1116
108
1474
3340
2010
754
1591
215
847
2723
2566
389
987
883
1670
1947
1334
2169
1264
3068
4243
1437
1039
4869
2118
1370
1429
5732
607
2980
865
1951
2573
2414
701
3587
773
4696
5047
753
1421
5104
1901
1450
5475
435
3452
2891
10137
1677
7682
2357
488
4557
1505
2455
1861
1685
2902
1228
527
1543
82
4664
7107
608
780
2261
780
9997
3127
468
317
1912
6901
587
1188
863
237
926
1039
2616
4724
4149
1961
528
140
745
9271
2316
3321
9712
2179
2739
7419
1610
926
1685
29
2485
317
8744
546
858
1676
892
7636
7293
2201
233
1676
6424
1325
1690
4551
62
3047
347
5723
2107
1080
7983
780
1451
1956
1227
561
3779
1902
519
1728
1439
3068
11881
2160
1425
3060
224
3060
10369
120
4352
1113
3650
2844
1394
1962
526
6190
902
805
3614
1397
539
3430
2723
3625
2965
4132
927
12732
5887
218
2008
220
5963
333
2732
237
1951
352
610
322
3401
3273
9284
315
5805
1373
7937
5587
2143
568
8805
1373
2860
3887
1295
3018
9726
1430
4378
1724
854
1890
1835
1390
4300
1352
2466
2505
4622
2547
3710
1769
21
1735
1014
4274
4334
6691
961
554
3452
802
1761
3769
2669
1416
1912
4396
2687
531
3538
11252
972
7891
738
4853
1935
2333
4422
2867
1365
1039
1607
5693
1647
2753
4634
399
1686
3644
5563
5250
5604
340
893
2641
850
4137
2850
98
1431
1506
6109
183
5139
4943
2679
1655
1047
345
1614
3953
4082
2332
547
388
9604
14643
1069
1882
6637
6916
11266
2954
65
2049
1478
2771
4152
453
23
8146
1360
14220
1070
12451
1104
1837
840
1151
752
463
491
596
7050
10342
942
861
1120
8389
2650
1146
918
4081
690
1220
5629
7983
2594
1595
3177
101
535
8263
5943
6946
1654
153
1493
3330
3839
6847
5768
2264
5943
315
3033
3531
4591
4217
2455
1586
3012
260
806
785
5122
1239
6568
93
532
13701
1156
2977
32
4461
3716
4528
447
238
2453
3295
1119
3879
3153
117
10488
1814
796
420
1014
151
4882
5409
1489
12
4502
980
1934
3456
408
6375
3631
1247
1983
1886
2279
8059
699
4716
4214
799
7262
3151
2186
2260
1679
1139
2261
692
5578
3079
1696
117
347
6053
6402
1507
5299
1291
770
1878
1226
1225
3415
4090
404
1237
108
11484
1929
11959
264
1954
2325
8523
1641
1231
1066
1175
818
9593
1619
981
4342
2188
1944
2407
130
1519
2472
7324
1731
1379
9391
6906
602
1199
538
6364
1736
8656
2919
2133
202
723
1371
409
490
405
4166
2467
2845
2090
7801
1567
157
3463
3845
509
1866
95
2586
821
3804
3642
702
2358
2639
25
2064
1468
8038
1442
4352
4652
1632
722
74
3327
458
1511
603
401
696
9598
4538
4184
383
4648
1545
4071
2892
2555
1018
7283
1250
12815
5180
1787
8309
868
3814
5847
1326
597
2757
6338
4279
577
4555
2465
918
594
4313
4221
1891
8647
824
2162
4139
1532
427
317
2343
2607
3927
403
3495
3309
1320
233
727
153
3781
1662
4421
566
735
1074
715
1586
1218
1069
207
6048
1217
1972
843
796
10
3543
2849
373
5937
611
8206
6096
4403
7730
2836
7904
9138
5256
2076
547
4402
3198
5919
2611
64
435
528
65
1735
150
6878
342
3073
1146
1951
1108
3736
1975
991
1731
2798
699
255
1129
328
2975
1017
2359
1465
1197
634
3305
3080
4465
46
3791
3279
453
711
1949
2008
6339
5872
1454
3029
2142
1725
1257
134
3838
3314
2246
2447
8542
8548
2951
2879
3256
1045
3450
213
3058
3614
3001
7383
3772
2115
168
3744
9430
9485
730
488
1053
2355
5013
1332
3096
765
1614
200
2614
3073
2733
1459
537
619
767
640
6773
12903
4859
88
3121
769
412
3442
4390
741
3619
11
4430
1713
268
637
760
1326
1398
1374
352
1789
957
1305
1383
1161
3609
1735
290
3244
888
297
801
3439
1530
4922
5595
3517
636
1867
252
10397
1126
709
6567
6662
3113
6229
1408
390
938
381
2591
2478
3634
3733
2911
627
3296
18686
9257
835
1224
469
1984
5013
703
10686
6379
2750
529
3753
2082
288
321
3814
3116
1082
3418
7028
4477
425
2385
4353
3805
2835
1240
3303
3249
11751
441
8153
1492
1403
268
1469
1670
6891
5019
3046
847
3445
4864
7821
6218
12731
6361
3364
2092
861
2281
1508
122
6214
724
156
6292
2208
1036
1071
32
765
5291
12915
2177
8558
5844
1205
1357
3021
8724
439
1987
14420
755
874
1012
1955
389
1661
5
3482
2240
1064
1468
167
472
232
2967
513
680
588
2255
6062
265
1657
6906
1382
857
4681
662
2004
1830
7776
7596
1929
1043
1107
4932
1574
4022
7469
7517
3292
5107
5011
3659
2452
2632
1970
173
106
3560
889
156
545
9395
4290
174
581
458
2553
9977
3600
5900
613
481
2930
3281
3878
7028
1235
1232
1286
2608
3237
4429
2486
6597
3537
1647
981
7456
3441
729
699
773
10235
3299
70
10824
1758
1051
41
2506
2759
92
309
1517
9169
345
1261
3861
781
7864
5604
514
5053
1705
895
15
1771
3564
9297
1327
472
1533
233
2388
439
3946
1071
1453
935
14950
5836
723
5578
720
199
1262
7997
4333
215
11376
314
1578
2387
3523
338
5783
1789
2420
10564
4219
1283
8517
2259
1090
4610
978
2086
1558
8922
2756
2460
10421
192
5304
6524
501
1507
2600
1587
146
674
975
640
352
251
368
1030
2485
3448
3028
2038
9895
3766
3880
724
196
22896
3323
404
3394
2836
4401
210
5223
1309
5039
518
349
1604
2495
3396
2525
1174
912
933
8047
5820
5029
2194
5050
2600
881
1889
10830
5005
5526
1933
3985
7258
880
241
908
981
758
2498
2472
3274
2124
1959
266
3167
860
51
116
874
2005
731
1317
3985
5814
6383
709
5212
4264
505
4063
353
3499
4032
1086
1050
9076
650
906
7678
360
9566
44
2091
557
2257
907
4809
1446
439
633
1927
128
2685
1568
410
6647
2133
2784
2601
5211
7088
2926
3275
6200
3518
2976
2191
125
3084
987
4000
2086
1914
6529
1725
2205
2201
2829
4058
2426
6098
5259
1850
1861
2165
2457
5805
3803
104
126
769
6151
2511
3725
3718
506
5113
1034
984
904
2041
887
1616
4257
333
3128
1780
1627
1691
3895
3011
233
5489
1778
417
2737
2321
2630
4584
1095
334
367
2955
3010
569
2916
1478
2625
29
5416
7934
239
1428
5002
573
1339
5506
781
2308
2929
132
3365
1973
8752
2976
153
3939
1110
1818
1811
1716
10666
10944
2929
1047
5670
734
9337
1401
1738
1859
2966
4620
1137
4537
4544
572
2388
3561
1705
220
34
4969
4100
1093
20
9379
1674
6618
3464
8580
4798
52
659
6622
347
30
1719
9874
50
1329
524
3905
53
2654
2890
2121
194
3411
5948
1717
4918
381
2225
2372
4175
110
3081
535
770
1967
5097
3459
802
2454
1955
7750
2264
3968
229
1555
493
2049
8234
41
38
446
129
985
839
2921
707
600
2169
928
4561
1036
1584
1337
2441
12070
12920
1949
866
14908
2458
511
1121
1895
5660
254
2547
831
2903
3852
3087
431
3303
4444
829
6728
14
375
711
117
1474
1930
103
211
1142
869
76
131
500
1164
293
5511
1820
391
6265
3846
54
4226
2483
3815
3822
3578
14118
3664
1038
368
1468
3006
5563
104
3763
1490
193
1251
230
2210
1489
148
3085
1277
3767
4403
1074
34
302
9480
2750
2838
112
1306
3499
1
300
6121
678
1006
1096
3383
1529
1807
163
2881
6867
116
939
1370
6114
245
1393
2372
388
4057
1394
2791
14170
4487
10241
4971
915
301
857
289
1473
6545
4913
3536
3415
378
959
647
5554
3808
241
5811
872
56
572
3065
4735
3737
1382
1863
4355
2257
7075
4832
434
1348
25
5424
3826
15452
14428
1074
2362
4518
4502
388
3423
7084
3107
304
62
1279
519
1523
2545
4210
1045
3296
3547
3724
866
3238
486
4200
6091
6304
277
2864
3009
937
1392
848
2086
246
532
2905
659
874
4325
2770
677
226
317
4508
4073
6146
2305
963
852
1975
1040
416
4622
6838
3513
2525
89
5823
1675
1295
145
946
1920
2582
3226
6830
1141
938
5571
1942
2934
5691
461
2524
59
3235
1681
7904
728
4770
3910
3669
3096
1795
1717
1980
6126
4690
1420
11437
4191
1181
2099
5069
1401
17750
3900
496
329
4206
5090
28
4887
5706
1074
2995
2983
5843
834
502
1697
428
554
4864
5076
3963
2975
8364
1678
6700
4128
2818
2903
1679
2587
3458
1077
1103
1114
1422
3413
1840
5120
1126
460
1264
1445
12017
1124
1340
7104
15766
1283
1157
3822
360
5437
746
345
1162
350
196
5492
1451
424
702
1192
1477
2797
538
4532
829
8634
3257
4461
1310
1211
169
3842
965
5222
2266
1883
675
1482
288
2630
67
3227
62
1542
3445
1199
5160
2269
3447
3575
1663
1361
816
9170
7290
1051
309
580
385
1799
5938
2172
979
1420
1737
642
1764
511
788
195
1535
3013
286
2743
4201
1465
401
13082
5487
121
618
2922
1811
2494
2078
1709
4060
68
11461
8444
2587
2480
1446
4991
1377
31
4019
2034
5929
393
7809
4
69
434
1448
3458
5187
1125
675
3735
2536
7873
2578
785
4669
739
4117
961
3576
4559
525
943
2591
4307
109
1559
13935
599
783
2771
5346
366
36
1949
310
1180
6428
2883
59
7118
7350
6910
2111
1036
4967
1772
1296
182
450
1156
880
11923
498
4473
5310
1195
580
1749
1368
710
6025
3671
1539
259
7202
7342
1653
7964
275
1265
5924
446
4119
4488
5204
662
3014
1245
8072
1438
944
2026
4703
972
5352
103
2787
2792
18
442
229
344
42
2701
470
4331
5615
538
4970
2179
753
8455
5264
1780
1092
2275
3814
10602
6692
4381
3101
3007
1363
10123
783
774
406
4606
4832
692
163
3909
737
2854
325
523
906
331
2248
4370
929
2399
2772
1772
2151
11406
123
2719
633
5795
504
2658
4340
1143
1226
239
244
5011
6104
4340
975
4805
1263
3750
1143
9002
434
991
2854
1167
193
5991
739
832
2101
4319
1800
3175
748
99
2137
353
1994
1159
473
61
1810
5356
1929
2050
8061
1872
29
273
1271
66
5060
2781
667
1717
1881
1495
6922
1087
6282
2062
2762
1260
45
784
5753
2078
1725
1669
135
1314
321
2972
4996
13
1039
413
7274
2276
5614
1458
1978
1172
1627
6012
3293
835
1831
954
2153
3138
2512
14804
1688
123
61
3877
366
1032
5473
1905
3646
104
4346
1384
1849
5020
167
2354
2001
4149
3304
1841
1505
1525
1561
335
1044
1373
2905
2442
1726
1026
3226
7579
503
13666
518
3442
24
444
4108
205
1997
4950
8378
1682
622
659
2629
3662
146
2473
2125
3203
3034
301
9789
1142
1037
2318
677
2687
718
1876
4637
1874
4898
3861
744
3362
4968
578
609
113
345
10303
64
1247
1068
1537
3441
826
2599
17
856
516
714
439
8730
188
695
3491
247
667
3527
4063
3253
577
1619
4565
2797
6553
703
112
1903
227
804
1903
97
403
1068
843
3753
1586
4996
3574
5163
562
3075
81
5995
131
1929
1121
2005
6059
355
7945
773
326
7261
5
1070
1482
157
3872
144
1698
3422
8776
433
1849
676
22
1584
1612
1476
956
61
273
1585
6967
976
1683
3189
1364
3624
680
9732
2731
2333
6229
4758
8372
1988
1457
4704
2601
1019
10912
4084
3029
1022
3622
9112
1739
3165
25
1580
470
4342
86
3575
5202
937
1314
4041
4417
2781
1152
1495
9286
4211
1725
4532
1670
929
3528
2835
10042
1202
1766
2396
4184
5731
1370
8419
1941
107
3074
1029
382
3750
5079
5173
444
1466
1260
1998
575
1787
3040
4779
2881
1793
2151
3634
8
174
4670
3777
335
5487
943
4576
1214
2702
6200
6455
9195
1680
1117
1557
8261
3186
311
2430
4194
629
1516
4307
5952
1710
3481
108
4225
1392
427
2648
9858
3779
2514
164
328
4442
2705
1385
210
3326
97
2985
1369
2644
751
6778
446
3208
3491
3567
1900
532
618
2908
2796
5465
9114
1093
1205
3350
1601
13743
530
1199
763
3089
1299
951
809
2107
4188
2323
2016
230
1570
8891
3888
3574
3962
1777
4202
1876
598
9411
5817
257
10913
133
271
2677
114
945
429
2381
4665
976
2460
4232
3414
3524
3373
4484
1271
1977
1273
9654
1527
392
1350
7019
7786
984
2516
161
12382
9768
927
852
561
1753
1408
3043
286
5376
1361
1698
160
1234
707
1456
615
1362
10856
1454
2725
2438
669
1460
3446
725
985
10785
7709
1125
6275
535
238
3278
8206
2890
5197
3987
2973
2882
3007
5130
550
1288
10304
1331
1488
4298
484
2037
4310
3044
5062
607
2697
2169
6005
6354
2039
2489
248
3062
9258
889
8847
5079
1690
5833
3810
169
4328
130
3537
4045
7701
2467
3587
1670
196
742
159
8669
368
6663
2345
3343
3813
1632
1486
1160
2895
1579
1765
2088
1077
1831
4723
202
5420
9143
1809
2543
3700
1319
657
6952
215
582
8790
203
8580
1957
390
998
492
835
3597
6410
2072
1754
5474
5825
153
34
702
4605
281
450
2402
427
2990
949
1890
1044
4145
3799
1655
7920
8815
3554
80
364
1519
5163
3541
1398
1541
3823
2848
1594
7431
10039
1857
2579
1737
3817
3774
1280
901
196
11016
45
104
2018
345
4131
1290
429
582
4413
2585
246
499
251
6481
15979
2126
1616
12715
6983
3676
1072
1798
7236
1865
5430
463
751
91
6166
1293
607
9740
883
9252
4314
334
4161
1236
1724
1927
8010
3227
1020
69
9291
1527
2045
1353
723
6125
1137
5056
939
1759
1267
560
3455
2214
181
81
3517
684
2418
1099
2063
119
2862
7453
516
6429
14365
1916
4175
463
314
4821
8443
1287
8652
3164
8372
1582
3328
3100
1688
3023
1540
1742
2475
2377
1797
1373
3441
1152
316
1888
592
3710
884
677
1846
3713
840
5684
1362
7623
1976
106
5042
1015
3460
1837
644
3186
420
3412
4288
956
4458
3907
1553
1211
1267
43
479
3184
2802
8610
8972
3208
1012
1385
4562
4795
474
2907
359
12324
5264
6764
2767
289
18
2006
4094
233
385
2500
2316
4368
1240
10455
5153
4305
3922
2332
244
4141
945
904
1711
1120
3127
1387
6747
1039
1309
455
939
7307
1717
3482
1738
6090
5073
5167
1185
1407
4196
1488
972
2698
1961
5993
724
952
2610
465
3760
1428
2014
5074
837
2945
1114
2686
605
226
759
459
4101
7757
3036
6421
1133
1656
342
76
3042
129
911
6
2757
560
6234
4213
10452
2017
2305
50
1198
4360
762
3184
757
4284
672
3733
4295
9353
4581
88
4018
1802
451
2594
7912
3661
874
165
2111
961
783
6313
218
4297
4329
7502
418
110
3971
1716
162
6186
2864
1419
1758
488
10884
678
82
156
2398
910
5383
2296
2016
812
3524
1682
61
922
311
3211
4543
7047
3951
3561
710
492
8690
4885
461
7073
107
3609
3638
3778
3880
1432
2178
16354
7001
468
3434
915
660
1830
1865
92
2035
7164
727
407
7333
49
1513
4325
3887
7919
10823
7690
1465
454
1840
4058
2069
7457
4051
3788
130
979
10862
32
1844
1689
4815
2641
2635
236
6978
1955
1248
6329
8833
1359
127
1141
775
2574
866
399
3768
1769
2528
3320
1367
427
783
4570
907
507
6950
692
3702
3028
2548
3178
5086
844
2473
1139
7264
8185
185
1897
2528
2593
340
336
874
8424
312
5292
9729
33
312
820
1013
3016
253
2433
5914
53
1172
9953
4395
9065
3596
5093
2981
3394
173
258
267
105
18
1076
5547
164
6407
3033
872
4054
310
1017
222
5169
3627
492
1520
7349
5241
1405
3363
3714
1719
3582
1685
1705
2544
1658
516
14173
3109
1282
108
6617
1871
1348
2275
965
4180
6086
1420
686
4150
943
649
1472
1282
146
7704
1839
1035
8022
831
2655
8973
1669
483
2273
5000
1069
1460
861
3949
2431
448
518
145
2999
5038
1984
173
7508
6576
2223
2406
620
2671
116
150
1999
375
7747
10391
195
7763
1218
17
2816
3794
4403
1207
5523
2204
10345
5458
13494
555
5084
4640
2159
2138
1187
662
133
294
4307
888
3131
2228
1723
2656
650
2751
6761
2570
2448
1974
509
2712
6193
168
11240
2512
5512
4551
770
4694
3
539
17048
63
6248
2919
1399
976
2750
4204
266
612
7327
185
198
1338
1477
397
2134
940
1235
1771
5432
8154
8796
4009
2394
3677
1669
2416
3215
4671
4571
1281
1331
1075
1138
13984
9608
8479
6165
1461
1063
7314
3777
2469
2428
926
1452
1260
1451
133
861
712
7324
1686
2612
4351
1209
4592
5970
2198
2573
1330
4586
94
3998
6130
2228
561
303
12840
184
4540
5723
43
585
3521
3787
3975
5022
470
679
854
6701
5272
772
596
1065
3378
269
175
3595
3884
1258
1643
3344
5997
3008
328
4896
6234
4107
1815
2825
3554
9201
9085
1191
1973
4805
1322
574
1027
15774
2520
4271
2491
2097
1461
190
555
446
7454
3324
2335
29
7788
5453
2963
5104
466
23
307
513
3956
279
9981
681
1172
3080
1959
2687
3110
6114
3226
7674
2695
4664
416
240
2347
161
4405
3578
174
3520
61
925
1596
2929
4102
381
4476
4637
3732
7339
467
3260
16735
5237
9200
7685
382
821
396
2962
10544
1117
1701
4464
964
11970
713
431
3867
1822
2030
857
781
5402
7748
1533
43
1660
1034
2186
730
755
10206
499
1911
1349
2709
2908
3809
53
403
1040
975
168
3145
5066
163
5581
617
1016
2582
123
646
2502
6866
993
1704
442
1979
2459
449
1186
2614
989
210
5170
1449
9432
1532
359
3610
1065
864
3344
2236
3492
2486
5982
9843
4478
4143
2186
4602
14634
747
293
2584
554
5937
4679
17
877
2585
1070
317
525
895
1509
473
211
1807
221
4100
707
1206
5474
8798
7705
3120
1663
426
1769
4221
288
376
5950
357
1660
3402
1473
1003
3687
3532
1244
2331
2253
7578
3579
2119
2557
7405
1652
438
1249
304
3271
123
3683
527
2649
4458
969
2254
2991
8914
1359
1042
1656
2623
900
1387
1253
11097
4505
5471
747
729
2343
676
15370
328
7453
6677
1377
295
5069
2957
4026
10287
457
10
1175
234
5598
2321
588
121
7362
4427
3564
667
447
586
2280
432
7826
141
817
1183
580
15
12972
2643
7224
3052
6471
1183
746
602
2124
601
1256
1558
2526
8190
1907
1474
3752
858
6934
474
2599
1033
15298
1337
3855
3535
25
430
7113
9216
1779
3127
12354
3028
1713
501
83
8469
232
1579
870
40
471
3443
6635
659
992
7947
588
1939
3671
280
886
11833
9446
1547
2517
2791
1084
1835
3122
3428
11605
7421
10623
1243
1294
3314
1590
257
812
553
2849
885
4249
4969
3036
1600
513
2257
7108
9983
972
1775
2170
1991
321
5273
5052
661
2230
107
19786
5
3351
952
3478
2813
3786
2137
3808
4072
1508
836
1490
506
2320
403
2821
4402
4274
498
4814
1138
698
5028
6660
402
2085
2057
1857
1480
6108
6883
3438
6566
450
374
4428
1641
2066
3457
3267
1055
3507
619
2806
1109
931
487
600
2330
2839
1420
5623
201
733
1876
7441
3135
2003
8745
764
2568
980
6304
330
329
4416
3388
3449
1834
318
1239
259
1630
151
684
2576
2304
1483
717
6523
4310
1837
1001
2983
2279
401
16210
349
1363
1367
3611
9265
450
809
915
1166
672
418
1655
5718
578
3719
1954
1526
536
1365
1854
159
437
3788
3801
2986
230
852
12148
1236
852
2892
1873
4820
1175
1094
4101
134
2666
282
1495
4952
1055
1041
497
2918
1253
672
6957
9588
504
817
3378
257
4852
775
370
375
493
359
3582
74
3560
3289
21042
771
1785
12217
601
1494
749
1658
4419
5028
879
6156
4517
4431
1173
1939
981
10
258
11353
369
4904
2567
155
260
3128
3104
2073
5530
816
1485
9866
3996
400
494
4024
848
7581
8728
3141
393
22
1427
518
2529
1340
5451
450
1489
4318
624
1607
458
2445
603
1372
2765
2353
318
3522
1672
764
3597
954
4449
950
656
1835
2698
1460
1982
379
1585
838
1860
12169
711
2902
3147
974
2978
698
807
2110
6977
81
1076
8356
1418
4400
705
3818
408
2359
1324
2852
9145
1775
491
1355
2925
911
4324
5488
6972
3200
3354
2333
3979
4136
3594
1599
1988
899
2988
546
1015
2487
135
1548
1064
2024
5890
1223
431
9331
7639
2859
314
2768
5665
1124
3685
2301
9192
5613
6923
1331
2175
295
1414
2677
321
7364
14539
2406
2609
923
2548
1244
625
54
1271
2055
2366
2186
164
7407
199
911
795
4867
1658
652
399
248
15937
2508
8397
2580
499
2222
6296
2047
168
3922
7275
1190
5395
1027
4586
5921
246
5603
1368
693
1665
840
2702
2331
4409
82
13630
2687
2433
536
391
1526
3947
4116
605
6370
2111
534
1342
1401
968
333
626
16932
1892
2485
1404
2142
372
427
1171
5821
1986
3384
4822
8681
9897
1152
8353
5915
4425
6880
1618
170
68
93
11355
2623
5733
3865
827
4902
20
2857
6379
3266
3009
605
4714
508
566
3380
2715
808
1686
2812
1187
875
911
1160
283
4819
3873
620
4925
971
2145
2461
1484
4045
1440
2212
181
1199
936
6557
766
593
1139
1769
171
345
407
99
2891
1188
386
3844
6306
341
1558
1880
77
1685
245
4627
1042
5332
1267
2838
347
3732
501
11007
251
4334
6549
2292
1631
2004
14153
221
1691
401
19
2606
1031
10567
3104
1214
6210
632
393
8130
3018
1284
2878
976
3535
1432
4859
3396
2266
2185
4196
9039
4875
3121
2074
1861
2249
1039
1292
4433
1399
1726
1898
3730
1850
207
7149
1125
3518
499
820
5350
4022
3467
4212
2581
9495
280
1574
13
5715
3707
1924
4845
3601
1900
3496
6303
180
1186
1143
1228
153
6625
1858
2698
419
244
445
2099
3847
505
3635
684
2625
4128
2183
1364
350
1635
2353
2713
914
2304
5911
4258
2538
181
3426
450
168
3941
3354
486
3885
4871
445
1366
168
788
339
2452
3557
1846
4633
188
3986
737
583
1374
291
191
591
1904
441
924
393
1336
2635
5230
8399
3394
3727
299
861
426
3458
1055
1889
36
1564
1715
1524
2877
773
542
1139
5717
1969
1143
751
6431
1668
3959
4426
540
707
2565
2423
7751
6503
6542
5068
6118
3444
897
2536
2459
9994
201
2613
1326
5020
1344
6493
4564
329
572
1227
2572
870
295
1846
13598
1391
3355
16
1910
766
2661
2644
6101
1185
1005
431
6137
12084
4964
2795
333
6699
3335
2035
624
313
30
2101
977
2914
1079
72
526
3716
2691
2298
6384
379
760
4194
3552
182
1930
707
1231
4300
1681
2888
687
3223
795
170
9525
2781
4032
2749
3263
4256
3199
825
1822
1140
16
2163
3176
537
5086
1157
5
1100
900
889
1563
12343
1364
1689
449
5132
1072
2537
2491
374
742
30
4664
4257
532
3263
4462
5138
8009
6361
3133
7037
3309
3207
267
259
1898
448
343
1503
2288
4802
4693
2953
2209
2160
816
1050
29
454
1939
4589
538
1416
10629
252
2999
321
3056
5917
5276
2955
4546
209
217
8037
1799
2053
923
201
1859
4990
218
895
640
7033
130
2554
1798
2003
2815
91
9829
2128
230
716
520
2745
6334
8781
2890
814
9320
358
2689
1354
301
370
2703
7316
2863
1810
1354
4797
3585
172
5519
376
1518
1013
7186
2476
81
5534
1762
2073
588
4756
6275
2496
1640
952
1788
4571
4448
2806
2236
3591
175
2058
494
1143
744
2869
649
1391
1183
3008
3578
1142
3558
5582
940
3274
1286
2988
4271
5764
4861
17426
1067
261
70
740
912
2674
1679
8859
280
101
1561
3245
5236
4981
559
7351
6381
1691
464
1955
4437
10837
37
756
5237
1671
5860
2866
878
666
2450
12576
413
770
2950
37
2606
507
86
5594
1335
2834
5876
1276
2479
1114
5116
334
27
3037
1760
3440
1632
5482
1943
628
1980
1537
457
1144
235
7834
2462
3468
2613
3176
3936
1663
117
14541
972
2866
15179
6949
5115
14421
6408
700
1504
4504
2510
54
5121
2599
1733
261
4483
6360
5629
1965
788
1817
6352
1825
1275
334
1130
4184
5157
305
4178
2177
108
1497
1231
1958
945
2506
3286
2167
7319
1233
4586
172
804
162
1897
196
597
3800
1150
10445
3036
3516
12735
940
889
9324
5296
275
107
1813
6147
8597
6283
6746
357
581
3496
685
2192
1013
8869
1005
718
6508
3176
3624
2362
7422
2906
2139
3555
878
5201
8272
3408
15455
328
1426
2528
2391
1113
615
150
1938
837
3130
598
3529
1405
936
7401
6329
10137
688
7091
1178
7016
1358
1035
1172
1277
4110
120
10570
2839
841
317
5276
220
4709
6233
43
1890
7886
5107
12484
2705
4445
1810
6247
1400
779
1453
2807
2904
132
63
332
2845
1729
573
1111
120
9267
901
8105
4730
1140
2334
1142
236
2171
1106
2038
587
396
367
5734
2819
756
1337
95
9809
4946
11068
786
1343
3720
3918
3964
3547
2540
7428
5007
3691
1860
248
2567
220
4322
6930
5322
9593
353
2113
5359
7146
637
12763
4899
157
2243
95
1547
3143
5832
872
4372
1815
885
664
2636
424
425
734
2115
3189
2538
809
377
4636
6585
1096
4487
1391
4456
4143
4807
258
4917
6962
917
6628
2934
2604
216
1737
344
2018
2789
267
5527
3905
348
488
961
2374
479
3698
1817
2238
2499
4318
1031
2250
2316
90
664
5365
1160
1935
507
893
497
415
1337
2133
799
10910
1945
1679
1994
10738
2090
4144
1004
1853
1597
289
2605
6970
2640
914
92
477
1375
3535
2703
8
1693
183
502
1018
12817
2034
6809
5749
949
96
1107
4639
2115
1763
118
4188
754
1153
508
714
376
3967
1528
2438
700
953
1397
62
3172
10182
5394
1330
757
1432
1039
3314
1529
312
2830
1245
2505
3390
670
3728
9033
9600
555
5002
2697
208
5450
1531
5612
528
4366
8265
1040
695
222
275
421
278
219
6758
6193
722
307
5682
1350
2726
1106
1546
1152
7773
3860
4212
956
8
2493
777
9109
3708
4123
1630
937
1314
1389
1629
4382
3262
2009
6982
2131
3597
2150
2291
1509
13179
5095
1915
2324
2208
2010
431
150
147
2262
2141
7024
2410
927
107
1238
413
2063
460
4199
6887
1825
922
4798
4840
1840
6736
1019
5610
751
9449
3864
5518
1705
517
941
648
605
532
1823
68
2884
197
1871
489
139
3996
347
1069
5432
2045
2616
891
3080
1429
2202
3247
2748
5279
3052
3186
1794
1578
759
5903
3266
1412
3809
784
3604
593
41
4289
5946
5624
939
3045
1856
283
623
3435
1169
627
3603
3134
350
1833
1449
1349
542
912
820
1932
343
3482
2581
480
16699
5932
1368
13852
2398
1364
2605
2726
7722
1433
3011
1389
43
6022
437
3682
3834
231
6704
2362
10354
1669
1430
770
1164
3992
2937
4291
1943
1542
1745
63
8040
3785
129
832
3160
7721
624
1995
363
3742
5808
2878
611
1077
7544
2197
12040
5250
4150
1782
2031
8670
321
165
5377
1413
1708
1934
647
789
2881
423
16303
618
118
337
3902
3224
7584
2196
861
3168
8091
3996
281
260
3240
498
46
1837
2484
7534
9679
3782
9097
374
2910
2191
5259
651
1302
1393
202
1406
200
39
608
234
3039
4883
710
3724
2020
4379
713
3880
9
4634
843
5287
2126
7801
156
1580
719
1574
3944
2293
1247
318
905
431
4083
3968
1759
1267
2439
6423
2419
9314
2870
2084
940
2449
3048
1656
10133
9485
2472
7635
430
12877
4003
6261
2237
2616
4534
3152
5793
119
11121
1908
3766
1720
274
2664
1006
332
1656
254
930
3036
3473
2635
160
912
2267
3307
148
4699
1153
608
1495
2988
1619
2434
499
4363
4784
1865
641
1054
6610
260
1288
1229
913
2673
6828
721
3520
894
1442
5110
744
2348
1994
4422
11667
5877
531
3150
300
4927
2854
405
2298
1048
250
565
373
5264
3518
2636
1291
9476
2869
683
6572
2049
2711
1487
2464
39
673
4896
2234
1001
3504
3608
4677
2554
1672
1636
3707
4614
5780
2668
1784
559
4755
5184
7817
4054
6717
1639
1397
578
5171
11547
8482
3176
5664
1599
759
1391
4972
2141
3193
15540
1128
1809
11257
217
7993
3880
141
5550
531
1248
1720
4188
253
5755
1800
119
1575
533
5068
4039
1824
2962
10325
2330
3307
484
2544
3
237
203
3260
4608
8025
1166
520
677
519
2882
1841
6825
5769
3264
3740
8680
6399
11667
56
798
1576
1399
972
1903
1878
1896
158
54
2414
869
366
79
3941
1761
459
1762
7039
4258
6309
4369
1167
257
2768
2862
2223
767
3272
1444
464
6968
728
6686
3902
7966
2413
3129
639
423
809
2835
3000
684
238
15229
6854
1659
904
1161
1526
393
2275
4477
622
6230
2357
980
7845
1041
133
528
2812
7082
2775
6947
2224
1125
203
2532
1179
5069
404
3622
1328
8592
7458
3748
289
1961
8881
2826
352
148
4560
9581
793
4883
6678
3045
1559
12280
436
68
6274
2239
1982
678
1060
8166
2904
3127
4699
4572
903
2042
3356
228
3925
175
661
12
3870
6668
2577
2848
722
5176
412
775
7369
4258
678
5628
1259
3601
858
872
3405
1221
12803
7071
3278
468
371
2326
1457
2736
3643
2852
6510
1019
8592
4135
3057
719
5400
3024
189
2741
3909
6052
11429
2111
1281
1368
363
523
998
3706
2235
331
11477
1827
2575
12536
760
6574
1034
4541
7008
637
451
5053
5470
3484
315
1673
855
5421
1869
8020
2635
1622
9417
431
3268
91
6754
4594
161
4612
9614
1746
1620
73
1358
6409
9570
3254
2790
3408
5424
11716
2185
7074
4670
2286
531
2725
9686
1050
3761
1824
2626
5393
4953
5261
4127
4605
788
491
401
86
1859
348
1065
1273
416
1724
1534
7794
2693
126
1525
1053
8576
502
896
3603
1061
2031
183
3549
3041
2824
3175
8804
1175
32
3048
3124
15162
4910
3845
2037
1140
724
403
2192
159
4444
2702
1488
386
1328
807
1925
6940
5278
12324
862
759
4415
481
1005
5358
27882
4872
1552
1415
12575
11690
9586
3269
1910
1002
140
3006
1814
6573
564
2075
657
2082
5290
2694
6576
4453
2643
1608
3876
1408
583
662
953
1229
2452
735
231
2057
5769
886
8620
2227
1943
1622
97
431
1342
386
617
159
155
2390
1056
1830
2336
1583
2224
4667
9692
777
1527
726
872
4989
4606
4403
2597
8315
1523
327
5506
2101
483
5041
438
1452
122
378
2552
5749
4656
2331
354
3505
7488
26681
373
502
1881
447
2140
53
714
8646
8223
1317
204
8075
1981
1634
1603
224
2204
3812
2884
67
7303
963
1427
3370
2381
1651
4353
1633
4761
483
2022
7453
3172
767
581
3364
1454
31
4323
3818
2511
6503
1529
1667
919
1809
1652
362
4609
523
1474
828
801
3206
9736
2279
997
104
514
4638
368
4483
2649
46
707
86
1199
12091
516
4523
228
5070
1334
63
1872
4893
2184
1214
2696
4237
2484
838
298
707
681
192
269
3471
8621
3251
21
356
1375
2118
1570
269
1727
13587
1626
688
39
6336
2452
6211
550
372
1907
351
306
3378
127
2846
3074
28
11799
4446
1491
272
2492
1406
513
3654
1398
244
221
164
1201
6694
965
107
9685
4558
1112
5126
3010
1500
750
530
365
1914
639
1237
29
3022
1641
1031
1766
189
1900
8991
2043
2164
1076
1302
4935
350
2838
2131
6265
157
2927
129
3054
3416
5025
9092
631
783
631
192
3122
2906
1228
2879
283
1648
316
305
2645
777
1131
2968
988
1965
4354
1376
1906
9250
2528
5249
2922
5510
791
7207
289
2006
8726
3206
286
8130
7018
1891
582
4408
681
36
1340
1165
2338
2423
5352
244
5960
4333
2159
1230
166
4354
678
2757
3802
3069
797
1141
4617
8201
11374
4327
1046
630
4619
1139
1875
348
94
187
5094
4112
5537
81
3229
3445
17
4770
5309
1817
675
782
242
12243
688
152
7377
2968
3464
694
525
982
390
613
1751
402
12828
2483
455
4518
6346
1168
63
8194
360
3222
5817
184
1368
359
5969
792
9716
6040
261
45
10127
7792
3068
5813
3060
2509
3158
2531
4588
1236
3159
4249
300
774
2479
2414
642
2287
1020
1624
1324
702
2796
1095
1210
688
499
858
78
1213
4501
5961
1017
948
416
2672
1123
1401
1472
4050
2982
3759
6742
3099
5939
28
6249
1384
7570
330
4096
2113
2267
1269
3794
5052
2041
987
4837
329
9716
5610
474
7704
2176
269
6121
1542
1830
4051
949
1703
7450
206
276
6344
3613
107
2909
6865
1660
2048
812
2042
3762
982
271
2348
7358
3978
4406
296
1840
206
86
2057
2772
510
3628
18615
655
117
3709
1251
4957
2282
4926
4077
3124
1265
1271
13
11070
10279
4537
4661
340
1715
1661
2450
10273
9581
5217
9887
1979
798
2710
2753
200
3076
103
811
3540
731
8130
3487
6884
2200
7066
21
257
611
2699
569
3287
12718
311
1489
10097
697
5256
1016
87
632
5779
1738
563
2458
1238
10467
1814
1143
3151
2879
1261
2686
3223
184
386
6403
2628
2306
4272
1812
1749
7626
1106
176
755
4439
3489
7526
1450
3136
6907
705
18
81
3196
687
1625
2666
1351
2199
5691
375
5939
13196
2512
7086
373
4889
744
1109
1059
5003
594
1384
2894
6595
10219
2919
9303
4303
2273
4823
7021
793
1982
8915
943
2793
10304
1033
3160
1942
331
4488
1315
3439
2780
3612
778
915
359
4130
305
5303
615
2430
6254
1113
5013
519
9488
2745
2850
2389
849
3407
1921
5417
3403
8051
2667
5811
1639
1402
3973
5525
1206
386
6517
1482
211
655
393
4424
9127
3703
3303
3173
3437
10002
376
6802
5669
4681
142
11520
2
4456
779
227
136
10811
234
4157
3775
2203
1945
103
3169
91
1055
893
1015
4514
2868
1592
694
133
844
1284
84
142
4224
7040
966
493
2559
888
4379
755
6624
4520
1511
1903
1827
2031
810
1561
2361
1915
223
3230
4322
1571
4836
1182
3781
1821
83
3684
1255
53
663
206
431
167
9251
3726
794
839
5198
6313
3777
1942
3552
793
943
812
5664
743
3619
3071
6779
7052
653
381
176
2305
804
768
5153
1605
1077
814
2788
3117
7830
1846
3497
5103
337
2532
102
540
1520
170
1622
873
301
760
12
5466
3424
323
1007
12468
2296
19352
3439
2208
6230
2342
2298
4612
4515
4665
595
795
11647
4143
1131
84
2040
857
5005
1251
6656
1238
453
734
4053
2041
7825
4353
957
107
3288
18
457
1844
303
1200
626
6370
2504
3081
484
616
1807
52
2516
2366
933
1646
4000
1374
2718
1432
10395
509
1489
6
4574
742
3204
1718
3256
969
7563
461
347
220
11097
1233
2847
1150
1192
1529
1045
121
1956
345
2316
5326
1494
7327
108
4112
808
1921
2192
756
2376
2579
2441
1770
2893
1095
723
1118
1711
7896
6032
12127
259
820
5607
1298
3772
2691
14584
539
685
307
874
1603
1025
1374
1849
7119
238
475
201
200
1730
771
886
4168
4279
2502
458
1968
4698
3112
12283
149
2894
4790
1082
4530
751
1184
4108
5129
7521
2812
186
3677
7338
4672
14034
1931
7267
125
9956
4681
5791
21
1104
2629
22
1111
11658
8626
5239
271
3769
878
1740
437
6534
2021
893
766
689
1087
6645
1230
2198
90
566
999
2936
220
4502
3490
2083
1519
1298
9382
1579
3843
231
2908
2090
2869
634
1272
656
1066
891
3659
10879
2680
810
4379
5600
607
13548
646
1170
1273
6158
2432
884
764
5646
2674
1804
1051
820
1283
5415
1212
5403
1743
2087
263
3361
3105
975
6218
2822
6438
2724
3933
1500
3118
1220
1423
982
1289
1966
5919
7832
256
4559
2859
761
2803
3864
3827
4131
482
629
4267
101
5408
2511
2246
6267
854
877
5040
4258
2706
416
7969
1920
1202
5425
4753
864
4545
7444
3931
535
2553
68
537
138
90
5859
8011
5
1279
5075
3367
3587
7923
1889
2710
2325
1183
1493
3297
1047
4047
1534
1956
690
2758
5159
2121
6713
2642
1730
3247
2514
5976
5215
889
2932
1556
11297
3791
1263
373
638
2574
5991
1547
743
2698
6641
992
6161
749
5768
5384
2992
1871
96
4346
2012
3977
706
1213
2710
7342
274
1811
1515
1721
3448
3843
343
1847
3800
1071
2386
3153
31
1584
