256
123
268
321
125
400
401
17
185
401
395
1061
527
585
26
3
407
7
312
543
1
776
16
187
213
51
337
874
32
292
545
32
452
702
663
474
227
556
1058
23
1144
743
618
893
562
24
254
477
123
661
50
91
518
1126
280
80
203
217
571
56
184
572
1259
26
320
77
522
19
841
525
86
227
46
66
870
1114
442
24
1102
1112
235
593
28
34
310
329
74
278
158
37
445
543
109
1021
61
94
270
315
43
837
443
1339
547
249
349
592
367
1376
1427
361
185
248
916
55
786
30
106
1005
244
106
44
882
1284
354
412
1065
1310
662
16
325
41
1161
478
237
68
100
912
292
11
166
1195
276
137
78
507
514
371
1281
72
546
282
81
1211
893
63
71
371
174
129
442
373
3136
2154
974
470
641
845
29
679
559
117
875
1053
75
160
18
854
419
103
51
136
1751
428
731
555
69
9
1453
312
550
285
250
132
353
106
696
199
150
650
142
1107
97
4
661
48
573
3635
655
1470
552
664
85
159
743
4
940
877
178
287
651
12
151
39
668
53
38
739
462
602
1569
1647
576
1355
19
480
392
745
318
902
2056
182
104
312
11
1188
229
16
103
264
1755
1069
84
983
1408
1210
441
46
199
413
385
738
501
224
764
141
82
101
296
62
823
56
283
1308
89
23
44
181
192
768
260
51
1025
669
101
86
33
327
114
676
196
549
183
843
22
1416
439
232
50
380
793
142
331
218
5
274
845
1229
426
1126
375
65
219
820
644
266
377
176
937
1030
9
560
615
116
152
629
508
266
5
475
141
456
1
213
348
1273
628
1396
1181
495
56
574
46
883
213
480
694
1070
386
61
261
668
89
752
356
587
79
269
63
2671
1616
221
624
617
845
1326
1178
450
746
138
276
198
144
764
315
1704
218
468
84
254
542
62
496
384
104
566
115
248
71
1097
204
679
149
23
610
346
73
650
710
156
599
90
981
215
102
42
184
77
170
390
268
13
447
853
405
209
1658
413
49
94
186
612
837
563
109
2264
165
180
627
312
212
201
56
588
267
37
1966
300
366
461
348
84
658
554
533
161
432
128
20
101
62
216
646
878
566
154
692
697
1334
230
884
237
48
484
1034
145
141
593
242
479
1970
389
32
35
471
181
336
370
456
1
764
327
1
148
280
262
93
493
724
527
329
442
628
493
19
723
795
294
1068
631
223
286
298
670
156
940
19
56
94
10
855
706
294
668
224
209
462
461
93
74
180
361
194
1197
1805
57
11
435
464
668
312
893
802
71
312
129
326
135
56
162
1714
99
22
1841
456
471
312
54
628
283
829
144
168
532
1114
135
259
117
33
9
483
402
333
19
318
628
511
10
392
808
163
351
1107
245
410
252
434
63
29
366
671
180
314
269
26
490
275
37
157
557
629
132
119
1022
47
305
719
126
49
290
1175
30
93
1337
7
111
662
7
663
30
832
367
383
1383
514
307
169
680
21
87
227
81
166
324
610
262
217
969
58
265
396
5
314
25
365
635
375
1152
160
85
1487
1232
8
385
1274
882
349
957
82
42
439
382
312
189
62
487
587
926
705
60
151
246
512
200
104
484
1238
214
303
147
624
166
51
79
61
164
4
888
256
11
509
1123
302
746
465
130
389
965
68
588
1596
70
199
479
1485
1151
164
335
887
62
136
804
41
741
411
105
124
36
1447
993
17
1474
244
119
216
98
825
265
297
32
273
494
291
196
97
1125
151
131
839
773
68
251
56
214
199
12
114
441
1010
118
81
78
116
287
392
62
240
1814
260
752
2
1664
466
183
639
114
262
601
176
300
1630
188
63
517
764
1090
570
710
535
193
105
302
698
114
161
84
571
79
939
963
156
248
163
426
84
86
4
79
250
3190
478
495
398
191
606
358
741
96
895
8
20
123
534
1725
767
1711
241
228
120
870
113
934
401
807
850
52
1005
98
1206
759
551
75
2350
1421
4747
55
834
825
273
939
1203
400
36
397
946
4
781
1469
197
336
873
126
908
446
651
20
112
605
648
631
220
225
401
608
70
464
418
242
518
85
636
23
159
460
377
478
11
1430
84
190
311
69
934
2714
2
1140
171
19
309
260
331
477
574
1847
305
260
111
1453
113
80
221
279
379
166
161
133
220
498
42
43
119
460
9
816
529
99
389
8
528
146
58
580
47
345
953
85
363
188
362
1051
619
331
255
66
25
38
367
36
512
1254
1383
213
99
498
1379
8
845
312
751
15
290
27
76
78
671
35
1712
497
82
8
95
2079
559
508
563
396
617
493
425
63
9
904
223
284
94
180
163
337
115
1057
420
1059
357
163
134
1109
2493
1013
53
916
696
89
651
122
30
59
641
530
1081
103
1041
805
1005
182
543
76
152
1485
248
103
373
87
322
18
1550
1506
130
542
1130
473
1236
405
552
392
762
158
45
701
56
191
12
404
845
957
1015
229
50
223
19
999
451
108
9
175
86
683
700
737
788
194
642
664
94
26
498
243
42
575
1929
326
338
379
68
631
1727
55
504
10
218
33
1071
648
578
434
113
1707
72
641
191
512
313
120
51
295
207
874
359
669
28
656
94
407
43
402
178
430
285
170
612
206
62
67
643
255
127
1138
1099
794
66
449
256
771
403
135
109
143
163
571
47
295
210
155
322
1188
93
465
358
1038
715
421
459
153
1073
390
1452
665
231
335
33
34
345
125
508
436
52
508
6
1981
610
1006
414
1288
321
103
189
1
397
340
278
87
36
339
100
20
404
903
19
44
741
933
237
412
341
1418
367
760
422
187
153
1083
569
717
1921
1064
202
803
351
793
2698
651
25
362
202
788
1515
1130
692
201
179
191
116
1114
1050
343
301
188
1011
471
2287
1032
112
254
150
607
236
30
241
14
965
1155
259
19
332
834
1541
35
606
688
709
701
628
819
165
218
1
689
742
71
250
1139
543
464
13
413
38
754
124
40
488
292
94
266
189
55
122
690
840
155
96
409
15
98
316
37
247
918
122
389
177
481
600
1963
793
524
624
735
127
128
476
365
1530
2479
837
736
599
4
761
652
161
87
683
286
193
8
378
830
380
320
254
77
359
1873
134
48
279
1291
721
766
43
1413
152
519
1196
66
41
1814
430
141
560
70
804
257
427
1307
76
1134
191
623
103
542
200
208
554
182
913
278
670
1418
580
200
898
96
153
361
137
2139
1507
531
144
406
326
46
46
10
358
563
55
331
390
688
120
304
388
184
399
94
754
248
609
645
550
415
815
113
284
730
253
276
30
588
13
198
59
1175
155
128
28
1346
42
131
1174
812
777
121
225
775
155
354
166
465
226
522
616
72
501
90
354
7
243
272
339
476
516
49
240
365
1620
667
4
285
528
198
29
437
349
285
159
15
521
1702
261
164
827
194
139
114
107
201
299
1091
294
111
220
1338
214
70
922
370
149
27
270
91
157
96
125
381
629
1371
16
126
216
322
287
240
243
506
390
167
351
267
283
299
930
22
733
1165
455
305
43
602
231
495
1148
67
88
806
215
2
242
435
831
1153
21
187
342
293
59
100
868
79
45
388
571
60
1218
435
515
24
1269
75
175
407
41
34
265
218
91
115
1341
460
87
291
126
167
117
137
150
144
66
84
1
2660
1118
134
277
65
81
178
249
575
786
144
99
472
351
1552
1105
73
2
64
410
393
611
115
88
440
69
898
173
489
342
165
274
123
15
342
341
76
3
1518
977
906
413
274
984
817
85
618
201
5
1207
1017
31
241
70
169
714
216
4
1626
72
263
1058
268
572
494
349
78
671
552
972
1271
297
83
161
324
784
12
224
92
11
137
52
547
2024
165
128
901
329
558
233
181
58
14
1079
233
1639
179
483
178
574
279
17
190
85
432
609
43
86
252
804
90
793
108
174
438
421
197
692
1231
373
30
113
343
462
241
28
167
369
19
808
201
580
856
912
611
30
61
259
35
30
44
14
15
75
1096
24
1422
90
1621
358
47
367
946
556
75
1803
551
501
225
1261
29
163
628
82
1363
41
5
93
423
98
134
1077
70
560
890
329
420
250
768
133
36
1701
117
87
161
76
306
98
256
189
171
119
891
317
366
447
162
32
159
724
268
234
144
586
25
3
364
662
242
416
977
502
178
85
445
994
131
858
433
743
675
767
330
2258
514
1050
47
122
879
144
474
940
138
156
62
243
97
1922
393
1155
230
1012
22
156
574
279
506
783
173
436
77
677
114
599
217
10
24
1472
69
983
4
613
1952
479
423
166
82
118
80
1500
485
77
412
766
467
10
314
799
263
419
580
1370
657
42
661
74
353
1164
680
336
117
193
873
118
73
507
305
831
560
861
176
258
147
1057
825
39
670
326
150
27
11
876
437
34
517
85
1269
239
262
53
1405
27
1305
259
620
546
701
150
28
494
227
2181
508
209
22
142
320
89
2413
352
288
1987
51
1458
312
1561
767
295
139
112
1281
108
1931
252
244
837
297
190
150
90
622
600
467
98
240
637
27
132
531
133
484
647
14
4
936
206
329
756
332
259
196
991
213
31
310
1593
138
228
8
509
943
155
405
720
111
1008
614
294
224
560
312
7
17
186
1640
254
9
16
545
196
268
168
270
864
854
126
49
65
318
891
409
998
536
1180
122
611
605
806
1076
1064
671
479
390
1048
413
127
799
82
317
2358
101
173
35
79
1088
213
231
161
41
163
776
286
14
193
619
597
455
45
105
1116
111
874
528
349
177
245
186
106
657
406
1061
586
1241
730
418
1287
670
379
544
49
958
512
334
77
71
622
391
47
146
1153
310
31
377
1559
256
79
51
3
406
242
58
274
169
1056
721
1209
648
101
252
417
53
1697
269
188
129
232
375
413
2117
27
224
14
60
366
670
672
505
274
14
87
605
431
815
174
176
1498
199
216
98
142
540
23
396
61
1123
388
195
84
522
32
898
1079
33
211
289
1102
1599
292
756
235
569
241
60
214
1476
426
208
466
130
470
216
746
114
188
241
567
182
513
152
131
65
666
19
360
94
122
515
188
278
186
4
305
201
496
624
61
86
115
384
36
34
108
58
179
5
229
1603
242
14
1103
399
417
469
424
1577
2
185
51
82
391
376
193
1507
817
156
403
1
259
1031
268
55
125
158
1198
1
148
1951
458
349
217
31
585
591
2
638
271
425
95
484
175
196
110
1538
1102
470
293
35
319
897
114
476
504
150
181
50
468
736
678
753
4
135
455
113
581
142
36
164
68
594
350
204
447
211
928
25
1196
804
64
916
280
145
64
240
229
602
957
1917
344
362
119
472
493
148
572
90
115
97
151
94
870
76
827
1032
899
379
1625
848
13
90
544
39
252
198
1340
1283
143
489
1236
299
1214
273
724
351
192
31
872
171
807
873
315
162
1176
1220
87
233
23
68
43
63
795
460
233
15
603
2743
648
736
123
101
652
140
54
578
503
822
56
357
907
25
110
16
15
283
221
767
144
8
1137
613
544
849
326
309
225
2362
172
1327
722
1036
1838
511
722
148
231
370
27
1186
473
1222
1227
212
419
108
938
335
296
855
521
669
241
39
271
185
2
944
41
95
1711
509
134
305
415
181
561
363
1316
1073
123
69
241
970
488
45
387
603
460
600
83
238
514
637
39
25
61
203
570
76
381
3004
689
120
167
980
205
58
318
384
760
4
173
19
236
529
179
1262
276
229
73
28
501
678
393
1069
65
336
163
493
211
2
778
866
405
2265
401
187
697
499
584
6
455
42
905
587
367
12
359
657
168
104
49
202
155
29
743
48
510
923
274
359
1806
425
197
1681
231
1065
291
711
21
465
492
518
162
488
54
574
738
180
437
248
549
35
1050
78
447
295
184
561
528
216
278
162
1292
469
73
418
535
87
1502
471
644
456
253
941
10
759
390
614
37
208
55
625
699
1460
411
139
1026
254
590
519
336
48
358
751
565
260
170
76
178
22
486
96
164
136
1862
401
275
240
978
236
124
204
648
337
247
834
528
266
601
118
1020
1064
129
77
210
457
1397
1920
24
45
847
227
254
2015
1157
835
77
231
274
1238
7
402
108
1271
573
714
215
80
19
40
156
48
1009
1198
111
463
229
327
394
254
169
87
234
207
519
603
996
3
351
571
913
528
14
314
2863
1488
669
31
46
307
208
1332
57
255
358
134
129
302
385
350
412
40
240
659
556
234
1573
54
409
1250
8
159
1165
9
85
48
495
308
122
178
461
548
1338
360
447
82
676
1492
370
64
346
757
154
303
174
321
504
494
942
1214
495
28
1490
120
2
92
775
46
272
843
623
45
188
249
408
377
172
89
64
454
329
1172
994
879
527
135
53
1687
801
366
44
194
86
134
401
198
33
249
227
908
788
762
648
34
657
129
198
258
1245
61
840
235
1218
94
291
204
181
441
816
1415
417
406
186
500
50
370
736
56
541
595
221
772
48
411
154
945
2653
501
277
1110
1372
163
44
6
96
688
548
669
269
193
713
755
188
212
528
167
120
75
70
24
904
27
1129
109
988
1731
65
243
328
654
93
403
388
506
1208
164
455
357
433
423
26
56
142
34
2144
1124
140
1242
967
87
46
99
38
111
230
9
1900
252
846
48
431
673
120
55
554
53
820
157
1347
353
54
200
566
69
1102
535
123
567
237
104
361
439
323
341
295
226
665
1221
44
664
990
166
1026
895
212
122
585
574
522
540
112
40
573
1496
119
275
343
1185
67
53
227
167
441
617
777
858
180
116
195
1069
114
254
32
249
1026
481
26
991
115
1083
554
474
191
226
964
815
163
466
792
28
431
162
892
802
946
134
719
2036
942
77
202
289
78
425
262
246
281
1029
1744
36
450
195
751
1597
94
841
167
115
630
366
1104
309
233
49
464
941
1470
150
1032
354
240
1025
316
163
781
156
622
695
271
235
523
262
39
164
695
10
8
558
114
328
361
44
220
474
179
1443
157
340
341
1521
77
239
56
487
370
165
627
89
270
1007
264
686
926
575
500
197
12
322
111
816
545
525
57
33
615
1766
234
8
26
536
204
511
617
259
554
619
32
109
363
381
32
87
141
334
240
169
286
462
189
874
320
341
500
120
102
13
52
302
734
155
1122
705
217
844
360
485
809
589
270
184
8
43
743
852
491
732
1023
119
439
197
13
347
623
137
155
1629
141
1092
1468
1351
128
1009
761
696
29
652
942
99
514
165
622
114
253
121
2419
525
266
577
169
388
210
172
569
147
155
325
220
1039
55
110
1928
9
759
560
74
211
351
284
720
1654
355
173
459
379
270
213
234
475
111
601
206
1368
44
171
12
39
81
321
98
58
145
499
1684
276
681
566
63
71
327
535
566
66
190
669
58
535
11
50
472
76
482
145
269
1089
182
204
1
397
162
165
374
52
361
69
726
85
623
450
935
655
197
290
444
87
52
18
1687
165
28
207
1018
133
754
122
108
22
1032
844
1332
1353
148
311
3
796
418
1753
263
894
238
79
6
146
90
227
952
1906
377
2084
93
1234
1952
60
56
324
361
136
378
13
237
563
443
49
156
2364
1102
1401
746
130
612
1526
27
268
626
364
62
907
880
1022
396
12
93
186
576
373
533
356
349
1810
345
115
379
387
756
9
94
330
641
427
986
728
1199
122
491
241
163
245
398
395
98
205
162
410
87
908
101
645
45
21
1117
545
582
228
189
541
1052
151
694
875
251
102
437
2
80
33
1034
537
448
311
697
286
274
248
1270
178
1202
313
531
117
1928
76
51
661
311
1234
18
524
47
229
1313
753
71
106
541
202
480
241
613
374
215
215
130
1765
780
554
97
10
279
910
1132
71
530
1280
338
1259
46
655
103
27
13
940
93
30
427
26
215
530
25
239
153
78
841
231
30
110
120
335
90
441
221
421
679
45
66
504
868
729
533
412
27
247
1030
354
146
223
926
722
1199
110
557
421
225
415
195
585
1143
264
92
99
226
128
231
56
881
611
355
536
988
737
485
380
74
788
1629
1835
77
192
62
325
167
283
213
166
171
462
1518
1540
127
707
1130
311
4461
1695
140
197
777
351
17
19
426
36
298
729
154
599
475
1089
113
306
796
975
664
300
426
850
385
403
136
665
75
248
51
507
503
28
1
257
1017
73
788
348
68
77
20
232
257
942
264
169
871
513
147
528
384
133
71
375
542
1699
861
681
154
101
859
447
234
53
127
1311
2020
414
69
446
258
187
16
147
68
65
530
954
795
1946
19
256
84
246
159
587
910
109
48
568
483
86
29
223
225
1099
191
521
48
273
345
621
687
989
477
1598
366
302
175
43
218
1155
204
1489
24
139
85
20
98
290
166
187
5
963
396
628
82
135
335
429
790
288
87
76
423
106
873
973
27
76
399
1443
321
317
143
836
185
182
505
580
403
185
349
331
273
2606
2133
6
938
187
5
133
269
509
783
182
556
23
241
432
362
271
113
865
116
408
135
261
271
127
435
57
582
913
1555
83
407
550
731
123
81
1638
630
194
585
1292
517
38
1
703
95
672
128
446
419
133
49
311
728
121
1185
107
584
175
406
710
53
523
84
181
359
514
496
973
925
51
647
132
1422
479
136
679
581
135
193
498
104
118
841
681
263
388
637
9
184
236
14
447
278
217
52
539
1305
181
21
487
175
727
68
114
261
211
705
1001
1724
897
44
272
12
217
55
485
20
368
1366
50
287
250
4
231
299
1666
1176
107
153
50
778
752
878
609
429
1675
473
1441
940
34
821
32
1004
392
695
529
472
132
342
1742
477
26
300
431
951
610
8
32
150
388
1137
36
67
139
359
33
412
217
1237
1290
28
555
165
1127
255
178
712
939
236
397
145
76
440
115
113
563
9
564
127
32
243
1319
35
452
100
2499
498
155
417
638
17
415
329
13
294
188
351
788
121
1171
1051
150
427
449
307
583
579
103
581
200
985
81
507
475
3632
767
60
98
32
292
372
779
414
559
280
209
542
56
5
32
567
954
230
590
146
261
1084
555
95
860
272
1345
218
110
1090
634
426
743
327
113
449
1316
895
418
468
113
566
258
145
681
118
105
574
354
752
71
90
186
314
308
20
759
719
1001
206
16
548
2957
403
223
117
178
1218
107
744
344
228
434
665
1650
181
463
57
1054
535
131
70
431
380
120
284
86
187
576
178
498
516
680
132
1094
111
10
691
1193
3693
133
1168
102
130
215
292
1007
937
281
74
299
54
75
266
306
624
430
167
847
260
231
6
2287
92
950
2609
1145
156
708
236
17
165
366
144
58
249
222
664
699
1047
91
630
526
356
285
2077
157
32
277
141
702
172
463
653
552
440
155
33
1506
793
95
331
51
482
561
222
86
874
560
189
511
966
109
60
908
18
1405
1419
2411
2164
556
1355
839
273
190
517
2402
548
375
392
2324
38
574
388
53
90
1016
145
58
161
172
892
294
50
277
694
1634
500
19
2101
610
400
89
190
394
1581
20
16
316
345
1002
292
97
809
110
68
267
338
212
446
297
59
284
996
320
164
410
494
170
93
53
785
320
1126
331
195
63
1152
192
176
34
623
1200
167
520
609
1198
82
177
286
160
64
67
182
92
139
41
42
238
105
386
20
303
27
115
241
698
272
59
159
54
555
20
65
170
86
920
78
621
656
69
134
66
772
263
249
491
61
293
301
578
2194
512
255
438
264
436
66
665
205
1446
631
774
249
116
623
299
369
6
193
91
100
115
563
84
638
161
383
49
317
57
151
583
80
474
757
422
30
234
662
113
505
296
170
166
138
1558
278
520
420
519
37
810
158
458
747
238
2121
1438
587
942
157
1364
279
23
1035
385
231
1120
1773
66
454
203
830
333
164
522
315
1800
181
1320
628
736
134
43
1152
360
217
148
430
1364
771
1000
1192
1050
437
997
307
702
1179
199
513
126
173
90
580
1543
20
642
75
308
450
416
415
110
455
15
174
797
1557
381
263
1001
124
700
371
107
1000
369
400
159
831
922
1780
358
614
308
19
1804
218
1400
137
123
28
433
84
63
1433
202
89
292
431
17
187
152
192
1587
489
1092
480
385
601
386
635
66
1976
417
177
902
569
17
24
1498
35
558
1232
277
396
251
319
416
31
51
1183
321
328
93
1423
891
571
236
1153
184
1110
696
1260
80
49
237
1300
515
10
229
918
169
931
446
457
97
593
463
740
157
111
544
504
496
631
2356
50
1674
123
129
796
249
65
525
1355
237
403
493
1121
153
61
167
176
3
85
35
1020
125
801
1188
29
399
2023
212
201
63
365
2209
154
123
149
477
313
602
78
526
73
469
129
1402
216
720
254
296
20
81
883
123
22
142
10
93
328
50
13
247
104
846
693
772
663
62
249
1662
131
67
2067
268
670
259
372
169
16
121
14
1123
280
88
471
1011
1156
393
234
176
3
61
923
808
413
422
168
701
577
65
1562
1743
88
2822
457
15
578
105
93
24
392
462
1919
499
1060
198
921
166
10
496
31
14
542
109
375
210
159
605
109
174
34
673
385
170
76
289
346
475
98
665
29
391
444
298
135
230
629
2151
175
156
904
198
147
126
604
609
1006
559
133
17
22
1136
450
888
19
122
481
1249
21
202
216
681
1134
489
121
14
37
56
108
1491
2244
19
220
1131
2066
167
258
476
726
48
1543
136
29
381
387
680
540
321
22
537
762
342
480
394
491
315
279
254
69
547
536
582
192
177
328
93
129
11
73
179
336
327
163
63
350
36
630
377
136
348
25
1048
279
209
296
49
82
13
380
103
477
1432
536
1152
166
862
417
218
152
18
250
185
461
244
96
592
428
103
219
591
354
1378
122
234
91
99
317
94
768
988
388
40
1782
3
631
128
629
362
284
1252
688
524
245
687
1222
226
379
257
555
791
1169
365
62
506
89
30
840
796
170
245
356
664
429
92
256
271
1151
104
275
306
762
29
138
271
249
280
40
341
114
730
860
898
445
1140
447
1280
567
832
466
553
165
717
1235
45
37
113
922
818
155
93
713
114
830
559
21
365
390
89
134
483
101
640
130
994
124
11
27
41
65
172
17
436
218
177
33
689
227
289
95
209
1574
1059
1618
1158
99
589
419
71
53
928
409
600
131
46
208
277
347
680
785
1892
285
69
27
5
213
170
404
816
95
1322
435
1173
869
486
2098
193
169
679
834
140
1427
307
400
526
155
625
862
407
406
156
217
461
70
96
305
38
8
106
997
100
66
103
61
665
335
660
21
1298
261
284
119
402
238
256
203
397
1226
261
224
351
385
1079
600
212
1043
673
1513
609
323
746
595
436
47
320
277
37
174
155
451
364
125
99
323
33
918
439
150
133
253
214
180
733
937
600
415
223
292
724
430
1494
164
99
244
1149
823
491
32
102
377
13
387
130
740
123
590
397
705
166
23
279
983
787
244
684
152
846
132
394
410
324
465
368
147
268
755
336
239
24
248
3
28
115
881
845
169
229
358
622
103
461
97
410
151
254
164
903
115
661
261
722
366
519
837
663
223
722
1933
1997
284
122
281
1041
349
336
655
11
455
35
195
181
181
76
178
313
620
47
471
411
322
29
85
558
750
109
989
79
1
634
1069
202
422
357
69
588
883
32
373
540
278
458
114
722
1353
445
484
906
35
13
1004
670
691
584
367
1485
42
71
805
11
421
86
185
159
287
51
514
456
1404
500
1218
564
28
201
1004
113
121
1227
464
308
1537
264
868
426
58
76
487
228
60
619
240
712
917
135
693
129
347
146
156
735
186
700
180
191
16
337
31
99
572
578
101
92
173
12
528
1148
223
276
56
893
431
2021
1
1091
552
7
131
128
334
817
462
161
414
96
385
335
145
264
276
309
198
1198
346
49
563
59
155
142
565
719
1240
444
398
328
128
1347
191
284
174
333
279
1
1977
273
360
454
1036
353
472
49
554
748
63
4
85
88
172
352
855
873
727
29
1182
519
368
180
67
1433
559
86
239
1425
326
28
733
2145
270
1621
17
432
948
7
770
434
402
661
504
331
104
42
461
1457
374
917
645
75
872
440
92
1479
370
211
655
228
258
15
342
1017
403
1484
1345
208
277
433
161
1
435
612
61
597
231
251
662
209
317
636
85
458
58
177
651
453
37
281
824
47
186
776
1047
869
452
552
168
189
45
683
572
24
183
80
264
1309
107
1003
1534
232
408
50
21
963
173
385
907
153
561
863
3
382
219
397
206
1387
95
497
171
186
1183
659
271
45
188
1291
171
275
525
206
459
1397
703
397
498
268
222
387
585
157
1376
596
224
1062
10
1499
758
963
206
115
215
170
795
11
237
18
1071
68
11
388
653
1651
369
76
457
76
475
231
1009
473
108
68
321
887
167
54
242
871
611
345
138
1121
364
159
1127
389
414
31
47
97
86
813
344
240
991
3
7
280
692
330
144
7
313
489
120
1093
555
255
469
1041
89
154
152
269
575
113
258
330
286
407
512
35
565
11
717
342
148
265
509
824
933
233
707
455
373
423
53
295
636
1346
518
1613
76
517
554
612
128
3057
387
534
636
558
91
533
804
344
101
325
614
675
15
167
348
461
36
1313
252
192
555
81
1566
255
262
83
293
282
953
1974
340
1000
372
1643
53
436
919
637
228
184
172
556
582
1162
41
171
78
1171
451
2189
185
75
181
44
433
1243
274
246
736
2207
100
100
154
1276
3
453
263
433
461
120
192
485
519
483
531
269
93
2004
1588
618
83
796
612
99
19
186
1891
395
295
125
183
596
91
2283
294
1825
394
214
288
54
321
1341
567
615
293
234
754
413
81
90
709
168
213
2059
455
391
256
205
208
79
48
300
401
65
26
885
55
393
1730
235
278
374
51
36
746
54
552
29
36
419
763
305
560
413
1073
1154
231
115
208
89
628
566
1233
264
161
653
110
10
425
1378
555
229
348
26
204
202
280
252
294
217
242
4
240
6
395
2205
62
249
44
520
1051
161
76
368
577
645
227
164
457
36
179
116
8
19
198
583
28
66
589
351
1281
93
616
88
58
687
232
252
352
31
300
1786
254
842
799
84
34
602
500
2649
396
550
550
1627
27
1551
955
288
293
900
946
964
322
16
2329
1205
815
7
2214
95
367
652
66
330
1903
299
84
109
50
93
149
290
86
335
406
82
58
470
479
63
183
68
1052
413
404
95
310
498
184
41
577
596
299
58
999
313
50
166
868
196
1990
650
760
174
404
1194
545
221
664
524
157
128
3
316
56
390
93
355
127
21
1353
152
120
883
1133
728
272
365
231
517
332
248
425
2035
1046
70
156
214
79
126
422
270
281
131
224
1074
139
314
1612
163
30
332
661
154
221
34
185
361
532
124
78
447
486
222
80
438
805
175
1219
210
1271
456
1614
109
2067
361
438
411
1070
223
204
575
2001
1337
107
442
335
540
645
820
182
324
667
48
199
1225
157
107
61
1710
787
91
95
179
552
737
1052
232
603
886
158
333
884
374
173
62
36
19
394
20
200
400
364
1156
920
242
338
700
193
98
2488
481
154
227
785
127
117
220
1532
2305
54
71
1007
76
376
1043
963
970
81
1462
757
474
953
44
112
261
1339
367
152
56
134
154
112
42
243
55
54
929
1251
573
354
365
441
713
56
230
110
46
811
580
1155
135
638
380
499
284
6
15
381
1608
802
50
262
34
839
1297
1063
1019
662
78
13
577
1421
93
361
182
438
5
994
151
174
462
278
28
945
835
554
75
253
234
466
109
32
589
129
114
136
72
29
265
158
248
426
136
733
449
652
550
245
60
45
34
104
16
138
196
368
11
502
1455
32
310
125
489
269
152
1612
285
310
906
301
73
429
780
1552
116
29
1562
984
109
899
20
398
5
545
59
471
291
150
347
326
166
224
192
1037
30
706
117
330
396
1421
235
1200
40
721
73
193
94
676
301
244
896
236
364
1691
590
124
96
60
137
215
802
156
1080
327
302
794
1196
256
218
32
2064
166
505
173
658
96
76
851
410
905
456
538
1199
423
929
19
36
4
815
625
426
568
2280
238
303
960
266
1868
265
79
152
254
621
819
99
148
202
22
280
449
736
1817
324
392
138
340
907
454
1293
657
51
56
29
335
278
183
934
30
326
650
267
849
66
128
706
2217
89
18
309
417
30
33
1766
2
152
1282
418
281
176
183
43
1373
964
153
145
1058
786
321
24
941
382
711
654
820
190
334
166
1343
514
792
195
376
601
185
56
672
587
510
31
215
123
545
385
1144
243
502
912
140
451
19
1126
182
263
65
336
22
672
1030
106
72
722
591
64
347
150
134
472
1980
89
1108
582
854
109
669
170
536
39
1207
1553
1483
163
1229
573
36
331
256
173
105
308
64
507
1055
248
647
420
160
25
301
11
843
47
15
598
158
283
120
82
504
7
741
157
174
14
18
34
49
255
83
56
142
565
415
1017
73
867
362
100
463
648
978
94
1
1829
703
103
369
328
327
140
987
736
431
2201
335
331
68
683
51
473
2054
1355
643
1
130
829
344
182
575
116
90
198
369
371
321
510
536
361
29
185
174
462
460
195
567
250
243
195
956
508
217
89
9
79
260
2
139
258
1345
19
82
504
620
51
410
194
723
127
53
201
316
1289
29
32
190
988
554
548
565
683
528
13
419
129
546
212
2390
417
455
126
838
453
198
497
1475
164
85
86
352
1522
891
290
780
460
260
473
430
246
41
53
291
1350
15
102
521
977
691
70
5
1536
28
1076
660
206
1802
34
984
942
77
492
161
696
71
34
214
655
304
1104
572
14
350
255
316
711
34
321
214
127
943
156
593
180
575
799
327
13
201
1278
17
73
54
116
1098
216
998
566
389
196
310
165
257
371
164
420
166
1205
490
52
471
250
675
543
302
62
789
242
177
865
285
151
813
129
229
611
142
503
552
69
463
160
13
421
211
27
1934
387
142
443
272
672
159
72
508
444
1237
45
116
492
279
259
267
1330
919
674
128
278
32
618
160
541
791
694
2030
697
531
144
994
529
351
121
164
450
223
60
760
352
1168
373
500
1255
1411
43
334
236
15
311
1400
87
718
431
35
91
76
120
306
62
236
497
689
14
536
80
175
39
88
318
154
17
48
19
164
121
604
438
235
182
532
615
21
10
1199
347
684
1591
951
329
904
436
226
793
49
534
528
10
597
1271
83
42
188
557
2012
671
235
70
798
414
543
384
101
226
262
437
647
210
101
1515
143
160
938
472
1634
519
1180
195
545
925
313
173
234
105
192
331
117
2243
573
4
41
210
708
185
68
226
76
90
413
1055
343
7
775
1085
93
101
1
436
929
597
1126
263
979
82
1002
572
35
104
505
459
409
488
432
119
107
1244
1654
226
174
306
59
903
231
506
32
85
10
539
324
179
1052
295
181
75
23
146
100
214
192
295
649
1455
580
129
17
548
1514
953
1129
928
581
104
113
134
267
192
828
1368
316
242
82
90
528
225
904
27
452
391
145
692
110
76
899
398
1085
60
690
83
145
225
857
555
69
38
117
283
152
1231
399
122
298
110
285
576
554
450
769
9
442
1280
560
283
836
227
59
641
245
297
798
72
475
313
117
388
1595
66
138
240
84
294
838
77
29
818
1173
406
59
163
608
149
239
1219
354
546
1608
19
151
171
150
959
2711
1589
65
1670
566
3
230
805
222
101
193
209
701
289
567
1372
254
249
142
65
624
242
369
38
628
731
189
56
1185
968
143
579
406
480
86
742
18
334
538
770
191
2261
320
908
520
116
210
284
600
7
1002
1572
946
362
980
159
236
152
55
104
73
1199
1168
511
67
238
240
692
687
1536
43
599
268
689
158
70
420
685
755
107
551
2488
378
235
1901
252
1017
312
101
124
69
183
826
209
255
133
17
292
970
431
515
249
543
314
447
458
255
259
173
244
1004
244
917
280
412
356
1886
35
709
1343
300
94
648
344
14
1047
125
817
30
298
677
569
27
67
1488
35
688
469
10
29
133
540
23
413
415
620
3
539
130
699
181
445
137
412
29
763
269
160
790
1423
436
3
511
1333
290
294
597
1023
1296
129
37
656
974
500
309
247
697
260
331
224
188
455
51
90
66
55
457
75
837
62
690
601
241
539
604
18
54
184
244
940
700
115
319
136
1120
348
44
94
219
485
1948
308
391
82
491
302
222
172
402
113
21
945
248
79
23
1019
952
107
203
78
129
326
324
816
172
264
7
691
253
1314
168
162
445
121
301
1196
888
1357
239
211
1262
88
530
288
178
69
134
49
518
134
210
32
324
663
993
90
104
169
484
118
156
611
1037
97
1738
369
1502
262
62
376
870
24
334
1180
92
864
801
139
187
176
159
352
664
66
749
291
167
141
320
178
702
1021
185
344
505
236
524
55
515
1010
185
494
68
52
88
387
254
157
95
607
1600
202
505
574
723
278
423
45
91
12
742
10
416
128
725
366
169
2025
105
222
4
199
717
170
169
964
361
159
803
658
1532
11
272
582
584
33
455
399
1409
327
32
585
502
348
969
46
896
116
158
783
145
56
1964
315
278
581
728
852
221
1438
15
454
1260
1848
466
94
23
1087
279
608
795
15
150
257
25
792
144
947
29
292
629
435
555
448
1358
115
114
918
750
489
863
124
601
319
114
68
642
482
124
1164
10
501
838
199
2097
733
109
620
30
64
602
724
212
1440
145
95
92
38
1724
1089
1055
82
518
1146
431
358
269
841
215
386
85
1067
208
349
1
1614
820
1158
52
438
65
965
12
1175
492
7
364
202
179
15
110
400
788
237
132
981
57
408
944
641
117
338
395
190
146
256
154
530
296
488
1458
1066
1074
640
467
642
1127
331
572
218
398
1542
26
506
929
388
461
63
172
893
345
2325
23
216
278
273
542
1002
85
76
219
1718
197
264
758
444
355
77
113
1137
562
658
502
129
518
214
525
148
307
659
1336
137
529
1330
414
206
231
1384
180
319
228
1600
36
472
267
86
51
172
24
2050
4
175
147
299
1158
423
37
308
236
435
120
256
263
340
387
95
541
8
2204
421
722
159
19
537
28
1242
528
474
701
112
572
444
627
914
207
1260
388
2
842
2252
438
80
578
604
306
772
381
675
178
186
162
419
509
206
150
398
734
362
26
196
265
238
600
652
183
201
14
117
271
37
1250
753
74
531
251
1319
433
152
2825
755
238
641
26
227
88
274
657
166
63
1251
407
64
70
509
127
218
1074
2017
611
218
122
197
101
797
36
622
112
55
690
468
538
204
259
1553
1048
240
98
72
397
60
375
19
208
298
40
296
19
504
44
71
997
320
1886
196
1101
492
132
1221
294
98
735
642
328
28
935
854
303
285
832
429
19
552
232
121
75
939
243
905
3
319
351
1231
70
512
140
1998
521
347
705
27
1303
258
294
195
289
1239
409
585
215
1482
251
1606
232
1245
108
399
1528
3
33
1706
1042
102
1338
445
195
999
147
1896
1442
5
133
931
1924
31
747
223
279
190
1301
215
553
69
199
518
674
1447
527
44
269
17
282
909
433
670
611
589
257
48
1278
384
545
605
548
61
132
14
873
145
286
42
2
724
265
533
483
1571
127
248
566
332
87
1025
840
894
669
1866
284
374
100
693
58
472
32
732
534
314
38
198
130
542
15
244
35
623
239
105
93
13
278
990
313
1077
278
138
211
178
393
251
263
1108
173
678
219
102
615
56
14
401
444
205
899
1600
361
399
258
2660
1055
738
227
152
211
534
594
712
49
106
242
76
313
836
1062
6
251
29
287
527
356
18
283
253
581
1047
466
109
1332
529
270
223
864
134
82
624
494
326
279
242
886
1135
218
162
37
457
207
1500
392
339
102
1519
6
121
473
60
176
985
26
88
800
53
735
213
645
111
470
460
1161
698
276
85
309
106
422
164
1019
1087
614
970
5
1988
101
1575
43
277
2596
892
737
154
16
499
1062
114
1079
17
326
2055
98
40
1445
79
106
9
18
127
338
93
157
2170
102
594
39
276
683
273
1454
57
9
346
950
328
1400
105
856
59
1289
12
850
349
1012
1466
377
171
402
2044
556
550
138
1185
245
327
134
528
376
567
106
185
82
429
13
432
490
880
294
590
488
329
211
159
153
581
49
1626
1126
136
179
805
359
248
298
77
474
89
346
135
55
757
400
317
172
501
290
1790
290
509
195
801
412
823
69
609
195
647
171
21
316
507
31
183
512
289
245
63
942
317
578
713
516
169
852
421
20
13
678
21
390
1
28
400
1709
464
147
127
172
1219
702
579
928
53
516
39
536
1446
568
629
516
129
323
355
706
441
90
217
968
232
629
317
522
790
228
267
237
73
267
377
689
77
184
340
1
426
288
328
491
168
633
537
116
275
708
847
390
492
416
2141
200
1107
873
23
1107
8
367
1357
771
163
40
280
499
932
81
24
247
332
818
870
898
331
514
169
567
952
200
55
474
768
178
252
2
287
76
1168
494
545
306
480
60
403
994
684
1827
211
519
358
197
107
174
2
1490
387
62
1161
244
4
388
326
1156
719
69
317
187
141
884
746
948
248
638
1402
1947
348
3
433
171
36
551
1606
685
186
554
132
296
105
88
564
42
448
234
808
35
516
128
126
607
97
54
727
962
14
2061
439
727
119
27
230
598
562
1011
182
1122
508
195
619
14
28
341
192
6
258
672
495
112
564
138
120
392
77
34
235
691
102
128
624
146
558
99
506
272
851
72
312
16
632
52
157
84
1775
270
380
1257
420
1086
843
539
503
205
20
10
463
460
387
15
2
785
366
1069
73
321
58
81
489
205
1052
677
1131
534
196
381
914
75
376
275
28
685
281
78
503
617
84
824
261
191
49
723
188
774
12
329
216
473
355
1213
118
355
1705
100
831
240
425
77
478
160
629
539
2
194
310
105
225
447
123
720
74
1321
21
602
110
400
134
803
286
38
995
920
1133
680
766
299
248
1052
621
749
47
571
343
505
1868
16
1694
5
444
483
194
271
80
607
154
45
88
551
972
628
1248
29
503
279
613
145
729
940
234
911
88
153
284
1022
424
316
243
226
482
426
159
651
163
400
151
21
1124
200
34
319
225
632
100
107
117
1627
133
399
131
123
636
447
138
9
214
54
69
617
236
197
73
1102
189
95
231
931
349
153
524
121
90
694
417
4533
284
138
50
26
438
58
61
674
457
83
186
1231
472
91
373
186
70
288
280
22
209
221
39
621
254
804
124
935
288
276
480
56
601
602
244
5
206
171
231
1344
14
772
131
528
447
2237
68
754
208
562
91
664
252
63
218
285
657
256
770
45
348
460
66
65
40
71
71
1079
1054
210
1084
1418
84
110
254
1318
547
1757
213
26
381
247
383
891
93
332
938
160
368
482
1991
154
378
674
49
604
1020
591
609
314
46
961
70
289
513
7
706
145
255
197
867
15
312
105
410
1481
743
656
1866
524
228
398
1320
388
232
12
188
433
259
1006
37
90
1119
1250
863
175
268
170
182
312
1116
97
311
547
53
876
393
171
594
867
70
151
210
1
669
224
205
1035
62
670
251
1529
513
742
339
617
235
644
144
63
387
1114
33
48
66
254
1513
384
1055
214
503
100
706
283
140
1527
27
90
445
199
784
746
884
186
552
203
46
12
786
641
489
69
32
1255
484
225
203
407
111
1
1524
89
2840
607
804
590
173
217
1153
128
133
103
92
337
97
1065
902
6
617
294
592
620
1948
513
113
192
175
661
44
208
118
284
224
2
548
730
183
104
323
1128
229
166
330
962
720
793
214
166
371
44
1377
67
369
61
1028
117
392
7
462
407
239
454
185
527
645
9
68
660
938
623
183
1412
283
1339
1187
405
232
715
206
919
202
206
564
1009
12
262
1003
249
411
120
493
140
823
233
272
63
85
110
865
447
179
791
297
535
80
160
916
231
185
41
46
62
129
374
548
531
130
542
241
890
37
189
452
570
601
438
179
26
584
242
1530
429
2
168
118
203
1933
350
973
366
1149
98
1423
450
135
1539
421
59
261
184
255
1604
244
139
227
593
3
303
468
854
341
100
97
35
1180
756
86
236
444
435
126
321
437
109
120
1807
140
285
416
569
69
311
608
448
169
171
89
657
200
331
325
269
108
16
1520
592
57
1565
1811
552
270
336
239
428
300
577
2056
798
96
1015
433
378
81
584
117
65
38
900
502
168
349
185
60
152
1244
12
334
1040
530
160
159
959
1134
110
978
62
405
106
197
676
792
1088
1758
317
544
143
66
544
1720
1025
56
107
1189
110
368
780
335
29
122
66
140
400
1149
34
711
108
1018
1075
430
1139
157
638
8
332
33
1100
1224
2216
1226
176
137
3459
1346
222
2222
28
318
1063
1945
583
67
368
271
357
91
907
56
12
1044
1729
704
48
367
330
1916
301
887
11
272
373
199
66
760
268
830
320
640
357
467
1662
212
824
85
306
644
80
1097
997
1048
98
52
147
237
297
218
44
320
63
154
83
92
215
6
437
645
73
48
36
260
181
301
43
178
313
55
1056
143
17
721
1057
275
66
503
58
154
1051
617
1303
433
121
404
22
147
478
82
83
798
1546
1043
103
37
531
626
57
2612
679
133
305
11
54
203
401
491
485
543
28
406
277
55
217
283
256
235
58
1560
744
152
1563
1196
691
1192
380
89
157
301
498
260
263
2443
335
41
520
80
352
358
137
251
1320
171
74
1411
476
728
486
357
1092
71
1689
1575
85
290
738
268
134
311
63
502
616
575
136
6
916
211
306
150
569
154
895
220
641
2606
237
675
26
429
250
226
72
99
684
2308
4
229
225
393
509
957
35
5
1031
1186
2143
153
1192
2728
103
234
114
399
691
34
789
987
102
92
1306
199
11
411
187
455
111
80
383
51
703
440
1716
170
789
45
626
301
62
13
352
402
655
515
372
92
1941
330
397
472
420
7
19
228
63
1655
654
169
615
573
1161
709
79
129
507
645
294
113
608
148
1319
361
549
45
770
463
8
262
267
28
805
235
699
33
118
1085
667
916
244
1081
397
1139
519
179
109
378
48
554
923
1063
259
157
1123
274
621
302
34
291
78
242
1059
552
684
1952
9
804
6
484
207
391
391
360
166
840
301
534
573
1562
533
157
450
177
3
817
533
143
248
281
625
294
257
397
2637
307
290
1677
152
941
141
143
192
28
258
751
1271
791
1008
171
786
328
323
15
406
326
34
2195
32
178
201
56
400
826
443
243
65
155
214
345
78
245
10
11
460
345
11
555
257
300
536
1125
193
181
22
10
502
94
89
189
916
181
994
500
101
703
284
190
68
74
524
1123
559
904
23
678
994
443
484
191
119
555
45
284
420
60
907
156
22
715
554
855
44
222
287
474
798
263
475
958
257
113
79
19
43
256
232
240
34
139
349
17
290
115
683
598
1080
127
96
3226
6
514
6
48
490
256
562
45
865
702
227
189
1407
300
106
453
198
1019
29
257
764
419
652
94
166
258
821
549
910
124
1115
535
213
153
198
712
363
714
21
953
192
71
80
254
83
612
43
356
32
1502
98
308
326
774
121
1420
324
222
312
915
49
611
597
355
41
165
1475
60
391
53
232
363
962
1211
489
76
1285
404
188
203
148
300
809
18
621
360
1066
646
903
350
621
235
29
108
1482
492
251
462
14
726
126
301
20
218
252
9
1611
1373
663
1666
17
471
1569
69
248
525
1249
2689
14
341
711
1306
1207
36
172
72
111
1836
137
224
236
641
348
1010
1756
963
292
71
104
419
635
130
273
937
66
76
10
215
810
840
162
1129
1175
122
998
4
468
26
297
5
429
76
229
488
122
1173
371
111
475
626
51
391
263
168
584
486
15
1303
421
1
542
85
405
182
497
453
33
423
410
87
40
1642
426
569
411
174
67
1117
1021
871
56
233
736
382
36
504
99
449
619
518
926
279
112
66
283
415
1001
13
84
75
30
306
470
149
136
197
380
88
487
78
1084
1330
631
2203
251
562
2127
47
516
352
752
137
213
566
602
63
205
31
376
1985
72
23
502
74
44
607
534
327
18
451
70
193
602
1203
118
256
1242
555
351
930
1643
1012
404
488
619
721
397
348
995
339
270
542
177
50
422
630
259
893
217
625
139
463
344
133
706
624
286
45
448
491
370
1931
105
182
232
720
151
271
348
898
535
47
845
67
919
305
433
1057
472
377
110
26
79
737
219
24
703
1048
1276
317
140
69
79
193
231
1503
1089
10
165
988
241
457
1138
182
3
228
39
610
88
765
273
432
59
111
74
78
315
59
128
591
633
311
215
21
250
1531
272
631
70
701
489
430
596
95
220
334
631
18
325
162
887
766
9
14
706
303
969
732
722
180
385
567
19
747
561
311
117
881
369
299
892
1870
361
639
31
492
442
66
789
669
1268
92
58
374
165
61
56
950
689
4
44
66
1316
351
920
286
331
10
108
91
474
552
39
1441
63
28
15
27
1971
349
8
558
296
64
672
351
232
76
359
567
114
1602
757
16
336
734
26
368
187
205
912
128
448
272
166
137
591
828
1185
110
465
233
112
226
8
40
99
1098
4
123
822
672
265
870
908
505
496
780
346
201
1884
35
295
12
363
73
417
732
8
1073
423
2051
2567
300
368
12
253
393
704
37
280
94
774
111
248
614
24
116
97
436
150
41
318
285
2243
386
738
2209
186
252
42
305
134
2666
1290
1343
123
336
95
1163
174
514
227
1030
577
156
324
43
1789
324
3072
191
201
508
19
71
1114
17
961
501
3100
135
512
669
848
129
1149
405
62
262
309
704
276
4
330
44
667
43
339
637
681
129
66
998
752
264
173
92
315
316
59
1339
319
1200
377
132
40
862
538
513
1360
583
1704
838
596
56
320
374
314
258
480
130
572
513
144
138
274
495
212
51
47
17
267
722
198
322
693
392
796
522
128
90
102
236
1044
112
204
106
235
490
1667
274
1493
126
221
1432
1065
309
688
11
389
761
288
408
344
57
33
285
280
162
62
1049
426
385
10
300
1
333
490
146
201
1
542
269
266
474
2152
55
498
402
476
440
664
293
285
1272
63
90
641
1438
77
759
785
1768
1203
193
209
921
911
767
2
26
276
105
55
45
164
201
90
402
33
254
1755
118
540
246
302
87
85
442
1131
645
339
388
256
10
160
701
304
279
412
1104
56
655
406
537
478
923
263
987
689
604
540
71
2332
558
2583
655
542
64
672
20
316
244
786
92
110
568
982
634
494
93
242
447
1120
462
42
232
395
96
654
149
532
337
64
557
598
474
441
414
288
738
117
999
200
43
190
396
42
250
392
842
126
271
55
51
6
178
112
624
238
877
567
246
597
474
143
152
717
278
473
957
190
71
58
32
209
104
131
388
462
514
559
213
439
241
197
17
1919
196
625
528
137
77
1239
1280
595
218
361
179
271
60
696
217
214
51
200
353
265
1096
49
140
28
345
426
893
63
136
238
426
182
776
1178
63
617
461
711
705
482
196
473
65
159
100
757
84
14
48
242
1423
805
484
46
364
162
788
551
13
491
549
183
84
201
925
11
851
75
436
541
322
994
213
21
190
1603
559
853
676
73
7
364
148
1292
244
28
19
728
320
697
500
781
792
345
197
100
173
1034
573
1272
17
394
3
260
614
73
577
220
538
1417
21
157
411
42
108
612
326
525
54
22
93
29
11
328
1559
727
139
545
49
128
356
589
140
499
36
839
1301
1197
481
1106
236
902
420
96
690
183
41
409
322
1068
3215
275
879
353
325
4
4
215
2423
777
285
31
1454
294
662
22
754
282
345
16
650
992
77
2385
523
98
394
144
161
2063
297
15
166
1307
457
934
333
91
436
263
64
143
701
450
330
3
377
13
344
209
