19
169
225
531
622
21
872
786
131
789
935
1985
2027
1957
584
762
107
2080
1584
1473
471
256
2384
1251
2743
926
973
258
2707
503
2069
168
1211
2414
1007
2380
67
403
105
407
2066
633
201
1536
720
677
2557
909
944
487
2011
3516
332
1171
1332
2549
120
137
1186
2617
998
1802
2284
1262
481
1420
1273
397
2747
2738
439
3268
257
1781
2218
554
1712
563
1442
773
1734
894
865
326
232
76
50
1760
794
56
1680
1909
1136
217
266
1991
438
2441
2944
496
878
5944
1798
11
2774
655
765
4074
1024
805
844
4668
1025
1305
400
809
1404
394
1204
178
1812
2004
3199
3863
1826
1970
402
573
4037
1092
318
6622
763
1866
1070
728
1515
739
147
2272
1037
421
3178
2627
1854
1776
1109
2267
207
805
668
124
1361
34
317
417
528
1709
57
1141
112
741
1059
227
579
3588
1186
1991
1465
263
2418
55
1195
768
2654
1724
5640
2751
927
501
2571
844
161
1165
550
1130
964
1389
2299
364
796
807
613
74
512
1486
3714
126
7
2896
977
4112
792
349
821
1789
1959
3149
89
2478
2497
2764
1077
1319
20
70
1300
997
158
2234
1185
37
3183
628
29
2099
1234
4208
866
1080
104
163
2995
1558
374
447
3870
399
127
2074
568
1225
579
423
2045
578
335
278
137
1916
231
2880
553
1558
1210
879
519
717
80
1081
312
412
277
5040
1182
1198
2427
372
6
2742
1243
515
1489
1166
867
2080
224
111
2495
2908
1188
585
1971
2666
207
471
2595
114
118
528
310
1492
6268
702
1729
824
1156
233
1011
2227
836
113
648
201
1866
1966
1850
408
437
361
260
1804
114
3983
250
2198
1397
321
2746
3619
12
1494
21
222
1119
2
1201
2877
2187
382
1159
1125
3991
1558
807
1270
328
1395
287
2602
167
2375
1275
1077
1166
6816
1383
3048
1457
757
525
2926
115
70
571
1299
1937
1316
132
1149
1479
451
130
1976
697
1388
2098
273
288
666
221
313
1486
532
399
2205
1932
3048
28
1607
833
1699
1792
3862
2703
1644
610
640
694
2250
4343
904
28
3370
1318
693
122
3634
105
2580
1760
1657
1474
37
144
3969
901
6001
123
5877
184
428
319
3605
790
212
86
77
726
2829
1305
3731
1957
3698
619
2674
2026
1271
24
1118
3123
364
1149
248
749
1345
309
153
3640
737
5964
2064
1593
810
906
917
3489
828
418
251
2650
1424
869
3051
480
3562
2551
1123
763
128
1730
3199
1573
1725
1334
736
1539
5901
345
175
283
660
8
319
853
301
2503
133
1285
736
1574
3184
1463
28
2017
1813
3484
2545
1794
1983
1119
4190
2243
1786
1359
2331
460
2499
1644
1930
1101
1923
470
533
1713
1033
1792
627
3940
1201
678
1843
936
3615
844
1448
236
644
1036
378
5822
113
1294
137
2119
747
672
3509
945
1598
949
1391
2937
1738
162
882
1125
73
1422
3633
1855
178
298
6082
834
1583
401
578
187
635
448
2380
3247
2339
2349
261
88
1666
819
547
513
2119
1666
68
619
109
10
3393
1516
63
208
5055
1450
592
1006
1106
2078
1919
61
738
3545
106
1950
128
2759
140
3411
312
1114
880
238
629
326
1792
850
3870
1418
927
1125
450
942
972
1857
266
2576
1232
10
345
923
758
329
734
1856
1604
542
770
927
570
3022
1775
58
304
139
2966
5095
728
3566
777
1861
1547
883
481
953
2838
44
455
690
1484
703
5077
481
1008
98
2554
484
1478
1093
24
3348
120
1331
2470
4417
1198
3359
3819
147
985
401
1508
158
373
51
2140
537
751
1577
906
5343
1329
679
269
2691
4558
798
913
1360
924
1989
229
616
961
2847
3539
252
5303
1193
1269
172
90
828
3304
995
432
476
650
2268
428
1425
3032
260
322
116
200
381
493
2558
1035
1267
2696
2399
2250
2678
1583
1015
148
723
148
232
613
558
149
578
231
147
286
692
3619
617
87
2126
1632
1332
1356
534
4083
681
455
175
1545
522
1318
278
661
236
582
3580
127
767
3243
2995
548
878
350
4810
3824
371
2222
1
1353
1458
461
750
2080
587
267
439
2170
4141
287
2049
2921
512
700
1109
1061
727
894
1408
149
451
687
3688
6561
4244
953
514
624
1619
138
732
1081
5253
1215
1868
1095
1451
1237
1709
2032
2175
747
1026
277
705
1550
616
1570
499
93
809
193
2924
2407
329
1354
28
209
3698
1537
580
472
2554
1184
1941
650
2962
2145
263
1867
2119
240
352
2288
1402
2303
774
2187
790
1009
2001
1349
2773
794
4244
342
2987
1266
608
269
1051
978
3316
3105
253
2284
261
1067
947
189
2787
6220
1017
4996
1061
198
2417
2218
1319
551
1736
307
20
96
612
444
1986
640
1879
1400
147
1036
1061
416
620
5475
601
1393
2678
639
1960
4194
526
12
1287
1649
418
1936
943
1123
1064
2239
1349
558
993
1431
496
1100
453
8171
2040
1576
1953
1033
45
2400
806
6335
698
440
2401
118
1101
2300
594
692
715
1966
3123
2628
1268
996
195
1514
2433
2742
95
319
2963
816
560
3434
724
2966
2821
1344
3136
563
61
547
162
2440
536
44
1375
746
1783
719
1906
785
255
3295
528
2645
1293
2584
1756
372
3181
61
519
398
429
146
133
382
1079
1153
424
811
3152
1424
1933
1525
2488
2238
140
61
1141
1223
4533
1973
1092
722
406
799
2522
2859
551
1033
1129
3661
288
1450
6055
834
2208
6069
2630
108
4490
65
3536
525
1444
1626
435
549
62
92
1480
3350
399
1582
602
743
139
747
1205
18
1347
1021
1326
3684
343
1988
2426
2093
194
763
378
921
1166
935
460
342
514
2209
228
2354
1651
680
2876
749
3463
618
294
1900
747
8
402
666
158
917
479
485
2272
228
724
1807
1384
429
710
2026
311
1459
108
1161
183
41
2439
1159
3173
221
624
1456
1295
626
1652
2531
1289
171
1944
280
3550
124
754
683
1976
1116
982
2757
1808
1000
1326
1050
431
633
558
3047
3841
816
1791
181
261
741
1421
1445
1223
878
1766
1514
2061
81
747
2168
839
1929
32
918
884
1621
2726
8
1157
1379
847
24
3113
995
1078
1360
247
264
463
6232
1531
356
2519
1116
2065
320
1356
2364
179
1584
3741
188
1577
1184
559
1118
8125
2334
2933
1110
1251
2477
1308
3192
4452
1221
4268
2127
885
812
2552
1254
654
409
2171
1140
1316
4188
129
1415
2928
63
450
644
3
23
1080
845
1989
114
1184
297
1573
2639
878
474
4678
904
137
534
1954
1201
217
654
1147
1139
297
3454
481
153
462
805
482
3971
1876
1078
845
1859
53
254
1924
712
338
740
2404
2459
2714
1410
4166
796
867
589
424
160
413
1652
999
170
2791
1486
1003
1571
611
488
1677
1117
566
680
433
6906
79
170
807
185
64
1497
170
720
378
1394
1253
1002
1952
2037
282
645
3193
207
1190
657
5182
1956
114
213
1290
101
164
714
1564
943
133
921
661
2077
2351
75
502
851
1193
482
323
1726
804
655
239
85
109
453
774
291
1364
2367
1697
1138
448
4050
3358
631
1529
24
1812
1596
382
3962
224
1643
1493
672
209
371
639
717
788
1164
1265
47
1084
361
1419
138
1021
737
1498
195
1353
3050
933
267
2230
178
3660
165
878
1834
2432
614
528
4864
3568
325
971
396
585
1878
145
1748
1169
2383
853
6880
1972
1759
410
483
2344
1163
654
1886
2219
753
1130
647
189
1856
998
2743
126
552
474
668
508
413
1339
373
497
1985
1671
265
743
238
106
591
469
531
433
1040
740
450
3999
435
1951
1552
144
310
490
829
3919
860
292
1634
483
672
1018
525
693
457
597
1460
425
266
1680
674
2990
1036
2253
285
1425
398
177
1156
1725
1636
1761
217
177
474
716
3872
4408
692
2406
118
3799
1008
1148
2217
195
2815
2093
213
788
1005
903
1019
1713
947
2179
718
2954
771
1591
2457
2091
3793
429
515
195
1048
422
120
92
903
1652
435
114
883
220
1714
1319
2022
341
2117
4934
1529
892
620
1176
2652
394
2150
2592
616
2126
3859
1096
244
2401
253
758
352
18
2331
1180
114
554
1246
2512
1023
344
1422
932
2172
1870
720
179
1589
2135
425
1390
156
614
3385
1252
154
6329
1709
904
196
797
1223
1592
3903
3393
850
1384
1888
718
78
889
5029
247
184
509
17
1272
809
145
1874
3670
5116
1789
10
465
974
1400
1097
563
120
203
3618
2337
997
150
1785
923
331
979
1199
1343
88
3300
307
27
1824
28
260
596
792
18
1899
363
2735
1662
295
17
131
520
1862
1286
375
2648
2162
1032
594
850
2670
921
950
901
774
2415
2318
2599
1793
646
662
1134
3075
4997
1099
952
12
1399
3090
637
1035
1297
301
2584
1521
883
3551
408
1011
2845
1133
1371
1299
1819
1987
588
1372
1887
196
1282
3754
1
137
1550
692
2757
3177
379
1360
703
309
2107
1693
4872
1700
301
703
82
3613
40
164
196
2148
1255
14
18
17
159
675
71
602
778
2223
2159
744
1272
1699
238
739
4919
1973
1784
228
59
2355
6649
425
628
86
6
1296
2086
2093
1040
532
1655
323
2126
3479
1068
302
1028
7176
74
460
1105
503
504
310
151
777
1848
2455
177
356
1938
1192
546
2540
1386
37
224
482
3361
1023
2779
1765
3889
785
2903
700
521
132
4849
3241
1404
2799
474
1877
119
630
514
237
466
1273
2701
911
1365
959
244
27
277
6
666
409
2320
1698
858
2491
417
1242
1099
338
160
619
1183
1754
73
1530
7753
74
493
1467
4582
661
1603
1032
1600
1936
609
826
1149
1729
3783
342
369
942
787
2948
106
906
1616
656
1242
317
488
1794
332
1145
2232
1358
284
1180
789
1855
8557
1231
1631
861
545
1248
2176
607
314
515
5847
2091
1905
437
13
773
16
637
1148
771
975
1850
1613
1835
497
112
407
3779
580
557
1449
894
386
2777
1107
283
879
1400
2299
359
3418
4710
278
2552
1740
161
629
2654
1182
629
412
1049
648
912
10
2793
277
1152
1398
2441
190
225
2082
1123
1371
2136
14
1527
3978
427
2165
657
144
333
74
359
534
1430
129
1086
397
1521
2047
81
324
1165
652
3529
1078
2468
133
12
841
2826
51
108
2657
2944
2166
968
1171
1022
315
339
693
845
913
3158
690
3369
680
207
1572
28
7
2612
1477
2504
1835
713
49
779
645
2392
2513
6
369
1375
1133
960
2078
509
1536
5447
125
1807
686
3223
568
443
43
370
4846
3034
3401
2389
819
1333
1080
1857
582
865
758
101
425
5150
2995
3842
709
750
180
415
902
879
5221
572
1714
1573
362
413
484
2871
647
528
2056
2794
1010
1316
1096
1466
542
703
1589
2724
80
1273
5717
3625
1981
2626
3274
4345
1385
1368
431
1357
1583
261
2650
4085
604
1270
3283
3215
1369
1180
2746
660
714
189
275
1655
143
2080
515
452
182
4695
1746
1058
898
112
1620
1267
4920
186
741
281
247
572
326
6050
897
2333
676
1609
275
536
503
2775
831
849
2247
1638
43
75
1861
3274
664
119
1142
1335
34
1592
300
205
3890
430
71
324
394
3845
904
2625
2388
250
605
1062
1027
352
897
754
1552
3292
337
1945
5141
51
2595
910
27
2465
1776
1655
177
608
514
2225
1658
503
76
496
325
3282
536
1970
1494
322
1503
892
695
2831
312
1724
400
242
384
2769
840
2369
71
1528
1197
1219
1071
699
2055
1126
1332
7009
1167
8
1569
379
819
851
3007
3836
992
296
734
1927
509
3520
351
615
451
738
353
154
1404
1044
2227
2093
2016
1
2895
636
1719
591
527
2496
1719
48
945
990
817
730
785
152
1176
1653
798
342
2684
1735
2108
3451
352
1177
1754
640
1893
1286
2432
2933
65
1140
4100
2987
2128
3452
2715
444
493
2171
591
387
190
313
706
1026
1298
1569
830
985
1165
428
271
99
794
1365
676
1127
9
825
340
480
1538
137
835
2943
125
892
1221
79
2168
126
23
477
582
737
1087
229
52
3702
1399
538
887
727
3309
1113
742
761
570
890
3070
148
524
320
405
1878
780
518
499
271
1581
1015
317
771
645
85
328
3957
481
821
6948
149
3093
904
2631
962
2418
474
3556
949
425
1467
572
1043
7790
913
2082
772
611
2687
588
477
2542
1734
931
110
1939
522
1259
1726
54
13
1340
4398
911
608
1072
276
4468
638
213
317
692
1314
6330
1066
97
2051
174
809
4644
2481
7673
366
309
1463
1172
36
1278
3505
2097
2206
1922
47
1254
1685
577
67
601
42
304
469
1869
1975
588
814
109
907
1871
1052
301
1565
2594
1295
1797
386
132
2608
1401
1521
1927
1072
134
1221
1
432
1291
2302
711
286
154
802
2620
1245
442
1340
1411
2456
2868
1790
3
417
310
2162
204
1101
63
1481
1867
2679
4175
2826
348
2294
4638
1466
1278
2063
1543
321
218
305
583
1550
1605
5279
151
794
1106
1656
3930
1975
1613
456
169
184
877
2697
245
2109
1080
457
719
2753
24
3311
2502
1654
1438
302
1809
647
2166
50
627
3290
1082
1646
2402
465
552
101
941
608
1737
124
1129
10626
3146
4629
520
83
93
1238
627
122
463
1103
762
968
1371
613
3243
214
2728
190
556
2412
117
2735
556
609
1769
1721
177
227
42
51
448
1117
437
171
342
254
187
453
605
2704
277
433
346
691
2068
1245
654
42
3471
1944
89
2204
601
22
3418
1717
2473
1948
1578
556
2402
1661
384
702
373
3574
399
901
345
1432
811
347
305
1802
1025
348
580
243
106
864
945
386
654
159
2156
2001
333
2035
2330
1870
372
495
1767
1161
2272
2714
2725
906
498
515
3542
690
63
49
30
1065
1699
2990
147
691
156
218
3290
123
458
1353
644
969
1138
222
14
1699
1039
761
596
532
1467
1192
2260
4117
4067
214
993
3121
2541
10
2787
3364
2273
1043
367
173
375
178
1634
872
1141
227
3378
2750
7125
1455
3459
180
1164
706
26
850
259
2565
179
1570
1061
373
2836
670
212
1249
3088
2643
1210
1564
11
1131
3130
651
538
265
514
1780
877
318
648
1991
889
874
2129
144
1498
915
4
455
1577
538
4570
69
2970
2892
1470
1295
1094
1567
5648
1379
160
271
124
1668
1214
1483
2156
1746
4334
6810
289
419
952
466
41
2385
56
4205
1104
88
1997
1291
538
3276
332
735
247
51
753
2429
143
46
98
723
488
1350
1330
412
958
430
3344
2798
2661
2026
57
742
60
1891
2513
338
2145
767
5848
949
1071
916
4392
17
2008
109
129
1030
1033
57
211
665
180
2074
176
770
449
997
2119
630
52
437
3061
5711
387
1
2158
517
2589
2377
3747
45
284
216
2226
2281
15
283
1336
3741
2046
720
210
755
20
1085
1200
885
129
795
11
933
1116
2069
9
674
252
702
89
2415
1502
49
493
1880
1204
4009
4633
800
500
874
174
2125
2344
2294
1730
1926
1716
681
381
959
852
3740
3561
2090
211
147
534
325
3039
1946
18
474
39
2137
121
1633
1582
2146
1940
1
269
1712
287
684
907
368
749
2940
798
190
752
574
1523
3674
664
160
1141
778
2352
1420
462
3996
1958
2733
495
2693
7504
5427
65
1724
631
5355
1278
21
1906
1717
2507
1322
56
323
2335
2268
4228
189
2282
1736
1589
3133
2177
404
334
178
1663
1015
423
743
1327
2266
2329
3951
1018
249
602
798
785
3341
1675
1347
3009
1156
647
694
877
1027
1118
2052
2093
456
44
3061
3307
1379
2287
424
999
2555
214
2262
555
637
31
2637
3239
734
370
800
498
320
937
3556
2219
16
1421
1536
2461
186
2267
2086
1068
1697
957
996
1121
2002
3430
111
2151
1501
373
1533
1739
953
775
1182
1136
1142
1278
2179
1383
411
1494
328
135
1287
1042
559
1266
965
32
2786
1193
840
1013
1061
1052
40
1089
2259
224
6455
65
1014
1726
23
784
471
309
127
4139
5466
262
78
573
1102
142
1054
1870
1333
1376
2463
1171
1731
850
977
225
372
2408
57
920
178
60
1704
2835
1625
953
1159
92
37
638
86
223
1197
4467
97
1219
1493
1392
314
53
1431
2120
1791
614
255
1499
1025
1849
3668
561
1335
356
1964
3489
2484
766
108
1126
3184
2141
2497
2595
1805
166
2014
766
96
1124
190
1718
329
1228
2631
1065
193
1210
4236
1171
835
300
1275
3135
180
1546
612
67
895
5424
1344
3435
3261
3303
878
2768
901
2527
178
2740
272
2971
3304
725
3474
946
1118
240
805
1384
119
1061
2497
552
846
1831
1494
529
95
289
401
2608
90
2031
175
1786
312
1095
252
4
584
4664
998
2592
392
2303
20
433
64
910
4881
1536
2297
1674
1358
1866
1279
571
3584
2754
2591
5855
36
3154
939
1551
645
99
1492
2025
1678
1
3799
187
103
2689
480
122
254
1580
2735
3010
2
38
1461
483
1792
4
730
377
1105
880
328
55
320
2706
997
722
967
926
2090
1115
117
87
120
167
854
309
1731
20
495
1913
1689
411
1484
484
1074
3595
597
1086
81
1101
1015
6
1365
133
1579
2370
1552
1064
1862
1294
70
1164
38
1145
489
3004
1856
99
3141
100
1843
1149
11
604
602
2053
161
682
1081
1363
2915
409
705
632
1389
1963
1120
2978
403
3144
1982
2394
2261
489
124
619
1965
1186
790
357
1540
4793
839
691
3622
510
552
209
1442
1024
1126
1276
246
169
374
1273
358
8
1013
2364
1976
1910
1289
66
1451
812
778
921
341
23
1282
1053
763
18
1233
1816
549
4660
465
390
2008
641
2445
30
1130
776
1849
283
961
3466
269
2348
219
1139
233
3432
496
42
1748
189
152
391
1825
598
556
1059
303
430
1140
259
487
2245
226
96
165
438
3531
1339
625
1696
390
1498
1013
1922
2615
909
662
1299
827
2385
231
1008
2231
1170
398
851
2102
1127
1277
713
785
582
1216
72
2800
3078
1549
499
3134
489
505
1252
279
180
1050
2848
2108
2517
173
1926
2111
985
1275
589
1273
2132
1790
60
1986
458
3389
1020
178
358
1847
1081
129
2305
2427
451
1800
296
40
63
148
470
60
1291
703
2065
1593
5541
2324
242
697
359
2859
705
1770
233
3148
2485
480
1547
578
1445
278
666
328
170
80
164
582
416
61
2154
842
1581
735
507
337
1629
1853
165
1511
1897
1703
600
2379
825
589
2329
77
1655
1628
2144
2412
1650
1692
3031
550
1245
1275
1297
1317
241
346
1437
263
339
677
27
829
2171
548
1571
2071
1334
1023
271
758
1542
2333
274
322
918
2367
1099
1270
678
364
1148
62
3048
646
1220
1166
3992
734
2892
563
64
542
2090
478
1475
3452
1383
552
2120
219
4178
737
2243
2339
43
2
398
73
758
1952
747
340
308
277
1525
1383
798
3239
4687
171
254
1489
2234
360
200
1345
1119
1789
313
118
1341
326
545
156
833
1521
231
92
1863
8
2689
3141
445
1088
1800
914
104
537
421
3246
3687
252
1246
74
74
10758
1945
2216
2146
1653
64
4003
253
691
67
768
158
1606
765
2906
3864
1362
2539
453
381
965
697
974
1095
782
1512
3229
3355
556
680
341
1861
4435
2032
349
423
740
276
998
254
106
725
1198
862
2275
51
1007
936
458
2084
754
3672
7568
1289
989
1550
1568
2497
1534
478
162
66
608
214
1688
4535
412
2014
1458
1657
4834
330
407
347
22
441
232
2181
289
78
2131
1431
1720
5
568
1340
410
626
467
27
2129
2247
1236
1254
952
2545
1246
1601
3069
1246
424
1013
685
1992
1459
24
1617
3049
529
1384
548
923
3956
178
82
2991
4
75
860
2083
485
1934
884
325
2519
2180
575
835
1204
1489
723
620
2201
1733
2702
305
1992
612
2323
496
59
3808
31
1037
1370
2544
793
1806
654
361
433
367
2043
527
748
895
2080
203
707
388
1826
1977
189
179
2219
363
522
482
1556
1410
5756
5132
864
1149
3824
533
1258
1025
7
516
1202
1207
335
881
1781
1945
1105
838
775
1807
100
231
1668
242
35
1539
2028
4141
403
15
471
4243
1210
1011
3917
278
1311
1519
1639
936
234
997
373
2687
404
2308
373
3081
1481
229
1247
287
370
1745
77
736
2423
106
90
16
1330
2927
1435
1184
404
1846
1094
3510
75
645
47
893
593
185
339
3160
660
1230
989
389
1195
211
5762
945
681
10
4127
4933
2543
2544
1804
915
1689
1829
284
2263
2275
486
21
2297
405
4273
2858
762
34
878
515
86
1367
280
1501
494
1183
5526
268
896
727
4122
663
153
365
499
335
379
1976
335
3231
6733
888
1645
1165
275
2022
5809
5531
572
2115
425
1668
1052
7416
1101
3574
657
255
230
1178
116
2959
2628
4367
1047
417
1566
2000
2341
1123
160
445
206
197
4781
1934
1122
2672
2628
910
154
1541
862
1760
1982
3098
4896
1457
2842
257
357
1237
2783
375
1565
5
3164
2131
1941
1857
3966
778
840
1624
651
3653
930
3598
1083
6123
1496
867
454
382
577
3431
255
2073
1505
279
37
4
1503
2858
2307
1823
64
1603
4639
1779
2538
5569
532
3530
1439
912
169
3035
54
4149
1532
707
176
1821
2966
204
757
1922
209
1109
1483
1325
138
951
303
5322
4055
3052
231
959
48
1876
226
1954
4321
1015
271
2027
1901
1266
291
152
2920
1551
1157
3178
2805
1894
1411
312
1334
100
1036
841
1377
531
412
1575
203
385
720
4055
966
669
201
1460
527
2628
1888
792
282
32
482
5
713
663
2314
760
3377
414
3086
2970
647
239
179
834
1467
291
255
373
866
3743
7
1031
3179
3540
829
5187
659
1023
2200
2936
576
5682
2426
936
1240
3376
364
1762
1659
838
146
158
5369
1508
2842
955
525
292
2402
195
91
1267
1429
1525
3451
254
1092
24
1231
1933
159
88
680
453
846
2555
73
180
968
269
848
1412
133
303
404
823
887
2489
1893
920
373
334
5442
1130
1798
3164
851
318
176
2139
491
206
693
2458
1675
1512
1666
448
3835
2354
1158
322
422
4107
1707
3723
1016
336
3554
951
47
1312
1210
1042
1604
1471
1129
814
132
295
255
294
2155
1145
1807
4486
2490
207
2459
133
1030
29
1541
1024
1525
930
68
526
54
2085
2132
189
1420
182
1193
885
1558
305
2427
921
178
723
2645
1265
3392
405
1623
506
1434
1525
3836
1058
983
271
870
415
434
611
548
181
136
827
2008
1550
19
215
2316
4332
1715
3982
1440
2212
2771
3189
3509
1134
1165
2444
2462
829
5987
2561
2762
996
3951
1851
1150
288
1484
186
1540
5189
136
4755
754
723
459
98
828
230
3987
1940
1344
272
1714
164
636
40
1319
323
1560
1525
411
1950
1622
866
1773
693
189
2863
823
387
2531
260
1426
1500
6068
2154
692
2064
389
386
979
677
929
3395
1664
169
1803
1439
503
677
391
1129
10
811
1245
715
1189
794
806
1017
317
442
1640
89
663
571
2392
290
16
139
1163
161
548
2755
317
1969
1997
77
2422
1901
598
930
395
828
279
956
4010
1817
1966
2716
970
3561
2200
3355
607
369
1764
386
57
132
236
1228
2227
1150
1069
386
280
1321
786
340
2202
2148
1992
129
8530
1053
2286
2874
4824
343
242
727
1357
476
3476
1043
177
1372
3507
1370
184
439
1059
187
1778
2071
314
2615
7
1540
1347
1098
2530
4909
2868
318
1896
1847
1405
3091
2896
5515
251
66
2189
216
1172
1612
124
799
1007
5920
479
467
28
582
404
5808
599
129
249
4313
2214
2931
7940
101
1725
120
1402
6
1791
5821
193
246
206
3273
424
1359
2304
725
1200
435
1108
162
2753
1028
3643
1060
3129
2074
199
121
198
3995
492
141
475
332
3905
3210
588
173
2714
1755
683
625
75
704
1762
2054
331
910
2674
142
1084
681
2671
302
1380
406
818
1260
1177
972
179
1396
1931
4406
1137
1279
2515
42
122
486
145
4230
5924
1113
97
3364
2013
2905
625
4434
617
1132
868
415
424
237
1399
1026
223
2193
4503
1166
1829
103
2016
4043
2964
1464
1966
1440
4448
138
1416
5150
270
3845
3307
2749
2952
3407
3870
2542
558
2211
1003
1017
1486
581
308
299
2033
334
3059
139
4147
297
115
3203
239
1071
1139
3106
4411
1556
2403
498
2253
2282
1215
172
175
1432
201
292
325
2321
655
1352
261
1766
412
1168
604
1295
669
1280
788
667
939
1408
1216
277
232
1468
63
1960
1455
279
1671
396
49
26
265
138
890
721
922
823
864
459
1559
1430
3058
249
3087
290
2503
1859
822
3624
2715
820
1034
1
957
200
1164
1568
3287
1136
1226
2972
2699
373
2015
79
387
1497
221
4521
970
161
1198
2118
1994
622
1064
1326
596
4204
1937
1649
108
832
332
246
2223
2376
901
842
1888
2179
1193
225
293
1885
1052
1677
619
847
3338
398
843
4152
820
1067
1000
2011
2346
642
1479
2854
82
1401
2006
376
1302
2076
175
3117
135
959
2245
172
542
2748
795
423
1125
1828
389
705
895
1659
3173
1157
2349
3013
1770
2314
37
845
1437
1559
1972
418
551
1315
6013
448
2717
283
1672
1241
2172
2058
2099
1045
497
168
1047
955
168
1132
475
771
905
175
2082
82
3307
2244
693
169
481
600
1305
181
2590
2987
600
767
1420
726
3884
70
630
1464
1856
566
1909
724
832
3077
523
388
592
1487
2749
1260
2341
3578
585
3016
99
1948
4236
787
225
1308
2906
1343
454
669
164
1654
127
526
2161
2433
940
2755
981
1320
2923
1041
432
1311
603
105
2689
1343
814
1892
109
877
1391
1217
4327
235
916
1965
2210
307
2596
19
1227
2111
74
451
93
3325
964
3264
2196
733
128
898
388
871
96
981
159
65
2378
5090
138
3188
1299
2219
1889
1821
1685
636
233
572
1058
1318
983
287
44
771
48
3077
1131
326
451
313
89
113
896
250
5931
2510
4888
1626
3948
472
3931
565
4166
1704
1027
71
178
1837
739
3132
784
898
5
2769
1555
1390
1475
1801
2060
382
129
1161
2029
672
3954
930
320
372
220
43
450
856
648
1178
1294
1228
427
594
1633
76
3217
1062
25
114
2716
2000
4153
3426
1400
2694
37
578
3604
3550
2764
3769
483
2241
2181
1095
2036
201
2906
21
2218
1952
185
1451
3196
1789
540
875
532
2172
914
7649
366
368
2208
1141
2343
3226
218
735
705
3705
54
1386
237
1328
1464
455
423
3177
6292
301
1863
2096
655
3979
865
1727
418
2338
1308
148
180
1567
1835
3433
182
1328
333
1154
2039
610
145
2878
504
3202
5946
1240
734
1666
140
1734
995
4111
445
29
71
1117
919
2556
1295
1086
7213
867
28
756
48
1664
795
561
1171
413
123
347
653
1716
469
71
1635
409
656
1148
2521
567
272
4558
3130
2857
2061
942
2356
2350
77
7
495
184
2391
4376
42
1088
2000
1245
951
24
1888
1243
250
1053
811
1767
4272
2425
960
2880
1099
401
1204
466
197
226
327
1275
813
613
497
545
1651
1493
612
277
154
261
353
583
358
64
813
1113
1110
110
1308
45
1410
1704
1301
437
584
1248
395
1928
1519
410
1538
1324
1012
2465
137
233
846
72
630
520
574
2505
2759
1869
13
674
808
669
995
70
2788
2171
3105
2218
1148
1038
1178
421
370
2135
1238
201
397
267
1755
785
2838
182
1380
3454
3862
1857
478
216
272
3237
234
3614
183
794
1767
1144
677
347
646
329
1799
462
341
476
443
352
442
329
138
27
100
264
1201
4441
1566
2552
154
4077
322
1442
580
519
647
1505
3337
1606
259
451
2134
3118
433
691
504
169
1034
808
410
600
1182
219
1526
1636
539
228
80
1438
2783
1066
1468
38
1
417
375
1248
2646
2000
1808
651
1815
3427
274
670
2545
2623
827
4501
645
813
1395
1501
445
5633
1751
346
861
936
2806
783
1437
122
1168
326
1889
1266
1157
272
2575
119
1912
1975
1482
1969
1089
533
886
188
2813
476
1032
276
3908
3168
153
707
2117
60
2398
301
4075
1556
1036
1677
75
352
1990
1118
2008
364
2225
36
686
209
2258
1903
97
538
1616
800
2552
3309
1439
2339
4178
2939
1383
681
65
1375
467
1144
951
5628
715
535
2814
1419
825
596
857
3362
67
87
3425
38
1250
3050
2065
434
2793
3129
1956
1727
869
39
1962
751
245
327
550
386
888
1087
770
316
1394
1111
1541
167
86
960
2969
581
2377
2451
889
1599
4576
1113
766
400
1375
266
107
464
1505
1437
743
1511
454
2813
664
1772
423
1860
363
473
2612
1345
1801
574
1073
708
25
1816
2212
802
6728
914
3149
2628
725
354
1396
326
183
1034
1847
360
2817
513
1309
3087
240
1738
811
1317
1202
459
298
778
579
1750
33
1195
488
342
428
529
1020
565
1402
291
521
2176
1350
428
1721
2362
1127
1964
1268
706
1732
253
289
134
688
3280
73
3001
260
439
2478
662
383
264
1177
1087
141
701
165
145
133
1579
747
350
1912
1682
2149
417
694
251
1964
230
1477
469
977
1105
162
1134
701
865
1988
1478
3
1199
2608
2265
1085
192
711
17
1785
2962
796
588
3770
2955
549
2705
549
330
375
1022
789
3661
2243
54
3352
922
1348
1196
1743
230
556
1306
330
4134
838
332
838
1739
990
738
417
48
34
338
1114
2864
262
220
433
1024
117
784
371
1030
149
372
907
198
163
1690
79
949
6212
2088
1678
1490
57
1264
771
2388
742
2095
1173
362
857
111
791
2661
478
2144
894
559
1329
3735
4573
538
1306
1536
361
579
2076
635
1465
358
3707
1060
667
34
602
1536
1441
1303
604
4958
530
1839
1770
756
2019
2254
980
350
107
1164
2145
1910
1271
205
767
3211
13
1206
1618
1365
469
470
2654
3177
2044
2741
702
1268
4105
1252
470
555
3371
465
1572
1294
1513
3177
423
785
587
2604
1584
2010
717
176
275
1421
1864
2093
1156
4703
2910
1002
3454
1124
1494
570
136
464
657
53
2222
2453
75
699
332
1560
1737
750
220
5460
1173
285
499
594
1789
2004
558
1053
146
28
779
2580
890
1987
1131
534
3476
303
4718
1523
3128
716
18
2224
442
883
579
4635
714
998
124
170
69
654
206
54
346
1715
735
33
1395
1985
350
203
74
319
3432
358
1242
2384
714
2963
4933
9239
185
1344
223
933
667
194
543
281
3930
342
1576
2423
78
3469
1802
888
152
1133
313
3821
64
2727
1793
1857
3431
560
1018
776
49
888
1115
573
1231
1331
790
655
3634
1437
4416
2004
467
861
1431
48
1888
1154
4895
4180
1048
132
524
65
710
695
995
637
1754
2098
842
2866
1741
391
1547
967
1698
504
23
1167
1536
1057
2021
466
564
2800
2197
237
401
7983
69
661
1323
556
272
129
1625
848
1072
3254
972
3832
379
462
744
1194
2567
2576
82
1043
1853
3609
3950
2008
597
5561
902
923
1872
1830
2315
1646
591
439
3946
3532
1761
1
2737
2259
1373
1507
57
901
678
433
528
4
1446
730
1019
940
135
1096
1786
1423
8
881
171
621
1402
800
1202
1232
2135
2621
948
362
528
3125
1657
911
88
3524
87
1955
151
1296
1339
583
137
578
198
2388
604
1284
2177
3427
3179
676
51
2483
8224
1381
2774
1745
1801
2356
938
2615
1222
1189
1790
267
262
551
494
711
198
1673
1157
914
869
543
675
1893
865
551
638
794
2644
1661
521
607
1161
2289
1766
921
444
231
1044
123
178
2054
1811
50
929
809
12
3607
501
2107
1558
1872
3025
229
1230
260
415
4773
327
664
1907
2757
546
141
1417
4129
1140
742
762
1082
2922
824
274
11
466
2654
70
4722
2833
2526
62
1436
226
1541
166
977
953
2597
201
750
411
3508
242
2652
3136
248
232
555
382
2022
1027
953
71
2195
3100
2
2460
493
961
113
1694
928
283
3340
2202
1346
1304
231
884
741
458
2206
1028
278
1204
1010
267
814
551
1271
1951
1377
451
454
1191
496
358
1508
3706
560
623
2163
4358
1670
1390
349
3012
1908
2542
1348
1219
42
1968
1868
792
5073
13
2166
1112
1731
42
431
4992
658
515
417
1783
2654
465
656
1714
1160
411
2980
134
1087
835
1864
4
771
21
986
3090
3060
225
1085
3923
3312
1905
1262
973
413
620
24
3089
112
1800
946
131
651
4938
3932
1611
1152
407
1017
283
1848
3281
542
513
177
2196
114
3146
509
3294
1679
238
62
1511
1743
3036
809
342
373
670
3003
1230
2998
296
297
1510
1033
610
622
3736
792
516
546
318
1020
203
106
851
467
2871
290
1344
2507
2173
1044
806
710
2268
760
3136
2324
454
2820
304
562
1222
1464
281
38
807
3741
1379
1502
2135
474
89
498
787
1678
1050
4074
3090
4006
2685
736
6528
689
2504
197
2316
617
381
153
236
1381
594
1197
786
1961
611
601
3766
2552
938
2219
392
789
69
54
450
1180
1989
593
1265
2165
158
1199
5602
161
244
1540
2616
1773
569
2270
180
907
1137
1085
2587
484
326
2536
607
809
1504
91
2252
149
756
678
1251
1017
152
138
1514
716
1256
572
639
322
176
799
238
465
269
1145
723
1316
1597
820
853
1199
3646
1746
465
4435
1113
55
1488
317
2441
602
580
1723
56
5923
543
369
401
850
298
713
149
945
2085
2289
4491
6073
1721
102
192
298
793
1665
1024
430
331
389
856
764
386
818
233
1110
496
350
1491
5106
3862
1566
1797
442
561
3262
3196
164
935
1948
171
1789
1283
1637
2497
1002
72
686
3222
565
492
1398
1970
1592
3611
112
241
268
14
134
1247
2168
3369
1455
369
511
799
894
2108
2526
29
290
2465
353
724
1706
2
1137
105
1734
574
3052
1887
5969
4180
297
3285
89
305
2148
1571
1349
206
1124
1864
1989
4016
816
1986
8
1329
7285
1878
428
564
147
146
1447
444
1425
506
1144
1983
242
57
638
2562
135
665
727
482
1380
544
245
2653
343
568
351
233
132
1841
6783
1053
623
603
226
545
1038
314
2836
1300
1215
867
2021
3235
1347
3988
858
1483
2425
3739
279
1562
678
1649
97
261
250
641
843
486
265
233
3992
1630
1929
144
1352
2550
2211
3093
734
4128
254
212
825
365
1527
1204
4675
645
821
954
3334
2030
435
1358
1540
3860
3696
705
1859
231
5468
1654
2399
232
1332
2330
57
2112
3225
296
1622
2513
3436
1248
94
3405
1456
2836
1126
355
1461
751
2960
3104
501
1541
873
2654
1159
651
786
746
558
712
779
757
695
1508
787
4088
1965
113
1648
182
1476
1275
2716
140
3251
55
691
1251
808
78
149
1944
46
1322
401
3280
1931
1431
1282
3352
2422
888
292
489
1323
453
2946
2910
813
1992
156
1458
848
1688
284
233
917
3113
191
732
420
1047
564
76
32
1776
532
679
76
4144
274
1391
738
1795
553
23
2255
856
1780
1909
268
1781
96
2972
72
2792
2576
799
1387
768
1432
476
407
679
968
399
791
457
1805
3680
144
2545
1105
544
747
1155
2089
2968
2335
211
2461
2451
4023
1413
1609
3102
1302
1046
1628
1905
1089
2352
1783
1293
2226
171
242
895
920
125
901
2058
1610
2077
2013
813
2816
63
542
816
956
1773
15
231
66
4270
224
1123
976
531
840
130
694
202
1463
6226
2723
649
593
1242
5870
607
1258
1071
3077
1668
1886
2890
1217
851
4900
656
884
2030
1952
1831
1661
314
497
421
307
2399
3150
1107
3709
135
60
1548
2735
1046
712
4306
510
114
5036
1499
285
499
74
2446
1223
2162
4502
367
2201
2243
2082
771
765
657
2184
922
750
515
472
210
2044
2171
650
1908
1337
901
55
538
657
1583
1312
2013
713
575
1794
179
1028
350
382
208
848
2815
1169
2011
3031
1440
1041
59
987
1023
1272
1096
2861
961
335
330
244
101
2507
503
1610
159
1644
476
310
2013
3783
570
541
3214
4025
421
954
24
203
191
552
550
1337
2809
555
1075
1817
181
91
632
1655
486
701
1315
1906
549
2924
118
14
123
1142
1870
999
1297
596
1405
2874
664
979
2019
523
599
236
1171
805
1636
2841
727
383
881
1081
151
272
83
1143
3168
50
2059
74
2251
1001
829
1191
2562
2410
1606
1360
786
1161
895
1689
274
1110
1846
1356
1435
876
2791
4499
50
1750
1083
1537
933
1237
2532
166
917
246
3576
1959
3132
571
2244
993
2211
1440
1991
6053
1432
760
788
410
2436
1290
79
3300
3633
823
3901
1571
963
37
24
644
360
244
3110
325
976
791
465
3724
2016
1957
3275
1
1310
236
1206
307
3
154
1136
3475
212
4048
761
79
1529
930
775
3650
2043
498
1132
413
1358
1666
516
286
1145
1565
205
3637
267
669
2222
399
2380
3694
17
1842
1234
195
724
1063
685
1138
401
4988
1285
177
1421
1500
1583
164
1681
1894
502
2248
1557
756
1042
1869
672
375
1604
296
1614
1686
2824
1577
17
2853
946
3194
154
18
1644
3155
159
124
544
303
2005
302
1100
211
2185
269
5198
2942
1599
1392
1194
988
3411
32
39
4205
90
745
25
1008
1942
2710
661
1615
561
324
1047
1157
2248
401
2572
1328
2794
297
1895
606
4241
1656
1889
6653
1724
2422
1797
1390
3444
418
3035
1207
379
2909
601
1663
1195
73
1712
379
775
177
797
230
2499
846
1057
346
1265
2693
1180
92
829
122
2092
160
856
701
3025
872
643
327
1076
918
3676
1508
1020
237
2430
725
681
1183
3287
969
299
83
813
497
793
415
181
857
1669
5018
543
1256
392
779
149
1653
2316
1048
1043
33
3654
133
954
2697
272
857
2116
764
442
437
576
2193
4000
2606
240
280
23
3825
1659
952
144
1341
9
761
1461
102
316
923
3808
1379
46
962
123
1007
159
618
2983
182
1855
1202
479
84
2013
462
159
544
226
1886
409
1995
1218
578
3304
4698
26
747
545
363
188
1753
397
939
1231
1696
352
1759
3860
271
60
1302
1735
319
2165
639
480
399
715
1988
278
1950
2302
993
28
302
1972
577
905
1972
180
265
1484
900
947
2421
1181
238
2436
2750
92
746
939
3278
2029
630
1934
154
1397
987
1141
807
2656
510
902
960
1395
3160
1644
998
153
2082
28
3421
831
2210
367
2255
915
1445
1024
1717
2901
64
4176
420
712
2141
1010
949
1056
1464
246
1274
1171
548
947
1638
1553
4066
708
1226
1001
1522
276
3034
2042
3133
1275
319
904
514
589
1472
1136
2020
349
665
368
977
2757
275
427
398
1870
612
1181
511
355
602
964
669
2585
1966
4122
4228
580
930
1325
482
246
1305
270
194
2558
72
1397
201
502
431
188
851
469
814
1082
548
35
707
1255
1329
856
1480
257
371
150
1199
425
1141
5025
2137
1281
784
439
390
168
355
57
2220
431
3439
251
3284
953
2032
1268
302
566
962
512
3194
1723
256
2566
390
115
1398
262
1024
1565
1872
1093
66
113
1179
1914
100
1674
1012
685
316
2037
189
1151
592
2157
72
2076
361
1038
1502
542
98
1358
405
128
578
2557
680
377
468
301
749
3986
3118
1604
200
776
2395
256
2274
3216
2134
134
325
1167
352
438
1913
1000
1390
1005
715
336
1976
925
982
2629
4114
216
227
777
779
291
827
46
1724
1616
53
1286
1171
2418
93
1716
3213
740
132
915
894
112
329
1352
563
518
1569
783
3729
1848
189
210
132
1114
2134
1636
1907
1736
84
2313
3731
149
2136
359
855
1401
1055
433
449
549
918
4466
3422
124
1014
94
1258
2019
495
896
200
1106
2928
1179
786
1718
2172
1281
1491
3110
1610
31
625
184
1916
435
2071
1436
778
724
1371
195
169
2152
4216
23
217
207
2665
402
248
3250
2880
290
216
1744
186
895
580
2226
629
95
1195
2914
2468
1767
747
3757
5019
916
2009
1911
653
3348
1120
2200
332
689
374
590
87
363
56
1071
2847
934
687
664
2473
3206
3080
3548
500
70
569
1331
30
1421
808
2752
163
1535
2249
489
2302
1737
1113
1866
48
1158
1059
168
1126
2511
4061
77
1222
1574
495
1227
856
737
3162
1803
900
668
1420
1494
161
899
56
16
49
1028
2748
695
842
1578
1598
134
1321
77
16
345
2343
3894
133
343
1382
204
1454
1681
908
341
766
377
86
1021
402
1634
553
562
2392
106
865
1854
41
647
2321
95
1238
596
2637
288
3088
692
2343
2126
542
2315
1540
1770
1742
2654
1524
3187
792
2093
190
943
172
1352
221
1227
1426
823
2024
215
965
1641
2259
1614
2341
495
282
886
1784
731
258
1364
378
516
1220
5273
781
2702
2800
229
134
362
843
292
339
1055
505
2032
2373
820
1255
1263
838
252
39
5
2528
2488
108
248
2604
3077
3384
1339
453
6263
1164
415
1117
1153
625
1271
1460
3119
375
55
111
354
1828
2379
1745
1100
2612
230
2318
1001
1268
2344
1796
3568
2295
1978
1027
580
103
411
720
617
322
1260
1257
1034
2610
946
2002
1010
1682
867
2146
953
372
3334
667
2241
1628
912
123
1966
1385
2467
813
4022
1068
1968
1032
2751
1586
314
195
1027
271
461
3908
2369
753
306
1032
2826
123
2443
1643
1410
2261
1932
433
2232
241
1444
4857
15
692
2037
5111
4756
445
1289
1961
578
2586
61
1021
388
104
283
113
64
180
1219
233
2751
199
1644
1599
1563
864
1392
2152
1604
4137
2807
1009
278
374
1491
1928
1266
2493
112
1949
146
874
2241
832
48
437
685
2239
409
2073
1115
1581
577
196
336
880
462
1553
1062
1541
1499
5137
2316
342
471
903
924
2362
1376
2942
1895
301
2170
1713
1063
3957
816
811
274
557
2062
862
706
336
920
2110
3438
728
695
126
159
1681
894
2479
1682
1240
1214
1071
2385
1132
990
206
120
1540
408
6218
789
813
185
665
1278
113
145
1052
2172
876
119
171
7013
190
64
688
1225
1291
1325
134
2040
2100
1468
1148
953
3384
589
2430
1891
1743
1806
27
1189
685
162
1851
27
2936
1586
6504
2049
2281
806
876
495
520
789
1811
2742
201
835
53
83
1395
1247
1236
521
917
1085
2237
1343
886
478
4373
719
1047
602
729
2317
976
379
162
893
2616
81
644
254
128
859
488
1703
553
899
1923
469
1812
1377
2452
623
514
1543
25
1419
476
963
385
308
918
305
2599
920
2773
1016
845
600
1740
787
939
2025
972
988
1258
181
1765
525
7
5
788
2823
1981
1466
1017
558
281
173
307
93
636
6560
641
435
3336
3488
1002
1045
4411
375
128
793
6134
240
2147
331
341
1623
1979
2852
1999
419
632
835
1175
2367
1139
2119
564
1303
453
915
147
761
377
663
1290
561
2259
1485
1399
4169
2880
2682
167
300
85
1143
120
5409
1790
422
1120
701
1070
100
1526
88
52
1661
3898
412
266
1783
2509
815
126
3326
2907
65
416
620
631
2587
1658
46
2661
1246
1285
709
1443
373
1306
1524
4028
21
226
34
427
691
1186
1011
375
794
554
1337
399
1717
881
13
781
1211
115
830
90
563
788
621
1217
1355
992
244
4545
727
4132
890
1317
1367
7
7487
1533
2208
855
1728
685
151
3696
155
97
1337
1003
2762
2471
3528
418
692
132
427
1088
444
1629
759
2731
159
653
3235
566
1465
2079
404
1090
815
1044
1457
586
2
1866
2267
240
3102
100
2466
42
259
822
1395
1190
3633
769
770
188
27
4315
2742
1662
999
805
3248
825
602
316
1588
736
982
3076
145
3099
3359
2461
2746
1243
1051
836
2741
145
1095
1614
3213
605
283
2931
3227
1126
952
703
151
1111
1130
1807
1908
417
3028
584
1065
395
3100
538
4065
209
293
3860
2496
1220
4251
6607
975
923
1256
1775
1950
734
2476
1343
480
3551
5499
891
565
44
599
1807
118
1242
2559
1553
7317
1434
15
97
831
652
5782
864
2822
488
1609
1463
202
1552
3147
849
388
1511
1687
1671
345
2718
4252
3150
749
895
865
1017
4305
1259
1597
1889
1989
3383
207
2814
3067
222
1290
605
5281
1788
1451
5375
2344
302
403
294
4214
689
3273
2184
1997
1889
833
185
1165
1739
1630
278
26
50
412
447
279
1060
1882
2428
1820
982
2671
244
291
1979
905
981
59
1810
1944
397
350
104
1208
1546
931
1355
1879
3491
263
424
747
146
469
764
2943
1555
3080
2672
1139
842
621
1205
1166
1846
1201
139
2013
2123
2691
470
239
1271
697
250
2523
1403
1366
1409
2047
1242
3791
1971
72
533
2183
4016
2701
1534
758
1506
258
4145
1003
115
333
2445
1842
1668
4239
3075
945
2058
169
3408
3859
1674
1319
89
855
589
2846
2947
179
361
1099
2034
2392
4643
335
283
702
364
435
755
430
389
1839
1450
48
478
4205
553
1022
214
542
726
89
1099
524
670
724
288
787
2455
3879
1245
72
1669
321
2263
2379
802
207
1098
5
413
203
215
549
130
666
1207
1375
67
919
887
734
482
2166
389
852
539
2162
442
870
46
1050
830
1866
657
1062
1420
4626
553
3342
541
716
1360
3659
781
342
552
235
276
1668
438
525
147
19
529
61
85
312
921
2069
366
91
1167
790
8
1879
1090
874
1467
1295
387
2883
841
514
4023
2995
337
333
166
2596
392
1310
2351
48
763
2427
318
1434
48
16
834
51
219
974
2015
5702
3761
797
3091
1819
684
83
2396
2444
708
2395
479
405
1086
189
432
1220
507
1740
2961
1579
1477
677
1598
1355
997
659
2362
192
2499
1341
1808
511
149
704
2548
423
345
1640
5027
468
839
3963
180
355
1448
2738
1158
1095
745
712
3102
2308
500
227
1566
909
459
1413
1036
316
465
3434
34
860
1686
2217
724
1922
1555
299
512
384
71
2330
1343
222
469
1670
614
738
1844
84
1485
1019
2307
519
355
244
164
181
310
1043
194
327
1628
3716
1292
2721
178
4077
795
4635
2831
4524
139
956
294
158
278
903
92
1054
1522
1213
3746
2976
2939
4320
67
1861
1653
55
638
773
19
127
224
1301
1890
3435
981
809
1942
2924
355
25
2158
1029
1098
422
1106
1076
380
383
2667
3973
202
960
2758
335
804
213
511
355
234
1579
4633
3055
780
3
787
2482
342
6567
1910
1916
82
277
414
2240
1431
51
926
847
3299
55
1052
32
142
761
1856
1027
20
134
1203
23
1428
1303
480
2896
2646
181
547
435
5685
679
821
933
1840
1256
291
826
435
669
2989
819
4623
1502
6910
1226
131
2024
703
196
215
678
1226
442
3767
218
1654
2465
403
1270
1055
2386
683
3105
2242
1335
3229
1112
321
2074
1511
97
2006
716
2003
1201
822
433
165
274
2062
2542
980
451
263
811
2254
1637
430
1567
427
907
947
398
660
1155
115
408
476
2018
4232
1120
587
443
1576
1049
400
507
486
497
2325
6353
1598
1536
976
226
239
655
1167
949
855
699
2052
1343
2163
266
279
1642
182
407
947
500
1466
322
134
960
579
4259
900
1693
538
1865
664
3458
519
3031
438
33
824
27
1666
3890
2753
2668
82
30
1892
524
1590
311
968
4030
461
512
351
1562
3208
1594
778
854
834
2455
1727
1206
1288
661
2677
2184
1074
990
964
994
2423
841
594
1114
588
414
972
691
1868
1477
3059
1820
614
4082
2992
1070
234
853
2751
1783
3446
1632
280
2175
2312
393
2198
1291
269
570
117
141
1754
1
2210
2411
162
1874
406
2754
3289
690
1027
294
3003
1665
1997
2009
1988
100
3501
918
2578
2054
83
2129
2867
181
1249
931
3713
635
2323
2008
1559
1071
642
2107
970
521
354
434
2846
253
343
976
431
1496
1380
933
14
122
665
1380
450
513
1053
1343
229
1417
1401
151
3215
336
1226
2192
264
1206
1043
3218
714
1066
382
2056
28
1287
327
707
301
235
1176
297
2865
821
714
743
1039
2835
1586
847
5634
2772
3305
285
3768
212
4843
1027
479
201
724
2141
1495
3399
468
954
817
131
1009
1149
1719
432
1227
2075
4117
1558
643
1530
466
2628
521
1236
4023
1285
1903
236
1046
1251
2705
2225
249
540
428
678
557
263
1057
735
475
2108
1370
225
120
1660
103
276
282
4060
942
173
1748
2389
257
1795
1265
652
2055
557
4529
836
1956
567
4314
1567
3703
3
2426
1052
344
358
1489
1322
1959
1534
569
1514
134
2968
648
733
670
224
1188
1764
1021
540
510
1612
2694
2501
279
1467
2875
462
1376
3414
1048
666
3671
1032
3554
3463
630
1130
3520
1033
3158
165
933
935
221
363
1256
1312
498
5047
335
1095
422
2876
742
1108
1739
1403
1901
937
2264
93
1125
1648
445
516
2405
366
180
303
414
913
3050
437
1428
2971
210
1333
1490
2208
1992
2363
1279
1224
2190
882
842
382
703
1596
3726
635
1597
603
1373
1679
1197
1066
2070
154
238
1531
1320
1176
335
2181
2272
154
5031
404
2146
65
2718
1315
770
2326
740
1391
808
1315
38
1708
821
6659
2811
1128
109
1118
356
606
1728
1380
1578
518
2522
2066
2637
6261
182
746
887
810
976
1942
1134
1158
581
162
390
485
691
2511
855
2868
303
1785
4522
236
1448
1910
2327
2839
363
790
2281
2006
253
6420
164
72
84
257
15
4468
469
2802
324
1608
2734
442
1547
136
3882
1817
1046
969
1014
531
398
1941
116
1146
99
420
506
418
2711
401
544
5247
1115
658
492
337
217
1488
70
518
109
745
154
912
969
2297
24
1220
269
2053
723
1267
3414
5671
1787
1454
111
803
315
529
1311
2587
353
1371
610
1873
498
786
1392
2108
1904
422
1072
4314
766
1158
1
3542
4
2062
206
1548
2188
1453
685
1828
2493
1697
2665
2547
410
217
2080
97
1851
1719
160
1535
4187
450
148
854
340
1145
79
2339
548
107
1404
419
2025
1283
221
2608
39
1209
157
595
1879
671
250
1048
530
821
41
678
342
711
3112
7208
106
808
1471
1576
120
3371
297
194
236
238
474
350
138
3077
1290
3215
1529
33
1337
867
840
92
1374
1314
294
2540
2596
3130
1654
327
777
1982
1031
558
2441
926
461
1922
491
104
5479
362
1665
5499
242
4549
3147
180
4053
557
946
324
2392
2487
1024
2773
2031
506
1273
1099
214
2610
496
1033
4393
1031
2015
1067
217
2794
944
713
186
2239
809
493
1913
856
234
762
2295
413
1765
678
2462
613
172
1677
1441
827
1401
2040
594
70
1318
275
750
639
277
2037
1970
3520
382
2085
2797
1520
2767
4387
812
300
489
236
2694
1026
996
868
2796
502
2601
68
775
1118
1251
647
1925
4053
4080
1241
952
91
1107
993
508
3249
3807
1244
4122
4575
3526
178
313
5276
1117
1783
3983
766
2290
953
921
847
642
609
1372
1580
659
1038
2084
539
378
4790
1218
3163
407
2740
1422
1829
1134
366
605
138
1301
1053
1243
114
1969
177
2079
1657
1601
56
869
1933
429
845
1308
612
569
442
152
261
182
636
1345
131
1869
6361
551
64
2953
375
996
269
2353
385
4
44
6673
4224
1451
435
1740
1274
672
1154
449
752
886
130
1867
377
2859
819
292
618
2334
527
3340
3169
1043
667
777
910
141
311
2026
304
1444
910
2413
755
2574
1276
311
1103
703
1648
594
2351
438
1153
274
800
1925
193
2242
1257
429
346
579
176
989
6285
491
1674
523
337
688
1698
1972
692
970
2351
5244
2368
310
1404
1074
304
251
546
2931
238
17
468
3068
1338
940
1326
1677
519
1234
2123
156
78
172
1834
1782
1590
236
258
194
685
149
1937
38
3577
818
349
690
3463
6693
2004
263
2226
999
127
1594
1651
195
98
1686
1495
2294
485
831
5169
682
248
1776
88
288
3135
608
3469
3482
1672
3381
34
88
146
447
1421
1600
945
1302
631
875
106
1306
162
560
2086
2955
1644
1719
845
82
700
368
3163
76
1928
1288
1245
618
83
2315
89
595
305
543
1279
541
1754
3056
278
171
574
800
885
53
1894
58
2058
359
2832
1110
3553
512
50
279
533
177
3229
764
755
2977
209
1391
206
116
412
3654
215
334
2397
2081
298
6001
439
3550
3140
166
764
1356
1286
1984
863
345
10
333
1539
1230
2371
143
914
605
339
1261
407
2103
726
3021
1288
1420
845
844
2506
754
1282
745
1229
2965
2135
163
792
2008
1896
1263
2916
383
1498
599
838
1729
1453
173
1051
1353
1791
2796
1176
997
2762
703
1447
1575
305
331
235
311
2048
202
513
1176
543
1235
1295
381
3057
408
845
908
444
173
1365
950
1565
322
2057
386
1724
1425
1245
666
1081
2457
2616
3012
956
117
3582
2295
2722
680
1422
2045
1347
3194
830
1169
2102
4627
292
2870
555
984
1473
856
802
4408
1227
1107
1171
4
323
71
1915
110
4480
1413
408
2323
2871
25
1227
111
1154
2337
762
692
1962
165
1901
707
384
706
480
1099
1285
311
8
3394
420
1967
182
1502
1646
95
273
1261
4808
2157
1367
2665
887
2863
358
561
157
242
844
5168
68
50
953
115
3584
560
591
2007
716
2405
741
102
1342
1502
1491
931
934
365
2534
105
134
122
34
90
6452
4817
911
128
1804
1461
1746
278
1735
4046
942
2824
1947
576
2300
2212
1250
2462
277
3845
2479
239
389
1279
2830
1721
5469
450
2672
495
1695
735
1170
226
986
117
601
1731
2812
647
1168
1617
688
165
522
2294
254
1149
965
320
456
297
1167
4683
1036
6219
2183
998
295
364
1551
5368
307
883
1581
763
97
1504
3215
212
600
2185
2196
3811
1228
1521
2118
1971
883
420
46
140
720
75
914
55
3270
130
757
82
504
664
3094
1711
228
2004
1717
1000
5446
876
1358
487
3547
1539
784
1651
1585
3802
4967
2472
2474
1719
21
982
389
641
2411
1128
2142
966
421
1205
1510
1490
2326
971
5581
1738
2009
2691
1546
536
2784
135
1407
2266
450
2110
1168
3275
983
616
2924
65
54
1283
2816
2426
4000
1591
709
1473
1029
425
2444
3453
984
733
478
493
1679
1480
879
465
7242
1432
725
1932
527
1829
2216
537
614
1087
1775
3621
971
712
1645
721
