12
3
2
3
1
3
2
4
3
1
6
1
1
2
2
5
1
1
2
4
1
3
2
4
2
2
6
4
4
5
2
1
2
10
1
3
2
3
2
2
5
2
7
1
1
3
6
4
6
2
1
1
1
7
1
1
3
9
2
1
8
3
1
2
3
1
18
11
5
1
4
1
5
1
2
2
3
2
1
1
3
2
2
12
1
3
5
1
1
4
5
1
2
8
9
1
4
5
3
1
2
1
7
4
7
9
1
8
4
5
5
1
4
6
3
9
5
4
1
2
2
1
1
5
3
2
1
3
4
6
4
1
3
10
3
4
3
5
4
1
2
3
5
1
3
1
5
4
1
3
3
1
1
5
6
1
4
4
5
2
3
4
12
4
3
4
8
1
7
1
1
1
13
4
1
1
3
10
2
1
5
1
1
1
3
3
7
4
1
3
2
1
3
3
8
7
3
2
2
1
6
1
1
3
1
3
1
1
15
5
2
2
5
3
6
2
6
1
3
3
1
12
1
10
5
1
1
1
4
2
4
6
4
2
2
2
6
3
4
11
5
1
4
1
3
10
2
7
2
2
5
1
7
2
2
1
4
1
3
5
2
3
3
8
5
7
2
1
3
5
3
2
13
3
1
5
2
4
1
2
6
1
3
5
3
5
3
5
3
1
6
5
2
20
17
1
4
4
2
1
3
3
1
1
18
8
2
3
1
1
1
6
6
2
11
2
9
6
3
1
2
9
3
2
1
2
5
7
3
2
3
3
15
2
8
5
4
2
2
2
8
5
3
6
2
4
5
2
2
3
8
1
4
2
4
1
12
2
6
1
1
5
2
21
3
5
1
6
1
12
4
1
6
1
2
22
3
7
4
6
3
9
1
30
1
5
2
10
4
6
1
1
4
5
6
2
5
4
2
3
2
1
3
5
3
2
1
1
4
1
7
5
3
1
10
1
1
6
2
3
9
3
5
2
4
5
2
6
2
4
4
3
1
3
2
1
13
7
9
1
6
1
2
3
6
2
2
9
4
3
1
3
8
4
3
1
7
1
4
6
2
3
6
1
8
8
2
13
4
2
1
3
3
1
9
2
1
3
7
2
1
3
9
1
3
1
3
2
6
12
1
2
1
4
8
1
12
3
2
3
8
10
4
2
5
2
6
1
18
11
4
2
3
3
1
3
2
5
10
3
1
2
4
3
1
3
4
2
6
1
2
4
2
10
2
1
8
3
1
2
3
4
1
3
1
7
2
6
3
3
10
3
2
1
10
5
1
1
4
1
1
2
9
1
11
2
6
2
3
4
1
2
2
1
2
10
1
2
15
1
4
1
7
2
1
1
2
2
4
3
7
2
7
2
1
2
1
1
3
1
4
2
6
5
3
1
1
3
9
2
3
1
8
4
2
1
18
2
17
1
1
5
6
2
3
2
1
2
1
9
1
2
9
2
11
8
2
1
6
5
4
2
4
5
3
4
1
2
3
2
3
2
2
1
3
7
1
8
3
4
5
2
3
2
3
1
3
6
7
1
10
12
1
2
7
3
1
8
2
3
1
2
3
4
1
9
3
4
6
2
12
4
4
4
2
1
9
2
7
4
3
1
10
2
13
5
8
3
3
2
1
4
7
2
3
1
2
13
12
11
1
6
2
10
1
4
3
3
8
2
3
6
6
13
2
3
4
6
5
1
1
4
3
7
3
13
9
3
2
2
7
5
1
4
2
2
4
3
9
6
1
2
2
1
9
5
8
1
3
6
3
9
12
6
2
2
4
1
2
2
2
5
3
2
7
2
4
6
12
2
5
9
6
4
7
1
1
3
2
3
15
13
2
4
2
1
2
2
1
1
2
4
1
1
3
2
1
2
4
2
2
13
1
2
2
1
2
1
9
2
6
2
1
2
3
20
1
7
11
1
6
4
1
2
1
2
1
2
1
3
3
1
2
16
3
9
2
1
3
1
7
1
4
1
4
4
2
4
2
4
1
4
1
5
1
11
4
6
2
1
2
12
1
5
5
4
3
5
2
3
1
3
1
2
1
4
5
1
3
2
3
2
1
4
1
4
8
7
4
1
1
1
7
1
3
2
5
1
3
5
12
11
4
4
1
3
1
8
4
4
1
4
4
2
12
1
1
2
8
8
4
2
2
6
1
1
13
5
3
5
7
12
12
16
2
3
8
1
5
1
7
6
2
13
1
7
4
4
1
1
4
3
1
8
7
1
9
4
1
10
1
7
1
4
3
4
6
14
1
10
5
4
3
1
1
6
6
1
5
6
