2
37
2
51
56
73
86
118
201
194
328
260
216
288
326
245
377
62
370
423
400
16
185
446
471
473
614
45
429
598
296
6
806
351
794
443
410
372
943
561
134
1002
1048
1092
1171
783
1207
1255
684
425
1372
1098
1026
958
763
1781
1499
582
1343
1555
1281
946
1259
1654
980
669
516
248
982
458
136
1012
1837
493
1864
443
215
1914
699
185
2021
356
2009
979
1274
1874
831
176
228
243
521
89
65
1471
308
2479
606
321
1613
289
1720
881
1502
822
3100
1966
835
1346
1703
1413
3274
2815
72
615
2019
2051
140
212
1355
322
133
1939
1566
661
3592
186
1417
268
1932
690
75
1873
333
426
2052
178
1148
422
3923
1317
623
4127
1699
702
2258
838
359
363
3450
1238
2027
1046
1951
166
910
323
3023
2978
305
3196
1569
1147
580
1309
2957
844
1016
1026
536
1238
483
1144
1314
793
1295
1685
2593
2355
1795
5664
359
4090
4381
821
883
1520
280
392
1958
1218
1687
553
1473
462
612
591
4858
1450
219
406
799
509
901
258
2041
1150
157
721
776
3237
136
1533
933
870
1135
3248
5439
1572
23
733
4554
2365
831
3655
2179
805
248
2597
426
2
1466
932
3422
502
1898
232
1073
77
2862
2681
1093
213
5303
1483
4570
546
1588
1068
2946
446
647
632
1362
2641
22
619
506
118
1390
1125
1351
2333
2444
421
665
2358
940
1445
8414
122
953
2355
182
784
214
835
2524
537
1552
6499
854
1844
1088
189
2065
546
892
1067
1373
625
5441
785
1763
6673
1830
918
1516
916
4239
561
209
6
29
1014
622
279
265
500
1057
157
1575
2973
897
49
3020
252
2143
3482
1488
415
721
444
2973
490
1150
607
606
268
1007
131
1342
2351
1503
621
106
74
172
243
1915
282
571
147
251
3358
928
2102
915
4189
681
165
607
2330
601
1086
2072
5716
246
3692
1104
243
1616
724
81
4242
754
651
2045
119
1594
545
3020
2625
806
724
1191
585
1289
1702
1453
7272
1037
2544
5682
783
382
103
2905
5541
1258
836
461
1138
885
3
51
360
457
284
1870
777
5237
1169
1929
3417
986
350
144
1831
1058
4
394
909
1533
3049
1314
428
4318
1088
1810
722
4501
650
1896
1576
400
1260
1630
1760
3193
1684
66
1871
517
2580
1244
448
3742
1671
3667
2249
467
498
1435
1678
1600
122
1676
744
328
66
719
178
2635
678
125
565
2980
3384
1201
348
1369
3422
1329
1000
272
510
3448
3229
3733
2406
254
2432
188
812
730
2623
82
3481
3854
2630
2459
2
241
1790
658
3248
1669
3303
446
561
739
418
910
2350
1680
2233
838
253
660
402
1164
716
2984
641
2086
554
923
859
1339
311
2529
1817
2777
3603
1200
781
1032
4883
756
2106
315
1628
1891
980
4502
1367
1313
1608
3632
1911
1596
35
1915
4390
2601
764
410
5328
741
2278
1652
309
5171
1435
4518
2523
934
773
1555
217
255
1198
623
806
1427
323
216
14
3261
3627
2463
1597
1806
1110
425
2061
219
1467
917
829
317
2746
346
1671
997
1132
731
5054
70
5083
1870
1088
1997
5231
895
2418
2759
249
670
1423
1704
340
1296
1340
2480
1030
3809
4481
89
3832
733
383
653
1139
266
2345
601
2230
1489
1836
770
1016
1137
1086
386
1335
160
254
1738
1258
1226
833
9
606
2337
1201
770
1325
1395
677
403
2009
844
1024
921
917
677
3930
351
969
1132
514
3100
279
426
393
694
1306
588
2290
254
825
4053
2488
1780
436
929
6758
2447
1488
1926
2710
527
2138
1021
1127
2055
988
1211
1688
1664
600
1491
530
2232
697
683
1044
1102
523
1335
436
2252
433
177
459
581
1819
580
213
1043
891
3957
308
639
336
891
2817
1000
2744
49
105
605
575
981
1106
954
5587
2031
4692
3790
853
109
159
2583
1726
837
544
1882
2416
1212
1333
320
2730
546
839
898
532
1007
1620
1845
934
3392
109
1808
1992
7775
3716
895
2099
255
2143
917
2
3011
1359
2678
2030
172
352
7977
2064
7997
951
237
376
314
972
209
2569
2211
465
396
1873
1338
294
521
446
2184
1719
281
1401
1139
2507
797
228
646
3895
735
3528
7344
141
1703
1423
825
194
94
964
2058
595
428
1893
148
593
63
1841
4556
205
3764
1685
665
334
2
152
988
382
7065
2310
1712
304
1730
304
851
831
2892
1441
524
626
58
2
806
2291
1690
1516
82
4769
231
4122
980
1477
1021
2827
267
1224
4193
634
1031
2210
1185
2269
682
926
275
834
907
2029
702
112
4752
872
301
414
718
3560
6484
3531
6513
3381
290
2811
858
99
2289
602
3286
2303
150
624
3375
5292
5701
4003
2599
625
837
1247
4114
6760
79
1925
489
8678
1191
276
1722
167
2004
1499
725
979
782
1105
665
524
2947
1337
5043
38
1746
5261
496
4858
1207
5142
805
911
174
70
1745
1784
7367
257
1998
4064
586
560
428
139
1227
2403
587
276
648
97
3615
676
4826
2296
156
746
2299
617
833
490
1849
4625
2944
1904
521
619
191
833
1162
3779
1191
335
378
2153
1830
912
197
426
321
1338
1097
342
700
1034
448
204
1984
3211
320
112
2407
5712
2234
181
1302
552
900
7414
512
664
4239
781
1926
1293
223
87
1486
3356
1017
790
2277
138
1418
240
1074
1660
558
535
1562
2230
1545
836
67
148
2455
4041
2654
1106
1195
2212
2087
195
3652
2752
150
734
2999
2880
5884
2790
450
51
3472
134
718
3226
3744
350
961
2036
539
1009
1285
4926
398
2
1340
1982
280
304
293
2202
4745
89
1536
3913
231
2541
377
3303
1250
136
4288
849
4172
79
4408
2456
2200
1047
154
456
2719
1070
1746
884
2848
3601
964
858
223
1136
1172
5297
1509
266
1952
1828
221
3461
603
2154
334
2379
6012
4406
178
1474
1502
301
4913
320
1251
1019
3130
53
2444
743
1220
2928
1243
226
1773
140
583
478
1013
250
1048
482
732
218
4596
2559
1939
300
268
612
3210
2307
1866
1661
795
2898
708
5093
121
2742
730
51
427
230
1098
588
1470
169
1778
949
2814
1205
1564
1360
2030
646
798
230
232
193
2111
5324
1055
4309
224
426
34
3697
81
3179
1040
1810
1596
76
286
634
192
1333
1681
173
517
591
949
155
119
2478
8901
31
90
1171
1459
168
4965
8927
1015
56
877
157
2
7423
253
2114
612
1287
1573
3433
359
2740
636
372
1537
635
180
906
2037
342
97
433
236
190
222
1014
1108
1765
1072
4687
210
3812
1546
352
448
3058
1524
3421
2454
187
335
3485
684
6480
2936
845
446
1334
186
2306
1003
511
682
1099
1737
1762
5547
639
121
2045
48
1002
907
664
786
2350
986
248
1507
135
198
1206
23
4160
4850
1662
779
526
902
871
2605
535
929
1781
3287
29
5802
342
337
368
1167
2428
92
272
1479
1581
3597
710
101
680
634
282
2354
7222
1778
587
1145
1843
603
2444
142
223
1514
4463
1846
579
4729
457
1830
66
923
3371
688
366
303
4477
921
992
3495
442
1896
5237
1046
2571
2281
391
544
1100
1687
573
1005
808
1836
1295
2193
1139
2223
355
2055
3547
846
1370
2324
2425
507
1898
2701
1262
1148
248
171
139
558
932
2778
852
1932
1819
71
1561
677
1571
355
1909
5781
5613
388
1923
5493
654
2767
689
130
38
301
463
1185
132
3423
3081
4935
765
92
1649
953
930
2085
297
3072
2384
180
71
2577
4174
1851
513
2495
792
5507
2719
1736
3168
1322
1418
2511
395
1186
3458
614
651
1417
524
1392
532
3722
477
266
337
1274
3263
2670
2161
3461
900
3747
3458
3294
1239
568
3017
825
3311
1133
3821
317
792
173
3344
3202
610
222
490
2355
3035
6628
814
1369
1171
108
1887
1180
2891
1864
640
2052
2148
1834
2978
1742
538
1818
796
4048
177
1239
1289
486
2590
40
2773
500
118
2584
195
588
1080
531
3916
1619
2036
504
3164
224
82
3369
1192
822
3041
3795
668
614
443
418
798
1809
4886
2350
1065
1948
584
1000
1913
2117
1032
446
1207
273
3063
2922
829
1103
5419
2036
387
3696
1910
2430
1517
4718
551
1791
3026
5298
1896
1165
637
4454
3547
1583
1339
1663
1384
52
580
464
374
1359
330
1061
1707
2718
1873
962
862
1664
2169
886
2210
6062
217
5882
3484
3316
201
280
2
579
965
1761
1498
246
1606
186
113
400
116
3030
471
1144
2733
681
1382
1925
2058
1058
10098
1749
124
2201
757
817
388
1687
2071
776
6900
871
715
2018
128
591
133
337
106
4022
8032
1315
1066
669
835
772
755
1661
749
1464
1175
316
229
381
5022
1380
46
1078
779
1094
3300
121
478
422
600
1530
406
142
1084
191
72
523
973
2690
2207
5119
2450
112
816
2786
584
2641
2226
1659
327
1517
324
2390
255
3607
1057
649
91
1056
1226
2132
4669
341
2259
2314
316
1049
4248
1849
5506
736
2820
2211
2741
3337
1991
1181
387
2332
81
276
495
128
1010
1026
1092
241
2061
1260
2452
244
768
1417
2476
1031
74
1700
523
704
762
2807
2004
7526
635
1438
378
422
258
1809
95
47
2667
128
951
3622
2223
1784
1166
4502
3798
177
1246
2008
987
2458
440
1666
3391
927
484
1486
835
727
434
729
43
4093
1586
521
708
121
2336
272
4472
401
77
1155
674
1996
2646
131
3241
717
2054
2894
1241
3597
411
2369
2597
127
484
4899
2402
1173
124
1097
3555
400
3240
666
482
963
2072
301
653
528
415
438
1306
1215
2475
1161
178
2621
587
4054
2224
1110
2896
2311
235
229
1343
295
3544
4380
131
3845
1576
3014
520
111
539
1275
797
92
444
395
1251
100
1938
4610
610
1635
2521
2968
16
5339
917
2089
1216
4402
868
2682
679
977
591
947
97
2459
538
3627
1846
1128
4900
2491
366
1237
273
2957
2353
151
6780
53
294
752
467
142
52
53
276
1043
477
425
584
267
754
690
1331
4733
532
280
1489
998
84
2767
131
1579
2169
980
1456
346
1484
1000
1516
5943
1015
1015
1520
544
4944
265
1102
3366
88
4936
3212
623
1921
974
1925
656
2345
1977
379
1943
160
1215
1535
324
1844
4442
265
243
2447
1547
773
315
64
2434
3984
248
1023
248
4064
1425
6054
641
1420
321
1883
2652
443
1124
359
289
91
328
1120
871
601
1232
953
2750
4764
350
235
487
830
153
335
591
581
861
641
486
199
2824
1208
31
351
2466
1015
286
1709
1646
1531
74
1116
253
422
2440
254
1500
1624
613
1317
166
1755
3404
895
927
1659
110
1809
798
812
999
2192
644
1863
232
745
482
2467
1849
201
1440
624
2270
1924
620
2169
1315
2784
742
180
1222
312
451
3218
1178
983
735
7824
445
751
277
43
472
1070
394
176
2261
3465
651
289
1913
223
1670
2609
554
499
234
1292
411
1196
2062
3576
57
543
562
957
528
11
1912
210
744
3490
1400
2932
787
159
2036
1591
1085
2581
919
1924
572
2322
284
2912
391
5308
1327
1311
373
5899
454
2512
53
583
1234
1307
2121
302
4071
3721
151
1788
3004
277
166
1157
517
1596
640
497
262
756
232
4963
377
1037
968
2126
249
1061
346
1375
855
3864
3137
2089
1038
6700
6814
1720
1494
758
504
390
929
248
1432
1234
39
1153
138
245
969
124
231
2212
277
41
806
5087
926
608
138
224
2506
136
1875
1362
2023
2751
575
715
454
2162
5977
290
617
697
1101
726
178
2673
730
622
1985
581
759
2834
1481
300
962
1937
827
752
4659
67
258
1530
184
475
247
310
2209
394
1676
1365
2999
1236
458
2406
683
3659
796
5916
1063
1017
2175
1413
2938
3487
5514
874
297
3203
2
152
459
1276
400
439
450
409
750
509
172
289
603
3111
3453
594
327
117
414
2579
1069
613
150
1086
421
963
1093
1210
3455
2067
562
233
2331
425
3131
977
166
1959
218
210
3067
429
466
621
302
1058
3769
2882
4575
3901
356
3246
292
509
70
730
824
175
175
665
492
2437
1252
5620
517
1210
147
939
1974
1731
221
80
223
651
4228
316
814
4701
2147
78
673
455
1167
1037
2978
3072
4675
2524
2280
3471
1558
1664
270
2650
65
1826
2163
410
1338
410
1119
1570
4219
601
1436
912
1123
2652
1041
1131
658
3917
936
477
308
1556
1138
1530
525
1289
271
864
601
2893
4393
1152
3600
2320
1030
3208
355
1361
2173
1770
678
431
480
663
2009
302
151
896
644
48
4138
520
308
8374
1430
1661
4256
1266
758
134
12
653
851
1754
5665
1999
262
582
917
207
413
1239
1045
1729
98
242
561
6157
405
1056
1604
4857
3445
137
2601
372
463
629
431
848
313
432
837
1051
364
1082
443
311
3776
91
324
1327
1299
1413
1308
370
672
127
2795
1933
503
48
178
191
8084
7738
189
2368
1112
224
576
1428
610
96
2127
4666
5639
505
628
785
893
418
927
1122
2575
5569
125
434
1329
1218
1441
1002
1499
902
1042
3795
3159
2027
1014
517
2691
432
683
963
1498
25
314
711
1654
1011
1175
682
2616
202
2713
3738
298
1335
193
1761
1816
409
1070
5921
3498
125
1182
486
1582
2687
4169
1006
2341
379
387
450
1861
1429
419
3776
800
940
1999
4936
4812
735
2429
579
111
60
237
352
464
1279
721
921
221
842
1186
1002
883
943
943
4458
1353
197
3031
971
1442
1560
683
265
1515
910
121
302
663
2344
1120
357
1309
261
720
3187
1455
774
1416
2306
1271
347
882
2296
1240
891
712
1375
1604
587
1371
39
2735
1897
867
450
477
982
3
929
1394
119
1980
472
1502
1079
907
1526
1962
840
842
869
2347
403
91
1986
423
543
518
4238
436
1006
1654
3025
1438
122
4175
684
2968
474
94
832
4620
883
2567
290
696
266
762
164
2542
595
376
480
1947
1238
512
124
384
1287
706
532
3320
214
122
187
2963
197
3734
123
247
2516
1246
3703
76
465
1799
3450
60
3106
35
2703
541
3729
2607
1332
322
1181
1287
2540
369
1583
569
805
1632
404
1110
1010
3374
159
2250
1834
4701
1454
706
3417
708
1208
2537
3752
564
145
554
1503
126
712
5322
428
1677
670
1417
3929
477
2100
4079
1966
211
1351
64
617
2004
1260
1918
164
753
3688
1886
564
1419
1876
1773
433
1255
1718
1143
856
346
100
607
187
460
106
516
2131
2313
14
3975
2327
558
158
890
187
1485
3049
1371
2686
662
1348
225
1487
2381
1351
311
2071
586
972
220
891
43
155
2444
486
1507
1051
516
1961
636
2309
3014
1264
145
2572
590
386
399
123
420
661
1082
148
2589
480
1190
451
789
1819
2152
1430
1321
605
1175
3515
187
2206
2095
5978
524
332
3336
2497
585
477
168
5707
3251
4432
1632
521
6431
1202
644
701
2881
351
4373
2246
240
3109
383
1446
2140
3121
731
1674
804
3762
320
250
2043
207
187
1656
300
188
224
1309
4019
1784
1521
1828
196
1029
657
1064
608
1823
1357
1345
103
1726
845
2836
2226
1574
2151
587
371
372
240
636
4409
1260
56
2109
285
1446
1825
335
583
939
2527
38
601
251
7176
810
1619
239
286
616
4118
1447
890
596
23
553
1168
1025
1162
2224
7154
2099
7509
54
455
986
509
101
119
764
677
208
189
517
333
787
342
250
115
1956
5317
1326
667
323
574
456
1957
2242
264
1151
233
2590
2824
270
997
1989
2124
1525
2308
278
2375
874
4125
271
113
2486
1110
97
2694
175
70
2732
342
152
784
657
629
638
455
272
1369
312
804
1410
1855
115
23
2732
5035
247
1665
1511
920
782
53
1411
2879
4541
883
299
371
1932
3580
1182
1845
186
1102
1224
4216
1376
1044
4356
1951
712
812
4526
1058
5124
3245
753
136
1947
965
3084
712
409
627
1955
656
144
2073
585
458
256
657
2667
548
193
1647
1967
5163
97
176
1809
2253
6239
205
1580
3874
286
175
357
3030
1709
188
287
1702
824
1773
39
2592
4467
6696
5064
4959
294
223
627
2949
2482
558
1102
746
922
693
2173
512
291
4561
1806
684
2580
1313
1787
786
1282
239
270
436
2526
1090
832
5539
735
224
917
2206
862
391
469
1975
1839
1418
4737
451
143
283
978
1052
1652
290
1828
1398
2322
438
17
3154
151
2086
3444
1153
1379
649
492
215
752
8062
1263
1081
537
993
1765
5857
1726
502
718
199
2791
477
204
1811
792
170
1256
339
962
455
787
806
436
278
1131
214
2736
1128
295
2566
938
1067
2345
66
634
1976
1798
1932
680
1105
4383
659
2364
896
1691
98
848
1064
740
187
701
467
4831
1327
3730
841
1105
216
4161
176
1220
1026
2133
1710
384
3343
185
1167
2531
925
2216
317
685
2624
359
125
699
1075
2193
1539
998
634
902
2195
208
3220
1114
4448
1023
698
4231
312
821
414
3549
1441
1144
2632
559
2166
1743
432
436
1929
128
767
3190
3219
1508
6434
661
735
2476
4860
3788
284
1503
1589
879
3104
1003
6039
1432
1905
2180
649
10760
437
2393
4516
235
5483
2
4600
1133
1028
1740
10487
35
124
522
2935
2036
1402
1357
1114
51
2735
594
2698
2384
678
1397
1645
1028
384
307
184
1685
2241
3370
1920
531
1480
279
866
118
962
182
348
3597
1414
1669
2557
754
851
2189
49
544
3586
719
563
1106
546
1442
1350
4239
523
3226
272
1050
1101
3136
1603
2878
7504
583
2509
1910
4479
126
222
1419
460
1250
122
1090
1163
987
5129
525
139
979
245
1560
86
960
1316
966
374
525
663
7218
133
4702
599
542
733
2931
1357
4619
1741
756
821
700
1703
2640
858
200
2419
652
108
766
854
1722
961
753
1181
4690
645
105
675
5480
2144
491
737
927
1122
1140
8441
2054
395
516
1057
2087
1583
2597
83
633
309
1928
1479
1629
1952
643
611
1465
542
199
1913
771
642
4842
2425
3866
1042
1991
965
1593
453
783
2282
627
548
2508
528
834
5237
128
2068
1760
2985
2185
2587
530
5
2965
366
1502
2787
1764
829
2222
1935
528
1715
1588
2590
1494
365
208
543
385
450
991
3446
5864
2806
1050
857
431
2179
275
654
362
4589
2655
5650
260
806
1003
145
2034
1088
763
637
584
1235
448
937
1114
2052
274
1041
750
3235
295
2369
13063
1241
2977
2013
1830
1601
784
492
1648
1711
1205
3937
1491
1264
862
772
2648
387
1150
1356
3684
5420
5437
4114
172
2521
508
2689
1793
2019
216
2365
5071
1451
112
12
1805
271
34
148
51
671
493
788
152
1317
1171
199
993
191
211
375
256
794
274
2245
3770
1466
4619
1589
1719
55
1148
2330
5242
2126
117
1223
154
1623
1096
967
5393
2695
1224
428
413
731
104
5599
608
437
378
758
1891
2539
1343
1251
1914
1258
3763
147
504
644
609
3116
2731
2478
3310
419
1670
2606
3800
225
159
4418
13
388
2543
713
375
1770
4240
409
3990
2553
3594
1731
631
2345
2564
113
832
8129
329
907
70
1704
2401
1456
1137
1877
6102
4506
4317
1125
608
169
1061
910
1563
109
3589
192
2232
534
728
386
383
291
1115
942
1218
1144
603
3560
1465
6125
4938
570
440
1857
1996
3781
2006
1502
1173
1961
784
401
391
451
430
2607
49
543
406
65
550
587
3604
568
2553
961
856
3132
1334
1814
3473
4136
997
98
367
1126
3654
128
516
5160
1564
1793
1140
1491
934
356
2625
217
3540
317
467
4817
1137
3437
601
544
255
1733
2722
1768
1062
1101
378
4296
1317
799
1542
2320
845
2811
913
959
5695
2597
3020
3006
1920
2128
1555
5145
207
5002
2321
135
3284
63
985
1240
410
1433
2361
851
1445
2395
1221
635
2189
365
1981
945
971
1765
1209
957
2353
4470
168
2869
11
8667
1678
1720
1053
472
111
413
5531
955
3112
553
2144
572
4755
1879
277
748
1643
2518
3737
2894
1417
1535
709
254
251
1685
1266
7317
4723
2841
1455
3238
197
1275
285
1630
677
1812
1588
161
1972
773
2224
2895
2129
152
3380
35
2743
926
5212
2188
776
279
197
724
2233
391
2
3709
812
241
79
727
782
3434
374
1115
3728
1350
728
385
984
622
163
792
529
702
6522
826
148
387
3861
1617
955
5332
1683
529
671
742
1056
2124
1649
463
967
1210
109
930
2300
772
3042
2932
3377
2688
461
766
2324
3298
1604
570
965
1484
301
272
913
547
8954
4089
2182
496
528
596
4024
2530
4018
266
86
57
7576
169
271
1784
740
1794
584
3098
1001
486
48
585
1256
465
52
481
979
3189
1992
1831
180
2577
3901
1773
1093
1054
2743
4775
624
5027
617
2085
8
420
887
816
1926
1176
2672
1857
398
50
2409
3090
597
1407
2872
299
1234
169
1489
697
1381
5588
4848
309
5992
347
1077
184
34
2274
685
2490
2177
1148
5406
4146
958
1781
1825
1236
685
153
4990
607
1972
1939
606
3327
509
520
686
1584
844
2546
2369
479
701
2032
587
3982
2270
893
916
769
396
212
2595
2764
207
697
82
843
903
1234
1210
338
538
2143
630
432
4041
287
656
2320
760
403
670
1920
3306
4076
3751
1001
5883
1955
334
2539
1599
2550
790
1598
495
1750
1151
290
48
3556
6092
100
2063
53
129
1076
2428
1505
138
321
462
1120
228
722
154
3415
2904
453
1404
528
430
1260
60
236
136
792
3822
1653
6175
1327
3774
1993
1360
274
846
54
1240
6534
2527
122
299
1285
1737
2326
86
1463
283
1970
944
1008
111
1100
1936
520
3637
718
1343
1198
232
3596
869
1048
875
475
284
2081
1735
2114
439
970
1650
777
729
977
102
67
4103
3086
2576
320
1592
1010
615
1908
17
975
435
1334
2285
60
182
104
5580
442
1039
1846
2974
720
348
2
580
1507
3043
1462
759
10
561
1480
303
2829
2274
183
778
3111
516
659
1121
917
472
6919
2148
3026
1380
6946
457
311
5127
144
6166
595
124
813
263
254
26
89
961
1844
646
1399
2022
1693
784
2155
508
135
362
722
1682
1613
2550
674
679
43
3729
301
1493
1157
342
80
2055
2108
942
209
259
789
441
1669
1073
1500
1050
66
1222
1640
1013
81
2122
3525
2163
3503
2620
2078
882
645
275
637
2375
1380
1476
1891
2620
557
1689
500
627
1500
815
301
459
886
98
1068
5064
2
186
6012
655
592
1087
1264
712
192
1212
385
1112
888
1506
848
356
146
2646
1683
311
1452
1848
2076
451
4229
27
1055
8189
1669
753
26
638
2311
595
233
3277
1193
56
72
91
3120
664
2898
1713
1817
1361
992
1034
664
3337
189
5765
2602
504
1042
2343
2016
1078
1030
431
2617
954
2311
113
449
133
73
104
367
881
3293
45
1033
628
2303
1420
161
740
1731
754
361
12
1391
2320
1021
82
1207
3462
1647
374
44
2150
31
627
920
380
329
1975
751
114
1128
2620
5792
334
8862
232
149
775
562
4730
523
100
1255
622
602
7896
1403
5492
2260
3744
1168
2116
481
2771
920
2693
431
2924
967
469
2462
207
614
3512
5489
2244
658
4052
6696
5257
1121
1023
538
2164
2491
2115
1269
11170
236
4387
2571
973
1319
1677
242
3069
1911
1616
2277
920
3045
2365
368
2059
936
1453
1051
1614
831
3087
1743
576
37
452
781
280
3429
5817
3136
2826
2982
719
57
7923
1005
1653
86
6011
1904
416
1398
374
2940
1193
453
1314
96
311
979
432
3578
128
286
591
536
2228
589
522
4886
4380
2214
1319
1420
1515
1350
8456
2120
458
2617
228
345
1809
235
1524
1529
846
842
87
880
1447
304
3270
1372
1826
815
752
1266
1318
1789
903
755
2151
1944
594
309
276
1232
732
1870
636
3929
6572
380
5146
66
47
748
1453
928
2151
1548
762
1772
764
558
881
580
2539
104
452
1200
2522
626
1885
833
498
720
325
944
3295
5477
1694
1252
967
2659
13
5090
3648
629
2958
2718
5120
303
4033
935
4145
6392
2540
650
891
831
921
3125
8
4174
2140
665
831
2323
1202
3650
3491
986
150
905
3416
1848
219
2760
789
2719
315
3
255
9591
1455
4631
6170
2205
7926
607
398
1497
924
276
711
20
3245
1534
724
52
325
667
210
600
4707
1362
771
133
2334
391
211
1059
883
799
1343
1134
8675
2006
1755
339
582
2310
2623
96
1534
532
3311
2849
5430
3446
1099
1354
827
374
1219
3848
604
3013
1126
2772
1287
971
1179
2090
444
564
2329
2568
234
431
2431
1387
2228
1335
563
1292
1438
8390
181
741
715
543
5248
724
2940
2381
1976
3449
248
210
2885
496
61
413
432
2618
516
792
911
773
2398
1419
127
3670
882
473
1504
351
245
2546
412
1365
740
3073
2189
1998
4368
514
6343
781
761
155
1237
297
1405
966
1253
211
2121
2760
1349
1033
453
1268
277
677
669
3018
1012
1597
2072
3547
1702
2451
161
1116
90
2
3667
2603
1635
2545
303
6738
620
401
1855
1439
1119
200
4159
1384
2495
2190
1007
630
937
3952
1700
1371
3354
517
1557
675
1591
1719
290
2013
879
1586
203
1222
1726
115
3633
593
2374
216
69
2728
747
1248
1171
512
2769
510
1363
149
512
1494
2331
1267
496
1528
5016
760
544
4695
2755
1108
5679
92
2434
2199
240
1082
672
4259
1745
171
18
159
2898
2286
803
1409
2320
851
1427
245
1298
763
3774
218
1912
2872
236
1248
829
367
786
590
237
327
912
99
3752
1028
689
284
1457
201
281
43
337
1350
1016
602
254
886
5274
1049
2914
782
155
3710
947
222
9626
964
815
1068
74
717
1579
1237
2401
625
2430
945
552
3527
4253
86
649
386
2420
1044
679
840
352
478
2233
1401
774
600
2238
356
821
3332
436
1563
623
3899
932
5672
845
649
654
1049
585
1879
455
1601
2941
708
5449
150
509
1649
1330
1222
55
1086
858
1723
1658
853
334
4062
3679
2028
3947
2114
2052
246
3512
1894
424
1476
1599
113
30
609
1170
1318
521
4395
597
415
2177
501
1179
1739
421
3863
659
577
114
2369
835
493
1268
1904
541
3745
625
1369
215
1290
386
411
1074
640
426
326
2279
6747
733
783
2502
1402
3833
2934
1959
409
597
2203
1095
86
530
715
1161
1320
918
4528
608
2341
973
3175
1405
1244
5850
343
1715
2809
414
2396
999
1155
588
1365
1150
1372
613
394
774
916
484
668
305
145
2735
974
846
2564
4855
1640
3236
1756
537
668
672
817
3810
1581
2126
5431
121
4490
389
2094
18
188
4578
900
1890
694
782
3869
1084
84
400
1297
316
2963
1203
234
586
578
2306
1055
3285
87
450
1351
1478
353
1051
4092
3110
945
361
783
1123
1499
4094
88
470
947
1333
1149
1889
514
1801
1341
1997
554
644
1065
1738
1742
349
577
380
84
606
916
299
1438
1127
6754
810
1568
489
2451
242
4217
783
952
4220
493
340
5122
2108
384
1556
1737
473
967
116
622
419
2759
3290
3583
353
2077
113
1038
514
3140
590
2452
677
225
223
681
3789
1062
347
1184
698
908
1088
263
2134
4379
541
749
1776
2380
396
604
1462
3758
411
302
1241
4521
579
670
2312
2447
1235
3024
341
2739
404
3966
1674
3835
15
109
1776
1845
727
8
843
637
2216
133
1310
554
512
288
3095
569
509
2642
2009
858
2232
1281
128
686
3896
25
1323
3496
3744
2637
561
2305
74
1531
76
606
2873
1416
243
3853
2891
937
211
3280
289
274
1588
1636
850
6592
31
1978
3695
2546
876
184
393
601
1812
990
382
157
269
1098
156
104
442
424
848
4223
882
1620
918
2249
460
370
857
98
3322
2912
139
364
2948
90
132
635
1268
423
529
1471
4263
725
285
234
489
3108
1392
1677
3015
544
360
1281
489
315
2989
3082
3393
1754
244
1649
1043
606
645
1758
1448
800
246
2414
2087
1541
170
3493
593
2234
998
885
1724
590
1901
263
629
534
166
969
83
154
804
883
1198
606
858
2477
4421
6222
464
3743
1402
1794
416
841
134
1019
4845
921
121
1366
4929
4414
3578
1543
758
3829
4648
2500
1032
2238
1029
928
1387
526
205
94
214
1372
133
1096
1713
229
1096
199
447
4615
135
1437
1695
1496
1851
707
2893
327
742
329
1623
1113
2251
325
615
2033
1303
516
2271
2000
892
2606
19
616
2449
1866
597
4061
559
4474
1967
76
819
1959
199
2392
1062
542
2747
1259
216
3995
3513
44
660
1836
1022
86
397
151
223
4867
568
35
3407
541
3675
450
769
1769
472
3105
2353
2127
717
1719
600
2845
1307
633
511
575
2601
136
302
1125
2736
1827
1708
814
1416
1166
256
1191
3058
586
1091
535
757
2076
3377
594
1132
2925
2101
173
2958
181
1754
6151
902
2501
2935
439
135
196
607
567
2001
3303
1264
634
2059
119
305
1296
1962
1351
500
1446
149
286
593
2434
1046
1536
1122
564
628
680
3033
278
2612
1045
504
3085
900
2989
4907
823
273
378
157
1359
2478
894
551
7056
3759
647
458
1571
1209
1967
997
2
1643
2493
1077
1948
2468
3659
4099
2013
2491
1407
2009
519
714
1178
1294
1135
192
1077
1151
1147
347
909
2305
7063
630
182
278
459
7558
1959
270
449
1387
704
781
1826
169
91
2408
1807
631
206
12860
2114
1109
1171
1877
465
832
557
726
1134
812
443
723
1962
308
4191
2538
2638
646
595
896
549
1413
193
433
3210
4364
2355
2192
223
939
778
4158
608
5609
1602
2031
1292
1038
3767
2985
1810
3110
2015
1837
2353
2895
533
3037
762
177
487
205
3135
90
2096
3257
4728
654
597
540
1934
6672
653
872
465
3035
98
527
854
55
1743
1458
492
2
1347
2937
2112
155
1174
1485
1755
1615
741
7982
1779
2539
5073
1370
1055
2193
161
1129
2790
2277
764
2612
653
4282
669
2330
790
7308
1534
3052
2281
5001
708
3274
1408
462
187
1323
1809
966
2206
2668
1758
5136
37
3887
4729
34
645
3168
2335
357
1214
2040
218
119
5953
120
817
943
1522
6887
2481
2760
3207
547
281
3547
1631
339
2742
752
1162
182
5114
1173
1033
1576
121
88
185
651
2692
761
2707
2023
4054
724
202
152
1736
5020
50
1024
1301
3624
615
1953
1483
740
2143
1424
2169
3778
322
231
326
851
319
694
2326
571
1170
4197
199
425
923
1044
1373
1632
770
3398
191
5184
1069
823
2244
668
2195
2924
3168
404
593
1426
612
3470
162
2473
3431
504
1886
1608
3858
817
2630
409
354
1766
580
1598
431
24
695
294
1102
1102
197
1189
886
437
1071
1554
361
2295
483
343
4
1220
1224
546
1130
1169
355
440
1533
618
488
961
2744
1477
513
437
925
2867
509
135
202
1204
899
1402
739
253
1290
1704
61
955
517
3177
3993
675
1148
789
1172
810
2844
3002
473
568
1058
668
1039
352
1550
2021
1106
1528
3225
680
172
71
2948
321
5307
1962
5294
1849
1244
2790
1134
3168
109
330
1918
472
541
551
372
554
4465
2623
1419
472
277
2494
847
4161
123
334
3088
537
626
2534
2441
385
827
3064
1153
706
2058
1509
1433
289
657
1747
636
2315
1441
356
697
1889
7304
1628
1056
2498
3134
4828
450
2228
1529
1209
250
1121
782
2106
415
199
3785
38
1509
48
3117
185
2207
526
387
1341
2423
502
685
1223
438
820
1190
589
187
497
214
391
2948
2597
3402
2193
983
375
517
1187
423
49
1085
138
1126
1439
221
882
627
1198
2656
1502
974
3357
1666
43
3011
189
308
1433
903
1493
1494
1788
1158
1266
333
2004
3487
260
156
272
1568
286
1381
1232
2074
567
2911
647
468
3652
2050
377
748
585
2938
622
1431
2443
916
5
2789
2476
282
1426
2965
1378
1327
3755
649
1130
4267
1881
2561
1065
2298
941
2939
1270
325
4775
532
4948
1661
6428
2466
897
360
33
803
2151
1380
1248
138
1030
730
614
746
870
59
1960
2384
747
1219
500
607
1101
3149
422
579
1049
4914
163
660
834
862
1545
1255
1551
1645
1502
1170
190
146
189
998
1624
1766
1278
867
1287
951
3062
3668
7829
284
8249
1398
2656
2189
226
197
375
1660
4049
205
2930
286
2936
825
368
118
2254
230
836
286
1004
2628
676
2250
291
4391
160
1519
1430
1170
692
991
2768
3516
1718
1121
1578
415
1468
923
685
2209
1685
2112
230
2908
3181
1012
6042
93
736
243
2739
2187
2308
670
2758
1571
2819
4112
2885
1517
9485
357
291
3565
584
3252
386
288
109
1352
1951
253
1241
1733
4249
298
971
1485
3470
364
1411
1384
1168
2646
284
3193
1402
92
971
1262
645
550
780
6072
1146
476
1215
2589
870
661
4384
399
5655
609
2
927
1714
480
1159
1761
17
2706
211
3050
2087
1800
686
87
170
2412
1292
1623
969
1013
267
1056
495
1417
2179
187
1621
2070
927
879
954
2700
327
700
2778
1242
2237
773
4648
2460
226
637
3743
1033
385
420
715
789
1374
2234
2233
315
20
680
4375
388
188
209
1769
935
346
2117
1180
156
1887
2333
859
177
2
75
2772
298
636
910
2469
2058
923
801
806
2868
4908
626
2222
6650
452
11332
73
934
308
3509
2453
666
377
593
4320
184
34
2034
771
3714
3503
1105
1830
832
1416
596
1139
380
1676
1631
2225
254
130
254
2347
730
674
467
706
250
932
3823
206
2190
149
279
5128
339
700
1980
941
933
256
83
2884
772
4598
3048
114
588
689
1009
1451
561
109
598
89
2365
1122
568
139
807
1232
872
5318
841
556
208
1218
1039
421
510
181
4067
491
928
326
2089
1904
1803
803
3223
3305
256
1192
1418
1697
1329
309
725
2393
1301
2447
9427
3968
1384
2415
406
3692
2112
2328
461
2
1782
4443
628
1168
1013
1277
696
3570
3474
2463
10214
3591
341
2285
281
190
1454
1783
3407
1196
2839
1595
396
3452
1786
460
255
1974
201
28
2358
258
73
345
1524
332
156
1275
444
2470
1061
256
466
343
4899
5123
1273
1568
575
459
550
587
159
628
1484
2427
2337
1665
1786
2353
215
3372
7621
838
5146
1245
2384
2173
2160
207
5305
441
1953
583
384
660
1120
2230
737
1094
1649
419
1094
560
241
1778
2034
138
1782
342
241
980
2429
894
1869
671
314
90
5571
158
477
6816
1761
3
2229
517
807
1940
6736
716
142
994
2055
1492
2288
2980
378
394
1813
3378
832
1947
224
515
278
398
1634
912
3849
3012
46
774
1875
600
3822
2253
1336
4784
2850
2062
3112
755
2102
148
199
790
424
286
5519
1322
1880
268
1036
1715
8768
949
802
79
3867
346
2399
357
1045
805
2521
370
2618
251
682
761
1189
366
171
696
2968
1536
614
664
3462
438
223
2325
587
252
91
5865
3698
40
1082
553
434
1373
1151
1521
3230
957
2512
3683
142
571
1018
223
295
1004
733
460
1620
1166
600
279
602
247
1841
751
975
827
700
710
4103
660
797
10
1056
3791
628
1918
425
1719
2339
227
4170
827
114
2125
2480
530
682
407
2265
2
2041
151
788
159
4531
2713
1017
886
1690
4025
1632
1341
994
1722
302
3906
918
7925
712
2325
1990
568
1313
1412
494
1211
2729
1214
2226
3355
3510
1715
1266
876
3117
1000
429
1154
6047
1629
374
2224
407
3143
2
323
2001
405
775
7
277
313
1644
3523
717
2287
3739
1118
1512
1837
1340
993
5029
3145
517
4741
192
658
600
1269
713
207
130
1154
325
4008
1695
64
2770
1574
1882
1979
345
1180
1868
2779
242
1911
3710
734
241
130
2926
202
3012
218
877
142
2708
2005
2367
4420
2797
968
2326
363
1061
732
587
3389
6542
215
685
311
1215
2634
1273
978
73
844
2934
1040
383
2837
2115
176
1517
3601
4034
482
1943
468
140
697
1122
1134
5906
2116
2171
815
185
2874
1156
257
96
1058
1941
26
1769
247
917
55
494
597
4283
2339
150
1769
1065
2804
317
259
628
1092
2742
821
2969
1367
1708
50
305
3295
4438
1252
1838
1881
1528
1993
2098
1559
1838
950
756
1231
1107
1151
1781
2711
265
860
726
1038
2352
554
1551
2505
1406
608
3124
3986
1231
1826
243
75
4881
2591
1382
1254
4684
1044
1240
815
913
362
4453
1916
4367
1645
627
218
9132
3371
800
2112
1766
1837
3113
708
471
5
1460
553
2642
254
557
6172
254
1256
4911
286
943
73
127
479
2845
389
1648
316
1156
734
381
3398
1000
539
2651
2926
5660
622
1080
94
4491
2485
1028
343
1240
1973
3084
257
119
738
936
3698
31
7148
1262
135
2277
39
1294
2200
864
453
1504
778
338
1609
1968
4429
981
13
635
248
1768
479
630
293
1220
1702
3359
1426
1318
796
760
1749
4126
654
5179
851
929
1296
646
284
1318
65
166
4141
1220
1050
2078
924
197
596
132
1218
840
628
1275
2468
3744
2268
1232
615
5753
5233
1182
2169
304
394
1264
550
120
301
2235
759
3360
3075
2
400
225
62
2426
824
248
5820
392
326
1602
248
276
950
2280
207
651
2117
1398
1779
2630
334
1781
7198
528
6821
829
1746
273
128
767
3478
453
4057
405
332
3136
2506
561
3161
933
212
264
589
648
243
1669
2805
74
236
551
62
149
1595
916
854
168
3550
239
2305
3943
1213
760
1495
572
241
2029
6677
398
7265
1793
287
1225
1968
1444
275
3
2514
2324
725
782
203
972
1327
4408
8229
3358
1501
434
3511
867
457
1540
324
814
1541
3378
1053
338
272
88
1378
226
3685
4084
530
1022
425
199
3729
603
569
1164
2813
2343
1383
2094
175
1427
1072
198
2535
205
9
1386
751
5892
1600
870
3281
1278
472
1075
233
2930
1414
964
1984
6910
623
221
109
2202
3546
3958
1327
5269
3151
748
770
909
445
2465
70
115
693
1642
813
1529
204
1126
252
933
433
434
1560
602
761
308
165
40
1438
3237
1858
500
44
696
2395
1335
1910
1470
320
1069
5366
119
1418
582
1676
535
1542
92
3527
1475
79
1547
1735
2789
1739
2914
950
1021
1068
533
2139
1738
51
823
1759
732
2497
274
104
2645
2434
336
249
444
4088
215
748
1053
1401
355
910
3160
942
1185
2
376
3178
1355
1824
1442
3861
2303
2702
3039
422
1517
934
1843
996
7049
1522
1514
314
5127
1551
40
980
482
470
2034
2224
1689
2782
166
1444
1535
600
6114
337
658
1095
1130
280
356
1044
3785
97
590
1605
168
483
459
385
1311
850
470
682
103
978
4169
702
1819
100
2013
5477
2594
2090
1890
185
129
165
1054
329
2445
191
235
3184
4088
2580
2518
177
641
2077
1434
179
2192
176
1180
6145
2507
147
1075
2403
1394
373
67
1293
396
108
340
2898
1239
3516
4560
774
2492
176
2700
1052
1938
2114
1519
270
3613
443
980
11469
222
206
1933
104
1839
1413
520
2054
2401
713
2820
805
1262
770
2438
1163
165
2087
505
1462
1001
277
1434
4858
5372
145
119
1771
3052
312
3732
2042
3637
781
2664
2073
455
270
2327
4022
421
764
39
1643
678
71
383
3605
1846
125
2102
5645
6902
3169
1145
1149
509
159
1122
2456
5223
96
413
101
716
2152
212
949
625
1162
550
2534
2672
2083
881
1317
608
496
1695
2201
507
600
695
210
1226
706
2293
70
3720
631
139
2760
1188
365
2064
1077
560
1051
367
1515
2637
2039
971
2272
1920
1029
2297
1744
4850
1184
163
1377
198
777
186
1472
37
289
1298
247
1299
2117
360
111
152
6717
36
740
329
536
1609
2725
1255
1111
650
670
547
395
1783
341
1779
1273
1379
1288
1734
2949
4461
884
270
129
1163
3524
641
1190
1370
982
937
1673
581
693
1013
2625
682
2751
2680
740
1056
380
780
1107
1614
336
3303
275
835
116
3412
2411
1219
202
1237
1172
1126
1765
544
3035
1818
717
1589
1774
1742
652
2981
885
563
1432
1493
338
1171
101
1369
923
495
876
1734
1913
443
855
366
579
1398
33
6977
1365
93
1069
1339
1519
334
1041
1457
192
647
246
288
3522
710
672
2988
6359
1464
5538
1192
488
635
799
1173
496
473
6291
1574
3
178
888
576
204
1255
1313
371
498
800
1803
178
1516
1222
5842
3887
2696
1313
501
1254
1026
3261
1679
787
2107
315
1547
269
565
6422
3868
780
1150
1832
1496
260
110
449
4455
385
973
972
767
2267
834
399
903
1555
141
1743
2665
4
154
417
938
2325
847
3765
4169
2023
3502
1916
4317
1021
1719
259
5216
1045
1235
1482
3842
991
307
1220
1177
4996
2496
1052
158
811
192
1079
246
2533
3269
4023
1903
65
246
457
2514
1313
73
156
318
70
3137
1409
152
2112
2319
4128
3474
810
1628
806
849
1931
129
676
224
2186
1311
327
1060
363
84
5609
1269
1435
355
962
1331
2103
3584
899
908
3793
970
2037
310
1814
554
882
206
2016
479
2953
23
1973
1206
1266
268
898
2587
946
1484
472
6027
7015
509
1154
1382
523
7101
185
1287
157
5459
1850
1567
1185
2257
208
1718
3133
35
1389
2262
1586
1691
70
215
1712
799
4274
2428
236
443
2212
2685
230
3761
1752
799
2478
1279
1971
3957
388
1448
5125
270
1527
3609
1100
798
1210
1392
603
2
2814
444
5236
901
4077
7635
638
782
206
135
798
1074
1215
180
2798
504
106
4983
3550
155
1197
452
1993
2090
2548
535
294
2168
386
932
554
1983
1153
1763
1994
330
2114
222
3199
949
2597
1832
3949
152
297
1977
1816
1125
325
4130
240
901
1517
2130
3003
39
148
3884
6770
2722
125
1566
2372
1714
1637
579
3533
4287
1491
145
146
611
632
946
445
2191
810
2924
1960
32
2246
525
212
864
36
5894
4741
111
1417
460
3155
1288
1443
1029
1027
1254
416
3670
673
372
4273
4753
208
1800
78
530
2141
733
2045
335
1208
471
2886
798
8
81
1748
1519
4008
726
3526
2014
1317
237
286
434
681
191
190
1777
896
1444
190
1978
1344
1275
507
1399
2268
150
332
520
1651
1281
3536
1837
506
993
316
300
130
3205
1138
164
1098
1491
184
1110
1647
24
425
2952
358
817
704
345
1454
1267
130
222
402
881
922
1151
313
94
2633
1558
551
91
2149
641
568
550
2413
406
133
35
471
1752
81
831
711
118
3603
85
5567
1902
655
100
1398
2277
1457
1237
2263
3349
381
802
277
52
1136
3665
401
3103
693
1787
3736
128
184
397
1404
516
512
1156
1684
516
472
3771
2100
2151
4508
3
1909
2336
815
644
897
180
2828
1998
230
3102
912
1109
303
1590
164
733
306
4439
2027
2232
935
1597
2975
4900
84
1112
236
337
2993
353
6205
811
1099
669
572
1102
249
2
21
994
55
587
1438
2217
2325
1908
5765
5009
2533
1807
1213
1344
192
461
1439
1042
3849
466
446
1589
4070
24
506
979
506
1017
872
1942
1533
1287
3623
255
1003
2233
1080
4196
5699
43
897
490
324
2833
536
216
1094
128
321
1228
1371
569
1001
1628
265
3764
533
927
651
181
1487
1323
1257
839
9486
590
917
2559
1035
1987
316
2938
1189
661
317
1717
1680
1112
2579
903
251
845
195
370
2940
3261
3274
1287
26
1209
536
1826
2583
227
244
108
830
903
604
1002
154
4660
848
1159
2590
137
1437
2680
4243
1928
1257
532
8733
349
1950
842
1453
1527
415
348
789
1271
506
680
468
1570
147
3211
5397
4343
4258
1008
250
310
1135
802
2318
3371
97
454
241
1555
1179
679
741
472
1119
4342
652
104
810
2026
684
2
1689
2
1079
610
213
205
3546
242
649
529
170
222
2921
3612
533
987
91
2526
2604
828
4046
1447
527
226
239
167
3205
1240
918
2969
5326
257
2314
857
5090
998
1886
3
2485
1142
6
1280
357
626
93
1297
1276
2055
3162
392
403
887
4845
2014
1735
2862
818
3121
2422
589
3758
282
7345
1346
184
99
2366
3978
1864
1365
1480
935
3792
193
954
1609
447
308
1043
2988
1728
765
1304
1220
151
4693
378
775
702
995
3305
1112
1563
1327
3211
398
3264
1293
330
1267
651
725
341
3876
1960
4707
2747
2112
2988
955
749
390
69
848
143
836
3462
1323
547
447
2443
1073
634
526
8163
460
282
586
2146
2916
3940
3659
426
365
1374
3331
1300
839
2253
377
3468
9
992
1971
1452
2291
153
1450
492
430
285
738
3308
388
2262
438
47
2738
1914
2763
1539
1549
778
345
39
1836
904
1087
3166
651
88
724
1757
2647
2128
1018
2091
1174
490
4942
741
166
1101
3086
2030
2314
812
1171
585
325
893
1028
192
1194
592
599
4606
2753
2064
449
1543
645
3191
194
1156
463
2642
442
4208
1290
188
674
1112
1831
2733
610
970
758
2628
1623
1516
2149
942
1154
509
1567
3430
710
1211
1500
1607
1270
138
361
44
3667
45
409
214
143
2436
898
764
8206
1406
620
4070
308
843
700
2218
1311
1536
2222
207
726
800
595
494
1771
1748
1288
2885
2800
793
482
650
982
286
883
1515
605
314
2215
1927
3087
452
65
1401
1261
1043
2350
767
702
2156
1230
874
317
670
4
1224
992
2352
544
85
745
167
4276
1390
198
1471
990
401
668
669
1034
639
2195
1352
1889
2295
2439
1045
340
731
514
159
565
2168
848
1476
102
1094
1087
713
3475
2650
287
7217
2055
3345
189
259
1316
1465
330
252
139
602
1239
378
1627
1993
545
1109
1384
1481
4524
2
1928
2676
6321
1502
2863
685
2374
1424
1419
993
5779
799
276
275
1223
568
1981
422
3139
557
2110
807
522
515
2793
1193
565
771
382
2666
2912
298
1867
3988
898
598
1939
326
2403
243
3683
227
452
2104
194
1386
45
1585
433
3927
990
189
213
345
782
1292
1405
300
1583
2146
796
857
160
1652
333
642
356
601
621
2377
2051
1799
1992
4020
320
4708
4069
183
816
62
1971
121
1637
417
3709
1810
646
85
5050
1181
515
801
228
3038
5470
1797
1004
222
67
2461
2808
388
411
2524
2723
1382
439
2471
1128
637
491
313
1501
2262
305
2417
412
3136
237
148
5598
365
508
215
2127
1047
2202
334
56
111
519
141
387
1025
2724
4168
241
3154
55
5428
400
1539
907
6373
4017
383
254
2607
2561
1494
1010
119
5082
4753
155
2239
3946
236
3191
2054
2804
4962
1972
751
1290
114
358
2437
3146
2912
228
117
345
159
1355
1027
4784
2197
888
447
30
1703
3850
755
83
955
579
266
352
1921
5290
853
3490
1090
751
1791
1468
177
3372
495
17
1864
2
308
2365
1361
1924
2965
1752
1265
334
3270
438
1107
1434
381
4126
2085
700
105
828
442
2106
1485
1400
1244
305
1199
1361
3670
14
56
208
1563
67
643
1343
207
42
4642
246
2113
3136
1145
1642
386
2358
2034
3477
992
555
1835
2116
1607
124
2400
2346
5152
1053
654
5272
32
137
35
424
3
837
2968
1230
1876
1916
462
1136
1379
2290
1911
683
3086
2258
740
3457
273
2208
5275
392
1659
45
196
3621
1695
2671
631
69
625
1028
613
268
478
1814
2668
329
753
991
439
7736
1936
3226
445
348
2018
3768
5344
479
6305
185
1497
251
4250
451
293
6235
324
733
3953
552
81
673
1548
1596
395
500
1583
972
699
64
3406
77
2373
3741
409
5712
1639
88
1927
2803
857
684
3367
277
223
2803
4057
286
3197
1263
2782
26
2105
981
1346
857
282
1075
1874
183
313
153
4892
719
718
983
2756
1901
1867
876
732
787
490
1759
818
2
2673
340
606
1067
2965
1197
1091
405
28
1236
1386
3152
146
1692
1299
2173
561
5107
3523
876
837
1075
2084
96
2358
1987
7979
1352
713
1358
687
555
2997
724
358
218
1738
156
2454
1020
208
3006
1548
1595
127
637
342
1400
1407
1174
1269
179
421
2269
9061
2651
1431
1290
160
3151
704
3683
1094
2564
910
2014
4122
2168
566
1898
659
272
400
1090
940
4513
776
1578
1154
3192
728
891
1494
264
3456
1727
144
477
374
1250
1192
8099
7353
1406
1672
2082
1107
972
137
1450
647
1416
458
1723
646
1565
1502
2162
932
1922
460
1279
194
950
1122
397
4623
90
1892
1934
327
1604
1046
2150
3015
3607
3389
2644
83
1188
2523
603
4258
1882
2564
511
8642
138
765
1452
1036
356
1010
1005
500
1536
1855
757
836
2434
960
1330
1336
49
135
1482
257
2389
3266
208
340
1684
313
359
1591
1364
236
2931
390
1572
1543
3263
3048
1040
536
1330
644
2777
824
460
942
1171
1396
1140
351
2222
536
2673
489
298
181
1647
2271
171
529
281
1715
1557
1252
4568
2590
2795
875
815
1096
396
7244
1318
167
1815
3340
3707
886
2258
1492
268
5179
1028
3772
1007
1516
102
468
1235
1089
1427
3241
3674
2153
685
4396
1366
261
1143
1424
1628
2692
10917
2458
787
2127
2218
18
4653
1037
3010
5972
898
4548
1096
414
1673
2444
1861
1899
1439
570
243
509
1885
709
891
624
1772
2254
623
1781
530
2248
573
2220
1151
1667
4468
510
2053
146
1955
1074
2383
523
168
376
1344
2113
752
4926
3277
634
2728
1202
6670
1869
1639
1953
1281
2473
434
152
3225
1873
1213
3567
4121
1414
837
712
2125
1031
221
79
189
957
173
463
593
402
416
489
4101
557
639
4049
802
1906
1185
971
263
715
2633
1136
173
523
1592
1983
2527
2812
5598
455
921
894
735
460
1385
2078
2845
772
182
1756
1725
2784
6800
3337
6
862
61
208
217
367
309
31
1698
719
953
199
1716
3307
2261
631
696
769
2188
242
169
2334
1158
385
1456
1183
1841
5225
2482
1792
4632
4144
1992
966
545
437
1200
1409
2565
1857
2189
587
139
627
1400
2297
479
1543
344
203
1085
538
230
2547
1313
1786
4927
4212
2349
349
1357
998
4488
3677
1506
1136
984
1978
2756
578
2455
236
1238
289
289
1188
1630
559
3495
112
1324
762
3001
671
128
312
2325
1098
307
693
347
920
3387
423
1715
73
2111
427
713
180
1333
3601
327
1061
636
62
1040
83
1062
872
303
1822
1688
915
1146
867
1021
1251
3993
2475
1883
1028
1102
1156
5206
749
3576
2883
430
1066
1078
936
3059
147
633
2261
237
1989
89
1172
659
335
608
131
3152
3146
1679
67
195
780
238
365
4964
2018
670
1769
1373
1609
4805
115
225
846
3242
385
1332
155
520
2740
1497
4051
1276
820
2277
34
1136
648
296
654
1270
917
462
748
5743
151
520
664
524
2215
213
5098
1175
1319
797
1642
185
2476
4265
2059
701
463
2270
1391
1346
994
1405
471
280
700
993
183
401
2784
5518
749
541
498
408
2600
622
634
3341
2975
803
208
86
861
212
789
1030
43
313
2
2025
311
36
2974
1119
302
283
1037
1618
1189
569
315
2517
205
3647
411
780
1141
662
5567
1336
3
1988
2264
2316
657
872
107
420
565
957
3357
1296
520
736
3500
855
619
45
3384
431
1290
595
527
4623
434
1464
1840
1160
429
410
2123
461
168
1888
997
2752
902
663
1243
2215
641
363
3169
606
1851
128
1541
39
624
1663
1022
216
2045
1419
5168
1593
4853
3324
315
1379
263
780
121
509
744
1059
66
461
2819
139
2378
234
379
2401
1139
3013
825
2033
178
2168
158
1593
2556
1132
1372
231
1301
716
122
2712
3828
590
869
604
1330
4312
182
1625
2263
2187
3693
1145
770
191
422
664
396
1652
164
121
3181
2663
117
629
679
4599
317
3767
6359
377
405
489
3237
136
684
5366
4268
3923
398
3556
1340
1056
6731
227
5120
1168
481
175
84
936
239
295
1182
549
118
4972
1034
967
2744
6821
1597
1076
1186
219
2985
166
448
159
2567
302
2904
3334
26
220
757
131
1248
1477
1733
1342
715
2216
3061
995
93
1640
1161
2410
579
3260
2005
242
460
252
4
5975
261
1431
1821
1928
3487
204
607
1843
448
3617
258
216
2489
3655
72
1325
1682
2140
785
874
1035
1589
21
1800
160
318
597
3276
2210
1293
2218
2510
805
3807
1666
1811
3627
149
4776
2
137
1290
255
548
3141
397
409
823
2528
258
1203
3111
915
1961
2811
2385
65
3804
259
1956
457
4823
3576
618
2117
4944
2849
426
1439
2418
205
444
4129
3379
4247
2106
604
4803
3102
4239
218
535
3078
2803
795
3438
709
227
1455
257
241
1291
521
1664
704
551
3212
2253
954
560
1761
473
803
2877
2156
405
3
171
164
2823
2
1100
67
4600
1433
1032
1280
2300
2468
1119
187
1968
1110
371
467
2085
881
777
1147
435
391
254
396
3220
1094
462
5672
537
1489
71
553
1125
32
5051
3143
245
9079
394
411
689
740
159
636
3102
4358
2137
3114
822
911
488
434
127
896
2721
615
4429
242
808
1231
2328
4124
1036
275
151
55
687
2590
232
3395
322
3572
4601
2257
119
629
318
1743
1497
3714
7342
1108
2681
335
2564
1598
2952
777
1698
398
3476
716
1571
257
1080
3258
4816
381
972
254
1629
581
652
532
1879
1168
216
552
1146
1518
4663
1294
2658
1911
1349
486
5347
249
481
1350
1495
1883
3742
2575
1835
6601
283
3926
2017
2693
1923
86
2122
103
690
8252
3370
1210
166
1858
4666
4437
129
1138
808
3434
632
1705
1919
2048
479
1175
2232
231
433
1761
111
2
1991
1157
1083
698
169
508
1614
1204
3286
1159
402
277
297
878
319
1048
2781
2117
1683
1585
6114
494
7644
911
275
2175
627
1322
1616
185
422
1937
77
4339
1061
633
4338
1777
81
190
3780
3106
62
3223
1146
5933
195
917
1202
1700
2765
893
1546
4844
408
2849
3083
1004
814
401
1669
1744
2284
494
2673
800
980
984
2009
4450
216
950
121
676
2107
91
2172
942
250
693
561
1013
1561
2945
389
1881
1493
1492
1693
1276
68
111
301
2401
278
224
3381
3117
159
212
6819
534
2447
919
1290
2187
1974
1783
951
663
119
1608
93
1557
2479
1834
2226
49
267
313
1875
2305
5706
336
2521
151
1887
478
849
615
356
2185
2477
3061
1227
645
315
926
711
3995
1610
744
593
1677
5415
2582
2088
221
2574
724
67
8075
1746
528
2209
1730
5427
467
164
1543
2181
318
1095
718
719
2095
760
2281
3233
520
782
824
1816
3227
1758
4111
1951
1506
343
1436
2604
707
3770
554
102
314
799
1586
2502
433
249
2222
2602
285
223
1681
318
2427
2669
2391
2557
412
89
335
2336
813
6223
801
402
130
774
1196
2817
