464
254
334
2911
2856
3781
3437
138
126
4718
697
2522
774
3997
1392
585
1930
6037
4865
493
1902
6327
4410
1831
3064
641
3254
7503
348
2547
1130
3418
2760
2754
1712
2328
1800
163
1175
457
612
842
3229
1909
1199
1616
2293
147
1645
491
3727
1045
428
583
7422
1621
6714
4936
128
3618
486
34
2300
403
1545
2579
818
675
286
438
9862
1422
3671
630
6346
83
4422
2491
1413
3330
925
3115
4199
13584
11187
3027
12109
2612
495
1253
2651
3799
341
511
3820
730
1284
2591
2100
297
809
13
4043
5799
1231
4648
476
5735
4249
4592
715
3609
6
3028
1319
5101
577
1566
1630
1776
5290
603
9088
6281
602
1267
7707
2095
908
1466
687
6941
1148
11924
348
671
1533
883
971
599
1071
1969
607
14146
1015
802
5843
3030
449
1793
2007
3632
772
1266
5592
606
3255
15117
4055
566
312
254
1128
1921
1171
1440
2346
6527
8957
2193
1497
1868
1269
616
1727
493
238
7524
9335
7037
2658
254
6282
5586
7284
2377
2746
311
2040
2460
958
1384
4576
7644
3282
3248
428
461
859
5368
21
2042
5009
7183
1699
11756
5916
2632
7434
8406
6199
12363
617
189
3692
2246
245
3857
11695
831
705
8306
3924
422
2263
930
716
1487
3518
359
455
6719
2466
1588
4228
4059
1148
1957
9011
977
3032
668
1360
2368
5899
821
235
2151
4852
2084
1044
676
2087
2187
3413
4278
1444
5221
812
444
211
713
9600
1942
3253
306
5007
5046
3267
1596
2969
821
349
8799
4157
10154
2243
2952
710
2436
857
6103
1662
2047
89
860
473
4632
2046
1462
2488
3932
532
8462
262
1721
1630
2537
8056
6026
544
3199
2441
529
1452
2056
4363
5110
1672
2605
2353
1215
4510
1946
1274
1843
5203
821
5421
16
4059
4153
1902
5657
3766
7007
737
209
7541
5587
1368
45
182
231
4259
638
12409
241
9584
6259
1671
1330
2448
2435
1045
7866
261
433
763
1817
37
2246
1542
5196
523
4498
162
3134
2967
407
2262
10132
1728
503
2438
4171
5783
75
3618
5841
1133
3536
3495
1418
2666
1166
578
1548
4855
7342
7286
212
192
4066
917
2967
1416
2778
1287
6059
5025
1040
3577
2847
179
4736
2361
291
9526
4358
3914
6050
484
4979
5320
3557
822
8704
1467
1231
3871
3117
2628
106
1725
2882
2060
394
156
1271
821
3624
7011
2418
2896
299
1211
654
836
594
290
3472
2505
1539
850
4388
1424
139
1298
3008
954
3635
2071
2006
2441
9543
924
8270
1509
6639
1712
1973
4991
1100
304
1662
123
2272
3861
3036
577
2870
1495
5971
395
6941
2179
890
977
567
613
7011
374
4740
2981
452
2882
5083
1857
3093
6363
80
3009
769
6023
1737
1960
6034
277
4535
6944
3096
247
2969
438
10815
4541
3174
2743
1256
1832
280
4014
7234
3090
2738
264
8706
1187
1298
432
2763
1221
4032
246
3051
3325
1659
9032
384
2932
1288
1282
891
798
8703
5167
895
398
7305
8070
2343
356
4698
7987
1542
4271
545
227
4553
1321
1286
1064
1964
2121
2410
10344
9915
6168
4185
6627
4022
3717
13998
3587
2559
1993
270
593
2124
11161
3997
355
484
472
1966
1374
4843
1682
1592
5155
1767
3894
5101
2364
1454
3188
10064
1555
2675
191
1560
539
6778
90
3120
113
2174
1019
2081
2676
5554
540
822
728
2208
717
2001
2853
967
60
3487
830
1213
816
2254
2394
5264
419
3793
6283
197
2015
9933
11866
3149
863
4457
16308
2152
588
12945
2687
360
3493
963
1866
1962
3216
1912
3949
1464
2552
81
1153
574
5370
1969
489
1345
1570
322
1686
1449
519
1282
681
1231
3570
2249
349
1726
5658
2315
6153
205
1334
289
158
669
715
1086
631
1226
655
9332
461
4448
1827
240
441
2722
2385
1816
2106
170
4933
5721
5025
1394
745
789
2118
14398
1416
151
655
4456
6609
2973
3318
3068
1571
8328
3951
1705
1610
2805
10559
1315
8974
5757
687
193
6114
2519
386
5326
7434
390
5993
8919
893
577
2837
2486
1925
354
7494
3326
2742
1397
551
3247
2173
656
978
3746
824
4422
5887
3359
3047
5678
254
8117
3220
538
10149
115
7548
1531
851
905
962
120
21
13974
891
10233
2334
1418
7239
825
2425
5577
1095
1913
5241
2295
6925
1255
15253
4303
4801
947
4194
252
329
3065
2094
5151
1997
323
4126
737
54
4338
1427
734
31
122
4346
1579
2312
2408
582
1526
2694
2656
321
4189
5504
694
5144
67
325
8526
2889
4350
1431
276
629
2234
2397
4692
335
4438
1379
1858
1384
16
1758
1375
4010
7076
2381
966
6377
1607
10146
4871
266
1457
265
5387
1814
36
1553
791
1759
2194
749
2043
277
637
6635
4142
3047
4143
2368
5736
634
687
12
15177
2
62
6843
524
2781
2433
2393
3046
1796
19439
4887
4562
1372
6541
3560
1147
2767
524
273
8415
1547
1449
1377
528
258
1132
608
1038
2491
807
5511
2237
2035
13015
2633
3380
7696
864
338
932
1534
5255
8309
272
3397
1494
2668
3488
651
6381
2183
2352
1867
84
369
2305
4061
1020
1083
2065
4901
5249
4390
1034
12166
2109
1694
1086
758
4769
1790
111
1205
453
408
1114
2567
2611
441
3037
2449
2723
1659
160
138
1750
633
7422
411
656
1263
3988
9838
88
105
13617
667
1034
5783
5477
5046
13331
697
328
783
441
3512
1183
1849
3700
2943
5541
7109
521
2291
6179
616
4397
4083
833
1322
1681
1793
729
850
3546
5652
206
1200
2348
4930
7223
2668
1171
2650
930
1818
2058
934
6473
1047
1857
1763
12001
5108
333
2835
786
5028
1527
559
1585
1746
28
1818
1081
897
2641
1387
10021
1290
6890
2258
268
1786
28
4930
601
3440
9283
2680
3097
4285
3623
534
3682
1279
3358
1050
5989
533
5891
3464
1038
568
990
973
1158
3142
689
875
4417
365
5374
591
223
5690
282
2397
1931
11356
52
2273
144
67
3219
4810
2501
59
156
2447
3616
476
4243
1790
1669
321
158
607
1126
2418
1542
625
230
3223
1134
1703
2881
2655
3508
6429
61
968
4686
2341
169
5109
749
1121
5877
1598
6951
1340
6111
930
7895
3519
284
1926
3395
29
2622
2152
3656
136
554
1192
9587
2477
844
2097
1218
1624
84
628
2324
6919
149
3311
4748
5470
1435
3330
2292
4092
10302
5346
401
5795
372
1974
4776
4037
3677
920
6278
122
1888
9332
3181
2980
2857
2803
737
2572
7070
126
652
1787
2087
104
2804
2050
7518
361
254
918
2525
1288
1964
8125
7419
688
2631
484
3662
1410
2862
3879
1802
3194
4888
3279
890
1764
3771
5489
311
6764
641
480
3067
1551
43
1197
1737
929
8346
8214
4850
7011
3743
355
5804
1376
4701
384
1339
1528
638
677
2936
401
360
1247
2656
17419
169
1618
1190
1048
8147
1644
2406
1609
571
2867
2138
6874
273
8829
184
269
916
595
4302
5119
267
12868
1390
498
1129
2800
70
3893
2882
107
10955
4589
289
195
4617
1267
6107
9103
5628
2078
819
509
8235
403
11248
7139
6519
1594
6163
1018
1779
1461
3718
5339
7392
699
14630
5565
4760
4370
4085
203
2598
963
1749
6801
2322
190
589
2103
33
712
5078
1224
974
5420
195
7377
10134
2659
1869
361
1439
1137
6483
20
2543
9453
3212
4262
4755
306
3392
3406
252
4690
4187
841
2255
751
6588
131
1582
145
178
1668
4088
416
4784
1573
875
3710
5455
1363
11286
3493
759
4939
380
701
145
402
9208
4275
631
198
823
5199
316
8548
2106
336
33
22
5525
4088
9149
47
3088
20
436
2728
1171
2917
3200
15623
955
203
1363
675
1678
5987
1145
5069
5386
1054
1418
257
2016
1256
927
3729
2125
3758
3818
699
167
3412
763
272
301
1166
133
3189
5979
6814
225
2688
5818
8127
1409
3200
570
4624
12276
858
4288
4980
3501
2749
389
2670
912
4575
4145
8803
18
6
1461
2231
2133
4262
350
182
4481
1649
6642
3583
3613
250
3753
1749
529
1425
1755
1293
8397
249
2389
1266
3907
1124
1451
2735
1174
431
32
2317
393
1101
1332
1291
204
4511
1464
10899
2434
963
10925
2764
2919
10084
2846
7176
2028
643
4705
4843
810
4862
842
233
1443
32
229
656
4270
2594
394
4442
3725
3859
1540
235
1371
1465
5873
684
712
3496
4125
2129
1249
139
2362
2380
380
1802
6391
4250
8114
3538
95
6511
8283
7956
4671
8739
2225
2796
2193
815
1685
3140
2403
1344
4314
3498
3999
1391
2831
2534
211
2959
7999
1927
4787
2885
1380
5911
2529
10273
6437
13307
3521
1977
3588
4815
354
850
4090
2194
865
2599
54
4744
4565
131
8866
59
518
5405
290
4133
3226
5603
28
1434
2190
2977
605
2173
2805
1508
3081
356
1432
2484
1258
1180
1128
867
1556
4810
310
9446
1035
1671
3057
332
3544
1628
1892
9401
328
1803
5281
196
2753
5486
4728
137
4043
1016
4207
3109
4925
35
5151
4688
1290
10170
706
6759
5631
2104
9560
3649
3658
1867
2014
1642
7390
3813
4518
1575
1011
319
3975
3080
12177
473
256
1151
1835
2628
317
912
367
2892
3560
4774
6223
1373
2014
7124
1236
3530
805
3405
2394
309
3562
689
3561
7533
283
788
10088
343
1011
3519
2504
3129
6216
7213
1134
1322
3500
4422
3721
485
2060
266
420
4064
1299
2818
5715
1167
841
494
1102
1066
2746
1783
569
1994
1187
5344
5457
1686
1156
4014
13483
10239
2288
1345
1372
1756
702
4844
168
12677
6016
421
405
2053
395
2451
725
6074
5237
764
242
1122
9080
5548
3907
2557
1051
2262
183
441
34
4497
1135
1063
1188
2942
4125
497
1694
428
8538
3527
170
539
3202
6018
6180
1034
732
654
2411
2790
3390
185
3037
923
3067
791
4395
4144
527
2757
1613
634
2586
948
1649
779
1005
1582
3282
80
4040
12590
4263
1462
2629
8009
4839
458
2856
2037
2757
4111
2982
2762
3289
6727
3803
9867
1525
1465
1999
2870
6271
4330
3922
7147
3452
1944
611
2471
380
258
9718
2012
889
1555
3024
5084
4090
371
1122
2148
5230
1321
5487
1518
2872
3550
2967
932
1715
51
1705
2628
660
8772
3497
4635
31222
232
1512
464
2875
2023
6580
5479
5198
606
1769
994
6439
2121
3109
1523
1724
520
333
1311
3395
961
646
4413
6774
8262
461
2683
4676
6786
7687
740
3315
819
8473
7707
737
604
32
452
3611
444
3433
2163
1147
4112
3671
1140
4165
662
168
4397
1823
3481
4406
3361
2285
615
116
909
1608
3273
368
1339
2794
48
2031
1974
713
785
3077
2243
6421
501
1045
517
4877
9286
2103
1421
4398
159
1603
9956
261
5598
796
3829
6379
3612
322
932
157
1643
2674
2408
6411
2523
890
3067
1542
54
1085
10454
8703
4397
3014
3545
8467
10280
4146
1735
4198
1484
680
12345
4231
484
4231
1470
671
1227
12754
8419
3437
8044
6665
572
4118
12001
5096
671
116
5283
4368
5326
364
439
649
3197
7372
1102
709
3637
113
630
980
2446
792
4468
13132
672
855
6484
8565
4701
5141
3709
2205
1596
1903
5994
444
1254
163
4548
173
3559
1202
1107
1907
2043
5349
1258
1092
2338
11136
340
10122
949
2478
137
3208
7001
4130
4130
4519
1370
1323
1264
2081
1748
259
1306
2838
3270
3257
7063
306
1168
2697
6923
2152
7027
2003
7978
15
1596
12382
794
324
5366
1092
50
2819
2112
2035
73
2255
2088
1160
6508
22244
2771
3683
931
1252
457
1340
777
3435
9578
3218
841
1131
673
1033
313
5253
196
3556
437
937
1762
5577
2354
25
133
4051
706
407
2298
2835
719
401
9963
13381
24
319
685
2869
147
4287
5091
2550
4026
3195
6513
807
897
272
2217
3918
387
1880
377
3145
2934
6040
7008
446
35
301
1203
96
51
38
2247
2538
3465
19
5343
1601
383
235
407
720
3484
935
2288
2026
2394
1150
1130
106
2127
3533
2717
1876
17004
2039
2432
7045
3549
498
1837
1435
8919
7764
69
5831
49
50
1529
408
2755
2242
462
5872
3085
5956
1072
4767
1334
4854
5530
1716
6393
1339
11762
4558
7904
1081
651
343
578
7946
1355
5286
12033
31
1095
396
2525
4618
9646
517
6317
1804
358
506
240
2071
313
55
45
467
53
5404
2722
8971
4686
9915
3772
1673
2841
6391
4401
5644
1763
4626
4627
2622
4724
3963
3159
2929
4973
434
1011
452
2483
4956
4408
1251
2355
10815
403
3375
296
2167
5460
1889
1631
265
1929
2873
1088
503
2955
949
6528
1682
3289
21332
1215
3968
2855
1775
6620
1776
1078
102
1691
183
2780
1997
1049
2211
1146
1879
809
1072
3033
474
2286
3974
52
4037
303
6340
2782
1413
6213
630
5780
5721
6210
297
1140
9485
1954
1037
3477
1474
1602
280
5668
4096
3369
1054
9919
1112
404
289
2667
7563
4376
11146
6156
2338
884
3004
157
2575
542
3831
734
4137
162
8582
484
1574
578
8894
2612
3709
6058
11618
1192
1089
3091
3010
705
4265
474
5158
1350
4918
804
5884
2450
135
8099
10559
479
2036
1550
1127
360
41
537
3326
2121
841
1008
2786
3018
123
755
15
4158
3802
2472
1197
928
8646
6097
429
1541
85
219
97
521
2148
51
14570
1091
6673
2476
4047
36
488
1738
550
1503
734
4088
25952
2045
4001
1506
8470
903
2074
697
1445
901
2308
248
9784
2922
2622
7158
1022
4761
822
2548
1329
8570
1543
3704
1340
2551
1400
693
2780
4492
1061
837
1269
9815
3472
1926
369
5102
3606
1742
1846
4557
790
3667
822
853
5101
2052
2425
2910
8773
1563
4888
1272
3424
333
4828
7415
1419
5574
1550
4852
195
4433
858
405
4306
4362
4173
12923
3823
3788
2995
9314
261
1033
4536
356
3089
1810
4612
2063
559
201
9266
4054
1465
1494
1392
1981
1530
8685
4947
1514
3614
7810
2844
5796
2327
8824
3840
5895
1166
4377
935
498
961
2146
4082
2752
3138
432
9066
478
3116
1671
3660
158
5321
133
3013
5
1572
1028
977
1302
960
1689
2218
3526
7494
6844
3048
897
2100
235
770
3013
1806
4205
1656
274
474
3328
4765
2580
8699
5666
254
2339
658
497
1378
8738
2851
505
3077
1852
4787
5042
1387
1949
1824
717
10753
1387
2271
14096
780
8267
590
10590
1049
1506
3174
157
4850
1237
9512
383
1348
1602
7603
807
3425
2756
3896
355
4818
4299
2085
1193
8786
1759
89
5272
764
3007
794
17148
10475
713
147
3353
773
2571
924
4660
2393
494
5379
3499
2561
561
922
2905
1625
921
3078
1555
3375
1626
355
739
791
178
570
3302
605
4455
2763
2662
2081
2698
3334
3653
6978
2778
1745
5173
550
1837
149
233
1932
9786
4600
1174
2980
361
9266
106
815
3865
3306
8566
1375
3619
1562
772
2207
4287
5037
3654
1282
1821
20522
434
3197
1087
1116
775
1134
6220
964
240
4765
1904
4086
5521
1209
1849
2262
3548
5980
3016
1505
3483
739
13
142
6886
733
349
5558
257
6253
1617
4365
3591
4530
555
1031
2739
1181
1824
232
970
305
509
1870
257
265
61
2607
1842
4815
440
472
6630
5542
336
3038
1115
1559
5571
339
535
9711
707
3368
2538
2054
1032
14715
6420
3947
10232
4557
619
2843
1105
1587
3516
3912
1660
991
10352
1379
3383
2584
5048
2486
1854
1049
4272
78
3759
3214
4047
551
761
15300
2122
10049
1081
2557
1879
2767
1211
627
295
2952
802
6660
607
1107
10573
3184
981
1809
3392
4425
4322
765
1052
6026
907
4385
5543
669
176
1787
1289
5548
5491
103
3265
5749
8225
187
3994
7607
759
1016
532
2488
2320
498
1650
7539
10136
2614
1299
2842
602
2486
1279
3340
1411
4172
1589
3177
270
503
1560
4804
1035
8098
197
2199
1311
122
2502
16110
687
5137
8768
1714
23
1575
399
3114
2326
1323
489
1870
3996
8508
2417
2200
4027
4210
2832
1048
1889
178
4697
4549
2790
62
269
1170
8904
860
2327
1592
74
2811
1234
4656
1390
1224
2824
439
3224
2228
2200
2
3361
489
1577
4952
2667
1588
256
540
961
7104
1992
3332
1350
2433
851
4518
2277
1024
7919
53
594
476
9195
2953
4336
722
11805
1785
3177
2149
1969
1499
8377
4778
3714
2509
3044
3522
968
8603
196
2089
1393
1159
669
2933
5973
4274
11596
723
7601
3901
4901
3074
974
624
2550
2214
679
2314
219
9679
3368
453
7242
11863
5770
301
940
2421
3301
2536
4455
258
3747
1497
6138
3605
186
1508
3207
3917
87
2533
3146
5982
3903
1075
1463
6287
2173
6864
295
2274
968
896
3384
1268
6982
3677
3872
10809
3390
32
7071
3131
333
9946
675
1333
562
2153
17057
2126
315
3867
4493
5439
814
4391
1592
564
1021
1691
2042
4797
3315
12530
3012
5478
1637
200
4580
3316
3848
3613
1753
9709
8904
6322
753
570
10953
1775
279
1755
12623
2354
6002
4515
2068
1166
4837
2092
2034
1874
4469
522
1004
394
768
845
709
1637
5828
5879
10371
879
5281
733
4505
4979
8531
10457
1799
4526
619
5263
239
234
5905
98
4131
4778
5387
3802
1978
4383
564
1416
900
2437
3937
4976
644
776
2954
1563
2148
1879
132
4740
1159
4127
8535
380
3548
1581
54
1315
3609
2173
1922
252
2384
1397
1225
987
876
626
200
7614
2842
5315
3785
5404
2083
420
1414
5335
528
166
1010
7362
2806
4020
683
1577
848
7849
190
8520
535
2897
5195
877
1025
1270
10671
616
2114
47
71
9692
3629
166
3547
132
3998
2403
791
558
1073
1552
1812
1087
93
2069
8935
2743
3416
2329
65
60
460
3384
166
3819
1274
2657
214
2195
3811
2048
1459
839
715
6772
4939
325
697
170
2007
1967
1467
1116
2690
1731
2101
393
1424
2598
1182
2947
462
1190
2027
483
619
486
253
2101
3152
364
4434
1228
2763
122
3058
43
1237
2554
305
1677
2221
1601
6654
5753
4470
472
6334
239
1273
5426
474
1020
6366
1387
5012
6404
24
7047
4070
2135
1459
3830
3833
685
1975
3074
2394
1237
5155
4568
3034
1069
3495
366
1664
1191
6628
1778
6443
9476
1328
323
5245
5836
179
2230
6920
11410
4690
2414
10461
2744
2847
344
1669
4402
1821
82
3833
2389
547
4149
3196
2325
145
3096
3081
1901
6696
980
10453
873
804
1804
3381
2037
1294
10071
536
5648
1158
402
3363
401
2889
8108
4035
482
2271
4985
6015
2526
4466
128
1036
5537
2683
594
438
31
2988
704
2251
1900
1041
1552
11041
3223
304
3427
3185
3126
5072
5185
9934
863
13137
3862
5167
75
5020
4475
698
4326
77
1078
1084
3086
1539
10971
7552
3608
6243
1406
5061
576
3028
8022
1156
1707
5401
3012
342
2480
814
392
4103
1931
8779
647
862
1373
1597
1194
11450
662
3395
2507
6984
4566
809
382
376
5530
777
50
3199
266
1713
8041
2043
1771
632
1119
2192
937
6986
117
1647
890
271
610
2070
747
1564
3869
2041
228
1786
1606
1964
1386
2220
4567
4710
331
5752
73
10531
7978
5565
3781
593
5460
302
640
5536
2276
2273
3775
1423
2130
9655
8169
1013
3044
3018
2654
4293
7984
5001
1658
2044
862
1919
3614
5222
219
1094
1080
398
8112
2307
5524
2540
2032
3138
7376
1173
562
7626
62
5892
2172
131
2810
1864
12494
582
289
39
1089
723
2728
116
1179
8794
1781
1990
2672
1920
2821
45
6634
2201
7758
1266
2293
691
12264
1896
376
734
3128
330
9775
3747
266
7416
1434
2982
542
369
9023
2356
7396
2892
135
168
4788
10742
806
272
593
646
3667
78
342
853
1135
3333
1252
3306
2956
2281
478
3523
912
337
143
3975
6415
5421
1738
1649
399
5396
4667
4782
4444
5824
1635
14606
5411
801
9199
5832
416
179
2639
200
758
6369
6931
404
7122
2966
352
3712
907
1894
3210
1177
1414
369
5046
3119
346
35
1983
697
1304
682
242
3514
2561
2821
616
2765
2847
1680
2617
2170
188
1685
1247
1342
5161
681
2079
3212
4376
6837
5259
266
599
99
688
7021
2936
4964
9722
6333
7364
4820
1120
344
5464
7333
1391
3229
1217
886
460
1854
1402
1976
11174
3872
2106
2102
1746
6713
123
6642
5530
2733
6351
775
2537
795
3727
1179
4423
686
1388
3364
3848
4120
6680
1334
15242
1113
4298
4538
9367
614
1807
4075
272
280
100
489
841
2153
3398
2600
1513
95
5947
2941
1437
3106
2353
6019
1242
399
2087
1495
376
2871
1493
200
1818
8973
4703
79
1755
1283
824
6406
1627
1142
1930
3174
473
1178
4048
300
2294
3558
47
2094
2911
1553
216
1567
528
628
3248
1593
13530
2270
14868
6652
1049
6169
1495
7107
2097
3183
735
1780
1692
2397
4168
7763
255
4235
12275
2493
3979
5496
3531
374
12315
1595
8873
13690
36
5710
2895
954
1280
1091
1277
2560
2680
324
3031
1266
1079
552
3979
208
2585
10868
2032
296
9635
1318
142
8482
541
7875
2846
4602
3462
2378
2660
2689
4066
852
2415
9407
876
2297
536
4635
7345
3214
923
50
199
3352
2761
7344
2157
4839
3521
14154
2252
3479
789
1887
384
3792
1952
825
3793
500
6812
2762
2799
1914
127
2966
1222
910
11985
2864
6383
427
4706
4420
430
2252
3341
2593
4385
1148
20649
2614
1270
98
1709
767
4308
1725
13784
233
769
2296
20
3404
389
129
801
3248
717
220
707
1760
1709
5645
1235
1172
6808
2752
3512
6718
1977
1078
4579
1300
10532
2611
5341
1679
1880
468
4061
1824
844
709
800
2391
4588
6264
4706
8310
958
2813
1437
2972
2640
2749
858
343
940
2166
648
10643
351
6
920
808
4120
1863
1559
2179
1452
8498
7348
8448
12091
239
2897
670
571
131
7618
1663
1866
261
1132
3802
3711
7261
833
1560
2848
4606
3880
1188
6792
2612
3704
4500
3460
8531
2010
1947
1464
556
2980
71
6328
1623
1758
2766
6681
206
7810
532
523
1617
1492
250
1980
944
4277
7725
10926
7802
139
12848
139
1462
5458
1215
4924
5565
2157
3
3300
2183
1321
1960
149
1216
2484
255
2391
1570
4103
291
3829
707
4551
2444
2108
343
4188
558
3119
5440
752
2268
184
4590
2311
1969
6557
3895
91
851
1176
4899
5841
8121
12288
2503
3197
4854
772
213
1802
827
6
447
463
461
2525
1431
1135
422
584
9329
2878
4032
3625
2990
14222
6783
3720
2766
747
7477
2599
463
4218
4374
198
1170
5572
12258
3813
106
10657
2785
9220
1779
3884
1769
987
100
2021
2216
7495
1736
3330
1110
16732
6019
950
1921
7951
222
826
1290
2685
895
354
68
537
1919
9843
5380
1353
8225
10669
5352
10087
1808
1435
2099
1435
9417
4965
2817
711
1150
2834
5
975
10011
875
519
2357
1549
4285
2274
2016
1925
9756
2100
85
3539
253
542
2315
863
3442
52
3482
5456
9086
870
9242
2938
8792
4233
482
524
7086
3123
2905
1498
4469
74
874
17158
1556
1150
4208
552
1202
2549
1037
5174
1175
309
6
2148
1903
4032
348
1547
5255
726
3180
280
1454
87
1780
1101
395
632
1495
5021
663
1793
4961
3826
1188
3782
2077
2727
14908
929
708
2692
1954
952
1058
554
5565
605
3111
4049
2640
2556
5884
821
19664
4051
4622
1128
6544
2044
11442
56
13068
236
6713
559
1191
2572
4274
1880
172
2822
595
2145
5415
1028
2035
3600
6463
951
506
6718
1243
459
3892
6886
5057
1508
1606
14871
6645
4322
5767
2018
1178
2448
1864
618
1265
3870
769
2441
282
98
3182
526
682
5193
1838
5925
1578
94
4704
6683
2015
16750
3750
1359
8418
9045
7363
4417
783
9782
2513
2834
1162
304
2989
8039
194
3651
4522
3738
170
4268
5149
5668
1845
8913
760
559
223
2718
4425
229
1976
343
468
2005
17872
4839
1775
2617
5554
291
2444
188
731
5581
4312
1125
688
3388
1499
1510
529
3304
1557
3580
7402
83
9276
3935
346
2480
116
766
2798
4062
220
1625
887
2370
273
883
3964
3709
1031
2091
1386
617
1992
4862
1313
1307
951
3355
1892
1699
1230
576
5642
1923
1745
297
764
1390
5852
729
2339
6215
5084
65
883
499
7436
2899
8553
3446
1
2674
1821
1779
225
2231
5150
639
5088
6175
4945
292
145
1674
4998
8354
655
19464
2101
802
642
6146
1632
7992
1774
4711
1557
3422
1931
831
2954
992
2772
2099
2166
1885
1976
16612
3975
6996
51
459
345
418
3655
343
11247
1113
340
11338
1720
2634
315
1515
171
1675
4849
1134
3424
9728
260
2116
72
2360
6883
3575
9198
1794
676
3106
94
3833
1076
1004
2142
812
1597
2934
143
6528
15443
9801
45
731
427
10295
13413
5114
786
262
695
5047
1695
231
2167
5173
5665
2100
2246
660
524
8679
394
978
591
1690
526
540
2157
1127
17297
1606
7684
824
8731
157
144
18406
1044
6533
572
5524
656
251
810
240
5266
9794
1184
7684
8917
3208
2975
235
753
5766
92
188
410
90
822
4969
4522
2279
538
1577
7745
1380
829
4673
6150
1529
20
582
2811
2467
3134
1594
2252
1168
2480
9
1918
5822
33
5662
149
1726
1842
969
3453
2003
9220
1374
2699
351
564
991
3982
780
951
583
1715
555
636
1912
259
8362
4156
2770
6841
1866
1177
5313
3182
1729
122
1664
548
1304
1181
689
758
195
965
1176
2652
1851
83
13847
550
145
556
4980
5386
9150
1717
3495
576
1011
5749
3964
10094
1563
194
2614
4897
875
642
1680
8194
6040
827
9460
603
2881
252
4281
4193
775
753
608
1594
3288
9175
288
2050
3024
1265
2650
1499
2937
5293
225
1738
706
1964
4695
2551
4857
3080
4004
1778
8805
8447
2225
1689
1097
528
5152
1252
1906
1709
361
6823
987
2350
392
6035
134
1106
1281
6261
3567
9643
777
1327
713
16
1032
6351
1241
246
1552
1819
600
1108
517
3684
2786
5137
15497
888
2507
1261
832
1604
3304
1159
5063
1906
1918
4079
1566
9854
1667
4662
882
3684
280
2131
4828
240
1895
1918
11291
3337
4959
15766
9179
1472
969
10038
4057
5089
408
7320
1285
5845
4301
3529
780
5470
354
1668
4397
4661
818
3566
7073
6148
1308
1783
1281
105
3681
3285
3363
2031
160
4597
6707
2991
1747
676
5431
825
6991
3959
1668
2621
1775
1151
7559
2324
4470
2465
3631
3935
191
6472
4439
6294
1143
3515
1063
531
6290
5603
9594
4977
1466
1067
4334
1250
93
2064
794
780
7680
3228
10248
4230
892
346
4118
1026
2797
6541
1102
3488
1202
1271
9034
1118
19513
671
224
4220
8876
2462
4281
14960
1201
191
164
1901
8337
3169
217
5725
1852
2983
1293
803
876
2820
406
9498
4492
1805
3683
107
1164
573
4686
8320
1230
2850
8965
1861
1745
13050
1860
57
3137
922
7371
8159
1436
4256
6934
5846
1549
288
1341
5228
3694
1981
994
4902
3313
24
1584
3097
1049
2835
1654
690
1793
5136
986
318
669
2588
1221
8204
1740
1641
718
2795
1558
1051
1436
8648
1975
2037
5842
2940
4263
297
1942
2101
4828
2346
3683
2411
2146
1435
1322
1376
9705
1594
8457
78
4484
802
6663
7936
2388
1704
3582
1432
5498
692
6378
1509
4180
3497
409
2359
4739
7175
2670
3531
7007
2271
183
1673
1139
1981
2513
1030
4957
1496
4830
2150
588
8791
403
9036
764
132
8947
818
195
770
3297
2915
1266
976
5110
323
2690
690
544
350
1591
1403
3437
49
87
830
2208
2445
1029
805
2226
5411
1960
14635
7926
1011
5926
2868
144
49
1063
3013
512
681
2986
614
134
539
9154
7031
3726
4763
31
3547
5666
782
662
7095
7960
7777
629
3532
3509
3833
269
3940
571
1067
315
396
1204
1372
3902
3700
957
244
2902
3273
4650
364
4360
1462
915
6351
3175
6604
515
12916
232
5228
690
4032
1338
1283
8534
3582
7854
168
986
625
1662
369
3362
1619
9303
1163
2829
791
1068
1463
649
2923
6556
2693
11672
1071
4794
1148
4747
588
801
5152
7343
235
4751
1499
6898
266
4248
2481
6160
2650
1261
1183
607
42
10135
5974
3481
3385
2966
226
6784
2491
450
6578
1804
2286
5633
1115
160
4973
5305
1773
1657
5798
4581
242
571
1175
1062
10151
6466
3000
590
3938
1172
986
719
55
391
203
4081
1326
2058
702
4931
4746
1903
2648
1379
1000
6543
711
2208
4353
5321
7454
10467
6546
3379
1153
3356
3870
3786
5060
1257
267
466
4155
1047
2732
2901
9425
109
551
196
496
467
162
949
169
1304
534
104
110
1447
202
290
1952
177
257
472
443
116
356
1
187
1100
1
482
1060
178
944
428
135
3
69
119
733
147
983
593
542
244
357
735
1443
334
633
98
213
294
45
736
159
1050
414
293
430
240
213
27
1010
57
244
820
15
267
12
183
361
139
273
1484
1245
127
360
72
48
493
23
338
53
374
677
730
1830
2
239
137
2352
1353
205
24
108
94
1494
44
936
41
829
224
783
118
54
325
183
136
189
1013
261
755
277
1033
20
303
235
37
25
2171
213
520
25
117
195
576
686
475
344
669
28
50
1543
592
571
84
818
357
119
272
333
77
192
376
390
48
19
26
132
576
835
563
396
412
14
228
19
216
320
25
1195
460
203
457
379
48
67
744
1444
225
298
97
449
541
63
496
22
402
68
66
17
639
589
689
264
307
75
346
182
581
111
391
339
176
1958
180
404
814
1051
455
1635
413
1163
525
957
259
108
142
378
103
324
207
533
1902
316
1255
465
175
85
635
1099
810
427
582
1198
587
179
78
819
609
36
3
734
1258
1013
453
212
374
179
734
545
396
713
1713
72
252
328
135
995
4
668
227
807
2759
490
59
49
599
1140
798
63
271
84
1998
169
916
527
237
640
154
12
479
58
73
373
120
261
1232
859
39
346
53
1216
603
1557
686
93
1285
173
596
1816
24
803
242
28
675
842
401
12
41
484
203
301
395
397
108
451
472
988
624
235
592
46
1463
93
109
2236
1495
523
388
941
329
103
875
436
428
1215
106
13
667
177
278
23
65
1220
438
440
574
1306
407
261
260
25
451
505
395
279
1357
324
36
786
842
501
98
534
1069
428
183
833
123
577
40
265
52
865
78
43
391
282
623
1746
1993
262
644
201
211
380
40
587
167
160
129
701
190
318
727
1735
97
520
203
1355
2292
60
32
1122
1873
778
51
226
438
149
245
35
1153
1065
270
3
398
423
53
1471
502
592
377
1333
163
723
542
638
302
364
94
272
1216
180
268
848
448
405
2316
119
1113
478
711
43
196
217
1468
505
283
945
541
2
31
172
59
2435
383
60
272
92
895
94
100
473
197
75
31
151
598
3
193
170
311
1343
163
549
820
972
9
297
88
789
492
143
459
244
821
198
275
282
327
42
644
520
530
839
477
154
52
294
557
515
1044
580
835
120
817
77
811
245
126
1077
136
317
1053
158
186
413
494
12
114
31
1290
1091
52
300
346
15
2639
886
76
236
24
811
131
1728
2466
201
93
115
382
299
1551
623
377
39
77
6
250
819
13
19
75
193
1269
365
526
34
55
99
20
94
10
12
93
1513
161
792
1391
369
827
359
326
109
519
36
314
860
3
1281
132
2062
491
438
365
134
1344
36
490
84
325
313
433
286
1518
67
1919
738
371
897
116
1189
608
205
802
777
237
98
165
616
867
2055
163
15
387
826
72
213
13
624
273
201
238
936
12
717
9
256
747
392
58
1129
976
480
322
1149
27
741
499
355
1164
570
13
284
1252
307
163
1055
345
103
593
10
63
732
179
92
265
11
1769
311
449
282
1846
606
108
489
116
266
844
1339
191
35
572
281
64
45
1026
684
89
936
314
15
233
209
96
200
449
370
120
62
248
694
308
420
272
1644
320
718
1328
74
1464
277
143
462
19
276
317
109
218
39
216
223
208
509
218
656
21
401
1097
429
190
257
694
60
107
542
94
103
657
1836
600
162
190
1266
111
1678
194
107
540
891
606
371
547
397
1126
986
834
44
826
88
218
321
56
284
340
270
273
823
1136
429
458
65
318
1573
300
287
825
734
105
197
865
184
632
39
425
586
601
718
177
122
102
209
110
71
137
161
200
212
334
1498
15
500
762
495
92
378
456
442
174
910
411
177
349
581
724
105
976
436
60
78
79
296
1707
217
986
1469
226
32
626
1194
561
198
83
280
157
399
199
356
289
1210
365
147
2260
78
646
186
425
1617
532
429
1005
359
437
42
328
123
47
667
32
115
362
1124
263
7
221
95
783
695
30
331
5
496
366
93
211
174
1020
360
200
967
565
250
79
762
252
111
880
161
365
273
361
182
1664
1103
387
375
482
887
431
658
115
442
38
413
88
249
881
136
3
840
92
2072
1447
240
471
15
619
77
929
108
1965
1887
187
610
312
3
30
372
32
329
91
117
953
183
444
19
21
879
242
161
806
674
897
1549
210
562
235
235
984
53
507
1069
180
137
326
48
1201
43
1063
316
301
90
170
1134
1034
1446
160
404
544
314
342
871
203
415
54
306
27
364
414
410
99
464
1845
396
199
463
49
570
328
1022
20
603
975
43
1282
30
86
394
1068
6
866
2893
355
202
80
420
273
460
326
548
433
952
297
676
171
69
131
562
480
1179
977
991
559
678
243
116
733
274
78
80
1852
1327
862
418
104
806
551
1009
377
727
15
361
52
535
512
548
267
158
74
155
542
587
1079
241
20
223
2103
178
423
268
777
512
231
349
740
114
719
620
2062
1259
765
1090
82
277
135
8
165
6
177
33
124
128
228
508
69
199
353
493
1261
177
1686
508
492
312
207
1311
533
537
1704
1945
365
43
165
66
548
532
36
792
781
1400
19
218
780
1074
422
669
235
381
488
643
290
681
435
2
176
280
10
147
1718
942
885
330
3151
717
259
317
262
229
1438
43
127
695
412
751
453
2036
42
920
39
955
938
155
11
72
829
565
403
240
501
410
327
276
400
598
295
161
393
2383
90
1085
1358
81
638
373
772
387
1178
51
174
1767
117
766
554
137
184
137
135
266
698
75
366
423
120
593
1181
199
1891
283
285
219
355
809
818
451
384
1069
218
503
121
669
754
71
48
8
139
504
492
1120
2442
138
131
18
114
48
247
460
42
200
437
3176
355
72
388
35
626
268
553
59
335
432
268
27
445
192
337
6
95
1570
743
644
500
217
66
382
498
500
1405
711
5
518
929
32
196
1999
772
368
808
156
347
331
161
1098
345
746
264
19
299
1357
580
448
170
664
67
33
164
63
229
1184
1050
49
639
4
185
780
1026
987
190
442
490
485
82
751
325
176
929
39
992
239
77
410
718
429
1278
154
91
560
2040
1296
114
1101
491
56
448
226
1065
1268
56
201
1299
109
459
109
1042
449
15
2074
1152
221
173
1097
27
22
1127
272
39
401
430
236
207
56
240
1943
374
607
342
559
332
448
26
346
303
187
634
105
62
701
102
90
470
586
181
61
849
341
382
229
79
299
799
1688
789
25
730
177
596
842
379
409
1346
977
5
461
905
288
243
596
433
118
47
24
81
828
401
56
233
94
181
276
231
147
633
2722
626
16
647
29
2
685
219
410
1182
24
100
147
153
251
664
204
275
2
61
208
198
97
1245
56
251
132
103
750
163
361
1417
361
1024
761
300
107
134
274
454
762
173
99
109
1279
322
112
64
600
827
1229
249
93
598
1080
559
580
35
605
160
618
302
1393
268
698
211
276
720
87
471
635
490
1687
228
1352
824
136
90
595
618
476
103
832
221
178
1000
866
275
20
1297
404
1086
1139
426
1423
900
291
1106
156
120
813
287
222
855
151
268
1117
307
260
348
240
1531
759
277
2569
422
21
568
690
192
199
165
1384
216
30
520
1702
391
596
452
769
466
302
502
216
24
982
425
115
94
1
552
3087
64
255
139
485
161
242
173
729
637
405
96
1623
413
234
202
91
156
379
771
30
498
518
155
273
480
627
308
221
32
1338
1630
217
640
547
868
259
353
197
52
741
393
106
134
1319
1481
240
138
60
84
586
93
927
51
222
1192
566
3
1146
821
646
467
649
279
618
1218
428
210
13
171
679
271
420
45
577
66
138
710
513
218
180
12
64
421
83
142
1959
83
1958
716
59
96
424
255
303
176
597
18
804
303
598
177
379
473
261
62
101
497
750
291
570
444
1589
38
789
665
537
336
585
246
327
57
1454
215
423
18
531
366
657
16
2352
21
693
490
676
137
65
689
90
1024
359
1903
101
600
444
3
925
1447
615
273
198
2137
103
1573
242
78
584
697
341
789
436
37
1728
588
831
1969
994
445
423
967
268
49
369
209
23
381
387
1490
7
87
867
2024
2305
402
1078
460
1431
71
1616
227
19
2972
722
2220
52
722
496
585
81
37
828
21
96
136
61
85
797
199
421
194
17
110
446
17
432
972
135
139
81
748
788
2557
677
68
366
412
24
208
589
5
140
209
579
918
132
79
261
253
933
1200
989
231
861
254
656
142
830
420
21
212
304
663
223
719
968
347
1231
3112
373
302
310
585
283
697
125
41
598
887
255
411
139
28
98
525
1331
425
165
155
1493
163
570
204
313
160
409
936
384
229
93
1124
247
647
31
116
375
14
329
637
261
592
753
12
827
30
670
634
308
379
1812
822
604
363
196
72
635
108
1479
1160
198
2549
249
85
165
33
4
599
52
324
282
728
104
8
410
19
496
926
35
236
36
799
1125
90
31
118
15
94
128
207
481
1953
494
68
485
169
321
348
455
794
1603
260
279
22
1802
430
46
1337
473
263
348
143
117
533
648
150
1462
125
524
74
547
1320
418
201
457
418
1810
159
696
333
74
570
168
558
482
629
33
527
672
845
156
27
637
500
98
1145
759
726
967
32
474
71
526
2
420
83
2373
1219
391
173
866
77
143
287
60
895
167
1014
75
204
840
912
991
165
33
887
211
1065
549
290
294
475
250
1242
822
762
823
954
467
9
691
1813
246
1574
1868
343
199
237
288
1
285
610
549
1
807
209
371
923
470
261
70
78
329
299
529
40
886
496
1328
302
518
1279
1
70
1632
2658
774
332
426
1086
4
123
40
294
903
369
295
1023
847
369
51
948
486
119
832
1355
286
842
184
350
3219
31
1
620
1188
266
190
298
203
560
508
333
514
407
610
730
3
821
785
591
1189
50
123
700
1254
284
653
223
122
270
2426
44
1334
637
573
104
2843
114
686
715
119
628
45
145
761
690
328
537
281
890
72
109
112
1291
379
15
863
172
17
377
568
386
198
382
128
93
669
140
1274
457
117
1580
103
113
899
3
241
219
463
349
162
258
522
77
1669
75
488
104
121
137
2161
257
802
1428
99
1760
282
244
162
305
20
1047
932
608
140
365
781
64
27
143
205
26
89
1115
579
1594
60
1207
783
357
1083
1313
1079
502
1033
1131
79
536
467
797
284
851
201
410
191
88
6
1197
16
352
276
223
57
458
793
359
3310
68
268
365
159
498
375
538
119
495
227
475
817
85
192
510
242
350
510
6
4
122
414
2234
367
1140
786
663
280
361
80
679
291
1570
49
624
25
344
742
629
262
26
93
1958
503
565
690
355
40
203
263
29
788
12
617
300
38
80
1089
92
12
400
945
338
79
209
83
344
92
1115
689
203
207
524
3405
79
1849
430
953
324
207
812
192
403
771
262
38
630
1613
1290
2076
147
564
486
69
231
110
1501
1659
28
951
581
23
343
463
1014
110
339
166
1074
24
855
794
273
943
272
235
965
631
607
7
627
1200
616
128
80
95
195
823
1295
368
59
598
73
114
803
29
119
380
835
445
158
1942
466
532
140
650
614
516
82
1483
599
410
410
162
126
320
46
349
514
592
667
34
910
169
938
1176
243
36
24
112
347
936
290
576
263
379
54
43
192
338
1204
348
888
418
241
723
219
246
62
448
957
707
1466
1838
133
543
204
114
108
99
172
95
49
310
1279
40
133
148
1138
298
183
609
270
81
834
161
43
849
335
357
1242
14
11
1502
8
177
1354
401
988
1492
2194
193
204
1266
100
210
1390
93
77
11
641
513
805
1432
26
334
255
998
284
90
555
66
520
1032
1311
29
629
284
1339
384
28
52
203
851
27
551
542
64
823
324
945
78
427
435
112
287
289
296
134
457
672
448
76
456
444
8
1861
286
579
1230
221
48
637
113
143
132
304
517
35
842
500
468
822
484
73
1
132
437
1017
421
297
42
211
293
393
287
200
779
79
2216
499
504
216
868
530
186
229
23
247
125
424
236
634
119
432
81
565
901
418
15
307
63
433
514
1347
8
96
1479
378
319
1008
195
683
172
226
394
12
167
722
138
1675
537
859
24
394
379
68
858
449
1607
475
194
195
767
276
382
597
8
671
101
1623
494
1048
892
170
184
184
167
246
367
23
67
346
381
848
224
399
350
138
344
4
110
1851
444
652
14
158
452
172
9
47
815
793
767
58
1285
140
1261
781
294
836
165
883
547
2327
102
36
1070
74
61
784
162
97
405
720
71
117
125
405
51
373
686
137
94
424
965
114
91
471
2850
843
111
1177
505
187
531
239
120
750
632
16
77
267
21
1628
403
787
376
309
16
620
214
330
132
584
243
2146
429
1398
994
250
79
983
88
719
894
1298
396
460
32
619
128
277
7
224
158
46
886
1186
313
1125
740
133
1685
109
75
156
214
65
255
97
156
395
580
310
170
1319
1
741
52
44
1715
446
243
1831
507
517
30
187
25
1175
495
2698
75
960
2320
96
596
1305
816
1063
1102
113
507
420
623
251
642
1225
157
251
77
44
23
1369
36
157
12
302
250
160
402
725
1307
642
314
447
843
1243
721
630
1322
1057
810
780
335
743
146
7
146
1
1975
185
51
306
725
24
409
2162
273
783
131
189
2851
419
285
404
352
235
519
365
1308
1664
191
89
315
871
279
1403
121
258
1075
96
221
1018
1080
485
222
1264
62
63
488
205
148
1180
271
141
190
1144
381
46
861
773
298
66
16
135
332
362
258
12
147
1195
462
842
207
595
18
82
887
962
972
352
875
954
8
204
166
1734
114
474
30
240
642
686
636
215
104
215
784
53
111
7
256
902
596
2585
643
78
337
314
915
333
238
682
229
87
581
130
54
21
1238
59
276
940
25
3758
19
1032
34
58
190
264
320
130
177
42
319
6
297
772
279
570
123
469
724
159
305
127
734
339
6
1024
2027
316
600
408
305
889
221
86
446
152
134
1435
1314
448
37
410
403
18
1596
613
851
258
285
499
157
526
674
929
266
261
846
331
3
211
2281
475
143
560
228
259
246
163
70
488
170
1371
19
71
911
551
6
3309
352
840
216
283
72
219
697
165
1799
91
47
100
245
434
54
22
1329
95
1977
40
518
1471
338
12
99
961
883
322
817
317
596
154
183
567
236
293
336
13
606
2437
2181
500
821
231
488
700
454
32
210
164
710
181
167
91
1306
355
408
116
93
144
216
235
101
1490
1931
41
408
23
69
522
115
311
240
256
2548
463
107
93
179
54
115
341
5
200
339
1444
30
305
227
618
736
77
299
1123
1073
56
61
159
905
743
74
926
301
847
856
111
112
500
685
40
1336
259
1056
165
211
598
1083
122
278
68
350
79
4
261
708
78
157
81
1364
145
481
11
1215
150
585
94
375
1959
369
286
304
661
57
595
113
877
166
54
481
841
56
316
106
522
942
245
163
227
1202
527
36
220
69
168
603
571
1325
418
722
25
520
11
883
147
664
848
129
52
26
853
2616
1041
61
51
48
20
1506
300
43
1232
205
647
67
371
470
490
83
730
563
318
796
158
13
658
430
235
3785
425
92
316
327
599
437
1384
115
576
249
490
448
19
327
144
1362
159
862
752
15
450
369
1070
158
207
118
173
59
1049
10
181
852
258
343
4739
128
615
3
789
541
598
1086
96
319
817
4
342
1661
502
1506
448
291
529
576
18
265
608
317
167
842
677
235
333
35
12
119
536
584
891
664
49
135
109
844
742
1221
504
753
477
552
36
251
644
254
182
282
335
1381
3477
182
393
186
290
508
1181
45
2247
382
669
425
676
403
153
602
1
162
613
836
203
866
84
247
461
2080
332
111
112
1165
1820
929
327
602
637
445
146
218
49
25
439
314
146
61
62
82
803
213
76
627
179
193
1284
313
526
176
520
307
259
1454
604
368
931
749
385
57
668
374
258
136
271
650
171
49
862
1353
588
829
3
1228
302
399
242
243
45
53
614
289
238
509
27
490
242
336
924
386
1831
335
1594
138
169
210
528
4
391
1394
231
260
737
418
462
212
46
763
1027
534
1298
114
2454
171
608
1126
560
61
1153
360
407
1626
375
801
146
381
17
123
889
1046
1511
297
1095
1571
13
745
1730
288
356
583
370
297
739
37
630
421
139
10
214
421
303
671
170
540
77
1040
445
143
228
470
510
131
924
484
289
408
424
558
64
131
272
1060
476
389
854
1449
571
182
324
51
720
155
440
218
178
1291
303
299
111
725
1539
67
210
34
718
68
72
1272
230
204
725
252
52
3
580
367
140
1477
301
83
223
106
417
873
302
1845
250
147
524
45
186
304
751
57
106
59
180
219
209
257
674
84
323
295
893
1050
673
809
845
140
677
378
748
211
1957
241
338
603
82
34
1386
144
1312
613
920
508
215
164
59
49
506
521
617
826
163
42
506
107
1549
1121
551
1898
73
2678
234
1237
170
74
195
166
81
140
136
1787
323
209
63
281
303
309
138
14
904
54
979
142
34
398
232
305
685
83
315
1240
554
307
634
285
921
42
115
126
389
601
32
163
1034
947
23
53
1
268
271
312
211
1537
1263
120
29
332
332
1053
385
608
75
549
297
249
123
29
113
122
80
425
703
577
45
260
21
152
163
255
43
893
300
124
1187
257
441
814
137
195
73
922
362
170
244
9
139
1355
1186
291
200
365
340
81
318
31
354
227
921
76
409
250
561
98
393
2186
323
1010
97
948
176
681
607
238
1123
470
577
1858
540
229
1444
227
365
1586
81
431
960
485
260
575
404
650
604
221
167
239
1102
275
963
78
1102
188
167
905
343
422
460
211
276
550
327
138
922
202
851
708
599
405
22
605
31
342
207
792
444
470
490
27
486
1128
241
43
267
719
434
755
132
1080
1746
409
139
142
81
21
80
137
149
1490
871
409
558
522
1632
622
1076
435
614
143
659
532
17
304
76
802
5
510
145
612
331
381
27
193
107
597
815
270
642
458
194
317
158
54
321
234
106
110
122
1463
1275
1455
349
611
22
510
1753
218
536
245
646
363
775
808
26
80
327
1016
96
738
77
188
453
148
274
748
42
934
672
29
473
1438
263
861
33
554
5
65
215
1434
190
993
516
453
1580
622
111
688
897
1844
1116
48
779
195
107
919
288
932
521
538
480
597
290
96
92
85
325
551
1096
782
926
196
60
258
46
860
1027
26
128
45
785
310
1317
69
281
341
191
42
1027
182
645
1925
416
608
1308
429
20
712
161
329
643
102
131
9
528
1138
495
462
439
525
10
459
68
602
55
220
249
302
172
236
98
99
326
25
153
493
2087
747
364
744
110
73
216
1105
1127
136
199
69
65
146
280
566
382
3
90
430
71
1103
169
423
176
60
1258
143
1121
591
542
464
73
527
267
104
459
372
334
1178
151
671
246
199
1093
741
1805
1277
390
876
1447
758
95
790
865
169
620
19
542
1200
362
759
27
1355
61
275
516
51
54
411
42
1506
174
647
285
344
133
1111
2024
151
191
483
5
995
1422
681
354
293
2393
187
560
695
237
20
593
433
374
43
300
2454
167
436
9
30
941
129
683
3
1098
582
172
144
428
37
1161
142
89
133
296
7
76
624
288
223
210
64
390
597
242
205
319
433
24
1056
151
5
481
90
1195
14
10
612
2859
509
87
2001
1401
897
316
221
760
513
34
163
44
754
13
1169
529
460
515
190
558
84
92
661
194
271
130
46
274
281
311
102
131
471
659
131
26
371
74
225
859
798
710
1097
181
30
407
3
751
40
466
1
1413
377
260
5
613
1212
511
95
496
910
565
23
309
239
1038
91
276
464
1155
350
1330
1492
1342
228
307
535
35
677
1356
307
656
1447
292
54
296
305
34
293
423
168
503
217
111
456
44
702
10
276
129
362
155
15
79
2
1410
452
39
228
103
581
602
268
1417
1287
1006
298
208
607
7
581
912
525
743
1417
1091
221
963
2101
605
882
318
1360
1
270
786
519
3164
344
15
32
2262
108
90
872
524
1338
1049
7
310
2908
500
711
712
172
409
1246
143
1121
100
334
666
347
398
436
201
111
170
592
88
530
430
432
62
1803
201
179
1014
1181
73
113
653
59
207
777
295
181
303
69
406
116
90
195
224
1917
260
481
281
81
287
24
228
33
343
772
262
779
32
196
69
996
1012
2047
62
249
302
1065
613
1809
346
37
902
439
629
135
86
955
105
575
584
202
409
2894
162
467
565
123
97
639
1086
668
115
254
697
33
25
604
515
501
250
1147
46
152
240
283
667
237
524
118
339
1752
1214
343
431
244
339
656
2748
463
855
137
573
284
115
33
299
658
679
271
378
1612
391
15
69
714
186
717
1025
339
561
706
370
1016
53
665
611
361
310
488
78
84
785
37
179
232
216
60
1541
604
37
167
81
241
235
1058
386
172
1035
1619
87
1127
1060
152
1363
70
116
261
920
824
754
330
250
521
374
460
132
856
137
138
168
971
563
878
19
1158
89
308
344
971
319
53
825
48
633
262
1279
136
198
21
37
130
226
386
103
201
619
17
195
461
206
205
436
711
300
439
1186
784
191
35
300
274
62
728
120
1147
72
86
382
272
10
405
212
176
917
934
248
108
13
384
223
3
272
346
1722
321
100
300
122
637
25
213
957
263
132
386
171
985
97
268
34
301
1296
47
2741
833
362
170
58
641
22
395
407
6
204
178
1685
369
57
1698
528
42
214
575
142
506
298
98
1107
234
232
57
942
619
1747
136
124
21
158
842
714
93
653
250
1577
723
618
581
73
640
1447
860
945
319
1311
187
155
177
328
200
226
1312
1077
127
67
1519
138
18
793
93
6
266
629
65
636
1756
11
84
267
147
350
99
187
435
173
256
42
224
24
25
2844
103
517
655
338
645
1457
718
19
51
50
535
346
81
19
392
238
3
63
579
851
623
75
228
85
139
271
404
22
172
78
1582
99
681
464
75
376
204
327
159
694
132
440
173
294
368
29
274
340
29
814
690
306
890
378
583
438
79
100
34
200
561
301
50
452
366
389
671
243
178
1890
300
605
779
762
38
1258
299
502
143
831
919
222
227
361
271
422
206
751
251
777
7
484
525
278
216
94
584
555
338
463
265
168
62
50
466
354
123
1410
160
537
849
462
167
497
103
137
193
265
1172
482
573
66
1245
1681
663
2370
34
21
1262
51
866
78
394
278
30
127
987
335
205
324
874
229
277
1181
1406
282
1905
1399
622
592
1297
54
928
244
216
636
893
1
258
498
10
288
274
492
1058
1015
58
54
182
81
50
1220
870
217
136
266
385
516
72
3836
724
722
276
26
75
1069
199
957
183
895
481
273
493
149
55
791
794
52
356
1682
990
607
894
996
24
124
827
522
909
252
140
273
1708
847
1302
339
882
1520
330
1056
365
277
434
1080
282
547
226
485
356
1323
379
1094
346
172
266
222
728
467
185
422
1045
1555
114
653
117
363
176
569
453
1256
606
651
277
230
46
571
247
2076
280
10
15
1985
12
258
591
256
1602
589
458
161
666
1046
122
446
1379
1035
659
965
158
47
529
118
724
697
309
186
883
69
559
540
35
861
313
118
774
415
428
367
279
697
87
13
664
10
1396
434
305
90
84
67
109
1273
971
699
22
1091
373
34
797
553
8
245
1100
439
184
755
292
2203
13
233
2039
274
404
703
247
234
393
633
87
34
642
477
755
249
138
729
35
682
361
1716
715
189
212
57
1711
123
1731
116
1331
373
1091
1000
344
1675
241
126
323
113
18
1037
1050
757
174
1173
120
83
187
44
220
201
370
486
248
75
7
494
2095
354
715
1728
6
639
33
490
378
606
1721
606
924
356
481
352
59
318
43
153
209
301
348
380
12
167
1021
2
432
277
513
315
27
52
1306
543
212
245
509
109
230
443
458
2
74
9
222
327
795
64
297
6
105
90
723
368
282
1065
216
961
179
475
47
