27
180
358
494
596
620
514
151
509
936
335
213
1141
80
108
3
44
610
460
614
950
65
189
1063
133
529
8
308
377
238
16
1847
716
189
167
152
355
88
1118
273
1030
2635
150
98
97
171
541
67
824
632
261
67
632
438
366
617
100
263
810
730
102
28
280
154
409
570
851
258
34
24
243
17
476
62
659
380
498
289
875
294
2384
379
321
74
324
58
597
399
10
243
932
355
390
263
1030
91
127
1563
315
614
451
388
855
64
847
260
340
995
458
320
660
1690
482
876
696
592
57
695
897
87
1476
254
674
1252
29
205
363
697
79
673
84
232
733
26
843
169
627
455
734
580
147
176
982
51
412
1054
741
1163
645
67
295
187
741
128
586
118
931
82
61
25
333
489
178
211
191
267
148
309
60
246
812
270
4318
255
413
50
272
103
112
12
333
41
190
109
74
919
310
57
161
1081
40
281
366
125
1634
724
20
615
97
97
638
2
510
268
681
187
1089
342
50
166
66
366
882
391
142
1469
228
583
432
439
778
52
1904
776
104
2029
260
383
403
121
14
545
53
742
1462
165
1659
835
7
428
1830
1364
457
16
224
597
423
162
1
865
505
987
789
412
200
86
383
1446
955
990
326
213
310
161
1238
736
440
60
839
199
692
2000
862
36
386
166
125
400
136
345
289
1459
1065
1032
178
208
185
738
619
8
25
29
368
292
300
903
208
288
1429
592
744
190
960
1428
353
10
83
789
143
378
46
119
659
324
19
1242
880
296
379
513
60
58
663
648
39
108
244
284
945
77
121
312
770
119
232
337
345
1
106
7
947
360
1829
290
391
745
484
266
189
192
560
67
1063
49
497
231
1454
773
124
1442
644
433
311
173
1851
68
453
1116
504
137
426
245
132
790
481
380
31
357
13
650
310
1728
184
943
386
323
864
261
103
468
341
37
572
256
13
1311
293
300
341
21
1149
356
68
117
692
581
121
665
123
39
112
598
240
40
398
51
108
148
46
440
169
218
1085
437
26
961
462
984
831
684
80
300
764
211
913
20
1260
815
516
417
1022
597
360
7
15
329
86
383
13
31
176
229
38
3
664
584
82
213
143
1407
402
132
91
53
583
2849
749
372
10
144
374
226
370
281
1251
664
273
1084
184
23
179
199
221
1234
33
1321
509
590
206
133
892
667
219
301
33
1593
589
15
394
724
210
229
14
62
8
243
865
1596
1033
225
376
62
580
111
256
178
137
454
17
230
72
1122
121
1025
361
1129
1487
366
708
416
287
193
1165
743
178
153
558
939
1004
497
412
106
357
80
7
343
16
191
322
303
1053
84
1312
66
2277
26
91
440
476
14
3183
633
1090
1143
269
375
156
130
254
301
676
172
679
842
1848
90
276
118
740
796
530
2081
983
489
753
52
173
128
153
310
219
492
809
227
704
590
717
444
98
464
372
151
1056
209
482
487
298
549
224
26
778
184
156
130
1148
1122
1137
203
102
248
262
1628
173
132
562
527
266
565
1254
574
103
53
147
25
600
173
110
224
1725
2392
146
417
717
81
331
469
116
515
38
225
2183
108
1879
432
410
47
1158
378
14
324
155
506
177
1877
75
37
141
693
36
404
320
1313
61
51
1050
1281
153
102
44
324
215
91
542
99
143
371
139
586
1117
796
1752
597
503
155
175
1288
501
355
976
514
477
1608
353
823
383
110
486
9
188
555
67
697
595
49
107
942
113
478
116
96
499
329
272
177
225
12
250
507
53
263
297
99
475
60
264
656
33
854
914
18
103
293
207
459
80
34
134
501
93
70
226
384
98
295
31
315
349
140
66
286
251
367
23
1120
267
1861
596
825
130
353
46
495
554
189
44
148
663
757
55
81
341
112
305
1234
288
251
410
374
184
1799
2205
332
486
96
809
630
24
765
837
319
902
479
801
767
435
157
94
318
2
380
63
1137
77
169
280
422
137
299
103
1395
94
986
162
155
83
587
147
92
403
24
228
2379
589
571
426
26
191
17
73
16
494
750
696
18
812
111
527
354
124
612
958
631
374
902
63
632
1428
1165
169
35
633
508
356
361
353
412
501
109
3
910
110
147
377
500
270
284
927
56
2268
1657
488
199
980
55
1129
1012
184
459
1452
18
355
33
123
188
679
481
456
274
414
845
397
255
9
114
28
81
416
799
71
355
394
1727
21
1887
486
1296
422
17
69
447
293
1122
553
210
169
711
365
501
420
37
216
509
176
126
387
1655
527
68
130
62
1235
740
817
508
440
83
637
109
627
620
146
547
438
868
299
648
272
335
221
12
1299
437
1512
713
139
210
686
67
28
754
609
150
43
181
230
221
60
268
502
102
1172
216
73
117
67
33
208
963
20
177
1405
90
654
938
116
1734
198
275
636
1330
809
230
704
377
430
1406
115
75
145
30
133
97
487
107
280
172
443
361
207
674
461
1269
321
49
1893
395
104
1343
49
252
43
314
192
500
67
50
2348
658
356
187
954
544
7
547
557
2371
229
206
1017
30
232
178
363
757
548
415
303
384
48
236
481
528
2478
273
522
723
50
100
62
826
110
93
170
472
551
253
652
100
63
859
478
927
397
792
401
337
1175
176
340
85
862
14
203
204
1161
848
190
493
342
470
659
252
485
13
15
1698
384
191
423
120
1631
325
118
661
44
473
374
186
102
296
6
1855
261
428
846
324
1036
428
596
152
484
1860
543
222
179
404
401
742
198
35
493
391
774
126
442
300
197
85
2176
380
58
1301
1061
564
406
49
125
360
1053
846
1141
362
727
762
665
550
90
587
992
68
1076
2192
435
191
1206
527
1547
226
1040
94
126
175
160
1337
256
29
185
497
1
290
330
13
807
353
646
276
77
234
822
1627
1039
121
281
175
60
194
548
2
57
437
506
550
575
821
896
182
281
8
175
14
16
171
94
1170
640
31
1271
891
709
333
13
21
3260
284
93
1
1623
393
166
426
596
459
26
395
79
11
99
1170
38
650
162
618
995
263
744
16
369
32
39
336
434
1069
744
150
40
433
709
151
665
19
480
21
196
326
184
432
475
59
74
441
868
465
422
197
220
527
226
77
714
666
253
240
1140
591
33
533
733
80
2792
49
506
880
552
237
748
281
197
380
700
48
646
257
1118
133
246
1623
416
248
596
536
130
226
438
817
285
293
542
460
411
1138
52
62
295
14
267
447
383
362
4
324
492
87
201
823
241
118
587
1238
1439
115
469
150
30
14
493
506
312
912
288
158
181
788
623
321
18
88
692
1697
2096
4460
748
158
505
406
541
824
55
543
661
143
150
923
51
8
61
591
1167
163
653
540
226
1819
251
232
1128
656
415
119
1110
261
85
279
250
94
140
58
1060
20
68
551
189
117
528
183
341
104
189
646
528
313
108
79
323
1111
1261
922
457
91
108
192
59
267
185
204
9
387
84
879
225
132
107
15
558
208
1173
654
529
205
24
1541
799
506
106
494
108
171
1640
175
703
666
162
65
898
216
47
426
110
220
933
55
1118
121
133
856
230
67
1481
398
245
248
1573
1567
6
430
244
24
194
97
623
12
1530
157
100
84
306
6
21
551
1110
687
244
233
9
723
633
59
353
361
120
747
179
987
742
277
260
712
645
229
20
85
246
1251
1393
1506
1217
1431
20
627
2256
89
146
833
206
28
216
384
570
2414
962
159
328
12
760
556
258
454
377
127
632
108
123
41
821
774
226
280
837
140
497
9
853
176
527
178
436
882
204
1217
582
32
390
27
371
464
2674
58
198
364
401
101
24
2174
208
162
133
226
601
715
1150
662
207
566
78
339
639
148
785
84
436
783
394
229
227
369
461
186
812
43
417
381
1307
287
130
217
368
267
188
153
46
270
724
205
912
422
1278
1657
651
37
122
1667
372
64
615
1355
857
713
2083
428
77
145
416
303
697
1008
408
4
415
93
45
872
1003
210
865
251
881
106
587
924
905
207
51
837
76
20
22
1688
601
161
298
60
570
675
204
643
771
193
43
108
18
118
376
1224
11
1009
24
1498
10
23
151
30
407
5
472
767
225
13
1054
99
273
57
208
32
944
72
1076
124
40
111
99
1769
3
841
130
137
191
294
446
190
275
659
813
670
168
400
64
414
16
319
192
3
535
107
502
147
601
4191
267
716
656
1165
1076
435
585
533
684
674
1438
368
213
531
379
1026
1071
390
100
710
974
469
540
121
342
173
264
405
70
757
815
183
988
558
885
420
575
378
481
283
356
1021
126
314
38
186
603
631
275
417
415
640
484
839
370
209
397
879
164
612
94
53
437
85
926
1012
135
34
40
990
64
1498
328
31
40
413
2464
1010
737
54
713
398
1287
205
222
2111
211
45
850
798
807
586
284
885
1035
208
531
199
427
289
1
377
217
254
69
192
400
138
100
26
164
127
1090
927
62
511
300
196
702
277
586
351
130
1153
271
180
230
1456
340
81
926
531
150
24
1394
658
317
23
382
62
340
556
2959
556
484
58
960
1014
775
1027
83
1004
74
11
530
448
50
206
81
260
27
1308
147
1020
249
559
227
93
245
110
356
313
257
83
429
1248
607
655
356
15
722
554
264
215
680
806
1018
314
92
627
1074
378
433
646
161
942
405
1037
13
259
832
156
52
166
1057
73
225
520
61
888
738
1077
1123
1384
71
674
57
433
897
202
335
422
271
2153
379
38
1026
145
736
93
378
630
48
266
578
91
127
124
313
901
615
481
337
597
344
219
580
194
444
1536
327
16
559
221
455
229
258
53
742
306
183
94
152
163
439
174
1544
320
66
71
10
542
713
806
170
1116
659
942
206
186
317
512
84
880
1699
119
44
89
36
401
292
40
239
531
878
262
207
488
43
6
689
210
133
672
109
360
64
143
1606
775
161
631
67
1374
324
17
239
155
175
607
825
2380
603
2037
252
64
685
109
911
262
207
142
1038
104
111
117
56
333
892
578
73
213
206
695
461
499
1182
577
455
383
146
382
262
103
91
121
503
6
249
707
417
324
574
67
632
1011
1074
175
271
625
646
578
119
339
17
86
961
1126
327
429
31
138
516
200
257
65
66
112
488
15
52
533
161
668
729
286
579
94
377
129
201
6
744
182
724
38
615
218
172
481
4
63
978
47
387
1057
338
1402
333
152
9
79
270
554
391
294
425
488
115
1214
617
405
791
39
81
343
36
416
238
64
3
1080
6
383
94
31
154
416
1312
76
92
159
86
2204
258
336
115
624
313
419
628
83
668
12
1795
299
75
907
318
1489
164
1463
1026
437
332
402
1231
187
574
756
224
794
400
982
818
278
411
226
525
691
695
75
769
27
373
209
20
116
469
152
164
1786
162
1058
73
70
312
326
866
712
448
182
687
383
445
230
86
713
138
332
1008
216
338
1046
1194
456
397
1081
33
595
303
1419
405
961
261
229
755
3
993
300
201
508
40
1887
193
698
276
102
301
1338
443
198
123
508
444
103
912
115
123
550
183
108
1233
778
283
1431
815
102
41
863
29
28
72
622
595
93
1447
297
534
452
61
1779
567
157
65
497
121
333
233
537
332
77
202
353
22
814
293
282
8
873
124
44
323
573
26
209
188
596
131
37
594
1695
585
480
261
2874
767
627
427
25
974
293
164
249
466
198
32
36
294
491
1379
1385
363
316
1142
21
309
1355
745
314
291
1291
75
166
491
3
45
78
192
464
777
96
247
936
58
58
248
725
288
1480
56
57
336
5
1192
41
1255
178
301
1333
149
62
265
63
269
1225
210
55
95
380
27
251
231
450
1816
1305
122
323
161
565
767
321
164
726
783
610
166
803
61
388
99
308
1418
599
1245
1462
1424
416
159
684
352
455
3073
648
95
997
342
404
38
751
2425
1357
378
769
1133
23
802
328
808
876
1420
495
120
3
245
316
80
194
1366
62
320
970
57
531
63
883
137
200
61
838
226
423
525
182
441
119
3
1588
438
344
1454
11
745
247
677
1234
226
157
589
168
239
675
52
609
1339
462
65
527
140
680
83
338
900
1176
515
1244
253
126
37
15
252
1187
559
63
206
1494
357
936
334
648
460
129
242
611
9
466
51
301
289
229
561
345
832
80
8
312
300
245
163
280
846
648
497
87
397
534
828
1098
620
11
208
689
10
671
1064
175
377
1208
276
1192
91
744
175
221
108
2
150
80
417
236
349
569
815
72
299
19
875
2251
338
497
608
1066
586
51
1539
23
15
29
87
18
410
87
74
121
2424
23
374
330
321
106
1496
79
248
59
463
331
1136
608
1603
765
76
487
570
281
81
474
101
266
510
18
221
943
160
151
419
416
180
110
238
355
277
421
31
396
360
579
1244
992
577
29
772
1341
257
467
449
806
165
263
221
357
149
766
1450
665
786
684
514
115
107
520
43
129
467
439
58
121
426
186
440
28
120
11
669
57
1380
1104
962
162
233
992
2051
343
227
316
665
1368
257
517
580
121
99
412
131
666
212
272
337
412
1143
1403
173
193
103
10
488
1480
845
50
649
705
148
276
348
420
144
1281
1176
171
67
720
724
40
530
249
542
564
188
258
1575
924
132
137
35
201
659
31
101
358
368
79
400
785
11
4
294
282
1265
692
649
885
79
376
124
51
609
160
1010
234
941
818
818
381
1168
121
86
415
1027
328
20
701
258
1641
238
280
421
1274
4
817
207
1011
124
273
446
74
230
101
189
781
165
23
286
645
617
2209
958
270
121
339
31
259
87
558
144
188
62
345
619
120
229
2
612
437
579
1001
524
1071
1402
665
304
125
564
58
203
921
442
214
25
352
59
317
293
157
1089
1004
526
116
50
647
397
136
341
691
391
69
61
17
569
1119
822
75
69
1608
107
446
718
1052
754
66
275
392
307
16
1029
248
90
634
220
723
7
1008
18
186
439
427
950
246
259
784
175
180
231
353
275
195
996
184
781
378
28
254
5
498
327
312
948
294
257
648
89
87
1010
631
573
146
369
157
1290
2664
885
1
169
34
430
1821
312
130
765
222
647
350
1066
37
156
729
267
8
502
529
832
451
339
152
2
348
1732
66
762
45
318
196
124
581
11
253
506
279
158
112
532
578
135
1473
41
1068
76
1139
373
67
179
1275
211
1366
416
726
365
71
76
100
409
1882
166
146
232
546
746
283
123
107
34
583
133
270
1309
480
691
524
462
292
250
268
763
19
771
89
34
2286
134
486
429
327
1802
173
96
292
211
685
63
510
150
315
331
35
475
3
54
490
17
1347
11
187
81
20
451
243
47
2974
1033
387
404
200
912
424
185
390
12
1214
355
659
17
570
536
469
23
154
289
754
52
252
235
410
86
23
227
777
110
131
147
416
54
174
646
345
99
1877
598
503
844
259
931
709
11
97
696
1372
336
171
787
503
122
338
74
196
186
113
238
141
80
902
554
375
156
1212
72
1109
950
129
39
892
1455
316
122
539
535
36
274
93
431
310
485
116
71
532
128
198
287
251
819
151
69
319
391
646
415
417
676
177
637
331
37
181
307
1030
543
964
254
1720
630
418
248
29
383
557
614
107
1095
242
1455
213
635
438
920
218
1210
4
2506
170
472
1119
324
3
84
845
63
41
982
72
813
65
185
89
15
2235
10
267
190
1302
92
379
338
1594
106
279
1106
80
208
221
49
1503
835
834
179
639
223
982
909
416
56
127
449
1054
232
1099
450
1061
411
328
539
386
375
294
1154
558
419
19
1405
171
802
259
179
562
128
479
166
215
1297
1441
491
53
1810
190
221
678
456
326
153
215
224
568
82
984
88
1235
121
612
91
406
160
713
320
238
656
385
1538
165
319
170
244
98
40
190
217
279
192
322
313
463
580
497
388
314
363
475
983
327
25
178
762
288
1204
1608
709
472
160
1964
478
418
130
93
216
785
111
765
340
1368
479
1408
1367
241
332
14
143
856
261
162
361
882
339
5
781
384
882
429
140
228
740
366
231
327
309
148
279
123
68
417
144
401
133
276
579
89
41
125
683
85
81
25
616
135
35
290
504
712
2200
62
390
106
536
158
584
521
1032
35
383
23
538
119
374
262
439
601
449
90
94
185
246
674
676
97
1133
164
1501
314
239
862
115
753
2505
216
1380
767
216
447
87
243
98
521
534
210
702
377
131
650
242
635
415
236
224
3
36
204
641
242
24
504
755
2621
755
81
41
658
101
977
128
253
578
66
176
1710
235
273
153
307
210
982
22
604
18
657
988
260
433
233
118
41
1192
911
210
223
11
320
413
1143
82
458
13
835
932
300
407
176
373
87
247
1452
654
260
463
38
336
685
509
177
112
314
319
1281
495
2329
109
285
419
832
44
304
1103
44
175
85
137
1203
569
7
203
643
758
372
413
4
317
502
956
301
4
115
169
374
208
444
83
866
47
72
167
667
38
445
47
1158
201
673
310
1486
545
147
657
239
205
18
859
185
84
133
60
28
103
759
372
127
237
2076
480
654
16
487
914
1979
906
630
283
363
516
130
153
118
1517
200
215
934
377
466
530
791
80
40
970
1667
1913
269
418
339
208
403
192
17
1846
249
591
3347
353
429
111
373
14
751
703
1184
430
404
930
1160
860
367
511
100
366
151
568
1551
1494
1368
733
378
758
611
40
79
398
372
147
744
274
303
48
199
1350
872
18
162
292
467
69
880
903
287
718
444
1051
160
10
250
559
504
1472
147
1693
857
1427
25
1404
2289
201
1065
158
175
721
146
660
117
437
140
187
366
195
1029
1191
570
410
241
207
214
321
1618
359
529
33
38
389
55
37
414
2024
148
1080
671
167
385
170
33
14
55
585
371
1576
78
1422
461
548
232
4
620
32
180
465
22
1179
42
362
51
659
89
291
29
1016
1240
2385
655
98
18
121
355
1
415
400
84
220
360
170
127
66
1429
131
91
95
223
191
420
603
895
127
373
164
284
673
54
749
54
262
68
1149
443
412
195
484
264
147
895
16
127
472
423
478
96
131
822
946
30
123
160
152
147
457
330
1069
1438
421
1150
580
1074
36
799
225
78
526
68
698
323
154
481
412
2186
334
333
896
1763
1529
537
680
160
844
370
214
188
35
124
212
287
80
329
53
670
123
1254
67
105
367
272
325
345
1022
61
6
268
297
91
173
426
106
842
1270
401
1177
1014
135
2347
81
2
562
263
385
1136
210
1600
133
7
154
471
128
1294
377
29
534
587
549
752
355
146
15
373
8
416
820
122
138
313
130
846
738
507
192
242
186
39
97
387
222
433
682
372
176
430
724
339
114
282
364
470
864
1023
795
880
46
173
79
440
139
557
552
220
95
104
745
249
205
183
906
38
238
327
1762
97
337
1048
864
387
472
778
341
599
744
409
268
223
334
509
114
98
253
554
187
130
167
804
29
622
88
154
770
28
237
128
220
883
170
267
235
1050
466
152
672
72
256
459
277
858
225
495
591
602
361
480
522
77
955
46
917
47
431
686
913
329
316
20
80
332
624
137
331
2467
813
1853
508
542
1028
573
247
178
953
104
240
30
819
1230
207
42
1338
20
312
388
283
162
50
122
379
1485
742
1416
497
160
184
439
615
94
802
144
190
808
103
5
97
492
608
38
467
206
2774
1104
1008
145
29
287
124
62
186
4
1769
365
43
400
15
726
268
246
671
1411
72
720
422
876
530
248
97
225
1326
393
15
87
143
490
2
98
121
310
84
9
79
456
15
215
1574
1110
613
607
229
917
215
361
389
689
186
7
365
240
1208
473
183
295
505
290
464
76
535
361
171
11
774
222
227
221
192
1876
1087
1063
177
220
290
284
1167
75
4
184
235
600
94
3
1400
180
121
68
1756
435
22
126
514
602
1000
104
65
1561
71
275
1399
205
420
73
771
167
592
206
1391
344
181
603
44
1055
956
55
288
2016
507
1
53
58
320
17
235
921
2127
844
47
120
1426
175
529
78
741
186
185
819
391
438
247
210
21
74
68
82
588
290
758
1177
689
310
1212
507
728
1565
682
445
15
263
6
1125
146
1509
355
145
1845
464
180
23
691
1948
248
571
488
1347
1650
226
76
95
199
623
136
212
117
334
978
436
212
147
988
625
841
1262
1656
147
396
100
756
768
186
204
31
645
192
930
62
125
1651
269
885
678
37
461
9
928
106
52
120
382
432
1208
1124
824
170
1966
1229
433
96
292
634
547
2521
1365
1137
2064
758
130
128
396
556
317
102
720
81
1280
42
278
1961
55
433
190
335
389
806
235
82
198
327
655
437
224
69
595
196
127
755
305
55
559
1207
111
711
822
747
406
1843
428
905
575
78
117
277
145
903
858
544
510
144
53
870
556
204
848
218
2167
350
251
772
154
192
491
355
205
1607
125
90
144
179
603
244
307
31
1501
29
1257
117
199
294
572
1951
7
815
1264
25
397
984
352
1020
509
327
208
423
1328
382
45
992
569
691
857
108
96
266
380
758
785
77
179
170
290
1029
860
188
276
124
1393
724
398
239
1804
214
131
922
548
409
805
1259
240
52
243
226
282
100
96
36
224
299
114
325
409
83
67
947
219
1478
345
905
443
855
814
238
276
2149
228
167
177
442
248
89
303
16
21
377
310
107
182
222
423
54
1267
451
537
286
643
66
80
24
233
992
91
894
143
88
123
51
908
1112
582
310
281
327
1190
117
40
1318
194
131
389
561
296
29
231
3
352
523
775
617
770
131
152
417
425
404
514
27
220
267
277
181
85
234
55
294
799
493
632
28
164
559
305
544
64
122
48
147
90
765
27
283
246
1651
501
9
283
135
1708
91
1027
71
50
200
818
1716
789
38
74
594
25
15
125
178
94
556
815
516
416
1571
429
108
1773
778
286
611
346
831
366
628
438
950
279
820
158
1599
236
67
225
1606
26
288
296
1324
7
709
1518
43
178
260
938
357
61
263
95
123
159
573
576
36
873
359
258
1211
423
493
698
435
367
935
404
726
813
86
337
386
124
446
434
123
606
471
803
889
298
271
465
312
119
741
102
290
233
217
198
25
133
623
206
228
842
1530
1069
439
488
152
40
952
1092
123
13
16
133
125
925
1025
178
18
574
66
66
234
1943
100
1406
606
140
122
778
1966
64
296
411
1413
295
83
133
672
377
174
827
49
50
4501
680
907
23
196
42
1175
1242
251
89
74
247
526
100
614
1399
405
63
230
1756
99
329
1
252
82
1174
760
404
27
15
91
280
581
147
1738
74
915
53
472
442
3
546
929
955
1298
1472
1056
281
487
1191
475
466
537
396
425
227
484
1194
344
436
46
159
556
162
1008
1369
18
563
152
133
395
70
306
15
102
376
686
90
559
206
369
868
226
230
265
1526
435
893
254
213
12
166
1635
1126
119
555
594
1276
1
790
246
54
735
1426
268
22
249
617
543
730
742
2162
487
61
77
846
42
403
1101
69
546
125
1433
61
168
57
517
100
717
471
1112
277
43
448
1069
462
51
529
922
502
505
449
160
256
240
551
19
722
79
514
101
303
49
445
21
178
229
270
1542
604
508
600
418
488
131
614
248
18
385
195
402
323
109
389
208
333
853
10
1665
15
144
1106
1761
536
15
296
133
655
324
1171
581
101
237
231
396
1194
1028
392
348
220
871
551
847
320
127
146
211
317
243
110
781
77
82
81
87
11
901
73
486
1044
478
571
303
714
30
621
8
124
117
570
957
491
104
559
306
1245
258
420
715
329
464
119
630
118
202
25
602
1378
146
722
137
244
101
283
267
296
46
336
574
54
152
8
328
33
79
265
170
373
409
339
147
173
581
163
608
1359
444
735
498
817
258
192
81
74
526
323
167
469
176
774
218
621
43
280
169
238
796
1038
603
803
828
962
312
163
138
142
875
22
149
34
1034
486
154
733
152
99
216
204
21
1553
553
1307
1441
25
446
215
68
414
255
311
1339
211
559
158
1431
688
78
272
566
147
298
370
277
401
24
64
170
43
143
301
305
87
353
258
130
449
796
883
455
532
481
252
582
419
158
76
537
600
803
939
2
1340
318
485
54
564
494
23
195
242
261
6
407
388
584
754
952
581
211
144
748
571
421
625
868
245
460
174
21
547
37
272
585
903
24
318
127
402
345
152
558
145
18
731
275
270
399
795
1325
99
734
945
632
412
426
525
297
1040
1157
56
10
658
590
120
1283
378
256
1027
681
300
113
657
112
46
170
1227
912
52
1189
223
229
233
441
134
199
943
464
345
6
778
259
437
1993
38
270
749
1198
84
233
483
481
907
270
2292
27
664
813
863
416
760
631
33
401
2198
624
541
443
122
1386
98
581
394
1202
647
526
231
272
344
1081
464
34
281
144
208
278
421
206
751
138
7
58
313
69
375
1271
2062
437
61
468
1983
9
603
68
131
702
22
145
845
14
742
1424
1345
357
577
176
592
389
386
428
1408
2246
105
568
29
1262
1383
136
410
15
421
132
91
833
1009
1276
637
917
475
573
707
232
21
33
7
299
379
180
526
537
98
1432
343
758
242
93
548
439
30
609
430
2817
66
344
397
775
2552
788
781
21
624
1053
593
315
679
359
28
243
54
442
295
704
178
24
478
399
389
261
195
425
446
255
209
90
140
423
89
80
151
1573
1103
991
167
470
10
222
931
76
37
33
584
113
568
1332
587
797
216
343
1047
527
601
147
243
330
789
840
13
166
49
707
399
466
427
228
483
585
47
160
1374
66
263
574
301
384
230
58
405
389
1044
50
30
1231
35
5
455
375
306
1025
32
160
258
2400
474
969
253
284
388
376
792
49
288
875
10
604
732
83
880
230
274
308
1071
838
446
328
920
56
255
112
960
35
298
227
442
197
1367
431
1159
437
408
186
169
221
654
125
1407
57
271
213
159
188
1280
30
208
34
1920
143
1223
702
102
308
328
218
29
241
35
626
175
1347
428
222
120
283
49
492
67
1026
477
374
333
334
96
28
405
77
362
147
424
879
806
457
979
918
160
854
245
76
1025
34
414
754
565
1157
61
282
1014
256
223
1075
1407
691
476
1220
4
935
368
698
631
454
35
1093
1096
1118
604
107
559
291
1196
53
28
684
151
486
239
1091
992
333
83
569
260
404
35
63
2067
1394
310
124
116
862
85
82
323
1613
1131
530
161
197
203
193
517
1248
810
1006
891
565
1328
1290
53
534
412
295
702
449
94
904
488
351
1048
553
563
9
828
454
610
82
693
396
252
273
103
215
119
605
583
361
725
916
523
577
290
72
77
18
572
240
72
229
475
171
101
110
372
47
157
73
309
793
2018
323
679
220
1017
2116
126
149
974
126
81
1168
1252
409
130
54
18
765
406
54
285
184
150
96
23
1247
614
260
578
175
68
62
356
342
908
780
116
145
143
34
85
147
435
215
845
430
2492
51
1393
6
398
1045
349
1964
639
47
411
260
239
136
173
956
44
384
125
194
1435
193
349
203
55
862
993
61
2239
174
461
282
1322
312
1100
893
35
378
389
239
1139
39
22
116
610
390
35
653
258
877
170
869
950
84
440
70
309
199
167
184
1173
501
36
1020
1257
570
292
344
142
263
178
829
183
6
83
96
970
21
110
405
331
677
161
306
833
192
2164
165
408
226
242
207
129
848
806
10
359
262
209
349
260
64
1618
194
2239
1053
369
178
777
180
1738
699
779
17
1161
494
1106
546
1414
25
9
150
511
91
241
373
28
270
586
81
999
199
528
952
900
38
55
230
443
109
349
177
309
163
398
206
531
343
109
451
1130
236
330
260
96
207
698
750
414
344
297
917
1767
27
1370
6
431
754
208
765
136
56
48
450
668
167
1153
136
727
342
43
805
828
588
533
528
121
437
1005
311
236
18
293
1033
717
1240
156
974
363
95
109
319
1506
220
935
612
628
24
581
72
299
249
576
722
95
87
1163
1072
329
248
364
2139
254
64
631
148
1148
409
2228
451
201
79
205
95
1
744
1076
631
44
211
186
160
49
350
665
1952
278
445
793
939
645
597
185
551
19
514
624
33
252
10
348
154
434
278
171
11
1442
873
151
490
48
66
41
828
883
21
3053
608
422
294
377
52
289
318
283
301
2
506
434
935
364
614
35
719
15
321
162
419
19
513
11
726
2984
215
1157
126
62
760
711
305
33
115
156
641
356
63
79
14
69
356
285
793
977
1942
928
301
136
17
2187
101
182
750
744
124
1030
329
156
207
183
205
746
4
225
494
34
280
553
360
498
1520
87
445
28
1057
37
634
355
69
329
75
9
245
143
864
1412
31
1301
1112
194
1309
1083
57
42
481
83
148
730
3
99
327
1039
201
293
1398
431
820
316
24
144
62
42
96
464
237
9
143
88
32
486
1560
1254
464
367
16
291
221
741
980
209
68
1280
365
476
36
261
936
29
657
239
716
1208
264
839
437
273
734
270
490
88
461
1325
735
832
42
1127
352
720
381
13
46
438
575
90
76
134
1208
242
1193
33
165
759
168
2073
942
591
287
779
875
60
382
622
413
722
190
202
210
1324
20
399
917
349
169
297
13
103
4
206
224
2
538
546
218
107
411
18
205
957
274
147
531
432
351
12
611
547
249
53
36
2098
869
192
671
683
485
98
19
777
730
404
117
920
395
45
110
500
112
156
98
1769
305
467
236
536
550
418
78
1202
166
174
79
773
430
60
93
25
172
332
264
299
284
341
568
567
227
98
613
100
364
1031
243
6
724
48
407
378
21
1298
987
27
374
852
251
212
653
282
268
1041
264
37
845
100
759
118
451
443
27
619
584
33
572
119
404
166
445
195
878
280
1049
782
511
188
474
179
44
500
446
844
296
117
105
215
918
46
324
104
24
583
313
984
395
419
110
201
1019
1213
1253
72
45
299
163
40
573
563
194
197
341
715
637
991
127
2436
368
397
801
88
736
446
531
18
111
71
685
1712
1306
596
321
285
8
921
997
284
175
425
96
524
260
1053
461
862
539
748
498
305
670
791
291
382
1570
217
507
120
617
171
173
982
526
30
304
162
977
294
574
167
304
1238
382
14
812
23
818
545
56
14
650
345
134
79
469
636
1101
387
41
11
107
12
12
893
644
425
5
836
23
112
1062
404
96
121
194
92
30
1614
430
328
2427
222
2
23
180
467
61
233
15
155
1038
2
40
387
24
365
205
77
75
808
15
323
634
159
173
104
61
1282
103
678
41
1178
402
457
211
236
570
62
694
681
43
261
107
1139
563
440
863
126
244
1002
441
271
517
756
324
710
2124
14
409
794
876
29
559
600
903
2142
945
700
162
799
274
1242
27
194
1951
305
1497
461
197
192
140
79
246
118
211
3
378
346
923
942
540
108
529
106
42
9
449
972
102
1112
77
663
125
150
548
272
741
73
174
322
282
62
864
247
750
10
605
155
35
617
80
173
280
523
696
66
344
126
625
103
392
203
29
7
316
405
160
650
848
542
113
544
386
1591
163
2088
102
1465
1397
83
383
1006
213
37
64
148
56
981
27
200
36
1078
7
416
906
37
484
1065
170
250
107
1222
358
1437
417
14
1709
1023
1590
591
473
204
116
91
1142
194
251
175
198
190
1208
890
399
960
345
1095
1265
1910
706
8
13
230
522
154
632
412
613
405
235
1116
102
159
160
50
723
192
298
284
432
1020
761
99
435
840
572
4
770
1782
598
172
685
605
269
38
402
169
1687
1978
163
47
577
162
659
92
269
191
352
297
190
235
3509
80
191
415
1209
233
673
78
338
177
38
904
486
47
522
43
679
492
38
425
345
30
295
554
437
626
156
251
164
62
1979
243
409
381
71
3195
307
455
1126
387
763
108
356
50
108
106
176
21
78
1333
68
523
445
407
386
90
85
20
9
951
303
1200
749
289
55
326
537
339
701
142
763
98
802
250
142
351
17
352
355
594
84
3554
407
3
189
240
1213
18
297
83
350
215
936
386
305
470
307
324
164
305
752
495
8
155
154
12
697
1132
857
511
1261
1694
44
135
246
264
7
470
39
471
172
35
212
185
34
123
606
94
217
306
695
596
278
123
9
331
566
92
255
206
193
622
62
1536
305
279
365
41
147
652
1074
177
920
1653
340
67
363
230
1619
42
137
702
569
23
1956
891
3410
907
286
38
229
239
188
82
992
398
416
1446
498
244
327
1539
1031
580
379
241
444
457
457
264
153
245
216
1004
83
186
437
251
268
313
291
221
85
57
178
200
1322
214
184
189
272
255
783
87
1298
535
164
1041
276
64
184
443
290
48
6
103
123
1059
104
1
203
129
34
246
10
956
921
537
74
239
307
41
126
164
6
419
38
758
124
8
319
153
503
290
56
90
98
117
58
970
881
162
428
572
503
211
25
450
76
1045
88
980
352
104
36
213
264
253
371
1192
321
388
2535
342
1348
697
69
43
1623
271
378
176
1
255
146
202
914
889
314
1630
101
480
287
45
171
395
583
266
276
542
50
1403
827
581
940
981
623
618
77
450
480
1019
360
303
758
304
639
611
87
1125
18
849
1335
339
409
177
139
359
530
193
1404
256
994
31
1864
572
249
468
217
283
1276
439
151
322
183
666
26
917
20
1059
19
219
161
810
176
840
579
2570
845
1645
130
676
168
118
310
188
1483
623
668
772
156
177
441
464
12
510
458
574
414
436
223
75
23
368
1302
1122
483
96
58
291
97
282
143
188
1051
402
68
340
255
346
1344
359
208
199
170
179
434
479
49
366
439
57
429
8
466
203
750
20
602
55
1024
379
467
2196
492
379
1411
624
113
1338
542
429
288
200
30
17
625
36
2
164
93
480
462
507
334
194
960
668
264
123
135
532
486
10
1582
203
270
716
821
367
255
609
1050
412
457
179
183
342
37
41
253
156
197
51
134
568
267
24
408
198
233
272
50
12
465
2287
146
416
330
925
301
1806
211
2449
115
96
110
1081
410
86
293
92
364
512
165
79
602
931
604
1140
272
11
218
277
1026
312
56
278
462
462
471
1315
473
1888
915
341
90
1005
890
2647
219
27
23
573
1045
336
37
232
325
151
369
114
176
93
1267
297
156
688
428
796
1025
318
80
1329
55
382
424
435
191
391
595
508
1515
230
176
351
311
158
343
144
1133
253
70
534
1159
797
173
222
98
1556
290
697
2456
198
430
204
1
41
862
335
92
72
69
299
545
294
711
331
1156
237
1500
1097
96
181
195
725
494
100
390
320
26
989
23
1608
211
163
52
334
70
223
61
912
178
452
502
40
1790
1111
175
863
534
557
205
570
170
135
985
111
937
790
171
19
269
1087
216
611
622
174
2133
371
263
115
212
1081
816
25
201
75
293
1229
600
1450
141
4
846
141
24
99
84
407
79
336
548
38
64
1184
19
121
43
244
398
35
694
315
82
589
341
395
138
579
700
7
736
840
1154
105
605
176
25
221
1237
156
303
104
34
60
2008
482
48
101
552
159
482
68
1432
1067
48
698
204
209
273
822
243
64
268
337
215
721
634
142
371
1085
139
321
3
1435
1089
1180
198
792
178
154
651
117
283
106
213
417
1352
81
544
1309
25
76
13
114
475
440
742
353
192
1460
34
40
408
151
66
253
133
190
21
18
181
808
320
97
793
476
315
260
131
1348
414
260
411
1353
549
326
551
326
418
1317
168
17
44
698
30
100
555
847
675
718
161
541
91
582
52
203
47
307
543
624
89
254
816
653
399
14
681
39
110
1206
617
79
155
1078
537
505
510
644
352
259
28
2215
38
358
1504
434
244
62
144
63
120
578
408
66
142
678
1047
1165
98
1441
484
450
234
318
274
498
378
199
471
248
359
963
151
712
226
75
90
420
1157
1178
755
978
279
109
72
449
33
85
885
1657
55
195
824
191
19
658
607
247
548
134
111
66
657
886
210
654
1833
346
610
288
32
253
593
399
378
217
127
18
1141
377
96
132
482
425
209
241
531
12
2516
352
64
870
385
1413
66
293
386
67
62
294
194
1020
96
266
1078
1775
121
357
1677
715
431
1251
64
202
428
300
147
256
61
379
1388
522
920
1503
191
544
462
1220
85
713
339
57
2296
81
33
243
838
989
315
67
82
427
368
276
41
1042
38
256
141
66
52
97
148
552
436
203
330
163
73
246
48
254
300
13
188
369
178
175
115
554
1082
108
62
137
578
798
342
992
56
450
419
436
199
13
188
44
564
112
1130
1009
504
820
130
355
1024
94
114
138
273
322
76
1019
995
280
248
1271
94
305
433
177
15
493
98
202
326
551
25
276
506
380
441
296
301
149
208
70
356
1079
212
675
115
938
76
281
743
246
1127
73
511
385
272
39
364
86
27
38
604
707
9
625
633
511
47
93
303
1046
109
103
832
594
211
249
767
271
235
1246
50
22
843
1945
98
405
246
46
7
71
214
56
746
265
167
578
953
154
46
436
809
315
133
65
799
1267
308
840
979
699
186
258
98
25
199
138
145
57
154
157
110
23
635
653
261
580
63
250
326
250
159
945
45
298
143
270
409
594
63
228
1430
123
422
485
1146
784
628
165
787
898
551
144
1159
654
661
1182
2440
889
724
1034
1348
55
2120
156
732
335
89
313
306
18
9
430
226
287
1150
398
744
295
651
1882
1479
183
524
690
115
28
805
163
441
35
902
297
64
460
730
889
425
235
770
349
210
2793
42
647
192
122
498
598
17
353
345
197
885
225
771
155
1884
91
154
27
511
11
120
1771
590
725
314
18
102
1143
75
199
651
84
642
248
225
45
576
304
1461
78
29
584
137
4
72
599
666
267
1566
382
37
144
412
187
50
640
172
174
424
876
152
225
1003
301
83
281
88
723
309
1125
99
98
243
1779
339
1698
125
618
365
134
128
637
486
827
185
122
480
131
136
72
285
1550
383
397
461
637
103
752
170
975
842
88
494
406
244
46
23
850
1115
104
602
463
63
416
492
141
123
33
8
123
201
346
1544
365
6
113
1001
393
245
1177
563
319
196
866
740
143
236
1328
1038
19
99
458
153
142
697
49
750
535
640
39
1420
106
1103
168
779
622
613
313
220
675
121
226
1057
756
213
726
585
395
407
1215
190
24
1134
219
1033
2036
52
169
262
595
464
689
297
755
407
791
286
1030
139
312
426
318
34
480
491
271
202
174
231
392
20
261
394
971
333
21
75
595
688
1153
149
1214
42
549
880
272
892
722
94
754
630
161
438
179
34
392
133
99
266
51
318
244
218
1301
445
699
1529
41
3
1561
999
860
109
1463
1038
190
39
544
905
1034
204
54
532
981
432
20
303
719
111
507
128
49
815
591
585
1330
903
75
620
117
1620
1629
19
584
170
109
44
34
658
570
243
370
656
544
2008
1622
448
76
898
245
1510
793
90
65
604
277
459
179
315
169
125
103
336
242
25
2129
326
56
333
806
278
139
2103
422
33
67
207
997
2105
114
84
978
148
100
326
441
3
153
776
14
233
158
774
912
215
155
2200
142
165
248
173
1329
41
590
541
173
3123
51
940
363
511
136
388
145
132
275
854
46
28
750
504
924
978
673
154
781
241
952
813
219
130
218
171
423
800
694
55
32
310
136
489
486
97
1273
465
666
72
53
1080
331
1226
90
786
1384
1940
193
316
135
815
39
1489
69
804
53
66
387
155
477
227
138
180
2482
324
91
793
900
1758
1242
87
97
414
79
393
521
367
233
207
143
39
309
263
413
238
322
24
97
874
423
759
83
226
281
54
56
32
662
274
159
152
168
836
284
223
123
65
9
149
145
848
219
791
23
228
1326
956
204
254
180
545
1748
133
504
13
417
445
1138
531
119
22
1069
3
297
329
41
1621
93
156
91
97
525
224
37
895
284
157
602
944
538
35
107
1058
285
238
641
206
504
213
661
110
865
273
464
238
541
368
249
100
157
565
43
206
65
111
10
344
317
273
288
486
991
956
341
3022
790
104
1231
185
71
168
1512
216
112
138
1524
15
28
574
92
229
658
564
96
720
83
1040
1095
138
112
1986
810
199
490
401
152
944
832
54
575
601
105
607
37
150
1710
507
553
237
1437
98
1678
737
458
20
209
163
422
885
17
248
63
54
2171
36
89
421
746
124
101
39
615
798
24
665
14
1035
610
253
553
210
755
307
373
1465
592
480
30
253
394
1288
45
318
703
1264
297
453
512
626
716
224
123
1049
449
42
193
11
214
44
1345
826
57
421
829
14
402
485
475
10
6
714
1015
466
207
399
553
125
323
1266
265
449
158
197
163
145
19
19
451
108
253
1628
246
618
120
664
16
601
37
473
247
1455
507
197
133
114
292
736
441
1189
2399
46
290
392
616
68
20
825
32
221
68
424
844
63
961
68
304
686
430
423
65
330
1493
631
241
116
23
518
65
344
901
1578
281
187
590
256
318
314
304
424
212
489
74
94
68
129
702
665
657
676
447
322
1303
263
739
755
477
81
592
132
322
137
93
544
775
157
217
612
286
334
743
92
159
129
488
1258
1097
113
27
151
57
1110
375
621
125
754
54
454
537
91
340
91
1467
1081
258
1378
453
478
863
259
564
1257
485
540
372
43
309
669
96
202
144
381
1117
37
783
152
461
458
360
169
73
385
2902
463
161
503
163
316
2177
1809
949
593
337
44
198
839
560
713
1027
27
442
265
210
52
46
61
828
323
633
143
232
137
306
134
1062
203
698
238
398
240
1202
287
136
234
311
1304
239
120
84
211
278
134
355
199
41
469
73
240
478
434
181
57
77
70
12
3
381
75
122
1068
625
21
225
1490
418
239
42
799
64
472
677
2
1069
299
142
157
593
98
44
108
366
776
89
292
566
196
991
2
252
356
353
350
137
460
338
265
108
62
170
87
483
163
405
39
328
437
184
682
738
1668
18
132
6
148
204
512
480
776
284
101
1135
1449
36
1097
736
679
63
450
210
13
83
1040
529
700
647
791
194
951
382
1093
246
155
528
397
475
281
136
153
2331
38
67
427
363
485
67
610
1345
264
511
68
329
926
592
718
237
1468
104
2117
73
262
893
401
287
1011
1213
45
86
576
29
758
45
357
75
189
376
483
218
605
352
202
420
141
17
246
349
36
33
637
12
575
61
11
117
958
701
85
38
58
334
229
599
426
96
71
51
40
72
1383
8
31
1912
49
320
648
11
411
61
515
1034
3
236
616
74
291
53
197
205
51
1263
24
542
759
566
264
612
413
299
967
207
226
201
380
1024
580
447
345
668
337
613
1084
183
170
421
526
129
150
109
210
11
9
188
277
1593
1033
112
424
123
156
689
206
1059
42
16
552
967
274
249
513
208
115
248
227
1051
91
362
36
443
379
123
30
203
42
327
398
160
274
210
114
998
2753
205
175
282
2480
916
1928
121
70
439
458
103
384
237
403
826
230
97
47
1814
116
487
1143
342
805
195
342
487
52
1058
1537
1186
634
404
923
1390
114
612
192
935
310
438
805
859
87
123
125
329
609
50
127
1529
352
177
126
73
351
1338
229
1080
84
176
484
208
751
138
303
220
81
527
450
640
1279
635
133
77
117
107
625
261
175
310
375
114
112
535
1302
520
1285
213
492
243
85
332
148
1812
332
1599
1088
728
513
31
364
688
687
266
486
20
196
1329
90
98
61
427
843
1126
489
276
327
1109
20
54
472
83
368
460
1403
1074
360
93
1390
95
834
10
6
497
135
107
128
92
292
1053
836
203
503
1112
133
230
597
731
1180
367
685
396
215
2569
269
327
145
233
462
16
307
29
233
26
121
683
8
1214
356
372
145
981
633
228
598
153
657
1300
198
51
512
351
339
158
466
126
203
885
314
804
178
233
342
172
721
46
638
566
719
89
151
1008
369
559
509
441
584
167
296
614
235
317
320
845
923
259
979
173
586
147
192
20
831
682
127
637
230
597
194
27
5
280
41
50
438
51
5
57
189
422
117
145
167
377
105
494
102
89
199
1265
522
194
325
1194
576
505
62
150
199
7
82
782
408
1692
96
45
36
1408
629
322
109
273
165
635
158
122
1314
58
1588
126
1272
577
2190
61
334
827
454
489
382
325
628
411
163
82
939
627
1480
571
1074
230
387
931
262
251
378
137
132
676
172
74
280
866
82
90
752
357
737
849
121
652
106
71
617
86
204
2390
6
1325
69
642
423
1229
1206
95
796
88
638
523
508
2
277
861
1724
234
947
202
83
982
329
491
183
48
354
2480
332
988
835
47
372
54
438
25
342
1181
887
21
55
843
2011
1579
107
197
497
1462
29
985
513
1110
1188
535
1184
1051
702
135
640
236
1006
124
499
519
152
1485
603
420
445
646
1003
121
346
102
64
785
418
308
239
1025
103
503
473
82
430
1746
613
197
313
517
248
57
584
183
1604
427
29
1124
639
678
68
719
401
528
290
2324
442
789
435
40
1525
43
335
285
255
445
745
895
577
51
746
255
420
968
258
626
109
150
83
793
80
118
441
799
185
580
471
283
284
102
30
100
532
20
840
86
988
585
20
240
157
591
260
1189
198
1626
479
182
428
474
191
323
1605
518
104
287
274
237
40
235
309
420
16
695
21
213
232
149
274
180
189
957
109
133
206
846
661
7
673
65
516
483
237
490
691
296
168
290
425
159
552
32
345
34
4
199
835
43
45
119
201
99
632
1051
507
17
267
1278
870
455
387
353
25
353
798
37
326
43
1158
808
112
435
196
1001
672
296
639
219
340
54
20
995
357
176
79
930
135
243
488
201
274
842
250
725
511
62
355
234
3
211
1512
132
994
84
346
131
148
211
571
196
92
3
363
183
468
2414
97
509
291
178
995
679
72
275
313
683
494
16
2085
933
2570
133
376
694
393
940
300
2418
450
415
639
593
37
581
452
1104
538
580
352
303
382
265
929
116
180
531
363
848
123
38
452
163
467
2351
1310
275
461
854
137
345
1032
294
285
293
150
162
36
458
1153
157
273
2
157
777
244
255
677
1043
1913
403
214
558
283
773
122
492
208
494
334
263
453
1302
146
544
1138
391
63
710
385
76
808
400
737
266
612
351
398
1546
1105
147
67
42
335
864
1028
246
1043
671
285
135
742
916
368
97
676
65
1201
70
121
401
163
447
397
225
199
94
181
395
879
114
1254
240
495
456
442
1069
658
765
168
1879
171
940
53
183
151
29
44
10
15
157
297
954
64
123
1422
90
876
381
101
212
91
324
1090
208
506
1733
18
329
809
1134
24
260
170
26
369
15
485
371
328
513
278
636
422
940
897
6
49
273
634
1001
476
525
1052
131
69
304
179
161
1013
588
232
3
374
1558
18
138
72
886
134
564
414
123
892
608
3
1314
169
617
35
424
40
276
156
125
805
171
293
148
12
1500
118
363
3030
1720
444
412
270
254
41
128
207
473
439
150
130
55
54
970
593
1459
254
253
1203
216
584
370
374
425
69
1414
690
1776
210
1677
852
778
180
591
121
244
222
7
294
384
1248
730
653
10
640
229
144
50
264
387
62
116
1
455
591
76
55
33
222
79
87
153
100
100
158
324
253
848
603
2814
965
925
211
120
138
206
122
19
434
61
666
1646
437
472
232
406
191
1362
173
813
876
190
51
681
153
278
944
1197
959
82
828
455
33
218
171
338
56
1609
873
297
152
1193
158
192
199
98
82
841
1005
348
66
138
758
587
1370
631
638
265
403
934
1089
675
1337
183
2196
272
1197
154
70
450
156
165
6
390
306
64
370
33
158
162
269
353
71
272
374
145
205
316
323
262
890
1782
1017
865
770
478
71
1288
633
653
64
743
1381
593
350
183
1667
205
144
1002
510
129
1051
753
40
212
628
832
559
396
112
898
487
493
678
380
156
558
1102
670
339
352
1718
134
174
321
487
55
803
788
772
160
387
101
580
121
131
649
407
266
140
145
311
3
2832
275
64
1731
172
96
48
294
