1
244
247
490
497
424
627
1027
558
51
460
219
183
1377
1008
563
320
1616
673
1703
286
933
989
578
1404
65
255
2238
2399
1289
1685
528
585
1339
2799
2626
893
1098
655
578
95
197
1603
1447
2136
90
1637
257
80
1717
366
2340
1948
96
6
748
1067
323
867
364
883
987
4005
2009
1713
551
835
2416
2210
177
762
2432
206
2483
168
319
4057
713
3773
729
1821
3622
2033
2306
429
1902
627
911
1795
604
586
2365
1144
294
1300
1199
754
795
298
363
1666
289
1484
2041
650
105
3190
2815
81
403
343
433
3729
1633
254
893
771
175
5176
1741
2532
60
4529
1154
2382
3933
1424
446
1598
1799
185
4388
421
43
3000
100
4421
158
1801
4
2038
647
228
2406
2839
1042
127
824
904
1964
1789
8
290
467
3122
674
4534
803
388
2330
493
192
1669
193
946
1260
65
55
1974
260
5052
128
1714
2336
2
1818
1049
2958
1992
1231
112
18
550
2497
337
760
438
2815
4259
203
203
1149
2002
4110
619
58
3083
3014
1504
1462
908
4260
7
435
1946
3364
458
525
1179
456
75
3127
605
476
723
5235
2560
304
24
28
111
2217
136
2577
497
399
342
1511
1818
1328
678
2797
1503
5250
1475
2147
1854
331
241
530
453
3366
244
826
1102
677
2159
590
1092
92
2310
6494
1400
2821
847
792
6246
3669
1020
1173
583
520
1245
43
49
2229
3075
6
1116
849
1358
3046
840
2805
6377
2732
287
1060
450
2868
1485
3081
6
14
389
646
3410
3569
4240
947
8
403
180
2382
2621
3047
1467
2279
1866
368
1724
2320
1671
180
562
399
784
2620
3595
1811
453
129
2193
150
2080
3262
4571
1705
73
2573
64
734
958
900
29
1652
246
1536
3610
99
4046
1207
2927
1410
383
1118
2224
1952
306
261
546
66
576
930
747
3904
4256
847
1034
117
2341
386
479
1121
262
3651
1242
2312
4356
2836
2152
3080
2198
435
656
173
1157
50
562
3918
2853
1943
796
325
900
1652
1888
1016
1488
40
4401
42
1905
2247
224
292
390
165
130
1235
1028
1800
102
2311
334
500
30
748
1894
280
22
437
1761
5262
548
1808
826
2886
1910
5149
125
2035
278
234
904
1312
1250
1005
497
267
90
1198
3495
623
2521
1816
951
799
1020
165
292
67
876
1032
476
2131
2093
2005
278
173
2017
893
554
80
533
2335
265
226
1098
487
4603
337
1420
1820
2169
4065
1166
1606
519
3155
386
2976
6020
2170
629
426
1074
2783
1108
3302
49
2739
2026
1525
4164
1111
2082
334
424
2844
1585
281
2967
1399
112
2057
1323
428
2300
518
1231
869
2235
290
669
619
1193
1803
431
732
1894
288
2423
9536
3451
769
2335
682
5998
649
392
1172
1128
198
635
1253
7524
2673
697
1147
3699
3629
1276
2280
1258
1446
2264
2542
963
1602
30
507
45
208
1106
578
1147
76
325
3401
2124
7877
800
464
268
1984
2150
2
2895
1747
332
861
2503
1036
1552
144
1058
1755
1058
1902
287
1351
882
486
12
553
3212
8204
781
1838
188
827
3063
2430
6559
4456
1230
711
2966
1137
509
2402
195
2734
1004
1628
2530
1466
256
1962
2025
7023
160
427
811
2533
778
159
430
411
656
326
190
1473
2920
797
226
1769
2085
949
48
423
4710
3448
1411
1617
594
2154
1126
679
69
1735
668
5376
1281
1776
347
1135
7390
1164
2244
5625
4749
3325
1051
214
1628
202
1310
2874
1495
91
4673
1396
2736
1273
589
1380
795
2603
505
669
500
2013
1344
316
4686
555
577
3032
183
816
757
1336
4819
1166
103
965
3474
564
24
2405
2482
1162
626
76
855
128
196
665
1060
1587
341
877
2610
839
482
830
238
2044
2904
646
1416
8211
2780
4597
4804
4359
24
248
724
6312
533
389
209
113
2037
631
1345
1147
480
1199
93
4911
1337
1727
6466
4474
3209
535
5788
2033
191
1735
2739
340
1156
3171
1038
4261
302
1858
1865
3289
655
1038
5252
2883
646
1415
7819
1690
1702
2068
247
776
2129
39
1433
710
3655
692
7956
505
1899
1012
1069
5062
1736
419
229
2691
263
1620
809
131
573
2537
898
189
337
189
1179
984
28
1082
1366
3693
383
236
351
1631
272
1462
74
2896
2455
3229
336
1057
1240
91
1683
1614
1862
691
953
540
128
2006
515
1670
3947
2933
782
2392
40
1245
2483
1135
349
699
1277
1941
63
1336
25
627
1072
1048
350
3078
5266
3630
3971
2868
772
78
776
1572
873
689
2347
2378
2393
1427
1044
2390
2082
184
696
204
758
828
1756
2987
3456
436
34
5729
109
2459
3140
2969
861
106
4037
262
17
1634
567
143
590
3333
126
2166
721
770
118
3000
4039
430
67
955
5577
649
4374
3839
3932
1778
615
299
3744
1346
981
1141
712
314
715
16
246
334
47
44
3894
145
1003
1460
1124
1037
382
3396
1753
761
1298
1155
97
1428
152
2413
37
2069
72
5811
860
1776
269
140
465
4140
419
931
167
171
1208
2007
5652
51
5969
3350
21
1031
422
2560
3376
118
166
346
45
2754
4405
1337
1351
1001
2153
1134
235
1902
1358
1677
2823
970
451
518
1149
193
1442
199
2540
462
1151
49
5042
986
2693
5916
7905
1564
601
3200
166
4313
7452
2
988
475
1478
3317
91
533
3546
3943
493
1396
93
3770
1272
873
1119
253
758
113
4173
2048
1238
1891
535
2131
1421
552
187
227
4468
73
561
413
1634
313
8
2751
203
3153
98
351
995
1950
4
299
159
210
2210
1108
83
3627
1263
655
1442
1399
1320
260
389
289
2326
519
4459
1586
2836
775
414
701
2027
1895
351
344
2340
1589
1283
2660
2795
509
644
686
3139
1375
191
1948
218
1520
228
620
998
23
513
3778
755
31
258
5059
481
1133
1950
1185
1632
98
3935
1808
2753
2632
969
1334
114
1303
494
1695
2154
2484
1777
1720
1404
1912
41
1382
4205
269
31
1074
1272
119
16
1112
1145
262
615
1653
1662
414
616
1250
7634
2370
53
1467
2158
3532
560
319
685
558
3060
1131
268
88
2427
2654
1056
2475
3128
3031
211
386
18
1029
911
643
1532
127
1164
2724
383
1069
897
4100
1476
259
2074
2816
327
3595
1192
861
1543
2120
4581
3193
51
19
1547
7305
179
2299
394
2152
1329
1469
528
104
4378
303
3343
1836
399
888
2753
554
842
4100
366
359
2079
1326
511
1859
817
848
10
1470
1126
2899
3861
33
440
3870
3812
1015
2742
611
1215
3121
293
251
1642
747
41
402
388
154
2282
1610
590
2906
1082
1083
906
389
549
3202
1186
102
86
751
3113
698
435
770
692
927
3529
1258
1942
4006
2980
1472
80
766
2061
6852
1384
6042
122
1465
999
5311
389
151
628
1735
1126
2138
417
271
1016
1197
743
600
165
1831
1280
2529
222
6668
1195
1392
709
822
724
478
543
2028
21
1404
119
1530
1541
2519
275
727
793
38
354
623
334
3890
377
914
1035
825
227
461
457
931
252
1393
1385
732
285
159
512
282
265
375
165
3184
195
31
261
932
123
1791
186
1081
7266
7
2426
271
531
403
429
851
4209
28
8089
30
1637
1056
1290
3488
1698
1289
1675
1217
955
495
622
2115
1815
2421
1352
159
2084
2366
496
391
1100
4466
1430
187
746
2679
851
438
452
2150
628
264
313
467
2513
1749
388
144
974
2535
1426
931
1207
728
6119
162
280
523
2383
167
803
376
677
1844
8248
1825
1354
966
892
2735
357
649
1947
255
940
1992
8392
2266
1240
2026
1481
1911
2149
378
495
754
493
3290
1891
2351
2101
314
8163
3368
788
190
441
418
274
284
4157
4537
813
620
2160
548
389
1831
1758
3319
1443
867
11
1674
497
849
978
467
463
5722
377
1689
572
642
895
2102
582
922
100
410
1477
2792
609
2628
2448
1817
2818
1725
1847
3739
2098
1293
2759
3625
2588
9045
383
226
1747
2634
25
275
735
1248
2160
2769
606
1173
493
283
748
159
2746
2759
1023
509
2416
1701
1468
1176
522
601
2752
1934
1545
6947
717
1147
1104
379
49
2409
232
1549
53
4829
2202
306
1521
140
5115
1014
7128
304
673
365
288
342
1414
2509
1815
2590
3280
2
1414
4566
2060
2234
8334
1471
4008
1353
1888
196
4399
1447
550
354
2561
131
1564
355
516
442
50
2616
312
1864
1963
3158
139
10
317
2192
1559
1240
2387
1500
902
1498
464
172
3500
908
1969
508
378
84
1178
5821
2616
3794
687
365
1028
791
2551
1055
1035
3078
21
389
3329
548
36
148
512
1386
5223
2314
80
2546
470
3035
2629
1085
6569
1904
87
1555
6454
4032
942
1662
3430
1636
1640
1377
2310
240
745
98
362
1288
1373
109
2967
1527
1473
1355
321
174
1107
337
223
5736
2616
495
935
5206
914
979
870
2089
245
1281
266
1165
2836
489
602
434
1535
1494
803
774
929
64
2391
3844
696
256
308
2133
305
20
948
416
2171
271
24
613
2398
3692
1394
476
160
4862
5852
2255
1513
1646
3680
729
1540
942
667
617
3513
1014
737
1473
3305
595
1054
2608
4094
1525
345
23
968
4757
2713
611
132
4063
425
908
2271
2167
993
1598
3234
2605
354
2573
3744
2110
32
2381
1525
791
1727
2073
3812
253
1609
860
692
1856
39
682
1113
845
744
58
1450
3487
260
946
106
4864
2015
705
3576
1715
1118
16
1820
1364
809
1718
558
1569
3385
42
3181
2604
683
2120
285
1560
3085
2286
264
773
713
541
1657
836
1184
471
597
750
1261
2585
241
224
3639
722
52
1604
3024
492
1140
1095
312
3011
1977
1349
1897
1281
1105
1164
365
780
419
923
1318
8
115
1551
2442
111
1606
846
1350
2900
766
1894
67
457
1227
251
6128
256
1513
362
2323
2145
367
1897
1411
3750
542
1057
1630
2326
2153
932
639
3141
1760
1499
421
518
529
1817
5779
3812
3062
3436
677
684
599
124
374
5328
529
1219
137
1156
526
4870
1996
2955
1057
953
1540
1462
3274
1787
3393
1376
109
195
4943
158
48
360
3509
1202
408
2410
585
5052
436
3229
1888
414
1110
186
2111
82
995
801
1720
1191
47
839
5467
2236
5477
1921
363
2329
167
1840
402
1145
7159
4635
765
222
877
716
2705
224
398
1211
3828
91
362
155
2942
664
8
1556
339
562
2608
1588
646
3137
1408
2934
2885
1952
661
899
565
3090
62
735
437
2143
143
677
19
181
88
635
2694
361
263
362
204
3201
115
155
2381
188
54
16
3399
1635
773
687
125
1540
6
5834
441
2206
1469
275
523
577
1547
2474
2400
1195
602
121
188
101
1192
1341
194
592
388
173
70
473
28
111
21
1386
4119
720
1914
4178
1087
3150
193
123
774
1846
1029
2575
589
1437
1590
1681
2186
165
311
3379
826
709
1640
1770
1210
2882
301
456
430
679
2022
259
1035
3817
413
1209
592
5755
304
1322
1868
1764
3677
37
911
484
2186
1761
2223
3500
811
1287
5469
2285
741
2488
695
306
1757
4336
1888
1804
3638
2216
66
6008
2499
499
2107
148
1764
78
1016
1498
1456
1185
2133
374
1481
19
397
3030
139
693
166
2972
159
1753
1052
1188
287
2006
22
1397
2933
4402
2688
1246
4
1678
796
1166
431
296
7106
832
1203
2746
776
494
3532
1732
1404
2854
259
2356
478
4625
21
291
1279
2876
1750
1334
6182
2453
80
1085
667
2641
3540
1344
864
216
1247
4371
1412
3048
1315
1933
86
1715
568
2796
2911
445
319
126
1585
1531
1646
347
597
734
2351
2751
1011
993
301
3320
1509
744
912
188
4190
932
3051
1409
753
4241
1475
159
3494
1835
777
894
302
3122
82
37
724
2087
2407
3707
319
702
918
356
8191
69
1600
3260
168
2330
1131
2758
50
538
536
3148
2732
1641
995
3414
296
367
3684
1133
6234
143
457
46
1396
660
514
1462
1510
941
2621
971
2282
91
858
199
2449
1321
932
315
376
3228
8
6708
435
2285
1386
1012
221
2419
1794
614
322
117
1544
1108
1115
1545
3308
2080
1385
4192
4886
1626
2935
506
1469
3400
556
113
576
73
99
926
22
1728
3543
2376
3735
223
1433
1300
5076
1131
3
746
3788
3562
4235
1262
534
2375
480
692
1698
3150
5685
2055
331
876
165
930
304
1489
372
2576
1242
138
1370
8174
4959
1154
949
1796
944
1006
432
605
2861
2378
208
5094
832
1371
3395
135
1210
2884
357
2032
1750
679
75
1259
1070
752
2641
2797
666
2710
2593
1250
2121
830
608
70
378
2021
2833
14
568
4829
797
1256
97
5896
217
122
329
139
65
4238
1208
633
715
4031
1114
2797
237
399
410
85
3982
2303
182
2681
108
26
1455
286
1415
189
402
4
1814
3662
448
360
547
2643
572
2868
1750
556
200
615
802
2196
3077
411
35
1171
62
282
6455
1042
441
1254
3886
1563
827
799
1302
2245
2671
460
3477
2081
1084
41
181
1824
310
545
550
205
2543
3730
3500
1182
228
76
666
3104
332
760
204
143
510
384
122
4957
80
942
1081
334
1703
786
4259
290
532
117
1455
880
2284
1708
1897
207
117
3873
99
2871
5610
787
1162
71
921
624
7544
786
209
1377
7494
5200
446
302
1300
1216
1079
2267
1986
3439
5633
181
730
820
3289
385
515
607
811
785
171
147
559
258
79
2252
187
147
283
1161
100
12
1100
673
3874
173
2490
672
916
436
465
253
1423
3347
828
1854
582
941
84
2828
482
25
2089
689
1562
218
986
1832
2437
349
478
1187
1168
523
481
741
2719
424
6626
1890
366
2360
1418
4778
927
693
624
55
598
224
3629
435
2839
1305
935
353
4516
1611
626
60
384
2678
45
221
3521
2510
1556
1247
811
2958
3272
43
231
1148
820
2056
79
1587
2883
1329
1452
1555
3098
543
1518
1497
1870
1618
5924
6591
1900
3598
1268
1061
1798
2164
1073
3237
998
3458
1382
206
815
138
849
6710
1838
507
6976
162
3438
255
1044
672
1002
230
1829
703
1966
278
696
861
189
1717
2394
1923
1865
405
4455
2875
1323
2024
697
2506
546
4030
2556
706
832
1666
2441
4328
102
506
5291
2704
128
1201
924
1549
726
677
239
2710
3
364
2136
578
2033
861
551
2255
1236
1030
886
2230
903
466
92
1587
434
570
1009
2565
932
55
2381
126
1090
275
3480
1329
17
1146
1372
1497
1842
125
212
20
2899
1398
2235
719
1355
160
2460
1268
1835
1380
321
348
3779
3433
537
1230
1209
650
717
1538
3784
1264
1260
213
755
638
1023
1403
171
1144
624
3543
2787
1461
170
387
124
1214
427
223
3277
77
1760
489
309
215
1300
810
654
168
1053
3580
189
1209
512
693
3679
494
1553
14
861
54
2300
1064
3120
7259
387
2979
2753
576
3202
11
1114
2070
84
1764
657
928
482
7426
479
1532
531
5120
721
745
3414
1609
52
336
2357
1221
596
702
1846
4243
1957
1141
1364
758
438
254
5358
531
5418
229
2289
6
4738
70
441
831
1992
2192
41
2146
2333
719
2841
1640
96
1290
7669
294
50
1831
36
5158
4825
2605
8
4749
820
874
2031
4934
1902
1365
1761
5236
283
125
144
1808
52
291
372
480
803
5128
1028
1600
4464
946
441
716
2495
546
1008
1094
1861
160
464
2556
1202
757
266
1553
941
6947
6312
2723
5083
897
914
1140
2410
1165
14
51
1118
411
999
49
786
333
254
223
148
5740
993
2205
1756
2017
1217
3872
892
336
1320
1107
1625
742
1379
59
2223
694
980
3229
1968
1524
626
969
3529
1794
1367
771
2426
957
3928
1306
2823
377
4228
1753
2098
108
41
2042
994
889
1250
356
2409
38
828
2478
2148
2109
253
1195
342
1115
610
1448
14
542
2763
666
881
304
410
1933
20
375
629
1146
1315
534
583
3599
1082
501
1111
2175
70
862
1900
812
793
698
1312
281
1699
1912
3427
1167
2120
1473
52
207
2236
243
1364
4513
789
3760
2311
1695
102
619
1767
2488
13
327
390
514
1611
725
45
4494
4210
4695
2294
1458
2798
765
1564
1009
4377
795
188
3
511
4971
948
6182
3877
3855
2021
36
1917
1815
454
230
625
1951
207
476
191
795
1378
2060
131
249
2750
2094
2889
2193
822
779
451
330
1099
1300
4282
770
1012
247
429
3259
1384
4419
3603
2519
5165
689
2462
633
433
1312
1627
2071
108
467
2185
7367
418
59
145
1098
914
159
503
1242
887
657
192
3363
2486
265
6519
518
2132
314
1774
839
2618
1009
1521
1726
2877
422
654
5577
839
637
475
496
362
1108
218
1181
4220
531
803
623
1136
1594
108
752
883
2293
3757
6308
178
1241
2572
1636
134
505
3
1204
2424
569
949
3689
1148
1187
550
2828
3988
1916
2130
1544
352
5
2626
935
1944
1911
1492
1275
362
1165
49
198
4138
1086
1464
191
456
1238
927
200
2038
357
765
920
1150
8897
196
776
774
396
3358
2347
727
3932
1781
523
628
1506
514
3027
1240
2016
3828
2230
1796
1508
204
4722
529
1421
1189
33
21
238
3526
208
646
35
1469
2309
68
356
3079
1174
1065
361
2216
3233
5661
3578
1634
5590
798
282
65
644
1653
1593
1522
659
4033
847
648
3451
1618
3283
1279
156
995
1486
6040
1524
1516
6004
1856
5944
170
173
4479
2577
2068
1689
2262
466
1170
775
351
932
372
1334
2758
760
229
208
627
1462
668
2736
883
1819
2342
410
631
335
522
756
462
1008
632
326
23
1279
1113
1307
1293
1109
77
770
295
518
1705
386
2296
883
341
887
6600
1290
210
1420
1856
3742
557
147
317
63
335
2422
3330
3650
81
1066
1166
171
3332
487
497
3383
2155
898
3012
4327
1697
9756
1119
447
176
782
1070
1126
377
987
510
659
55
6053
1350
317
245
39
163
1422
233
2002
26
580
5234
3994
19
3028
529
2095
364
1274
2257
199
2474
638
431
155
715
1047
142
7362
2656
3747
2890
208
509
327
633
2503
1735
866
492
285
447
274
1077
2042
511
230
192
800
2082
657
827
1850
7333
530
3851
2459
9216
3722
149
1239
502
4061
564
413
1428
5107
847
848
783
864
1762
2967
835
2152
179
1283
3876
430
620
1625
596
1109
4912
1228
273
2255
241
796
766
2925
472
1178
1391
4196
916
2128
409
3479
14
1137
3232
3171
1991
1472
2102
666
382
3200
1052
2956
1807
6505
4591
1363
4055
79
2165
737
43
43
674
1696
1699
184
2097
246
7303
1916
185
438
916
1557
2300
1360
2926
3002
1416
1350
118
557
1694
2845
143
3494
764
1752
2069
2061
2416
1081
398
3008
789
253
3900
1262
3030
904
753
3648
511
433
668
117
1069
3950
7533
6227
991
1104
1400
709
2040
2827
3058
1102
1479
3648
1490
3436
193
770
2399
2335
139
1723
1609
519
1109
3165
1777
25
749
1653
3373
502
5453
488
185
564
1072
2036
377
1266
17
508
245
238
1018
549
1006
2524
60
406
4908
2343
2411
625
3729
2754
1259
170
225
1248
1392
1628
1023
1065
2626
859
5906
675
292
75
12
379
1260
669
2421
2833
1496
3230
3232
695
174
683
5103
54
2597
1189
934
3775
552
1787
1477
415
893
820
1282
3071
661
1627
7379
755
684
1681
292
4873
2829
3909
487
548
3543
788
2131
825
620
957
983
756
1093
1630
3447
743
1598
2769
1157
795
23
16
1537
243
730
1752
3467
852
720
1447
15
1823
980
3604
1022
6285
3688
702
2681
161
3478
15413
1671
186
1691
2015
1678
2143
1400
780
2903
2193
609
2053
1178
272
1344
671
807
3342
1245
1701
1906
3065
3158
1045
2642
459
371
2306
3117
1063
1062
1514
1293
1225
1879
2904
993
1806
772
294
725
1124
3743
3086
447
440
1455
1666
3191
2523
760
1633
913
429
391
3496
1728
2793
2628
910
704
1620
1803
1270
1401
576
1052
2353
1335
1177
2687
1247
1435
3363
152
2920
567
140
623
1358
690
3810
1703
189
4267
3142
2064
89
7293
274
987
1218
2618
589
943
1512
898
1494
2632
535
1557
1676
776
1087
312
1364
1429
3801
95
483
37
1451
1514
193
180
1
514
1193
1860
313
636
1719
1991
857
4058
507
552
413
245
123
2241
4987
4082
4508
571
1531
1242
1667
220
551
1079
855
367
3920
128
1047
751
2023
917
1943
187
5972
410
2681
1516
1432
3215
512
3473
1869
672
64
859
322
719
3114
3901
1
1827
1387
1346
1783
1019
11
130
2564
3613
343
2510
1480
402
114
2023
1
164
12
1109
2461
829
8585
2152
171
954
2291
334
392
462
115
1397
66
192
548
2155
2193
315
692
445
2225
509
1098
889
1292
545
70
229
5803
110
297
2725
260
6259
2051
4130
1947
1213
4508
1360
2797
660
148
3000
877
664
962
459
4864
160
1020
470
1326
573
559
93
2309
1224
961
1574
272
2121
1364
1113
107
2475
399
2128
899
1492
838
229
1009
743
891
1054
891
67
757
4175
942
764
1170
1389
2493
1308
2416
4809
531
1106
25
937
1426
2691
1219
3477
8239
246
205
1909
460
3707
5272
1165
947
241
1456
802
252
2324
115
119
1798
5047
181
2024
122
1323
1069
737
821
2031
240
166
229
1202
78
729
1439
563
298
2019
556
846
1971
818
521
380
3151
3129
822
1144
863
268
3662
1030
256
2187
99
859
657
1517
697
1802
3020
1951
705
3954
7286
1899
2017
141
1261
1240
632
1765
84
1246
1121
1313
4010
2777
3255
1604
587
2745
2837
868
610
3556
674
3004
1616
670
6059
1282
1462
2
213
98
3295
89
3035
2642
820
3744
451
1062
84
115
1008
2423
1162
450
245
1709
1745
4341
768
247
319
2548
1870
338
670
812
2059
1357
1163
518
894
288
2577
154
655
1866
282
951
127
676
1561
1248
1960
228
790
1555
922
1532
1347
667
77
1479
352
474
2091
102
1008
1438
785
1615
429
750
161
1448
91
1676
904
682
3548
1107
700
1123
1085
763
1728
627
1222
690
3634
123
1249
3768
5650
3029
2108
3855
959
5719
3767
1892
1705
4007
865
3040
44
901
1600
190
502
1848
739
359
2062
363
1146
2783
460
1620
1164
4126
246
2336
603
243
103
1766
3060
1574
348
758
37
9248
874
1233
312
116
1046
18
4859
3720
776
2340
1908
4763
84
408
80
2418
1104
2186
475
1690
1045
2755
4051
725
6360
232
295
149
1538
180
853
734
2233
1365
58
8194
304
334
1158
595
284
2325
99
2593
666
1094
1392
426
1195
221
2290
18
1675
1952
4244
3693
2312
247
164
72
2949
2790
3100
688
47
1900
3120
927
806
1532
1083
322
218
246
4
1388
1797
74
4636
96
1026
1221
1521
1196
2587
2438
595
168
4121
1647
4687
2298
2520
43
584
1085
2803
3625
768
604
549
2637
1050
2214
1083
2197
1613
2218
2937
1107
1310
350
2402
1471
1493
127
2063
449
4
1388
143
2437
1833
2654
149
4477
2250
1294
1563
67
868
2373
505
198
5218
1553
1667
3635
1860
969
2071
106
1419
3919
221
1350
5413
4902
1243
3943
1248
779
746
847
7
2216
22
26
973
236
85
1434
892
177
2023
3137
826
2398
942
974
598
203
312
34
332
909
2641
1568
662
662
1087
446
4330
385
4813
505
733
556
81
1976
594
1812
2467
364
1680
466
3308
9
117
90
825
792
1950
2453
1529
668
299
2833
205
1625
2684
1626
2092
276
1219
967
1639
66
1250
134
73
55
2204
690
1192
2698
1328
998
930
1459
4573
1240
1301
1196
721
71
4392
632
2247
2213
212
58
7
587
238
3799
635
2425
3397
695
582
147
738
1247
742
788
1726
536
1693
494
2762
319
1366
2094
660
4823
3926
2709
1003
271
784
950
4915
1731
2920
373
2856
359
425
1894
2256
3420
3468
1299
2107
1543
203
345
1785
843
1343
987
1147
3214
985
1736
451
539
541
2985
1521
2088
2084
610
1364
2845
2601
19
2726
4709
1565
568
734
581
354
11958
712
1731
1660
37
290
717
1133
2360
583
864
209
310
2630
1119
1937
2690
1609
95
3268
943
130
1826
470
1066
311
312
6
734
1010
1045
136
910
223
561
147
2412
1275
871
508
36
1683
2518
1917
5053
219
1512
1386
272
933
325
2060
1633
569
805
1024
1049
1144
2422
65
199
2499
472
1465
19
927
2763
845
44
2009
1270
245
1239
919
1229
1191
3478
919
709
1124
857
1306
1026
1005
486
952
1452
3966
1510
1502
2049
3317
148
611
95
148
2322
499
2298
2366
2139
1587
3595
955
817
1732
742
816
143
1670
4916
53
599
385
1438
141
687
2792
947
1825
1226
1899
1351
1389
181
463
972
434
746
91
4488
536
661
166
1297
339
102
865
3211
1733
169
1126
1353
2863
1337
1061
1459
5623
111
298
918
647
747
1217
621
1595
3
3646
5357
1847
3356
223
1362
1203
2439
335
775
2963
276
498
88
599
289
91
1817
240
257
1407
486
119
5738
689
181
617
548
1105
1659
1064
441
104
647
361
552
375
41
352
1682
2016
1215
254
558
1881
4497
3479
5312
1456
792
119
2403
108
1138
912
1534
90
3568
1718
459
132
544
819
728
919
740
3626
2490
4584
2416
1863
550
937
243
2368
2294
901
1319
8514
61
858
4765
605
1977
3
152
4302
1606
171
844
112
1203
194
2126
4259
1683
313
206
248
4
219
1160
1180
3155
87
486
1111
3007
228
730
1083
2620
3907
415
1121
3811
1315
97
537
1051
483
156
3799
2890
2448
324
714
5122
224
1846
1211
2476
496
103
1156
64
613
721
3041
85
2652
311
3488
1755
1547
382
1065
1952
783
122
380
1103
3344
3771
3215
472
3491
816
783
349
1280
43
1750
184
4000
3517
507
785
154
1819
447
5691
400
1165
887
846
845
1931
994
739
1292
79
414
656
2354
975
623
219
366
2163
2391
637
1372
2095
936
2643
1086
970
490
483
675
3848
584
747
562
630
1124
1619
1301
876
693
1344
2228
1434
2589
262
886
2149
430
2140
1921
1203
6288
363
1153
623
3916
579
2788
1817
168
50
2006
163
2739
347
311
3030
3830
175
188
2153
1983
1399
1348
4246
1036
879
1191
519
25
1059
1048
194
501
2998
2533
1866
809
518
2572
833
457
132
646
870
2102
346
1174
291
888
1387
230
121
352
212
1460
1115
1210
969
2588
3034
514
2044
26
1368
1483
1008
6961
1529
684
3134
5248
5137
340
97
6025
1952
1627
226
1494
2
2032
565
1128
415
2321
951
3493
715
2147
512
854
214
484
1127
590
2275
71
88
6249
175
1621
887
614
907
552
1067
2945
275
385
1077
41
3632
235
286
123
1589
617
767
530
379
222
1948
2493
3824
6375
1722
3461
2240
3464
942
1934
1306
3542
689
1227
6965
452
384
496
399
443
1036
3523
758
3615
227
6712
3911
342
759
2983
673
2711
335
582
308
271
435
3804
169
1596
1718
5727
980
184
219
3369
4569
1747
881
1912
1336
409
1124
954
1822
123
2198
619
1377
32
196
653
1161
37
538
1172
970
2540
3751
1117
3731
1080
1594
3128
473
1293
10
559
1537
460
3508
159
395
2984
592
999
676
100
89
1632
297
369
87
2224
2315
982
1570
316
238
3840
2696
1375
808
1212
794
2426
351
510
834
863
1442
595
1765
45
1657
13
883
2209
2507
1045
85
691
2177
874
2901
248
1113
2456
1563
3404
909
3332
988
589
239
3626
190
1021
1384
106
45
355
9
1104
2863
55
1915
149
1375
1800
1048
1508
1048
361
1597
1912
2703
4058
435
1460
705
91
1364
588
1962
446
625
176
4428
28
548
2713
1264
3059
1747
3091
2216
101
1180
481
823
2162
2908
75
1245
3374
112
5406
540
1118
98
1715
952
1029
1243
168
946
1214
178
1043
394
72
2910
2727
568
2841
3490
1247
802
2079
3149
264
1682
347
840
5583
1316
73
196
1628
32
2078
60
790
2930
335
1573
8
1625
128
1127
4924
1811
881
1873
104
1766
2096
5395
447
727
3704
888
2201
4179
1648
580
4807
1186
2738
335
1741
1124
2547
8
3077
163
1199
5476
3687
711
6458
206
557
294
1553
4059
17
213
661
1055
1421
3821
1571
433
915
566
2487
4387
122
1818
2326
659
1222
7
3851
1547
114
1044
193
887
1000
1532
1794
1509
86
1630
999
2123
1328
1228
2171
459
1993
4124
54
1532
3315
1152
5195
671
2596
195
2191
298
2781
755
2896
1304
2592
162
499
2394
2814
7143
920
3979
318
1013
763
978
2400
408
713
907
55
3627
1224
1038
344
1588
4257
4294
2799
486
268
660
326
2006
87
175
1790
1966
1170
4114
7
1780
1901
5207
1887
2487
6353
3718
364
297
1788
1159
262
971
162
941
1658
2735
3652
2115
1136
8108
467
647
2710
1950
348
742
302
2524
1633
1331
228
1622
1211
4130
151
1197
1982
380
1591
377
1248
632
2921
5988
1608
534
1010
152
1469
2094
889
1445
2405
4883
2208
427
489
2614
5839
2629
152
2258
410
1869
1087
2903
466
185
700
5383
1150
69
1769
2880
1226
925
999
2756
1936
1581
4897
2795
826
632
1675
436
7267
1209
1519
2966
3970
360
1281
2111
2625
52
1600
1146
72
251
4399
3159
3290
2087
1166
712
1290
641
1914
1222
69
1058
297
1571
3050
738
807
910
1833
72
168
581
403
266
735
469
3564
794
148
1881
1189
593
2082
3453
916
2314
683
1815
1427
1867
1883
1223
1455
166
1220
2215
3554
3669
60
2009
3145
1491
277
566
227
155
2434
3276
2967
136
1327
3922
946
632
1978
2020
1600
4823
144
2276
495
20
545
4678
537
417
951
893
733
2542
1446
185
3071
420
588
90
78
1079
274
1776
203
1008
2423
1233
291
686
2247
650
480
1329
342
754
431
1530
298
3110
6508
4846
1530
39
2
301
2171
4854
2661
747
503
196
112
3901
641
1783
2087
801
663
499
1560
642
770
1925
343
155
1160
850
1747
431
1349
861
730
249
635
1365
1073
1746
1280
255
800
533
2120
3581
1109
443
2761
7024
837
447
391
2134
2343
453
940
905
2935
2980
34
6697
2314
275
335
2438
231
1176
1312
2450
1349
680
1260
1823
199
1293
279
891
1361
1515
738
3436
5436
360
330
4218
555
2619
274
2537
4746
19
2913
1081
4477
27
1435
941
4072
606
714
583
1473
849
4765
293
898
2917
5575
1417
22
889
212
1694
260
1086
1393
1122
1166
740
335
668
578
7135
2184
4057
1139
1284
1237
6002
3021
48
189
2029
224
2301
926
700
2631
2385
622
272
1243
830
4343
157
45
1528
2143
4319
626
1442
1297
415
1489
1125
949
46
597
1895
1225
649
2783
1745
98
86
108
181
2983
1166
2265
246
84
158
643
551
3282
654
507
371
2570
2273
589
2341
426
4255
1730
428
2213
1341
516
1115
1887
2656
209
882
489
3133
2610
707
538
1518
1083
1535
934
256
1393
2
1446
1789
511
282
182
122
1355
221
485
653
1517
2867
5615
898
642
677
621
450
376
635
875
450
2875
70
17002
147
306
2429
559
466
794
1240
2004
999
4845
482
752
1130
2524
929
2104
4927
2091
81
1268
2273
1470
432
2540
3881
2891
526
1136
2170
103
1618
2781
145
1053
2971
391
540
1771
32
604
950
1732
13
2364
1926
1942
564
1796
284
79
7553
1158
229
2967
379
1796
343
1507
2444
2705
5691
80
1261
3900
605
607
1799
942
1619
463
1239
1159
2560
219
356
4894
418
3305
1673
657
136
102
2045
861
1230
5434
2056
140
373
225
312
1771
1218
6417
605
252
1412
5229
974
792
480
5802
2443
1570
1238
1355
3423
3791
109
2649
4069
1263
311
3028
925
3930
1251
437
68
1448
2012
302
245
1397
225
522
312
802
2520
639
3114
1379
1036
423
4120
1797
355
1193
4795
431
1515
39
80
380
1692
615
1463
3108
439
572
717
549
1866
2349
553
5748
3895
1453
4589
383
668
854
1333
3605
1645
1722
1013
126
36
3207
776
849
3861
2924
89
1321
565
422
329
159
1445
102
2533
260
754
519
1177
3789
3219
619
1385
642
454
831
67
2545
235
60
4090
2285
679
4362
948
328
2120
179
1393
4911
1858
183
262
1860
2071
1224
42
1129
634
2588
109
67
156
1886
2658
8186
2545
211
3600
547
221
4449
288
2153
1005
53
1950
1616
206
1771
5321
405
546
379
1195
1201
779
775
3447
760
844
1208
2277
13
1467
31
1296
54
456
3438
2882
70
2600
2865
409
940
4052
3484
1807
3290
1797
1032
1360
141
1135
2363
42
283
3027
357
1206
1161
200
533
6442
4851
440
1954
184
1361
200
56
1760
4202
1742
2241
1498
386
163
30
530
2633
138
653
128
1203
2355
4611
854
829
271
1234
366
2910
2916
2177
3369
453
15
156
655
2306
323
418
128
316
370
1030
2197
1025
1987
3090
2678
1473
1660
392
2515
936
2610
171
341
220
1638
725
408
249
1577
1534
3
1813
1809
2480
1242
568
658
1127
1505
1906
1018
814
1754
3466
1398
34
701
1523
382
2820
279
8
1481
1102
784
1054
1087
22
106
153
1246
933
588
2138
314
1509
2890
4946
1109
1272
139
5170
395
83
779
1470
7283
1182
893
1846
615
403
2286
62
6077
232
1996
822
2098
317
1869
3901
895
1010
4
267
64
197
731
614
895
3937
7923
1978
1356
5263
77
126
787
339
1153
1856
519
1197
398
59
4147
553
820
3140
1345
1720
6663
591
5116
1975
930
408
157
1164
1378
667
332
1170
1331
1768
646
1511
108
445
630
1404
4075
987
1851
9389
1246
918
1960
1474
544
318
2075
2185
1742
1250
2362
235
1273
448
389
335
1173
349
117
902
320
18
3960
147
2002
4166
5488
1291
1061
352
872
882
590
280
661
1193
1006
619
2119
1110
829
1003
7394
408
905
552
1508
702
2557
2673
848
2237
2254
1063
1272
4212
3401
766
1958
723
1429
2022
902
83
1306
1784
47
1170
37
194
801
2412
594
1244
392
800
6968
406
3302
328
166
56
2333
136
2387
1239
991
4487
595
623
2224
69
1233
31
2534
3166
7322
475
138
2054
688
1232
222
3323
1173
2215
271
2318
4538
21
210
2311
348
1167
1919
782
189
1265
2846
1353
3517
1376
2071
530
1024
1438
3762
4
1026
159
1832
1181
1959
1498
1605
570
389
3137
525
630
5685
1259
241
236
917
49
327
692
2533
970
4210
1965
126
3804
2240
152
1160
1852
15
1309
1468
526
1164
881
70
121
2840
648
308
1341
6235
1084
1464
1041
3116
707
1463
79
430
365
3058
2348
646
1345
948
4243
960
616
608
565
994
4540
657
3131
945
290
465
971
1805
1193
1207
2501
198
2752
3650
3537
1408
2801
884
180
1957
3031
4550
187
428
6154
1445
766
523
148
659
3432
939
563
1374
52
1420
3120
943
1202
1117
120
1798
73
3001
1556
621
135
240
3451
5248
3436
303
4130
5799
1108
4520
2721
983
460
1770
3132
2658
515
2629
423
373
753
901
3056
158
40
1739
2479
748
685
2572
755
694
1757
1731
1750
4022
3883
131
1011
3151
249
669
1807
1468
2408
213
171
1828
942
2088
711
48
774
3023
691
2184
3068
402
963
1372
2141
529
2735
706
383
338
147
459
834
1867
585
3377
1052
1984
1497
758
1151
2595
924
2223
78
111
3867
1112
988
2967
1085
78
53
32
177
1229
557
85
730
601
266
900
791
380
206
744
440
1021
41
389
701
447
1806
828
2468
2601
382
688
1312
998
3124
165
2270
2274
1482
329
5913
1266
2070
577
2110
1987
21
183
1478
1519
1123
1346
10354
787
24
49
335
1030
5395
196
510
85
1492
1158
2114
5238
579
694
253
1050
2234
223
3014
1282
456
976
1411
188
2165
298
268
385
873
655
1904
483
1113
908
2248
137
1343
4775
610
1200
896
2117
85
396
470
4986
2575
1093
69
264
2521
369
716
4140
1368
466
273
5125
225
3145
900
232
382
1701
2656
2109
4478
2983
451
256
899
385
1673
372
490
706
2606
961
19
2154
1574
4417
2792
149
1939
2057
252
1556
1029
800
154
525
304
4014
171
906
563
66
2721
115
2130
125
459
873
1743
362
2299
623
1357
2607
301
1123
2187
988
1283
1867
4123
1046
748
2105
1086
1713
58
91
1561
193
478
4962
1508
1572
2139
1106
1778
2142
843
75
4989
1946
613
203
3643
632
61
3395
2042
881
1099
1479
1678
2028
516
101
2634
1264
103
125
1044
3300
4288
486
1127
175
1295
954
1868
1515
79
660
876
205
200
12
20
433
331
294
1091
7427
1727
850
328
5589
2095
133
1184
2481
1130
1514
2589
3038
4160
225
5604
548
3102
297
2829
180
2053
301
2684
2449
1336
2120
467
172
155
182
1132
1406
4277
277
860
3873
259
436
456
2599
538
491
1902
281
3611
926
2147
1250
2271
2282
663
1838
2545
3563
566
3660
147
466
698
1463
139
676
1561
4164
1156
80
93
1086
152
1224
1429
1259
623
1726
1251
2316
553
3029
1943
582
254
662
288
1632
613
2708
912
947
355
2412
734
614
296
821
834
1737
703
388
1761
701
3219
1012
1583
3875
695
935
5826
122
1680
604
1233
1372
2402
976
2082
561
593
6315
401
1186
1527
334
35
134
2809
1340
3212
57
192
3635
834
1000
2677
2084
4123
1811
1272
70
1760
238
383
174
4185
1672
4252
573
1196
1592
467
2562
873
1057
3983
1045
1654
934
1740
217
2075
812
536
211
6058
747
4345
2711
1836
636
2192
1673
60
2494
733
854
386
4055
733
1129
1720
18
1914
3137
1855
2392
179
2977
2438
522
340
849
2098
1022
2169
1516
960
1670
5238
2065
888
441
17
141
1704
1132
1060
1400
2107
1124
145
2345
5386
1134
1653
157
3618
3439
2418
3138
2091
1108
1619
1423
256
2166
559
2913
1912
139
12
13
407
1906
3843
861
3267
39
492
83
220
2125
591
923
1084
4574
1632
795
841
876
1540
2556
1118
1633
3501
1165
2667
506
1520
1296
2754
759
248
2622
1319
1189
1582
1622
3379
727
127
1072
596
336
84
173
678
2508
461
1432
113
476
449
866
1539
1163
3107
93
1118
2967
69
1614
4230
1816
125
1363
87
2132
624
306
1460
723
1013
436
1534
2154
6744
359
3
662
599
537
1159
2810
1184
4385
1817
543
15
1046
2809
289
277
759
543
1441
308
1797
282
403
254
3910
2270
2972
49
756
860
5262
3619
2121
1014
291
549
25
671
581
1360
2805
2568
2035
521
2942
52
659
3148
3119
3910
417
260
66
1675
819
344
1090
3050
1919
251
2584
2702
843
2513
3225
2386
594
215
1737
3279
1241
90
365
771
3483
4420
1347
141
1412
2657
4825
1117
477
1357
1371
1229
1228
890
49
3322
476
330
1935
2394
1131
1841
6620
1434
886
957
3794
905
4446
257
143
812
2103
811
1425
477
2868
163
274
176
208
587
186
1639
889
148
542
927
716
1783
604
540
1869
3709
143
925
956
1199
1014
12818
228
92
3751
709
690
1837
5113
2904
5681
492
525
6390
449
812
1488
2691
1322
2375
689
192
813
649
3540
295
2034
10365
1783
2163
390
1551
3918
2481
1906
6222
1592
237
404
4890
220
1605
33
1926
1743
3756
4351
577
2371
1667
1803
2124
453
2099
673
2674
1137
3164
3292
1120
103
3551
4484
1294
242
5541
513
559
6821
1833
1946
637
70
2529
1404
97
3684
437
3011
699
75
1313
850
549
1833
3675
530
761
154
1323
2541
833
142
2952
1662
56
435
4116
77
1566
411
3531
8
531
765
229
1238
1316
910
714
269
778
1042
630
207
1362
5263
3000
461
618
912
1694
106
17
1314
3508
976
702
300
1860
1334
3920
402
5275
1292
779
1023
2924
109
2277
133
775
261
2868
3696
465
1772
1743
1114
595
1182
324
689
4138
3582
1433
897
582
511
172
446
1543
1367
932
2418
746
2559
357
170
947
3048
8
3081
5503
884
277
2480
410
442
577
3675
6255
805
21
1350
442
1388
462
1785
373
3218
4887
470
1157
2358
599
244
2216
446
305
185
4347
841
212
3545
1326
5859
61
2961
614
445
526
2871
90
1818
5417
358
609
222
922
968
4277
184
7523
1921
3766
1770
515
315
2957
3088
3965
1669
2212
196
148
543
415
1553
1190
1545
1337
1178
3
2694
249
702
203
451
3667
337
1819
426
2727
96
387
5558
8007
5738
3623
718
429
4768
2243
219
142
1173
1152
245
760
1193
585
1833
106
2688
763
1019
1100
19
1122
241
1355
628
373
565
4194
1794
245
2058
7860
2244
84
4369
1101
883
371
3921
1454
52
1169
1574
460
665
1249
3813
62
1887
463
1409
1193
3188
492
1732
71
3588
32
2656
5284
690
6499
3339
3361
965
397
903
412
2157
767
2183
314
3789
1924
2024
302
1072
8611
27
456
1504
644
989
4414
2699
482
1142
147
1134
164
2575
535
930
165
1000
4118
7425
1066
834
1468
104
731
2184
873
1236
417
820
981
3216
2662
1167
1560
2717
886
2842
2146
1133
1232
19
744
983
1097
1627
83
2586
1775
3138
565
1073
1621
12
897
1801
3496
1902
1359
205
186
3821
1949
3043
951
1082
1146
494
687
1824
1726
3366
1574
484
893
1899
5438
1432
36
3232
620
1025
793
1733
2075
1155
290
45
795
2070
3004
1302
3839
1148
715
4543
759
451
1
1442
3256
1395
873
2452
256
1457
518
875
1258
679
2975
4339
134
8320
2361
1254
1308
54
137
3763
1296
1132
582
173
1013
4607
480
5070
2494
1868
359
184
477
7980
349
67
402
340
2597
150
2828
449
1186
98
3188
111
524
1378
611
936
1762
1233
2598
498
837
755
26
1405
1546
3835
2140
433
1076
5428
786
396
1889
1255
764
1336
267
2103
1372
1445
4620
92
310
88
236
199
3458
2077
581
1221
1508
1398
1004
1180
521
883
3678
5048
2148
359
890
2677
1127
1717
147
806
2100
379
860
943
674
95
357
214
4534
590
914
2501
524
810
942
336
2166
760
106
369
358
1015
1740
1310
1357
203
3250
1053
641
751
2729
2038
332
505
157
3457
1314
1094
65
3456
3607
3975
427
2041
784
1302
327
1104
541
219
1483
565
968
5008
1397
1849
2375
857
838
229
28
1265
222
294
786
154
751
2621
507
1246
2459
66
5392
1028
2436
1676
2582
607
1352
641
1291
964
411
826
261
245
560
19
943
1680
1345
1006
1178
2275
1468
110
1735
2157
448
607
2348
2805
1019
1929
2945
1151
539
1012
18
1372
1198
954
3855
3162
1979
781
279
3756
1619
136
19
4498
880
529
1297
5945
424
1445
2583
648
493
17
1884
1346
2892
3557
267
1138
2498
224
614
171
3359
2090
1833
507
357
86
456
2223
655
1408
225
2805
3170
74
5164
301
3824
3022
777
1167
389
135
3085
1333
469
706
566
2147
1414
118
837
316
964
3524
1477
253
1984
331
33
66
1137
373
112
330
642
203
543
1113
574
743
574
1516
801
1873
3170
3621
1494
2642
1812
360
4467
241
3546
2395
15
1233
2094
266
1779
886
231
3139
5331
2842
53
1698
66
4733
6578
742
1081
297
34
24
72
214
2581
1750
163
3281
929
674
1057
582
871
1066
1200
255
1033
1857
333
220
2665
1115
854
858
1411
2107
3164
2361
2648
818
54
269
4223
500
1104
214
3717
1791
1215
719
1903
1039
730
6003
163
2850
349
3811
27
429
44
2208
2935
2065
13
4592
1159
123
49
1106
2938
856
142
4207
248
711
175
1358
141
851
1202
578
770
1840
69
1037
7108
553
3713
2462
1553
4984
546
2311
2985
1346
898
855
1015
1171
757
2713
1944
1370
3069
2261
1520
149
1034
161
634
370
665
274
1531
1757
1327
4269
2328
203
836
43
438
478
4287
583
1393
238
425
2909
111
818
719
260
565
279
2817
2236
645
3546
369
1979
1267
116
29
219
658
3808
405
654
2246
533
472
2202
300
401
620
1392
1374
1786
1397
3497
52
488
443
213
952
422
278
407
5442
2730
1556
42
1205
338
815
3302
1489
758
1082
497
901
302
1749
199
3329
260
208
515
1294
390
2042
3378
5334
646
119
1846
234
324
619
966
1657
4294
1971
921
1667
454
121
2353
111
1888
1957
1957
768
4424
103
145
5204
374
633
1964
947
2117
20
305
1677
1017
1792
718
1743
52
1112
273
780
1289
1071
275
2394
586
801
258
1048
253
1136
2356
954
150
50
129
784
2975
585
1627
4885
849
6146
1401
3341
1292
1711
2207
2399
1895
923
1747
578
466
801
2512
2881
57
4543
850
359
1715
2593
1393
478
72
8326
3569
1054
279
1746
1787
44
2531
246
150
720
3336
968
531
3776
5695
175
2237
228
510
971
440
1166
4706
1110
1364
3329
504
574
3293
1125
2323
31
3146
984
1304
157
2782
926
153
1408
1725
88
2016
2029
1276
612
393
424
423
1917
3046
656
679
3625
451
2422
159
2549
1129
1455
49
2334
214
1591
2687
2685
1628
2045
1631
1089
932
2996
3604
2005
1558
1392
1340
2059
985
1801
1975
140
3438
10
2744
2215
1331
2486
2312
6554
168
208
127
751
20
28
364
705
527
1362
1456
2759
1352
2634
1511
4751
1302
37
691
1680
741
470
356
2808
578
1110
2451
729
2946
894
140
503
2764
2058
646
678
1190
405
286
4667
909
491
2144
4625
178
240
288
907
384
429
1421
2857
2495
648
376
4036
3613
712
5801
1591
2268
268
1583
393
2074
2248
2680
527
4700
828
140
255
96
1890
6483
2039
2101
166
1059
693
447
33
37
44
710
4206
3449
468
417
599
2466
1380
235
860
337
2024
686
635
919
1502
1301
2
502
291
972
2643
498
174
1641
717
4583
280
302
737
3622
822
616
593
2430
3632
1588
1857
32
542
360
383
1976
1231
1409
106
5694
186
1309
1403
181
943
520
3582
1293
712
699
1630
57
2251
1645
772
444
2203
3191
940
1813
174
2608
861
353
1015
3580
385
3905
278
1349
737
925
2405
722
1309
3577
2682
2172
1658
423
1992
2027
1697
37
381
734
371
2199
819
1218
6694
482
2004
297
802
290
2131
532
996
3277
162
4183
1754
460
27
2330
814
848
3077
1215
1461
644
1002
4081
1991
32
2048
72
2983
162
369
369
1965
1907
2536
1767
965
1705
2651
625
2669
1025
411
427
539
1435
516
80
2471
1334
1272
319
1270
1171
3050
603
1352
1785
213
1730
1
2421
656
2142
119
262
907
198
1044
3863
702
267
206
1917
655
156
314
3
407
327
445
1749
2871
1752
363
440
795
2677
151
897
2299
693
3039
1838
1032
4286
1800
760
1047
4483
921
2107
1211
1681
417
1783
557
856
55
315
1669
249
2014
858
807
1082
4980
4690
1611
3639
1743
1015
7
200
395
1039
2952
2158
5284
4685
193
2169
2349
2229
3144
857
812
4446
735
2145
4484
795
242
31
150
790
973
912
113
691
1354
1825
671
1313
3789
1569
2391
1744
58
146
35
831
167
1036
2716
2635
127
154
68
2599
192
1249
371
633
2172
1038
1298
678
1234
110
680
350
847
595
723
1289
356
1051
197
3192
495
2363
3102
744
1213
53
4899
888
1294
252
3165
1712
1464
245
4160
3069
3329
3093
425
86
709
593
355
1769
98
807
1277
411
1675
410
405
2802
5035
1179
812
432
892
5195
3129
1399
175
127
605
1020
4436
1813
3074
3859
442
1449
608
1030
1068
1515
1748
645
221
1382
1648
948
474
936
2290
2762
539
59
754
185
505
287
972
544
146
1658
2003
433
343
1774
230
170
3236
873
1480
4543
2039
967
83
1314
1352
635
1079
579
2213
1337
407
2639
3920
1022
1483
1797
1376
4122
550
148
752
721
376
5536
877
2232
291
504
92
4267
1383
3955
1634
64
1159
1332
520
1654
132
3583
1541
5175
49
113
631
1814
500
1973
3657
2299
628
53
901
2287
506
1773
1339
1548
573
2079
1408
206
754
1244
1066
2940
2069
238
1318
2130
1022
195
242
5415
211
2162
1163
2140
254
2499
4233
985
3069
1921
736
1802
901
392
159
1070
24
334
1835
1452
198
3933
1576
6767
386
102
38
615
602
2123
123
486
1197
767
1149
1030
2433
898
1473
584
4994
660
771
1919
1640
1663
1978
148
1058
1985
5926
961
161
2153
129
1451
861
2425
322
262
1480
3327
729
961
8
6855
965
359
3620
530
2169
88
425
3304
1838
601
1193
4
2048
10947
455
1325
389
1710
51
816
428
417
57
291
2057
635
4430
1286
253
2416
1203
1395
450
102
1254
5347
206
2082
118
1048
273
3045
1271
381
7620
174
3009
4912
2568
55
959
3329
3474
2610
1778
63
1089
2008
1257
144
1461
1341
214
612
377
515
709
803
483
3547
1050
1603
2835
5685
1860
2328
3483
180
128
1941
131
851
305
1430
272
1151
1330
252
706
3303
1975
2436
2505
2203
611
2723
816
327
2188
121
384
3388
1782
1405
1025
507
456
1304
825
900
2762
1389
87
1305
1198
2
3039
3336
696
1760
590
4369
1952
3149
44
1020
1637
1163
453
1052
20
798
2119
201
3473
3893
174
697
6057
4034
7
42
883
2189
891
932
364
2485
959
740
866
138
347
354
429
966
2176
3201
505
1472
592
585
1418
332
2298
3628
978
1924
110
1689
3398
690
1793
26
4715
1097
1611
4156
1396
379
2048
1185
1333
141
859
5393
2796
828
991
396
174
2512
511
1643
3700
5286
1964
865
1079
3901
60
5700
1952
1463
1575
313
597
1585
2146
80
268
1567
1508
6055
3249
2862
1136
1883
1088
918
265
3469
1055
458
2462
2076
6043
2248
884
1427
2227
1545
368
407
43
638
569
1048
989
163
1459
4947
3005
224
2797
4156
595
654
1522
2483
2921
187
750
742
4443
353
2162
2289
154
1201
3001
3372
4853
213
1184
934
2294
1677
298
2444
1079
899
15
731
2461
4787
685
1142
2220
3726
1681
5291
1416
244
466
717
1965
2694
1133
198
559
685
5316
537
394
1909
1439
1503
3444
2249
2316
1992
1684
463
383
937
1790
2236
996
441
7336
4870
509
770
228
1069
433
2196
225
228
914
1525
483
1072
187
6427
36
885
960
3474
694
4787
1220
1969
656
1244
487
398
4113
591
455
37
2771
888
1229
1054
159
175
3134
1064
669
1597
3141
950
815
2414
3347
1009
420
740
222
131
266
198
2414
2449
1190
1901
3519
5224
1635
260
920
1703
844
663
1558
2028
1238
518
2122
1306
769
2162
715
2455
756
1437
128
184
1513
71
1217
1414
751
1786
1231
418
246
560
1156
1282
1468
3077
283
197
850
118
163
899
1439
1625
1018
2281
271
1428
920
2505
2528
766
3042
807
1937
3370
175
4236
242
1235
171
1632
984
2493
433
467
560
310
950
6300
2631
541
2639
1292
382
1472
599
1687
1612
4645
1147
34
682
100
21
80
489
477
849
80
317
1179
1330
179
967
943
722
1091
624
265
1084
1740
11
237
9148
2189
894
2441
2788
1359
248
3228
3251
2676
1292
573
498
2485
2339
1444
538
5624
516
1426
2373
725
3387
3046
137
146
3042
1007
1260
1723
3663
1043
634
1818
1560
2784
1636
413
570
75
1323
1085
3726
214
3
583
29
314
1463
1952
65
2189
80
1284
395
1190
453
2462
2240
80
1912
5126
102
2417
268
1852
547
66
1647
110
1544
202
2034
1998
2869
2920
3117
654
1343
978
30
897
337
1041
164
337
3290
1004
1335
770
1059
2412
943
2519
629
4405
578
1738
5061
62
2682
1395
370
2956
2395
1569
3025
4746
1445
350
1787
1266
13505
929
1355
557
4274
580
1204
362
1453
2639
4429
961
1436
280
3708
111
2248
746
1325
3121
645
3386
1324
1973
3352
1280
23
47
621
2855
57
2488
627
1250
694
1049
516
3229
272
515
1909
282
8809
107
989
1100
559
2200
529
72
1516
234
1687
1206
874
1863
583
630
250
4235
4388
162
4146
454
569
257
3272
1104
143
2562
41
594
1332
63
3999
510
966
16
560
538
1767
2654
2443
328
876
3995
2542
1567
312
1415
841
1094
1785
1830
1629
2297
1110
266
458
773
1562
5641
2935
1786
363
2099
4397
1190
133
3441
2976
905
3158
1964
1457
948
161
2944
435
8035
342
788
450
3216
1650
1701
1275
1999
2235
2118
64
1327
4355
1362
1150
1331
1332
978
438
6123
580
1246
138
1055
1807
6
3064
516
145
1987
1113
659
731
163
1750
2078
3341
3202
610
1021
2032
232
77
2146
279
508
2922
564
1053
2209
2417
1065
206
3143
1808
490
1600
4864
444
3199
4467
765
479
827
2169
1600
4186
1720
1133
494
4615
1035
74
526
756
930
105
986
559
160
790
2374
5021
2119
192
814
55
280
1307
73
141
1708
1001
1476
1068
228
1478
471
1278
833
1181
809
8624
1812
127
1522
4556
156
138
120
46
1190
2961
1725
1286
1012
1969
2650
204
2520
472
748
793
6921
508
1295
946
1427
298
3421
1480
1561
519
640
3979
1414
537
156
2074
533
727
360
1353
204
3328
3957
149
2087
2971
849
3196
2561
2410
579
2818
1387
1973
370
2307
380
1448
1499
3519
701
638
2
581
156
864
1245
1608
338
46
2238
362
1391
1354
3331
1761
3961
536
2926
483
1032
736
4502
940
944
422
2236
637
665
883
2949
808
1819
162
3433
65
141
1590
2454
489
642
4860
1197
804
325
943
1041
102
1241
423
2006
60
553
462
1486
2937
4284
797
115
7705
101
1694
1800
744
797
3744
2123
557
4213
31
254
1159
83
1079
3243
202
390
4560
3245
481
1369
1390
62
1109
791
1271
1245
611
932
343
709
3519
60
260
3470
392
90
570
2548
229
826
5334
1231
740
920
365
2291
2719
4984
233
2023
352
1023
239
1389
948
1145
479
3403
1314
689
1466
2363
3005
432
1938
180
917
625
1540
1343
2722
2106
2567
392
503
424
2977
1704
1947
1743
2293
5668
4234
1051
1407
177
2506
606
9709
59
380
356
3661
5601
950
616
138
1654
496
841
1250
3514
137
3289
2399
3465
2415
490
1109
343
5652
593
403
1833
1542
201
2016
1978
7470
626
1168
128
2651
3159
1851
2033
1070
133
820
305
976
4143
54
6432
3333
2278
5
798
2853
3166
1873
2107
644
351
207
4744
45
5107
1021
1256
712
3365
330
1362
746
2591
1486
893
240
1531
334
902
297
1106
284
179
4297
681
2503
6243
1584
2981
2246
1018
1745
446
158
4799
1781
470
1202
387
2802
1690
1738
1486
1910
1151
1128
4090
2515
960
488
1994
1739
1816
3848
228
793
1589
13
2514
1833
220
442
1966
4633
430
2536
1170
1288
1436
2691
220
1918
473
1116
700
2203
