3386
6855
10069
10228
11780
12485
15768
8123
6843
9701
12224
15174
29771
29616
23148
39956
44339
48394
51338
31112
4398
17380
21348
53537
16052
23593
61441
24045
71897
6914
46112
31107
17453
11206
13945
22089
45257
58190
84883
101096
103232
103555
51588
11617
104605
27521
38618
29472
19416
9970
19829
116924
13115
119432
67330
134433
137290
10405
18767
150390
123947
75683
68734
144211
54032
16145
99397
34809
148995
9374
53528
157907
53652
132364
51825
107473
27445
22013
89653
34510
86449
141243
127141
6594
94168
353
89003
38143
53147
136733
19949
103857
5468
187718
5810
112149
45606
44235
18504
39726
2548
32792
63851
47067
49810
73724
100914
95097
199951
35853
59131
132683
168850
128126
18109
106298
76796
28415
8566
2893
74388
86049
83382
1147
169653
84855
56507
29114
16942
12136
41357
97366
108874
27939
102618
61359
79183
30077
40565
67955
86081
103077
78863
158696
46289
4785
46870
2879
51881
62613
19589
17241
107847
281
114198
9904
5722
43069
43153
121790
68195
107888
112293
100360
187779
46593
104092
39132
17525
109668
67951
138067
77469
81830
11259
5684
213991
80990
45771
23936
8508
83094
28563
43992
60476
59981
139446
142032
78715
136763
144216
10697
144008
156422
217167
12397
21241
25881
99870
55760
66054
63672
7706
62064
1679
141330
75238
54191
147342
47778
80161
2735
117844
11075
1166
32435
46968
47742
129204
452
135672
69901
21665
85876
70482
60896
42350
34776
135018
37091
4240
92357
66919
136348
52755
56634
15017
75728
110979
146656
1994
13045
53017
74970
129364
102620
183816
103202
24143
106711
11773
29351
141178
22725
94668
47755
100894
54639
67632
66299
79272
129468
183888
60151
49792
49244
37478
118254
2972
35897
6838
54757
218679
148775
177003
58780
177199
102378
30126
93174
42237
120600
34646
16857
97875
73848
69922
148175
198961
32699
42043
55117
91036
106259
128944
25330
2254
38089
44516
69903
52177
122489
94486
154078
56501
114934
158523
23979
216909
139975
7084
139829
46658
15859
75995
23842
15060
76174
72803
15928
130034
166214
23762
92698
48960
6
87301
24090
58734
26945
136617
189010
55607
8614
68950
54424
158923
64386
4149
116952
40771
192553
119689
14316
119152
6567
12761
25911
105210
1566
30367
30022
36522
225716
16363
27875
141433
13864
69105
168021
16291
25902
25766
26162
34399
33811
31487
5743
730
36699
51040
45578
71182
76237
78055
81248
2899
68649
48171
7039
7586
16426
41810
51235
53186
20736
25217
13761
2961
11645
16335
46216
47473
49063
47199
11137
75672
76575
72151
94538
60949
21173
46318
43180
25066
118915
6113
121473
7407
5598
127655
131402
55781
51238
15326
114385
34975
16940
139859
153325
74090
45272
43779
115964
162944
98363
33107
17588
40416
51539
86020
15840
158190
85289
119677
23226
40492
77881
112575
25228
69283
11109
70443
179553
34740
106569
5426
25355
122751
17334
43231
18097
25166
29119
138850
22740
79535
57184
190478
117453
29615
163789
95039
49837
69187
198369
3940
143771
111169
221645
20919
79150
16808
179147
13189
97010
127160
82613
68482
41596
22600
33195
25678
26594
53643
80417
35840
12821
33033
13721
104089
18471
15539
63267
89307
8391
24329
63716
13331
106158
43385
141690
120089
81726
43541
130663
39197
60854
81329
61716
137866
78071
54510
134837
561
363
124049
22979
9615
53917
154510
61453
86661
35261
59672
17169
54306
32029
175996
1055
83626
105831
72888
24409
27069
10190
41580
8659
85322
105613
48637
61048
75286
13421
6868
146
79800
24269
38256
38094
108154
99188
98485
168570
99068
6380
117440
34377
138856
150686
108303
69982
91330
51851
131290
186041
132010
90304
39616
67355
108293
1130
69420
38115
115371
35444
1062
61404
25431
47020
37006
74038
53250
166248
98670
81447
39419
57306
131583
79098
26827
76901
144000
179700
26695
60956
60402
157180
9376
57224
30151
27136
44215
16531
171943
54031
133970
12188
77102
72342
25383
203409
92064
167157
9211
24530
63247
176961
134740
37341
87250
55468
145975
122373
7609
131806
49608
28851
152142
1619
25859
85246
1432
127
149383
91639
79862
119480
79445
106413
78378
29831
111219
44893
88084
44866
96245
20943
12928
64621
30824
68688
23109
3382
23725
29824
8132
44853
23081
66634
62910
82182
88402
93751
94104
14133
23149
50766
89209
126443
105724
18621
130257
134899
67584
23960
46300
48721
24808
101625
46769
25971
3817
143511
130816
49026
76340
33771
119400
71350
19180
156023
12796
43581
78225
19523
141497
50970
21414
6086
10561
128654
17692
1863
137750
42985
116324
59625
1964
52014
71694
84908
109876
146306
38933
26347
64868
3717
176261
77937
87829
102109
28740
40344
61250
74535
75033
83177
121602
167154
1960
47426
23201
31651
32871
27828
11874
55361
13944
59390
50941
74403
107980
26762
50336
167589
13935
2330
7496
34815
100338
54576
108173
9664
138859
106713
36790
63299
24634
9078
82549
55269
70559
105966
155819
156414
76255
16808
108433
21869
61634
99425
189947
17721
30420
44169
102299
31988
50749
176075
14318
34572
10073
126400
138364
82916
60678
523
115286
52100
7303
65645
62041
22259
90227
7602
5048
168483
95428
107361
66599
119255
24505
208313
51426
119831
16794
165485
75601
19552
16735
136089
157005
24234
77905
60783
91913
35597
72684
90699
116114
103939
93269
172422
115405
142133
32192
23954
2294
113302
7457
30805
19800
2207
60359
59824
23726
52958
41950
165859
124562
114607
54248
8510
20100
9041
44147
35119
86319
89470
49446
77548
28164
82103
124724
163033
24668
187528
142662
6290
61173
16038
49875
76244
142251
23106
10585
3109
144632
45091
47062
241515
3591
118028
172407
161608
632
64535
56864
8602
164803
6918
100894
26400
6999
52502
110506
42141
31979
112992
12114
32395
124358
49427
5727
167051
163928
143363
181469
34196
40939
70614
113434
45602
28236
56413
126439
158432
90017
46486
80516
91776
56576
5948
33335
151769
77832
52384
27040
35992
1173
4342
74972
18950
57308
116054
38544
16066
105938
69554
20844
33103
98491
56988
96143
35446
15955
16117
71287
123572
48593
81595
35017
1784
78414
102283
35702
41587
141358
19002
76816
99602
108667
2518
6031
6700
7245
7891
13257
6486
15084
15652
15723
17777
19853
16846
21964
9404
23151
22801
19756
28429
29348
28845
23937
29941
28521
33949
34727
34253
35548
35062
18967
20187
11224
3865
2005
39048
15082
39422
6132
39827
16485
13710
361
789
1231
1251
3647
4733
2509
4405
6458
11099
13498
12323
14104
13238
16719
7344
19496
20270
23808
23608
22547
11246
23858
3185
13769
14580
19676
32035
37065
27390
33411
17934
39095
38633
27436
24669
18719
35807
35526
23365
36587
35847
3563
30590
32008
52384
28403
25989
24387
46312
32755
58558
37250
47736
38743
13915
3776
62141
8931
67829
58585
63677
55365
19535
29563
525
57377
65160
73459
70231
6665
9882
50819
54981
6320
77503
13973
37117
34230
67046
67418
49750
21164
59788
69650
43960
64137
62058
45107
66369
35531
69688
35803
59151
46637
73732
81747
56563
56925
59842
76218
34462
7777
96644
30269
22338
58841
99778
10627
24295
85943
35828
49352
23704
40543
94464
91600
86377
72719
86310
59301
65646
12736
82088
14483
49330
13910
19380
108607
40442
551
109049
80770
97642
1198
99268
30242
89023
18050
12823
6269
79080
51524
107345
41863
73832
13536
3987
68536
29802
19066
48968
1582
64862
22260
19955
55258
57822
702
63976
75204
47764
69983
119475
77636
33004
69913
21628
107315
81411
60310
117930
91982
129992
101648
63670
118733
8343
54504
102642
7166
35021
37390
82169
122092
118736
32218
26154
28462
55454
54452
97535
35070
121938
140911
9519
6546
75122
19436
93368
103939
73396
123781
90181
49034
70235
35805
78486
14879
38437
38613
3916
139916
44368
58222
45423
38353
90868
92304
39669
12339
106942
22385
118
111642
34782
54893
102712
73149
72934
32063
5907
80591
2106
13920
112856
30488
117282
30107
30155
10224
130416
22849
121488
31584
46416
3965
102008
72213
111749
37252
98950
17822
7227
30503
121161
172682
8857
142484
65531
23012
105754
125951
56396
17121
103126
20561
107013
160694
21386
42993
85589
173121
19632
65838
41239
172762
177642
110969
10536
172859
37858
69569
31229
84408
50627
20109
96046
34740
100945
9186
50450
92043
152307
130772
107582
44941
79686
46968
70391
104096
111384
85206
38522
16040
157006
45333
27494
111239
128064
121865
109749
105208
34102
174
114463
42210
1604
23591
20223
67357
68273
88888
65254
1064
88976
132420
3204
36649
13899
131231
100869
158873
55202
59185
88890
75285
16324
76926
56757
110895
122096
211500
121731
119030
45972
74806
43271
7970
54568
5398
2943
190663
172970
7908
17265
19752
138763
36246
85800
89052
144557
119638
6598
47343
88290
17763
6399
17371
24852
90130
58287
12372
33896
62637
69413
170764
159053
147743
129517
93940
128653
133105
141655
151172
2781
25813
33575
26109
173182
9276
50208
37791
9464
15622
47553
105768
74945
22004
35414
107241
6896
137001
69909
163903
38505
23676
128088
110473
124177
74905
123983
81881
68962
135295
30904
155123
15397
109522
81675
114171
6427
50288
53883
80616
22410
22412
49903
63992
68594
80405
7679
38947
42525
72437
7607
29202
11246
184872
77220
47674
45622
75693
187
32515
59262
26088
95053
6346
41889
28020
65338
3099
92180
93513
93365
104014
101516
69360
6713
51487
11689
32116
31737
47807
80577
64230
118843
35921
98083
8107
41253
104952
42059
101188
38403
32
106395
92684
16435
42741
159736
22423
52680
21071
122241
38920
63509
105072
75876
22375
177301
89279
138832
169462
65098
30169
83095
86240
9045
157796
14145
123668
900
55514
13431
9475
82171
54813
18676
57881
71538
12571
416
165540
4257
26517
42864
128836
104768
8736
72582
106704
5295
30129
62290
70072
3008
65159
37674
74660
55509
26034
33364
74585
64024
29110
80950
17080
74383
7086
61569
16056
79525
89087
112997
7281
69500
130198
8196
81215
7637
19425
10275
12922
50746
26970
28197
62646
82835
49738
85749
116630
9799
95544
9307
763
117851
60109
120006
28013
64140
85984
56829
59624
60851
51717
84855
101638
8584
14029
146953
39034
61122
64753
15779
96329
113624
8123
17487
46773
72382
97888
68099
90626
156627
41021
875
946
4690
4674
5559
5715
7327
2503
8645
8468
2006
12878
7804
10025
12473
6228
12219
17262
10140
17668
14206
6036
15155
20810
16778
23893
17967
27189
18416
21294
843
25279
30427
30733
23563
28500
25398
21314
19306
25851
34013
31935
29648
19214
13049
26527
34839
38886
29011
41587
42215
47576
16807
33353
3647
4779
8168
23259
52485
51597
52694
202
51747
6857
20243
53517
36664
47224
12917
26984
46100
60785
63422
41495
41335
8782
64799
65753
43993
60507
43539
55484
56187
71502
71493
33045
17990
62983
38249
77459
73292
10583
28945
18456
48814
6419
46441
64641
41408
80123
5333
21542
5660
51435
79269
78922
54542
13059
41856
81020
15441
70426
89161
36956
8453
20215
8684
10219
84324
53671
60886
54184
73143
12122
86714
35653
58657
62310
56732
1757
9970
1074
91215
96898
87797
65930
58927
57506
52597
23681
47159
67951
100439
44221
106970
78854
106610
73843
13655
104114
17
53542
106217
60278
81806
74504
53910
47275
72250
66782
58089
82732
99765
39276
117421
15055
1113
36415
21195
120611
97121
37159
16601
81296
51908
702
87830
41209
4913
91217
14812
31186
17151
104862
133307
94075
111621
47280
70913
1825
51403
78557
34030
23756
5570
108165
79165
24240
28085
12589
12488
46880
33641
47050
13239
26668
102893
95394
15502
13272
76834
85984
35689
668
118948
19051
17568
54302
8628
103468
7047
96694
111824
23293
28570
107947
105170
102820
146982
78918
47594
149595
148092
48530
6067
23321
51471
102523
20046
67062
6934
34980
8488
39039
114491
64346
45940
10310
95587
90241
8181
65482
88276
99255
108463
123355
70255
23424
24304
73526
98524
143416
47838
17787
66933
10298
160780
98734
108779
119982
121338
6684
48069
21471
50127
25417
10922
100142
25602
7373
132721
59362
2008
93651
11958
124068
17013
106416
7669
102937
14701
32819
63813
37700
103300
47465
86835
131046
26908
45586
40844
134507
60691
19615
129569
48809
49721
109839
20077
128487
175083
14244
46602
28606
90910
6174
99568
23592
15241
93214
4934
91469
52780
3032
138332
69335
51050
130125
9326
316
89090
42253
154495
37236
100965
30241
27087
93863
160247
15643
50556
5048
131118
47142
78593
77695
88830
28843
95585
45733
57533
42219
18085
45294
71736
45029
57033
120410
8354
14321
11106
112385
60211
44587
88110
97667
104680
68898
46824
91560
1111
154342
5153
49640
59948
81582
36843
25121
111133
98956
173269
135726
96080
167659
128681
30112
9995
67569
1087
1835
73930
57942
149951
80031
13601
40737
4997
26967
42551
69750
125962
145136
8195
3402
62738
21483
15658
18076
158712
100126
180049
82289
87560
143341
22069
31108
58013
7831
113687
49658
12493
88218
38029
54903
77055
25535
22828
47756
135911
156113
153469
4863
143252
78243
77274
19525
1454
7631
132642
1972
2761
189499
139756
141934
72682
38703
114350
42377
34862
60122
5682
85028
84277
98188
92437
184490
94838
16295
94767
47290
101738
142975
119575
3754
67215
68717
31231
15297
38257
7634
63126
16811
9384
99222
26796
115556
27359
4322
172397
36586
66387
96050
81574
124946
137221
155881
19252
66719
4385
145921
27719
1988
11093
20813
128923
55403
96318
84395
85161
101510
75223
52289
147186
7273
107141
27002
61820
60156
121130
109432
49137
92279
22684
27366
31863
7375
75356
161760
168302
29485
18899
53518
132860
70760
40595
81738
71394
75273
8019
21783
27148
123234
116258
91447
102302
150115
95116
106484
56360
100162
29649
115
69930
33251
208715
30185
162941
41106
52644
57545
50326
157453
72281
15333
69399
16686
87130
24193
62245
46305
34224
22982
181353
49908
17804
86424
7121
123989
127441
20732
146866
22095
77050
93285
75227
30668
112319
146230
79890
81652
103822
132051
34526
80547
119689
125859
158944
70735
20143
62986
62670
39151
66992
8739
151372
120563
11598
24997
44281
27359
41655
18250
63390
51677
104614
155923
128942
69282
98637
61444
2893
15264
6138
8488
112077
72985
54123
160056
75147
7474
65000
74518
4018
119947
127225
169425
139869
31822
34322
104885
81150
118760
33937
84442
35550
26225
59528
3369
16412
74256
116677
21284
11760
127959
74923
167410
57485
91092
1823
33186
20476
38766
63140
141109
123520
39526
174604
92850
720
177232
95208
7361
42017
82436
112932
129375
122496
56928
154869
92735
42194
164700
110307
115322
67426
80978
62896
101430
3588
51452
78197
76467
126369
38044
10429
1185
55471
79304
162803
20104
44630
79013
135658
78693
27281
23688
99699
123124
43384
151128
26863
106451
15112
36707
46944
56200
9957
17419
17762
162095
6674
45080
163811
77802
161422
4124
197989
75967
69169
24406
137765
26133
81445
42061
3280
114448
84432
115996
82752
9395
48905
130170
7035
136670
125918
50570
11526
111757
85958
60719
36402
79852
20133
44254
121766
4589
38012
7532
112327
163927
44504
95691
54982
101289
32507
142513
163149
54213
110795
1968
29078
13736
24950
12742
15176
45861
29619
141825
89673
57100
4073
37108
78679
85335
113788
65824
88753
16068
117367
91815
16986
158211
81143
181018
10848
111349
103426
95407
91320
2877
4848
125615
3992
40981
36812
47050
34823
3366
147722
90641
76951
74285
80406
64040
50874
6586
10016
128794
124621
50194
58842
64388
133102
29093
151916
9661
31505
42676
52093
59236
24299
3757
23143
3185
32495
84034
93289
107717
40898
80046
10651
41398
106597
117934
29915
6711
87484
77667
42704
20466
24062
140613
86348
29628
24615
7036
155878
107496
24755
20131
40121
108379
50297
4532
84168
96442
110835
152512
13336
9103
13925
80183
167928
69862
59472
32701
26693
77497
92477
41089
31078
44297
50547
94677
55728
21718
116033
63923
64834
23884
13121
159852
100286
62731
131729
59116
119595
76724
138617
67744
22349
31177
4488
103767
19182
82270
80714
134511
108885
43552
78564
59309
17130
58090
10946
4268
897
89557
43854
35731
150078
92072
20656
98449
162484
11867
828
38179
6520
88246
26883
168329
101023
76542
124357
23445
145458
53559
46717
61787
141050
143114
322
13927
151684
115981
9844
124826
83950
104363
98257
36748
41268
94994
84635
151087
58494
81944
35269
89099
19055
86209
38576
147562
65630
96382
70414
49005
25449
24864
40426
64017
121003
50550
25479
3552
139226
92548
60895
9358
84776
142275
113896
150507
178586
37266
107945
73387
36023
148607
8000
24663
1879
147347
105534
111126
137272
20143
79108
94271
32377
137771
34215
84952
35279
12934
32842
9322
5251
77393
612
2625
4447
5394
6158
8152
8351
6499
11765
7484
14131
14316
14594
18925
12655
21453
18663
19816
16903
18340
22242
25888
26489
20098
24933
29894
29717
29151
13755
2879
28196
3593
29468
31824
18987
28888
35762
35840
40815
32198
35397
22550
36498
37368
36078
37987
6003
35842
31830
37451
40818
45688
43827
15299
5053
36213
37220
7432
18435
7944
50166
53823
35751
25359
50534
5345
37116
9880
54153
57355
54074
55468
43983
35664
39271
43577
57856
41471
62185
57232
71034
64184
61427
70361
66644
72323
44606
67457
26340
2302
48499
18707
64100
68379
68180
78544
53633
59247
64100
55734
9210
84051
74324
39169
46065
72894
88999
17511
95259
48127
9382
45027
53595
57810
34139
7401
71271
57120
86082
83303
92315
45580
101394
9889
95356
632
28664
21577
65862
48222
81606
103903
55530
108061
37065
110426
19316
110761
2891
20815
62505
12427
94224
2268
70409
110117
76360
51000
87691
8408
84653
116422
2817
66868
52314
90224
71713
55602
92779
45425
2939
45942
65099
124848
99183
76691
127239
47274
76522
100432
128078
39894
45594
7069
5602
101449
44427
63874
58012
123701
80587
56855
106520
32759
16514
31093
122356
69109
36094
77927
5787
14280
13511
67266
139446
99655
85425
107796
90422
82904
60633
23251
30069
4017
64120
37149
97861
67254
103756
26265
112232
7127
140947
98843
61328
10334
51738
33309
7843
103244
151946
9762
115746
125
144823
28252
614
90767
36578
6480
11338
108422
139482
14446
54371
135814
115572
154491
165774
28307
28492
158495
73834
72181
20408
173360
138215
64178
46996
48713
66621
5256
952
103778
36906
41436
3387
125043
107526
19194
126828
18023
160087
63034
126840
70260
107460
102939
57186
156781
98170
53661
6812
68119
135791
57796
132665
131071
29205
96397
162626
39590
149522
15875
340
58592
28417
19385
4061
7634
52143
167052
56379
85083
48168
118952
87125
70257
76529
53377
49002
112223
48414
3249
22089
8052
45540
89089
59012
109753
264
1422
133229
21152
71760
25965
69065
57653
139624
7783
63168
85427
71199
6736
48282
15901
3090
50873
49062
42301
18241
25519
118223
62895
146438
3489
9839
118113
126558
10225
14270
108978
20935
3063
77347
133651
120555
38511
144842
106806
133956
61403
86143
20005
124870
15058
141405
47992
100844
84325
72468
58451
36279
103035
53947
93312
122352
145105
70075
20772
1485
48293
1437
30245
89960
127598
48539
75153
44614
373
31421
54904
36302
51583
70040
107772
20992
67248
931
99382
150188
74471
16366
3411
20142
45226
99818
14286
63054
62240
12654
51078
143783
48271
40345
142380
73285
24452
23467
11565
78935
814
155481
30742
45689
73819
28207
155828
59566
75084
11691
18126
75865
14716
131088
76507
157308
160100
60982
49784
24452
112110
30723
46438
75024
40774
24020
152373
100715
15569
64099
63825
210375
87389
120351
151250
164177
91532
96057
39537
54674
102477
50728
2754
97188
33867
77164
103863
16937
13056
34421
21871
144120
101931
129865
48598
109750
12717
3907
25646
46375
29437
17634
88944
36884
160181
114003
82029
73492
150467
14316
130993
53197
27444
47423
142916
91858
149880
116206
2812
47541
179031
19405
58826
63109
3856
14199
34778
65210
55172
9191
152506
74033
219530
140167
46968
44568
156581
88483
58280
26581
71701
61840
126604
111279
94643
56086
144511
147907
11825
74884
25565
23105
111760
17572
32219
46732
130108
12344
139064
72812
110144
65265
187785
118633
19037
14969
37950
34171
471
136103
134944
174702
48201
69430
28173
70284
27803
153046
1578
158399
127328
105130
5681
112590
18931
100027
20039
80850
150228
93197
53185
72929
60046
66214
71826
162734
64430
47710
21364
100468
37475
126155
16754
8834
56692
5530
9129
58733
91447
49280
112732
64615
50244
186982
54403
169557
40627
168985
122135
30204
128482
130711
110350
180416
74974
41417
6852
77264
168434
102542
51523
35557
131064
31576
53
94574
164300
10525
17236
96129
66045
92030
3010
113602
142218
99310
34479
85299
141012
135079
30339
171524
38547
38018
21476
69767
46753
60506
116660
14753
9968
95441
95352
96650
146695
49343
8502
25737
13041
23065
57631
170296
25809
100479
119
59551
20395
18145
120337
53291
68766
17706
76418
189449
123091
41369
65134
99921
82592
97047
118280
134087
34214
37758
89038
59414
8381
74943
41825
58884
163521
30054
51549
136550
132494
64715
46729
24438
63755
26705
28793
58232
17373
129246
190713
5000
16092
16851
41922
103937
108779
23656
53009
28976
73192
9533
26096
15017
68680
45215
9739
37858
40199
101654
6932
105210
5095
39671
33728
43985
87062
108682
27206
28674
60108
104487
16248
60211
16825
177519
26208
80449
142374
46368
99454
88897
30738
48038
134709
72081
76590
135363
30816
101677
96723
80677
81656
5828
130324
94670
105148
43959
84900
64525
66081
98200
67710
84453
35491
13613
65956
48098
18864
56392
22175
38729
56655
104689
152503
104660
41540
19325
58173
110583
24393
33879
95488
45849
23071
21532
45936
86832
176578
50961
130659
53804
35246
162382
58256
96411
77497
4605
161294
20641
60066
39700
95998
132941
41910
73892
18303
52308
4401
120524
49650
142970
114268
22135
31270
73692
38715
97757
171652
181252
31778
94343
101679
21494
82301
69082
59308
89840
48755
25704
129503
9556
41594
205734
16083
14329
32987
25206
170848
79888
39219
157195
113433
1928
67893
82237
