46
173
209
233
233
219
583
35
454
592
637
736
785
827
837
746
202
1047
487
466
1185
118
1273
1454
2011
1470
1543
1567
1647
1651
1640
1682
68
1621
834
1567
924
550
2279
2689
855
1165
2460
215
454
2682
572
1984
390
3018
877
3217
2589
3378
3533
3793
3353
2936
3756
3925
2919
4011
23
2395
749
3943
4318
4131
423
1652
2748
1063
378
2176
675
4736
2822
1703
4001
309
2557
109
3693
3214
2688
2049
1790
622
1629
2015
1663
6530
80
983
6101
766
264
1193
634
3302
471
208
3642
200
373
6457
2535
972
403
5002
2067
211
1511
38
325
6329
3605
7007
7038
2785
2842
915
1058
1694
1328
923
509
3350
1081
129
971
1630
1126
358
1134
3818
347
678
4193
2267
1099
5571
1934
4284
1758
735
1429
1311
2505
6566
4660
1086
5690
3476
4378
4428
456
593
615
2091
720
430
447
2745
818
4468
8000
1300
293
4466
301
1028
1646
3182
4554
1860
165
713
2458
2890
1687
956
8946
439
2169
1945
2493
2862
6830
1956
1686
1413
286
1211
1688
2962
1232
378
4529
5027
3005
2361
39
2479
417
2963
818
2133
963
809
867
4140
5753
1846
1164
2744
889
5225
779
4802
11045
2072
976
1437
4298
379
669
4125
2069
8384
6036
1708
219
557
1166
764
3484
339
1198
2004
961
369
1461
1846
250
388
492
2877
1946
5933
154
2591
308
5947
2434
1300
257
5336
691
6761
4018
2349
2639
1725
4990
181
587
2055
620
80
2549
928
1134
198
14311
659
3885
1279
412
2342
7595
713
1685
1859
4090
1025
5762
4436
301
4496
778
3690
2133
6452
254
81
696
2536
444
467
2247
1688
1428
1277
459
722
621
1232
132
974
1802
4612
648
3285
2005
755
914
4793
488
709
5756
1925
72
1103
4769
1979
57
10014
5101
2625
5459
3493
267
1478
3175
469
3427
1038
1559
5508
2614
2454
4318
3690
685
8560
559
310
3362
2259
5860
1119
2590
8188
6375
768
1510
744
1373
1391
3637
5355
1675
3618
5544
213
1726
2257
2099
1269
7222
579
4313
376
3174
4033
2122
1161
1139
295
456
325
600
4612
1562
4131
2943
2999
3461
4962
814
140
5770
4206
357
208
6144
888
1039
988
7553
2610
4826
353
1196
9806
1508
1711
5512
87
10934
2874
439
3504
1272
4702
576
1494
7600
607
911
2784
10594
2654
413
1259
2167
1307
350
1342
7584
2331
1458
2231
2569
3154
355
350
671
6119
4156
3045
363
456
7205
2815
3548
4292
72
1423
384
1463
1169
526
2680
4754
1236
6834
3394
4815
2152
5717
1419
1814
2447
3332
807
47
2300
1073
1098
1762
1973
2045
2769
558
4515
240
2625
225
125
11352
1129
339
10
1339
3440
4735
1538
1529
4279
3900
281
650
1116
6637
300
4520
6369
2078
3869
2094
6964
993
1706
7885
2193
601
13298
1760
2929
642
2530
2498
8362
448
9678
620
2427
3570
465
1502
2516
574
338
7152
1449
1258
1272
843
4951
8035
11696
1367
3101
3851
3033
1877
1175
1571
11072
1443
10924
1642
1174
1045
2808
4048
698
630
883
3232
5068
3297
3421
1361
57
4242
3213
4168
940
2929
1269
2261
1046
1598
2776
3559
1719
8640
2117
364
2908
2730
841
675
917
4222
693
1912
1490
2375
1061
2534
2414
64
3949
5114
4629
2920
1137
3433
407
1224
1600
236
5817
2150
2748
29
618
4588
1498
417
1620
2746
3339
4461
829
9430
217
3914
897
3675
2030
635
2528
6064
3035
6115
490
389
2858
24
2278
1672
1188
2831
4781
56
255
35
35
421
5161
1181
1214
6393
1019
497
3655
1188
254
2278
2886
607
1783
1945
248
2797
6494
3577
1925
1473
668
782
4054
332
640
306
7373
633
2584
1442
619
1866
1957
146
760
2045
2687
1584
2414
950
1099
3162
410
6042
3481
2472
12921
606
3124
79
710
1958
2357
537
7730
1837
4127
2484
3718
5488
1105
1222
6758
781
3986
1632
1437
690
1131
115
1742
1793
1383
752
7583
6522
2273
10233
498
478
1631
1853
3296
2336
1146
375
920
7315
5327
448
2117
7846
2851
196
3703
4016
4157
4033
344
3334
1043
10656
1636
4937
2062
889
1636
2261
1172
3194
2745
3285
4242
3083
246
52
1948
6106
151
548
3407
1039
2332
1696
771
12117
6392
4173
300
131
3811
2779
6062
5784
3376
244
1384
1806
4
1118
1343
3560
1275
4010
9673
2727
718
6031
1513
7660
4663
6345
3632
3255
839
249
8330
3195
645
3180
1613
5856
1503
85
4957
15129
548
248
2146
755
5749
11018
1194
490
4465
2471
2923
2866
1145
1593
2088
3
9775
3018
2949
527
1722
8923
2708
3424
7539
3666
2272
249
2456
257
1503
3514
1429
4221
7650
1048
1142
4201
2008
556
4554
1007
1638
4894
2902
4730
1364
1006
1410
1048
2283
139
86
676
274
1310
3197
3451
242
342
1227
688
1349
1990
1519
150
2836
617
2778
333
3738
583
519
3965
105
2162
1295
2719
865
3101
2311
218
3324
2419
2265
4773
6835
833
9824
3719
2566
4384
480
3944
57
1377
480
426
7044
793
288
2422
6475
5712
2890
4194
2687
4717
4996
14235
358
3238
1430
4367
562
3372
24
1657
4139
169
5223
5913
1816
2423
2101
2674
4991
4109
1848
930
418
1599
7468
2462
702
27
1508
911
1339
188
1504
4273
1268
1735
3903
1708
38
3247
1753
5998
1646
3010
1293
1396
2501
3425
2554
1323
5597
3201
3339
809
1451
572
1184
1780
2057
800
2997
4139
3263
299
3025
2169
2383
2043
15
1254
3034
400
2307
2907
1910
1929
2644
4859
288
2455
470
1413
691
6494
3643
703
1376
692
837
255
2079
2274
2800
1120
1134
253
319
641
3941
1099
3268
1156
2268
571
2745
1658
926
2450
1481
5816
1085
478
5477
1573
559
10069
2316
4409
2827
188
657
1455
1244
26
505
2049
1204
120
152
2239
2590
427
1109
4121
1042
3632
7923
586
7008
842
3283
816
762
2765
584
210
852
9852
115
3662
1018
207
9306
4099
1294
561
1881
1891
1218
32
2448
2372
81
2060
805
728
1212
66
2384
8405
2504
2631
1100
3610
614
2026
4849
2591
1687
7052
1184
2167
176
1056
67
1339
1552
1673
6407
4851
1448
1837
2134
3425
1507
218
170
2890
683
2800
5632
5740
357
598
1237
2993
15
5393
1885
1637
344
1188
3218
3965
729
4050
114
2497
1449
1266
901
1744
249
8134
2228
2929
253
1884
2046
2352
1182
4908
4202
3856
1343
441
455
1373
472
1897
402
2976
991
2339
6084
4549
728
836
3479
5666
1040
4162
1848
753
784
7738
1381
724
1486
1401
4382
9230
1732
2194
7385
246
41
255
658
1703
271
1500
1937
2861
220
1298
4475
13
124
206
22
8351
3746
790
1281
1656
6195
1438
539
14841
1804
542
380
1288
1621
6095
6618
485
798
1258
1893
1879
68
131
1529
1396
1094
3423
531
2589
5749
3017
10136
1824
783
1265
2885
4552
1755
2127
534
4716
463
2164
1113
3167
2036
855
547
4352
3717
3086
2989
3434
4969
141
607
961
646
6839
903
1843
786
1604
5433
1368
23
2815
1139
1171
718
45
827
1397
2326
593
6039
1863
4314
7179
659
1852
84
321
3488
2277
2189
494
2102
5136
928
2698
341
5
4722
2754
6833
1668
37
1632
2617
2369
1349
3774
921
582
666
182
4216
6709
1685
97
6699
3699
1964
275
3988
11669
1771
1651
3826
11735
47
2324
2130
422
5361
2696
516
480
2677
1415
2808
3501
1221
4678
357
4119
945
445
6294
7173
2614
2709
11
18
1607
1972
2516
1242
1634
1981
4774
5195
4850
273
1255
1786
5780
4333
1483
596
149
2491
1087
364
890
2872
6839
155
159
889
3516
16
3107
31
2995
1475
1633
2806
6044
235
3196
641
807
782
1726
3699
7976
5661
863
436
4436
1257
7400
1089
1484
1137
1863
2254
83
662
13899
558
2727
1026
531
2712
2477
1079
926
662
3317
986
2730
4346
410
12254
4
6980
4691
9381
888
775
3772
2620
4939
2180
3996
4035
112
119
4405
870
4111
1465
814
2648
1686
6861
260
3215
797
4107
815
1538
2133
9847
335
2704
466
3738
3315
8
4857
480
276
5381
4838
228
1601
374
5111
6665
2716
4566
565
3082
2960
1618
3235
2589
1625
2054
1647
2138
393
2492
2247
231
4294
4207
3947
3454
1837
2545
7313
2525
4455
1011
3804
7028
509
1726
7931
3819
1052
4186
4728
682
986
136
745
615
1042
3089
1288
2167
6362
2728
2383
528
1129
4057
4929
1830
1215
5270
2700
4539
2378
838
5825
4598
1725
424
15
2580
3238
6952
411
11
4862
12184
3549
1287
1012
465
1652
3986
113
254
12012
8285
1295
1798
6960
1673
2
10750
2565
236
501
3886
3449
2317
5514
69
1458
3883
2933
348
9
8852
138
195
5312
427
1817
347
14
3779
4392
2779
922
5611
2869
4642
261
3670
2348
1316
358
240
409
4222
1623
129
3203
3019
5033
1433
5212
4729
2115
2452
553
1835
1276
497
1411
4112
2946
200
975
218
1669
1465
6818
3251
11
3822
3746
5488
2964
5109
4845
7590
1479
1454
557
209
201
6443
5786
887
849
14024
1140
637
2392
258
3568
474
1589
4999
1176
6064
3649
6141
283
2141
4839
538
739
1035
1301
1793
5574
215
263
7607
3373
65
143
4515
2143
1976
4047
313
11
3237
1620
3269
196
2211
1372
2850
113
3684
1476
595
37
1470
439
624
1578
9238
1094
590
3355
3759
9433
182
440
197
2733
4097
572
88
744
1534
48
246
3453
36
2200
399
278
2553
3257
694
328
482
263
1150
1002
891
2843
1476
1729
2178
1694
221
1814
1839
5425
125
4546
7637
2312
2704
3995
1655
266
3927
8850
5804
1990
1854
348
4621
3403
634
4812
4864
9343
4944
230
1280
3658
1728
4784
1672
1132
1393
6335
4240
5940
1292
3494
2462
113
876
600
642
159
799
341
1752
10993
492
1663
4512
2188
3980
2333
353
1037
1657
1749
718
331
3441
2056
140
8703
9094
2440
1003
177
3678
99
695
3929
659
1762
3423
720
800
330
430
421
515
1469
1051
520
5979
4632
6696
11357
23
1941
9990
2013
1905
4651
5836
443
5413
4569
917
85
606
721
230
4837
3145
775
1658
2010
3508
3931
3686
967
2365
930
11076
15
485
2629
3930
5254
3765
3749
2748
4681
449
625
7819
1563
2314
3655
120
3184
2856
1171
109
2785
1888
1769
2561
5045
154
815
339
995
2905
6660
851
892
2583
4995
5184
4108
2221
7987
6393
3811
5374
1730
1477
467
2330
185
3434
797
4736
6912
15656
4216
610
537
103
1064
2373
223
239
1698
2152
3104
2086
424
103
877
7315
3820
4843
1539
2071
3010
7229
4849
28
2327
8929
2615
1067
252
242
921
281
4104
1524
5160
1466
2986
2046
2734
27
9
132
7410
2874
503
139
998
3157
2175
8898
3457
4512
26
1250
624
1032
1855
226
9674
3625
884
464
1635
1843
1162
1807
171
537
272
3279
3198
962
1454
5539
638
9411
3430
529
4308
1852
643
4874
4699
4463
1298
7463
2229
630
1535
4891
723
4831
189
2278
415
14702
1716
5102
2402
6525
557
4512
9608
6537
2581
489
6624
898
3675
6106
3836
3
4348
772
2949
167
9308
2445
3410
3617
216
2187
120
1363
631
2240
7881
1286
1929
1550
1926
5207
1802
887
1055
1085
1269
718
3317
3622
1580
1758
6403
329
1849
2413
3781
918
1510
1153
1828
1545
1442
807
312
3554
7495
1826
6011
6196
3598
422
1435
1411
588
10707
451
1537
11490
748
643
4656
278
4361
1063
2314
1598
14338
1793
629
4364
244
4453
784
8542
357
150
875
3874
4414
3514
793
2952
598
14115
1641
310
4265
1071
3056
441
6169
454
2437
2093
1057
10172
6244
2407
3101
560
5522
1575
1069
2915
2009
600
1328
4848
2032
638
1206
10504
5624
1043
1129
729
13518
669
3148
4010
3081
3445
555
2246
547
247
343
2493
3325
111
1884
2513
4682
2257
5613
828
1639
7003
310
3318
17
763
5255
865
3066
3013
882
7347
118
695
10807
997
8386
7645
552
1500
3317
3242
1459
2296
1461
3360
1420
1116
736
1412
1676
124
5621
2327
1211
3118
5137
2568
2866
504
23
5967
567
4788
1749
1120
108
2863
2708
177
7348
2257
36
8140
580
4913
2865
5304
2309
2337
765
759
644
4660
832
627
5885
3457
429
759
1398
717
2240
2675
2379
1983
72
262
1719
3549
2434
2212
50
735
937
238
1650
697
5432
883
1784
1401
1372
1134
335
1509
4404
2739
446
816
972
41
3934
2965
16562
10624
614
346
3873
206
2927
891
2061
410
1956
768
412
246
1258
8184
3865
41
1492
3092
5025
887
3673
4336
861
604
3438
2248
796
1113
228
1728
202
88
2423
1830
746
5269
1866
1710
2050
4787
7896
564
4884
14918
262
969
1874
1820
2296
839
740
4370
948
15583
912
2654
397
6643
211
9519
4071
1427
1114
4101
13289
3193
1946
972
2505
1328
1261
4605
2762
2143
122
1064
868
4703
1710
90
3131
6456
537
3129
3366
2002
3835
881
8032
1448
1317
785
1086
342
362
2918
199
1991
848
4994
1201
1030
2950
3486
4700
1693
2220
1869
130
5414
2268
1021
3311
2038
918
1007
2906
5637
18
3631
2066
674
4665
9546
224
5014
1456
1518
1376
1630
44
1016
3468
3022
1286
1401
2504
1054
6079
4108
3321
911
926
1682
3141
1451
3294
9963
400
1629
161
326
1407
1999
1434
2006
1990
6029
870
205
107
520
7564
242
58
177
649
3240
19154
5693
1264
2025
6060
19
790
3964
83
8160
865
785
3576
895
6912
2475
6996
562
1019
189
1176
1899
1391
3407
2789
5116
5484
6
1300
6129
1429
4743
4058
1749
2943
4978
3637
4507
1654
2101
2434
2526
1223
1456
748
2500
1174
666
882
1614
413
545
1259
2042
89
6011
3475
995
7677
5861
7935
105
3760
432
2707
3764
4177
3143
594
1037
709
18
1053
3169
6583
3110
4087
3175
2991
1423
691
3709
1690
984
3888
1462
2860
729
1512
230
369
1668
568
3452
3852
84
193
1942
7874
78
6852
2574
2895
5444
11044
1857
1522
2040
2736
208
688
1610
3578
873
2873
85
1191
2245
51
522
75
263
2853
711
2641
10527
3119
2087
135
314
11779
1827
678
4788
395
7940
339
2906
5457
417
1771
3919
1999
3145
8489
157
27
279
1759
1606
481
3785
5576
704
9390
2666
1286
412
617
2106
8800
1419
674
3585
748
235
3541
1656
1430
355
5431
723
2559
2710
1735
4397
1665
1061
2437
618
122
11960
873
2785
2144
202
392
5789
609
528
1577
1984
1074
2758
5870
2940
1052
584
247
3595
2457
7448
1682
1058
761
2697
1380
5008
2686
1390
1726
2247
873
248
10046
4122
1456
3567
695
550
1239
4455
5524
14342
4090
44
2231
4991
568
381
2107
109
5184
3304
2529
939
2016
1599
2124
876
1786
8211
918
1424
1148
10931
874
7533
250
3983
1424
5015
2835
3208
464
217
246
450
6859
373
6847
466
3724
1246
2643
455
15251
4723
4849
2967
2680
4341
2932
1956
2969
4273
5543
2088
778
4284
776
3295
612
1447
2565
479
2758
315
560
2691
2835
3589
4100
75
381
775
3925
373
6870
1966
4742
629
497
2204
1715
1401
3047
4629
561
447
4406
899
64
1392
1552
5875
734
3396
182
1065
1386
8555
688
420
1936
5256
2759
208
2113
1971
4605
1102
2478
463
4775
819
690
1155
8143
521
400
11918
506
2896
2278
6650
726
1481
5578
1655
88
1927
872
1187
1309
33
19
2205
3915
1311
3772
487
38
12
2355
2960
10244
3738
706
4089
791
2535
1170
3381
12192
1009
173
1024
3258
3801
3300
4482
1610
111
858
2078
3461
3050
2709
1005
751
2377
513
719
64
6333
86
4180
2586
3009
376
179
3072
739
2051
3589
1398
1345
1311
458
1447
2141
4570
318
600
605
3658
164
2566
3227
611
3220
1638
1835
550
2946
941
2840
9411
4357
709
993
6503
223
12
435
5805
2016
2892
892
284
187
4178
1783
7381
1449
1554
2142
2792
1793
43
1467
1853
7180
980
2657
133
1552
8387
6583
4100
1865
740
3994
1004
4564
90
2447
6860
668
8188
241
3400
2655
9
1539
1235
1946
4429
3243
2818
3142
3029
587
850
4655
1561
1780
418
11115
896
180
2574
376
4570
6626
1409
1733
558
1116
1912
2255
3393
226
652
4383
8357
4158
4540
3906
4246
575
6074
2397
3397
282
7471
3007
1627
5014
460
5654
4418
135
5546
9063
2785
107
455
5783
897
2773
590
2762
769
670
2396
7643
399
87
638
9432
7535
3535
2034
5977
2990
1189
2040
5352
2487
2541
2456
531
1770
358
4206
1425
90
1189
639
7273
1240
263
6671
1232
396
3353
3944
121
3580
346
6395
3567
404
1011
704
8903
580
8148
1398
2902
1719
616
5480
1241
747
620
2423
1101
636
1640
578
626
403
185
3957
1630
869
648
1616
462
344
1071
8876
2137
851
1745
4362
500
5108
3799
1548
615
3879
5905
2502
5839
179
849
2165
2657
1620
4855
740
275
14
11794
1527
9710
4857
742
3972
1677
187
2930
4980
301
3930
3253
7605
100
2066
4360
4506
1104
1415
401
2790
2987
2336
6705
3673
3304
4654
4937
2174
307
2917
187
925
4440
234
4200
6105
1197
2815
1496
294
1990
1717
4753
3065
1181
317
1596
1063
1596
2158
245
387
7865
1436
998
1472
2740
12569
1324
569
770
504
3260
2051
1797
259
4747
1721
3441
3945
1667
885
1187
1682
1380
2087
3099
444
7013
1717
7013
3279
4269
3233
3256
2551
266
377
1960
2984
653
993
493
4078
601
386
101
6788
2180
3927
1103
203
5146
1246
262
534
851
5769
15078
4141
4422
4514
166
469
463
1920
1634
1197
5022
332
1386
3941
2679
5367
5523
3158
4773
2164
4855
152
1481
2015
1724
7174
496
1185
321
227
3173
4087
532
460
231
582
505
8412
6159
1057
4450
508
3289
597
2887
1976
2406
6492
2353
953
4279
18536
1512
90
2529
1628
61
7323
2866
609
344
503
2934
754
440
745
3284
948
2682
258
32
1965
4233
2412
4898
98
336
2252
8843
3994
1547
6632
2168
7353
2136
1953
2233
4099
842
7350
2975
901
4593
2820
753
512
551
3357
258
95
1563
2450
2065
1843
3940
7065
1371
11854
1919
682
5026
1980
1072
2423
1350
3416
5441
11427
850
775
1275
3157
2795
2464
3513
675
3103
1535
2221
273
1372
293
874
91
5075
2827
2318
2258
2997
3340
12963
1192
971
4023
120
11396
4297
2116
4837
2222
3824
2097
4684
1117
58
208
797
769
6627
685
7399
5875
3210
5699
3695
34
2381
1060
1707
1211
331
536
1176
2070
563
3050
2730
432
427
5142
2858
1344
1577
1320
2867
107
1994
950
1967
4587
2391
2493
361
1124
1377
4838
1713
1917
3332
207
571
469
2088
1107
612
228
231
1397
3617
7349
1042
2266
7805
9812
826
1305
2512
8674
1275
548
844
472
830
951
412
7566
802
882
990
2723
2471
1610
4345
646
715
832
3139
678
1395
615
12164
1640
677
528
1245
371
2512
1910
9189
1573
1034
3271
1409
602
4
570
7545
8994
614
1887
2017
619
4602
902
282
3534
860
350
43
1487
2513
3673
1190
4257
382
705
2608
1510
189
134
233
674
1328
2129
901
772
3638
4064
122
464
630
447
1394
956
199
3316
2850
3101
1035
2687
75
1070
1329
1567
1139
2697
185
741
1772
190
3510
620
763
116
6032
3694
4080
931
788
2047
4354
1544
11676
3927
5398
2972
1196
5011
957
3277
567
2537
1047
1282
2311
157
703
1559
1434
1700
1100
4173
7017
1393
957
3738
208
2122
2843
1092
5343
3306
117
3348
1628
1448
245
9937
3448
272
486
4532
4011
7156
629
1559
287
4476
5384
79
865
897
3342
4079
447
3425
4181
271
788
1844
721
724
2725
4105
3701
2439
350
229
3029
2080
6877
1613
2559
1374
2564
5186
3329
275
888
4613
2791
892
3212
4124
209
1356
1871
6958
803
4427
3813
1333
1771
938
4625
11494
1738
1643
557
3537
192
2452
951
792
437
5687
3013
690
3741
683
417
2011
4509
800
630
2966
7
11001
2845
957
5657
1082
894
426
23
1494
3922
5105
3485
3411
2679
4634
304
291
6200
7293
8392
7306
17
411
2516
1689
143
1009
4231
2153
8
2887
1154
5285
3030
2437
5667
298
785
1666
2612
6731
2837
13271
4858
5097
2235
2249
4222
468
6720
2393
1234
1056
214
984
1046
2511
4169
2411
1431
807
70
3530
2799
8248
113
357
3513
1825
2211
4207
1239
990
961
4919
3328
1954
1972
6979
2147
14494
3426
8959
5690
4429
4176
4137
818
6031
7237
455
1711
3594
357
4017
4772
1773
1177
381
5699
1316
771
1768
3312
2175
1220
87
2023
740
2532
2199
5230
1504
271
4639
229
1843
1071
497
11979
1632
6021
5925
4
6385
2955
4049
1184
7503
4822
501
512
1025
4732
264
3106
2527
1358
1639
521
1203
6087
4073
782
7194
5733
3381
12072
16221
1657
3762
6141
2373
7190
7302
1651
1821
105
3360
276
3959
3518
2554
337
418
1131
917
1223
368
4084
3979
324
2807
92
196
5274
895
6021
4902
1306
2289
4786
1768
1945
1015
697
291
404
4162
197
1262
1318
3677
12353
213
8546
2013
1648
2237
5320
76
2465
4033
3364
3610
645
2125
1588
2065
3071
5242
2214
576
973
180
4089
1895
51
5906
1026
5562
5939
687
201
295
60
1635
1743
197
1024
1002
1780
555
5788
3446
46
56
1099
1896
155
3628
1913
682
1386
966
64
2959
15
738
583
99
1726
516
754
4205
369
2867
322
1802
703
5311
996
1018
3776
1535
74
697
572
1384
1295
2802
155
2806
1066
1702
174
1338
2538
2569
6250
3524
2138
3165
2748
4243
1275
1115
2784
2949
319
955
5576
2370
817
2649
493
1476
2807
3416
564
245
1857
700
1013
4561
5522
2491
2892
1994
481
6131
2887
6824
12199
4528
926
401
922
3065
669
1143
2660
2396
1985
2350
1504
5001
4851
3435
2314
5755
1478
234
187
1155
541
609
893
1647
2366
3051
3378
1139
4261
4817
3287
1892
935
3084
4435
2975
437
3628
2321
1182
12584
7021
150
438
1775
4656
175
711
7805
3223
2974
2162
1006
5190
292
2254
994
1951
1546
8056
1698
4563
5703
1368
6707
542
9415
723
2472
569
3000
84
9149
2664
5487
1077
1626
1022
3829
2122
3735
1858
795
1438
8638
1250
3572
4087
445
83
3915
9589
454
9122
1974
1391
1978
1353
2076
718
3589
3835
4071
1171
787
3195
1191
5876
140
4443
350
4042
76
2420
3017
1130
310
81
359
2886
2440
2658
167
1890
1166
3809
6766
2142
6030
4668
2454
5032
1031
687
3258
2907
5491
4240
130
2082
842
2295
3531
5085
97
41
2225
1533
468
20776
3386
3171
2535
3431
590
559
1489
9198
2410
3570
731
10597
905
2336
554
4916
3888
1494
7381
795
768
3468
1899
50
2509
1372
408
245
5170
4551
4630
149
3988
485
8359
4551
467
1360
9328
2702
901
1160
2821
266
2240
3149
10270
3764
783
294
1883
14
1294
108
1638
3030
2620
1312
683
3494
5732
425
895
2596
797
5443
1038
797
5210
12461
479
436
276
954
6050
5408
1375
1934
1044
2852
4298
2226
2317
1955
3598
83
1410
44
2556
881
86
2858
3787
1375
567
4138
2055
1944
1941
1958
2337
3404
2204
1980
643
8116
1689
1260
1123
5659
3586
2001
343
74
1392
1608
186
961
6467
4181
9966
8
4605
1936
3011
1054
1875
7153
2217
2246
6873
1759
854
1958
881
8716
3073
3426
517
1889
905
2652
572
1076
1361
2445
370
279
2868
1165
4062
578
420
797
102
961
2252
5212
875
439
1502
283
1029
6183
3091
3546
922
1742
2057
3129
4645
6442
2520
6623
1085
954
314
426
4702
480
146
2129
2879
758
79
104
4201
2165
415
6370
6616
3103
1095
862
1287
1246
646
2009
3301
15445
6560
928
463
254
178
2302
634
4467
15198
1464
6176
1968
157
1089
2062
805
10564
1077
1132
1379
5323
3701
3882
6297
3304
598
2693
2953
1150
3398
404
7704
5219
210
2570
1606
7919
367
112
2715
1213
31
8124
4083
8191
5911
17
189
4631
1059
4358
689
872
4527
2520
3245
1656
7096
852
2021
695
2361
772
792
1421
418
2326
572
3994
1809
1098
304
1747
4028
7421
2666
2677
959
673
504
1438
103
3872
7614
1789
1040
549
969
756
2203
1282
327
5205
42
5675
175
2146
557
5602
4839
2487
1212
5126
1039
782
304
2358
7037
671
3665
12290
3717
1034
2208
1892
1896
1113
452
2862
2078
1491
4120
449
4992
1505
3143
3226
958
437
1271
1657
214
7226
604
1584
6090
1801
3946
2397
2895
561
2553
3712
1606
5918
5105
618
325
1250
3565
3271
1192
1980
489
4902
1982
1457
1975
3501
8666
1461
3270
530
6093
581
186
3956
664
1005
4123
5522
949
5891
2630
905
2693
200
3404
1259
7010
376
1769
3122
8852
3570
3156
3024
1553
4297
1953
1385
253
1512
242
2142
4441
3769
1638
840
1384
560
1432
3334
452
294
1429
9399
1886
812
3676
879
369
3473
1714
3348
1796
853
8159
17
8
6199
1389
431
4502
8366
924
2933
1097
4546
1089
6377
1432
3535
1018
867
893
4313
364
4484
3917
1043
162
1133
8141
1929
5486
1987
3815
110
5795
500
3929
630
4408
2638
2980
3693
6464
1064
3297
4605
136
757
4069
2227
7405
2194
2186
2666
2466
7108
493
2023
11839
5076
452
3926
1738
2496
891
57
452
1688
1120
1874
992
573
1035
152
6664
6017
7
1118
1261
3080
990
5369
1638
2415
2967
3558
1177
867
1980
38
364
1109
762
1301
1945
549
1786
7407
984
1122
1205
702
972
2029
4027
377
2184
1679
304
104
3360
1131
268
202
9381
315
2622
722
4753
3824
691
3347
782
1502
659
1522
1218
1796
666
1198
136
2051
313
1192
1453
1525
3742
7475
1191
3906
4552
4589
4339
5166
10607
17
3060
565
5176
2758
930
4905
1021
4374
5716
885
748
25
891
6539
4278
11665
3553
3874
646
2587
989
278
3004
1986
4269
1760
6257
1433
227
3412
5578
9486
3842
1262
1125
278
778
104
935
323
335
2849
3872
959
6889
2739
7199
4383
5243
3092
602
2417
1074
2544
1883
4753
1033
2567
4063
753
1012
7007
652
545
912
961
6345
1833
441
356
5101
408
11542
2544
1556
48
829
5927
145
625
1533
5432
1107
2431
4392
1398
2093
2989
2905
494
8616
1727
304
5049
4201
858
2173
2572
4012
32
180
5329
1149
1389
694
74
1355
2708
652
1830
5443
1199
544
1302
135
808
634
227
871
1366
48
198
10812
6959
326
108
10156
804
2657
495
3089
5663
7582
195
1115
6123
12925
888
1243
7288
3101
1646
798
4406
1980
434
674
437
592
1612
2062
2485
4626
3819
7073
3908
1520
4604
342
507
970
2694
1203
1288
1908
2695
1015
1353
7037
2512
4284
1648
5237
15197
595
1281
1388
3025
5265
109
185
3801
495
3946
5567
1001
7974
3342
4880
4145
3614
1269
1809
2499
2496
3154
2093
117
6422
1223
6041
1166
4504
483
3035
176
4942
1288
4534
4158
6236
2645
6520
472
961
1055
778
5617
2127
61
2874
5299
102
191
342
3137
620
442
2204
5649
1074
1632
3860
447
128
819
1399
4493
2034
327
1414
3071
8107
3477
229
2409
2330
3714
37
1678
2770
1496
4842
19
1663
7144
2616
3839
2053
1413
2551
7331
2916
4097
944
2097
2610
2234
2588
2299
1774
4389
632
787
3597
2432
2704
1567
1566
1488
1042
1462
3168
4209
4192
162
416
233
6350
1339
3639
1453
2756
404
1487
48
1702
3291
5631
2204
2664
1964
593
715
6529
5457
790
657
174
2208
10409
2222
2155
669
214
3440
513
2270
734
884
3366
4237
381
6093
927
2856
1143
2718
1043
8
819
2370
2505
751
2931
2389
853
1002
50
1842
6974
1820
460
1402
258
9645
417
356
8
12490
663
1224
3227
6383
2273
1909
3366
331
3286
34
622
832
157
10
28
2295
1462
716
3742
1134
340
5650
6529
2635
1204
3665
2165
2501
3106
1541
954
7358
2364
4328
2943
107
2557
1463
216
2373
4598
4377
3242
2402
27
380
6958
6692
1571
5489
1132
1275
192
12
4475
673
1469
648
1101
1937
2344
621
4906
7332
6431
5160
311
2700
311
3400
7745
212
2176
2648
229
57
3354
9213
4584
1266
2318
3520
2356
2170
2904
6289
976
13
191
1363
1832
509
1650
369
908
4310
298
2110
194
90
217
2533
232
155
2732
685
5513
5365
352
4151
2061
20
592
2688
1164
2390
12836
7185
3127
532
4923
244
128
16
1916
3448
7477
4013
1998
10838
76
3347
5159
834
1683
707
1589
2609
6145
5454
3535
1787
2891
1418
698
1281
1342
1145
3693
5427
483
128
2753
3246
1144
3487
1311
777
4242
1681
10717
2093
89
4567
1741
6178
387
993
6980
350
6903
2200
2220
2824
1072
1598
673
2290
691
4110
1496
5788
801
1443
4486
1334
2044
3009
4189
903
3060
2097
4007
1145
424
2435
753
2151
3455
609
776
834
4305
5883
2904
808
943
2200
7802
3787
4651
3183
614
1063
809
324
4723
1775
2191
2477
360
4761
10558
2140
3085
1049
1666
3925
252
4126
821
992
317
1291
2103
41
8122
3636
4150
4700
1528
251
1666
577
356
5346
2895
28
2130
889
326
7408
453
2125
268
7223
3355
323
4543
4219
2347
3042
2691
356
2716
6328
4810
3564
1276
317
1148
3162
2825
1218
6570
1832
26
2959
792
6442
1430
16446
213
545
609
133
1192
1232
5285
3999
4432
2460
3232
3896
1920
1593
1187
3929
2310
77
600
1000
1675
362
2856
1945
2051
153
12
1169
2485
1803
777
684
7212
1464
1252
3912
6610
2816
2711
1676
6599
2673
1415
799
950
432
615
356
3501
2789
2116
3133
3114
1306
5765
1308
2267
3892
2460
6983
1857
734
30
4616
1709
393
1524
295
1585
6143
4712
2479
858
1689
3309
1109
2636
3129
936
4496
2632
6
539
4472
1537
1618
2947
3249
1103
2409
204
4230
368
3503
1136
1147
2043
1111
953
2823
2967
400
1229
1203
455
4231
1016
384
605
760
486
577
227
403
2097
2113
629
2068
925
939
11924
6304
2896
900
3022
482
3608
112
369
1061
2946
1971
1147
2698
3341
7094
3709
635
2180
466
903
865
442
289
1384
16
3547
610
3121
887
413
3985
104
780
464
2785
5918
4744
1173
2595
1048
8830
1253
1482
1896
3554
2473
1154
100
1442
630
1221
1755
2562
5490
1654
813
617
1345
1134
5157
4705
1976
1029
3142
8486
217
736
4074
3287
4345
639
6518
5417
2768
298
32
86
1368
2262
2599
360
1992
1275
2933
6986
2416
3972
2568
2860
4813
1886
7207
1336
2009
789
2821
6225
3649
1983
401
1356
2441
2293
604
66
2795
2995
4571
1044
9383
462
601
492
2311
3213
5159
3771
10534
613
4167
1394
1371
1200
2306
6109
1571
1956
302
744
4127
294
1840
1426
6420
2072
300
683
3731
5322
3544
4639
3725
1675
1756
6923
884
3049
1006
459
723
3102
2132
504
7750
1547
345
742
165
1345
3193
4642
2664
3616
440
1226
3831
2808
1922
3672
1154
5392
4101
13229
813
309
903
169
1752
1538
1601
2484
2222
101
9572
1076
3925
561
5286
5406
1255
1803
6675
2020
4088
16
1238
3780
6941
952
467
2332
3903
960
1410
6757
1081
2515
2721
2193
3653
840
238
1526
853
7248
513
2479
567
2962
1630
27
1582
2481
424
2504
652
2625
768
222
266
3050
5069
6842
668
2938
856
1678
124
690
1333
890
2514
2737
7540
464
5523
414
6176
2537
2541
5169
784
1634
2599
7982
3738
1710
121
1729
321
1477
77
1584
4196
1226
1088
1989
4107
121
849
10510
1772
1204
7026
3692
5325
2203
1014
4487
6356
3143
345
536
3465
267
4617
641
95
116
1046
2466
1195
1778
1376
610
203
385
1838
2866
52
164
352
456
1350
2092
1149
399
1518
371
1079
2634
5964
849
2156
3608
502
2065
320
4602
5635
33
2625
479
3602
3614
2900
3590
2262
3377
133
405
1045
3478
359
2747
4402
3014
3318
2607
4526
1347
9625
1396
1657
10558
541
8102
1162
704
519
6157
1272
121
2606
4607
162
473
346
820
235
26
5331
300
634
10072
788
306
1575
1329
10199
2908
1679
1909
206
6057
1576
2324
4362
1041
1767
3687
4834
405
2279
2309
1463
1589
2469
302
429
939
1900
2901
2503
3629
6801
868
2666
5078
2750
5766
682
3327
4836
1250
1957
6005
1963
1964
4575
1977
48
477
510
6930
683
1349
1570
3092
420
607
3793
1650
650
3989
176
10956
137
2297
1074
608
4702
1319
1053
2711
3694
665
5857
3525
4379
237
446
383
4365
2658
1626
8649
5071
2559
877
107
3075
6088
473
298
2822
7390
1122
1791
3279
877
1992
681
2286
1231
1241
5786
2404
562
2342
296
1950
4339
1226
2360
404
5563
5767
1488
1999
522
120
1315
1338
2307
696
29
158
579
4237
489
5613
1929
2062
282
2829
721
122
328
4064
828
1595
7355
1367
5988
3885
3021
274
7260
2792
3206
797
1082
1826
1205
6928
44
3673
472
8424
2063
5149
4546
318
686
11430
3904
4955
2694
6160
1027
8338
3104
507
6637
1196
1226
4813
717
3663
1662
3112
3875
2041
673
139
3240
1090
11474
1582
165
886
833
925
7896
1753
2169
11021
7491
2680
5363
640
644
1366
2838
567
3591
302
3637
3309
2047
441
6801
3157
1355
1669
12459
118
524
1642
4379
4058
2644
6810
370
91
1225
1632
5924
341
3898
3380
2787
1042
489
4544
8392
318
2543
8514
2192
1387
2274
5176
1596
726
1439
2357
178
326
3149
26
6883
4066
3687
1267
1075
337
571
2439
4728
1041
2194
579
2679
2442
640
3151
4843
3332
83
153
209
1098
1668
589
3201
5995
6847
865
591
1627
4022
1048
4603
1811
987
1027
299
2682
614
8123
2733
506
4585
969
3554
1882
307
12
1913
3312
989
1402
5464
673
1146
1115
7839
1959
5192
2332
2537
735
1311
1116
2265
6622
3257
542
110
3979
965
806
1240
1433
135
5030
1648
1202
724
2593
959
986
478
854
1411
958
2217
4953
4230
2002
1604
2313
17995
732
4135
1438
4761
9767
1780
657
1108
1008
5796
651
3644
7525
1980
1759
3033
1796
3372
2890
4729
1763
1802
771
274
2727
148
1377
71
10586
47
373
610
3754
3362
813
2022
38
5080
1173
40
1989
5646
3736
2090
3515
1579
2677
1280
1682
2665
204
8430
3687
1862
418
1365
3339
1271
6299
2302
1706
778
1739
2517
4202
4820
422
1725
10700
1694
195
1834
5923
1304
3064
892
774
1340
559
1667
129
266
3607
198
622
825
990
1372
889
5984
5290
4867
3253
533
391
1426
844
4325
4200
3834
687
912
5801
1001
3844
320
778
1967
3044
1346
1023
1524
5437
5397
2942
794
1513
75
500
223
5190
368
5211
5998
3732
2484
4582
572
264
3674
1779
7839
3834
12187
2052
1927
2307
6327
1041
1776
5503
1371
224
290
1293
2337
611
1909
2333
996
118
7336
2787
499
1661
4990
1442
5591
3578
1875
9928
195
1058
233
956
1707
975
1149
3252
1641
3944
293
3261
754
3417
645
443
274
1704
2833
200
882
2885
134
471
11100
6373
1350
605
4424
2770
3069
3966
1870
1015
7886
642
2740
6024
271
1556
3855
5739
433
1413
588
1116
3599
460
638
134
8884
352
23
4584
469
1460
10105
17
972
843
2107
5571
4911
2293
128
831
890
6102
253
2872
1915
4042
1905
83
506
1331
463
12
165
3916
2283
2478
1016
11009
148
1607
4978
621
3303
1068
505
1598
3831
1403
1049
2303
7415
4151
999
2124
14666
1914
3957
2425
1325
461
1531
726
1969
6664
67
323
2292
3156
1231
110
5130
1598
2837
3698
8459
4640
2185
3129
1388
2241
10335
1319
924
4933
297
678
9410
4366
191
5692
2531
1899
1907
5220
181
9133
1175
3468
689
3502
1514
107
495
1342
2058
1128
3319
3213
1360
1013
4238
143
169
840
1432
381
966
8080
5334
45
1168
842
7331
2214
1087
1216
9576
1625
80
3355
555
3250
3359
4979
6557
2931
6896
1977
2732
529
164
812
916
6639
80
2089
753
258
3234
598
3340
2292
1504
1187
6371
2000
1266
376
1850
3130
4512
6349
1139
5419
3400
3024
232
5260
1612
3186
2976
1649
1231
440
4038
7910
1033
883
3310
214
707
1224
361
3144
1330
1280
146
1649
8276
55
898
9464
90
2651
3499
432
396
8759
5330
2100
752
7928
5634
1246
6652
129
1456
823
516
571
2983
2022
3641
3862
514
5864
2743
3708
8245
9581
2979
6408
1950
1004
533
3852
885
3894
3835
4178
997
2441
4113
1481
3331
11706
4207
3392
1687
5660
1043
4908
566
2056
5098
15699
8124
473
811
461
865
4058
7393
6071
162
1887
1794
5889
1024
460
3709
246
395
3130
1362
9214
3481
1281
88
3720
456
1687
766
1028
574
217
2627
1314
2102
2307
235
11488
1073
907
346
876
2781
7289
435
7688
338
5906
2079
689
1134
1001
6621
2357
1346
623
850
303
3667
4160
155
559
39
217
1417
2126
3165
4625
2422
1240
4638
2101
1222
18
2379
1737
4801
1691
1027
82
817
2045
4921
751
2822
784
1544
4683
3444
1204
640
5839
668
441
3044
674
1929
4253
1797
298
4715
650
2979
2015
2803
552
97
4583
853
398
25
5631
2106
3002
482
149
1995
1006
1852
1096
1215
1116
1580
2060
1981
3486
1083
1979
1240
2468
1293
3349
406
449
3598
2997
6359
1103
1168
372
3686
3195
9762
6765
3694
294
3227
2821
9423
182
817
8551
15
3888
4148
1280
1931
2323
1866
95
2021
4234
5411
3306
1958
1957
5739
355
789
331
2542
1750
1911
2204
1705
1994
1488
602
403
622
759
10
223
3780
1261
699
3405
1222
1420
941
840
3889
1505
2314
5412
2105
625
2787
1538
496
1494
776
1642
541
1596
4883
2025
4964
1741
5936
4564
4900
509
868
2111
5882
461
578
17817
1397
2450
1706
1553
3434
2166
482
654
8810
1966
3841
9887
4156
1208
826
758
1652
841
969
542
326
5225
3117
1943
379
758
3485
2463
1926
508
102
1820
3722
1862
5828
1925
189
2759
1447
5570
1903
140
1380
6807
6346
10238
309
779
112
1219
3822
2411
2778
1880
937
907
4860
1515
5249
4109
3611
915
1585
513
907
94
506
4597
1486
452
1571
786
3562
981
1204
608
2004
3017
842
3860
154
6151
2123
2657
2692
1600
810
5022
947
1730
3410
2604
1407
1597
4802
2982
1186
6079
1444
2592
124
5994
67
266
505
384
443
216
95
755
5895
1685
990
3488
88
1775
4315
2988
3201
1733
800
2620
6433
7956
9338
343
4870
3034
6260
806
312
2557
2107
4510
363
3860
521
2761
878
452
3244
37
8476
3534
2988
3965
8483
5229
1964
1553
989
503
1206
496
3804
146
4671
1560
3690
793
11
2434
3069
6586
7575
1842
186
1738
2449
8198
1093
3052
46
7646
2059
1627
2514
5956
6747
1901
161
1304
3967
1430
61
4765
3801
2142
2003
1603
1309
2374
1239
3148
7267
376
4136
228
950
40
595
6269
339
720
2795
859
8096
1616
2746
5716
1188
1190
2805
540
2744
1574
639
2005
609
538
2470
96
2572
2714
801
1106
8008
1150
169
377
931
1401
1700
7417
6393
4435
2516
2390
401
1936
3198
437
3519
9488
1513
1025
5135
595
279
248
2437
449
1718
1752
2193
4164
455
2185
1014
8195
817
1129
4162
8029
5965
2747
2726
2166
1018
6076
3508
574
8281
549
1202
385
7193
1566
1360
943
339
2334
897
4878
1233
422
2125
4785
3609
1408
867
1490
660
1769
2442
100
6493
1119
5093
803
2912
6161
1740
11
5311
3051
297
2690
1844
1764
5874
588
205
13979
3175
1799
558
2856
527
320
405
1394
5388
2883
1572
2222
1301
1822
903
10
626
4624
24
583
2391
87
9624
2454
4056
1313
3297
730
6768
588
399
2191
1248
2338
1686
5400
421
748
905
2682
11932
632
182
3864
411
6455
104
1929
7172
1045
565
1995
140
2624
576
2370
990
2925
1753
1601
3609
4018
159
426
1692
3156
2544
12698
2043
1567
2009
2812
4540
641
4156
3859
1130
2626
1772
5696
2704
3700
1905
1729
181
3989
3459
3909
250
96
3332
1754
2605
3150
137
806
10134
350
1239
1897
820
2370
7819
7137
919
1013
3048
219
511
2705
261
230
8789
5385
419
477
2500
377
1621
640
9068
5403
328
7770
1219
122
2189
1046
624
709
28
1591
312
3645
714
556
6446
3902
984
476
2017
824
8050
140
586
550
86
6546
866
2221
5377
3259
2888
3665
2830
678
1704
595
4451
3523
269
1294
703
2473
1145
1471
1210
11
2078
4146
3597
8116
1376
2350
564
5970
59
279
2876
2125
1356
302
1923
76
1501
1397
2125
3669
379
1020
3972
496
555
3899
1033
6693
6056
1914
1465
1559
1477
2197
3588
1982
8664
1398
415
2877
2779
7562
5272
7412
1034
5349
3125
5869
2329
48
399
1293
497
3783
2657
6913
11639
3291
114
6618
856
4188
1987
933
3030
8944
3166
4185
3510
1543
3905
7440
3432
447
916
9588
1483
2549
300
212
2815
319
4552
4426
1032
3727
908
10268
3158
1423
2953
479
3913
242
5547
1225
1305
989
5413
729
1854
3012
3962
5336
1801
885
2481
6875
5429
124
1325
10176
10021
528
1632
7221
1795
1777
8914
3281
1257
4909
3937
933
347
3061
463
1638
3497
42
2312
2748
1101
961
3011
1128
4117
5600
854
1484
5328
2133
1625
3239
1115
2818
3362
230
1191
715
2145
8783
3672
7148
1192
187
620
1916
1044
271
731
1517
1916
273
1840
1855
1997
5407
3080
2062
2176
2892
2381
98
6320
2058
3522
4272
3585
4115
2839
499
1071
991
1428
7231
598
4608
244
8692
9178
5000
92
443
1316
2157
459
7314
780
4644
847
6467
7501
7665
8056
414
1219
1746
7964
2639
2450
1907
2355
3629
4890
4409
9929
5
5587
242
1808
6295
722
4701
4332
1816
2651
990
3621
1131
6551
20269
11521
816
1217
832
231
3657
5678
1111
1852
1443
368
1209
553
270
4
909
1193
963
1361
610
380
8790
293
1780
3567
718
9448
8405
253
14038
242
1182
1234
263
2957
7599
4997
72
452
1226
1432
9367
4011
3665
1719
1345
11957
1656
691
3281
3168
3680
3213
1103
1895
636
5688
1563
1226
1765
1006
1442
9685
31
4604
1774
569
3571
4044
2227
4247
618
3629
2833
1524
1162
1365
6197
8653
334
132
1271
666
3240
2549
2996
3242
2989
2143
7557
3467
3951
388
3806
1676
4044
885
991
3540
4585
451
803
284
1145
1453
1147
1811
2772
390
2469
3565
315
3139
2822
3808
8515
1385
280
7440
1021
76
3063
2391
4764
183
1086
1839
4113
2493
4095
6502
747
2593
431
1624
7268
261
1916
10465
29
834
3112
1463
3699
4086
1944
2528
4034
2109
1403
2012
312
4720
1606
3301
3397
6313
1738
6008
809
3070
2082
2462
100
9947
2475
756
8481
2905
553
4460
343
10
1686
1012
3081
7980
369
3053
2089
4069
561
2094
74
2607
7519
2081
7
1733
3315
1688
753
8149
2777
363
532
1268
2145
3944
4138
494
9513
95
594
1205
8472
1303
695
893
2229
4271
2838
5900
175
1569
1014
7296
6540
2250
386
8664
942
308
2559
1415
1553
892
1220
3999
4137
3724
7425
668
273
4566
2180
1476
5230
2082
1028
2057
667
1392
1758
2485
709
773
661
5690
742
3045
3203
807
2120
1190
365
1322
704
1055
286
1035
3410
1576
2119
435
2776
4706
999
4636
1638
120
303
4287
1132
1834
983
2002
2140
843
1048
3784
5278
11
5136
204
67
2809
2425
1359
5064
211
1168
14696
3058
4884
1239
1499
548
1819
2827
6691
3749
2046
915
537
1050
1952
2753
6206
3994
2718
187
1098
5639
1857
2351
1920
2878
3739
969
3507
4413
722
162
5338
3974
842
884
8215
958
47
5768
10523
991
2650
500
4346
1021
1807
3433
434
2053
1268
3077
4203
3894
188
4271
4301
1033
3002
12657
932
4282
218
936
942
3090
3679
771
1637
2072
2644
740
686
322
252
317
1557
1123
1755
4658
3904
2587
386
875
1170
264
564
5612
2500
3003
6357
2706
6574
1247
1633
1905
7461
1134
1881
206
592
1701
764
513
2934
1038
194
1864
200
766
4227
768
1280
1769
2147
3046
1869
1364
1558
1115
124
495
4111
2439
223
952
4711
3012
2070
1608
500
2982
4474
1447
372
404
1207
2504
474
11309
877
1252
4329
2232
742
2367
6674
2005
4738
1944
4865
1299
1349
14
3742
2946
41
5242
9198
1435
1305
1939
440
7896
1661
5638
258
859
1198
288
3072
1463
2930
610
5270
1917
887
619
927
829
3122
1685
295
2381
1050
248
532
1094
8857
4608
3388
6891
460
786
8
2769
1047
458
3609
11750
740
1603
527
5674
3669
2028
1487
1213
787
477
1062
1228
8900
4479
4513
989
905
1934
3850
7467
3411
2007
1642
1833
4123
665
266
2088
1333
6536
372
994
1450
2303
2449
4248
3045
3518
15
1778
5387
4926
1269
1018
331
4530
1309
1117
3309
411
96
1146
1731
7737
12974
1217
4691
1756
3060
2110
1232
1748
188
2066
2663
875
2350
6797
1476
431
3677
2814
2218
1545
3185
1931
858
1493
5072
1109
2453
254
2294
716
1310
1365
1117
400
8764
3652
3286
5112
1873
2490
18
2221
1955
815
260
250
1045
514
1612
6785
513
688
3648
1449
1354
1266
497
804
1035
374
1116
4413
1165
21
218
826
2321
334
4618
1496
886
546
354
1118
1952
448
228
3561
23
1526
2081
1473
2185
3242
931
7907
3211
460
781
1968
2077
3150
2694
3016
3891
9254
5403
1345
122
685
5289
3292
3163
3776
2931
2071
3566
9316
1994
1497
95
19
1037
828
2049
542
6038
578
2501
10564
661
4937
2797
525
2271
718
289
325
687
10291
2141
1300
4049
1299
1719
1606
1486
1716
2979
5842
5972
2702
1017
3400
2319
10224
2239
13873
8132
2266
2719
2330
56
651
4720
779
3086
3462
804
1078
4138
4636
853
1469
165
12
1929
3955
1649
88
2243
1622
150
4325
2380
7405
1017
650
1523
3083
2556
679
3461
576
255
1067
995
752
1061
5980
9431
405
2590
1252
816
309
2080
2063
2233
527
725
953
1566
157
7022
2710
2081
3230
661
6189
667
2003
343
1427
8801
1270
1656
1016
812
2787
2183
1857
1535
2836
9037
798
2519
1432
947
1099
3465
1262
687
5002
2302
3017
4702
5343
3578
620
904
4880
920
2348
3354
171
38
5792
4744
2646
1550
8291
867
2121
1644
3675
1039
325
1993
3945
3150
420
3903
3484
2774
2099
5367
1724
6700
1670
1288
5492
236
2230
1059
363
2629
786
2123
1416
4677
3123
829
817
1922
6641
5716
3929
1414
2507
536
611
6388
4498
3388
255
4355
2451
4928
4151
8621
3430
1265
9045
861
3093
1258
238
1011
4704
7160
12781
1830
1030
4209
3242
5278
1489
392
837
1011
2146
587
157
2337
2275
2524
2217
2459
4316
721
834
1425
8494
1802
3584
5449
884
1383
2920
1258
647
2691
3595
4036
2792
442
3112
1766
5179
3200
5242
2784
135
713
740
1695
3458
590
492
1466
282
799
2178
2484
724
3934
2105
879
2129
1142
5161
3661
1672
6931
1364
2374
915
7219
1737
117
4621
7828
812
1223
7552
220
133
1963
11287
6769
3947
175
3288
477
1114
480
2552
568
311
3076
4713
72
4126
1681
2392
2731
312
2487
74
2834
30
6076
4038
3169
468
428
3199
442
1667
2929
138
6259
641
12699
3800
4188
1477
4937
1681
8760
693
2997
2963
369
2244
3442
4802
2912
1247
735
3068
3847
2256
325
3291
5110
1756
794
3038
1271
87
2419
5145
274
4578
579
1621
4486
295
86
5596
1566
2165
1187
915
3204
895
1112
2772
2154
1485
1226
639
1561
382
4210
5978
3999
8941
1738
3570
153
860
248
3835
2192
3126
3035
1278
768
4899
480
4849
3031
573
5217
4207
3325
4325
331
2455
1774
1530
1552
409
5213
3641
291
9651
222
954
3706
2399
2761
2309
2499
3470
4040
5323
2008
13242
4784
544
1420
2326
5015
2123
1558
1832
5019
6043
7889
2071
440
564
3450
722
737
480
32
439
571
2978
1510
8401
3977
19
7609
215
982
5670
2215
716
586
6775
4924
154
2199
844
2499
284
4254
1947
1792
999
2031
6355
120
2870
689
589
1316
3248
256
2027
394
1002
2182
5315
2535
1230
586
2767
377
3130
242
1365
1557
841
858
744
62
3196
386
239
436
5418
546
2234
3179
6527
4875
2762
1704
535
2746
2156
390
446
1518
253
1866
743
249
1797
462
9333
1924
3418
2604
3489
713
61
2103
1147
176
2575
1152
862
10942
4463
1097
1903
3057
5101
7710
3595
4657
2366
407
696
124
224
1743
2346
276
3715
4469
2694
6213
1074
3942
5876
323
192
1853
3717
7777
920
2938
342
1760
4099
2538
3683
832
732
99
5993
2100
4144
3795
5445
1958
7764
2016
6026
1952
1029
1444
848
2839
6747
1947
2635
3074
4943
3209
3073
355
1955
6518
184
1267
1042
3988
10496
1112
3648
838
2273
5320
274
2345
2080
781
2105
3637
4189
1519
1763
5511
2683
8562
507
4658
9
703
5186
7332
2106
878
1519
1440
5632
345
3676
9344
2026
1483
1907
1153
3529
399
5705
4233
1526
526
3262
3453
3415
1556
1398
1268
3473
2698
2945
5166
6600
292
526
2305
5214
278
2579
3080
4575
1622
4542
3198
2744
10090
5485
2241
3890
200
2552
2024
3176
2092
5502
1425
222
2968
471
3152
4041
730
1722
3349
254
4131
5564
1103
256
746
278
1860
3959
4793
1445
433
230
5927
625
638
1210
2264
2262
1319
4874
884
1294
2532
1316
996
885
179
5472
483
100
2444
573
390
1927
5576
1732
3007
3896
2477
181
970
2370
909
1277
3068
5132
143
2800
10754
1666
426
2309
1574
475
3313
398
6728
797
603
897
570
8575
1015
33
591
13458
1096
2876
223
1718
970
1304
4490
236
3654
1762
1218
187
8012
801
4936
1419
1145
2413
5039
4891
2365
3023
93
3113
5502
4796
4118
43
3599
12870
3764
1535
453
171
922
9382
7094
756
4826
2112
4941
730
1255
3475
4864
748
1687
1606
5862
1317
63
1460
2946
89
2133
1458
4488
5716
883
1501
4346
766
1124
245
5829
10271
3892
872
757
1104
308
3623
2291
4692
5583
1306
180
3446
2362
7059
5740
265
6081
86
291
1827
508
4693
1356
2788
2225
1956
2741
1573
605
4433
323
3050
4562
3053
5391
1052
630
1046
9413
271
788
3030
2754
360
3995
1700
494
3902
600
195
194
157
4089
689
185
1775
4073
3265
253
2091
2976
224
3726
635
1113
3999
598
4709
3728
5238
4200
2579
3404
4960
7116
52
4193
11112
1749
1828
3183
6780
2340
2843
4900
1573
8
317
966
2709
4113
821
420
1212
3314
543
1665
893
4246
3782
1070
4696
6111
9110
2246
2496
8224
27
14232
757
1918
585
4679
798
4497
3755
6779
8060
884
3159
111
29
131
1259
1246
1457
5479
483
638
6387
6481
596
383
16338
288
945
1587
4142
818
2012
3139
7164
5007
2477
3525
1403
10530
6922
1747
4440
7529
675
572
14101
1575
2695
4658
4950
4648
6824
324
2370
1656
992
1055
843
1294
6209
3317
3449
1624
5359
9205
5226
3660
632
850
89
12
767
1004
1974
2406
284
504
185
1542
3328
3280
695
1066
8782
29
2967
350
911
104
610
163
2043
395
6842
796
1398
1146
177
10037
2093
4126
893
1528
2949
2953
6257
2588
2923
4300
3726
3596
890
3424
2965
4417
6319
2340
3031
941
2327
371
1519
2870
728
791
3833
4063
506
1707
2836
3269
202
1828
2619
1797
5730
1352
1202
2582
2624
557
3438
3443
126
2138
1311
1513
573
946
2761
1373
8905
3433
4453
381
1818
9705
1054
532
3970
1791
421
5521
9867
1391
3633
1908
2119
2964
4354
1617
3146
561
395
4200
3579
653
1384
971
5705
996
3005
1131
3339
524
3273
2205
207
660
2262
1553
5497
1779
1844
1186
2927
2070
76
873
1850
1062
3146
3908
287
79
11466
1854
1257
2070
4200
2009
298
9872
1119
1215
1946
411
138
4030
201
235
142
272
5732
8581
396
967
1138
3757
2887
1058
1536
950
1081
4069
6945
2103
215
2285
1547
802
203
1201
2350
1777
4904
554
2114
7264
2462
1555
1587
2679
4129
370
5718
1109
1500
1046
3674
708
2756
1103
2337
184
6782
1012
14
466
6932
4477
4782
210
2930
979
4234
1037
509
1382
3846
64
4805
868
1806
11115
846
2448
562
1642
7885
12174
661
7033
11182
926
4122
5
1282
2438
2408
5436
2074
2029
592
2898
1505
2830
547
6946
560
314
5164
4482
2431
125
80
6996
1064
45
547
3247
867
2190
2465
1554
1058
4972
243
2432
3142
3277
9812
156
576
173
528
4514
3118
3107
5797
1074
2189
4949
202
627
2380
2944
12080
2719
4128
1096
467
1428
4763
4107
4925
1292
2284
876
1858
1414
247
2711
448
76
1178
1678
826
2267
375
1358
1460
101
7777
78
4003
1784
1476
8373
1491
89
720
3518
23
3390
3051
2895
2582
79
5205
2955
2932
2009
196
5756
8758
2045
643
11712
151
3576
3602
1523
812
1029
1434
1929
1697
958
9270
1615
3887
721
8651
2369
4608
5843
804
2976
1248
6498
2271
1248
9810
8969
485
127
553
694
4713
4559
1905
13259
2468
2032
6585
7177
42
1635
1921
408
3554
1604
1335
3219
1436
5656
252
177
796
6548
36
393
1210
2875
3806
539
5889
426
1853
881
515
1892
4464
2513
594
1011
179
69
3646
460
1975
3041
18
2564
2883
223
1064
193
1712
1787
390
2867
1466
1752
57
662
943
4614
5067
584
10371
1748
3021
801
692
2190
169
1591
974
1800
446
551
1826
1476
1900
492
9452
368
5108
692
1016
4328
48
1313
2861
4006
5080
100
3145
1484
9981
1998
1509
2208
592
168
4058
392
3363
6076
3570
7878
8
2420
2063
2287
3077
1230
1050
2981
4141
10856
2620
5355
117
1639
2194
1066
4194
1988
1811
4481
2311
875
4258
4184
526
1415
1056
678
1909
988
3057
1383
1404
28
1387
1782
4745
559
217
199
14789
1618
1815
2597
142
153
514
1485
508
398
2426
6452
1647
2986
81
3447
3644
2775
24
1322
3492
1435
3504
660
3336
2606
7897
1789
1897
1391
613
1869
3393
1061
2028
4675
12
5762
617
10335
178
3300
117
1735
348
244
2598
5661
5960
12099
1477
939
667
104
2125
722
2673
7086
839
824
535
1765
6379
15781
1412
4528
581
5050
1872
516
5155
3026
1579
7207
1004
63
1389
127
964
4391
3206
2821
64
3130
4877
3018
937
3377
5074
681
1211
1603
3336
184
231
462
133
1024
3345
136
923
2753
676
4566
2159
2250
1609
7328
3396
1064
3791
10364
2115
131
894
356
413
2206
4705
913
2422
196
3593
415
1131
1979
259
5862
669
1083
1858
3801
6855
1159
1463
2026
4553
2156
661
2910
3824
2416
6196
1660
2539
792
535
171
63
7408
3052
699
717
1677
308
5716
188
1057
2830
2852
5117
253
635
2968
7406
5199
5219
4188
1767
3210
3752
273
861
9907
328
2386
1985
203
3446
110
5347
3478
541
2174
1469
3995
1408
6707
2475
2124
848
7895
4529
5563
120
7544
506
2577
6130
3948
1872
157
2484
1491
229
7146
3892
2795
397
1229
264
811
98
473
3723
2234
6862
1538
5
2614
1361
1291
565
6758
10985
269
1355
1571
1117
1386
37
11126
212
163
6150
2003
622
272
1147
559
1718
2709
129
582
5653
4395
1307
5744
1536
2866
6194
883
941
1307
3201
8120
499
5078
1456
2296
617
1161
3607
198
1076
3141
741
2714
125
462
1137
503
10437
445
3191
6212
7
2664
836
6228
3854
2978
159
850
206
1058
2166
339
1019
2609
8
774
1496
5032
1038
2661
977
2243
812
6351
3597
1984
3604
4417
588
292
3116
3133
1528
586
911
7006
502
1002
741
6237
7835
1647
2672
189
200
761
442
11221
5858
6171
1540
4156
1809
794
625
683
675
1632
1286
6150
3285
1375
4872
1268
145
465
3434
366
7572
1329
192
522
4138
2124
6114
291
7301
491
875
3594
2514
5538
2937
95
743
290
31
610
9185
116
2667
1431
2806
1651
375
9
920
754
1815
1262
3967
828
5469
864
2773
380
1236
2503
904
666
1360
1329
5051
1023
2256
2018
11410
3705
563
1090
653
301
435
2876
2435
1056
637
2168
2279
1494
3006
3106
1589
583
2082
4444
1787
1469
6665
610
4305
1237
5867
9976
1333
435
900
4358
744
2243
1051
8012
