21
70
211
3
86
194
173
239
179
54
44
188
6
77
221
480
86
1
148
112
58
69
23
373
203
123
522
72
281
115
192
534
76
57
361
251
211
99
122
317
104
276
255
33
55
148
516
326
488
324
457
206
808
329
316
24
89
84
178
13
30
513
16
567
387
541
398
61
280
8
54
165
511
401
570
270
388
2
184
24
1005
333
27
25
73
206
35
134
66
25
89
1
223
3
54
239
33
519
298
35
9
81
18
296
136
375
94
691
251
139
251
57
145
719
178
14
264
179
223
108
368
26
24
134
626
188
22
627
692
13
360
87
232
277
400
710
68
23
548
44
402
139
228
196
271
133
157
190
126
167
142
68
92
44
484
72
449
298
86
52
196
331
305
185
139
461
67
59
92
178
132
26
313
96
144
55
65
34
90
14
21
69
194
44
102
140
1322
351
339
86
143
445
16
44
634
11
144
640
77
30
114
632
35
33
6
168
3
341
2
572
119
49
283
281
89
122
93
199
78
1092
139
40
161
149
203
143
805
131
791
83
632
36
231
146
355
292
83
173
19
403
141
149
534
466
32
80
86
24
23
120
10
172
135
289
695
101
59
6
225
181
22
60
167
138
200
430
101
18
455
73
211
514
226
343
220
139
223
423
168
210
389
86
46
299
203
493
41
186
654
131
36
80
35
192
173
525
84
121
81
187
72
593
183
239
8
100
162
357
102
335
61
155
130
17
47
276
553
573
424
22
593
83
8
291
91
279
563
245
91
66
158
235
175
116
507
324
541
157
305
223
177
202
120
592
44
640
380
101
200
23
102
582
227
43
5
264
61
195
639
132
81
194
7
77
229
10
177
117
226
329
275
189
127
249
141
200
234
29
160
19
715
415
103
568
279
316
16
173
252
195
16
123
133
25
35
31
773
191
329
34
29
322
90
240
60
12
71
1124
21
117
75
87
353
118
27
188
109
30
126
205
38
222
206
32
257
89
39
32
47
331
24
51
96
346
273
125
174
107
96
69
478
455
253
80
89
533
66
59
274
64
58
91
314
54
284
71
206
273
250
1381
199
21
209
146
196
160
387
145
232
260
57
239
294
12
36
84
644
379
353
514
287
63
78
3
79
322
233
56
106
723
161
52
185
47
200
56
157
36
217
428
31
19
7
61
69
16
146
267
207
46
49
15
5
38
31
69
29
6
24
11
35
268
200
137
21
61
54
22
51
332
701
304
355
361
92
50
172
83
121
416
44
38
607
580
56
823
22
831
52
401
1027
37
264
73
127
86
245
87
5
116
53
16
213
45
47
289
92
418
44
203
34
123
231
16
124
63
226
58
13
279
546
58
68
22
45
98
13
66
50
4
287
92
306
58
555
314
58
46
36
710
97
349
57
656
89
155
160
3
156
207
48
184
268
69
11
17
341
44
64
366
279
219
150
396
8
25
353
210
81
404
415
180
523
116
166
791
52
380
56
296
30
235
546
394
15
38
97
65
112
130
272
134
56
243
692
563
124
116
136
2769
85
239
480
169
98
59
224
78
77
235
221
112
161
22
126
1
210
112
214
455
4
33
598
476
103
909
810
52
24
709
328
359
9
823
55
239
35
151
208
154
115
49
15
782
47
520
3
182
258
195
304
3
190
146
58
126
24
117
522
150
301
141
434
116
73
115
138
5
332
110
3
58
162
23
102
496
204
32
344
129
76
1073
93
105
426
91
188
138
92
458
94
260
211
133
118
359
524
215
194
20
150
597
243
581
138
382
128
100
290
32
47
273
139
22
107
518
37
58
48
90
631
163
210
192
392
786
61
76
267
47
205
344
19
575
528
67
732
178
104
259
162
2
90
721
404
223
1031
8
235
469
63
259
68
322
605
17
165
793
32
552
49
605
93
287
423
207
435
71
225
9
165
347
102
21
233
123
48
307
402
429
305
31
342
17
48
38
212
302
478
368
33
459
14
566
18
669
110
18
201
354
75
7
2
67
13
21
171
86
293
210
515
223
165
192
354
118
658
56
631
544
945
219
286
86
45
37
317
733
20
30
347
288
66
68
196
11
329
57
419
376
221
8
146
10
336
195
383
284
100
8
120
541
144
851
170
82
164
1154
696
265
507
57
239
810
15
649
93
1420
318
246
844
529
385
79
256
16
227
200
204
465
113
366
203
331
195
157
153
4
159
170
171
185
224
17
83
489
20
112
56
525
10
148
40
449
163
34
22
321
330
201
156
27
6
60
205
81
417
138
126
5
16
97
55
251
149
29
111
98
75
193
154
227
494
16
13
25
1041
209
118
151
503
106
105
14
194
47
100
311
392
26
39
92
126
69
263
61
17
915
677
77
97
37
25
12
73
345
65
268
275
251
397
217
907
236
209
153
83
51
271
347
118
117
149
283
98
333
93
150
294
281
52
588
163
29
134
485
38
52
419
252
45
277
8
319
239
301
148
35
509
155
373
201
220
184
74
120
137
81
382
30
23
171
111
33
88
154
121
437
9
13
107
2
16
121
481
52
94
161
7
232
867
66
159
519
4
190
182
14
12
586
350
574
16
91
243
425
40
98
152
66
19
478
14
91
136
167
54
131
140
64
431
540
86
119
252
117
170
260
336
218
28
502
563
382
59
360
408
192
110
19
100
107
497
795
805
256
343
419
89
185
127
71
188
13
257
271
237
6
529
19
228
152
543
99
135
686
378
154
166
538
246
103
354
14
44
237
147
573
102
262
91
212
65
247
234
216
100
605
94
2
425
116
17
860
64
333
32
398
10
532
1070
84
126
232
196
95
21
163
192
414
126
52
20
133
502
608
266
112
66
14
465
160
789
63
859
542
68
109
511
36
131
811
70
199
725
299
42
84
614
20
359
66
646
336
21
96
313
107
3
103
266
29
243
308
10
200
109
153
237
65
42
8
37
102
314
294
222
86
16
878
172
208
34
169
53
476
38
59
1105
476
340
44
163
53
51
358
118
195
6
460
333
74
24
121
11
474
129
43
184
95
47
373
189
116
16
114
357
85
301
612
3
57
187
170
384
113
171
486
193
124
8
76
121
273
61
140
2
58
328
112
129
82
72
43
143
1050
192
243
376
543
190
1084
308
121
2
98
56
484
16
220
655
152
274
122
146
99
122
400
207
128
25
113
10
54
640
60
383
686
294
1194
56
122
23
687
32
50
254
209
50
323
42
874
248
150
11
596
122
123
659
444
112
277
12
51
85
47
142
123
390
119
206
566
48
221
29
156
165
133
258
240
106
45
53
40
214
776
247
293
276
816
345
347
70
92
200
205
271
339
202
72
37
217
360
6
306
81
329
194
257
335
151
382
198
400
11
349
2
118
309
156
2
52
30
222
51
122
73
17
21
389
478
57
147
385
336
156
40
144
341
161
274
400
419
39
263
225
66
466
17
247
136
84
256
214
41
212
2
56
17
124
85
46
50
130
704
494
268
749
255
74
163
247
381
3
121
361
407
129
291
118
376
12
78
965
211
356
295
249
110
235
62
192
1172
180
110
46
171
446
91
64
9
65
47
170
64
24
100
176
906
232
421
529
245
229
117
72
257
443
155
15
12
369
227
52
1058
34
120
140
102
424
81
30
101
254
118
117
545
88
134
201
357
206
226
45
344
140
146
63
32
426
7
197
404
4
127
46
16
430
472
12
78
208
124
250
860
545
300
41
332
27
42
62
61
477
13
209
155
233
250
100
82
435
413
60
5
12
154
387
231
421
472
738
326
123
523
129
379
78
7
115
1225
475
232
244
426
317
187
21
229
397
32
44
164
46
279
586
445
85
135
12
295
417
144
18
280
93
182
13
319
117
169
674
182
70
148
414
41
387
458
271
37
57
222
24
61
403
213
186
96
15
450
257
85
65
416
211
160
401
305
17
29
285
25
179
49
23
421
191
517
1089
141
19
34
101
165
4
20
148
74
720
336
82
85
29
877
237
57
60
428
58
390
199
173
123
317
138
193
90
21
40
18
6
229
816
173
183
29
428
227
338
154
146
449
1
166
318
60
106
148
415
77
637
288
128
720
33
478
158
450
330
42
111
259
111
230
95
212
345
257
116
71
356
42
102
165
197
146
756
213
142
52
41
752
7
254
340
104
193
235
675
8
29
229
532
41
111
311
353
191
59
30
254
735
22
468
209
109
283
21
163
81
136
147
275
314
658
227
286
42
21
202
55
709
67
204
131
170
39
201
115
8
58
928
247
134
15
48
153
495
566
43
128
264
10
71
140
178
105
185
167
66
127
388
71
101
568
239
339
86
275
69
596
134
1929
86
261
952
197
551
69
433
64
10
286
63
28
13
92
63
372
870
325
75
58
45
31
8
31
426
30
79
281
13
64
753
196
85
429
435
132
425
386
91
279
331
225
24
45
266
159
83
215
48
258
509
143
187
615
155
95
854
541
1348
237
263
50
19
252
428
207
15
50
443
43
110
88
373
95
207
161
725
424
225
47
414
64
126
38
82
97
78
85
132
467
29
519
43
114
272
440
168
313
70
97
267
396
981
82
335
167
270
148
730
109
242
333
168
36
63
269
134
1145
158
45
545
586
9
204
67
42
1
86
17
57
65
358
149
218
284
208
547
115
137
52
274
31
526
176
349
621
283
675
171
759
32
235
233
140
20
77
153
1
18
48
169
58
314
155
233
300
5
201
219
9
596
1
398
7
229
28
6
339
148
823
491
379
47
347
452
269
393
92
2
877
392
224
104
69
112
59
45
468
8
151
55
228
394
512
449
62
244
450
73
56
57
120
221
980
631
131
154
403
545
62
70
111
44
1
199
402
72
220
39
321
211
158
177
204
706
72
36
41
476
270
336
31
987
104
10
63
5
159
161
664
750
13
238
33
200
363
44
172
152
16
116
194
90
115
3
154
215
9
41
57
198
198
156
488
384
9
280
22
225
176
295
56
70
298
207
201
67
275
317
121
375
46
328
356
69
324
65
244
179
92
93
472
37
1
35
179
57
171
23
27
87
243
98
140
88
13
260
203
127
5
19
6
558
752
346
86
11
650
349
7
325
146
413
217
176
998
55
286
320
63
242
519
334
31
82
16
950
403
44
384
195
79
4
352
296
103
239
315
721
281
205
209
85
71
333
10
179
621
602
381
453
512
459
112
39
66
232
205
351
224
56
142
205
507
62
102
84
18
319
177
85
77
82
402
189
131
430
362
38
43
258
420
182
40
550
154
13
163
12
256
828
86
45
412
107
1547
14
97
57
16
317
254
26
65
22
114
175
55
194
284
163
63
21
215
226
260
231
12
269
64
14
401
371
5
65
586
55
113
241
62
8
112
74
227
16
377
272
278
32
354
107
362
2
206
131
133
411
40
66
9
38
62
35
79
84
74
84
81
403
210
336
235
298
42
147
13
7
307
39
216
654
28
23
356
21
30
396
842
27
117
305
59
315
187
117
351
157
94
3
347
147
565
429
64
533
31
735
265
92
628
10
74
79
233
57
558
31
382
596
125
52
33
285
98
312
293
225
112
335
342
623
430
80
160
18
266
361
130
219
284
294
331
94
152
6
83
4
387
358
155
192
114
142
445
498
270
134
170
1
225
495
46
535
55
61
56
201
34
56
3
241
264
214
100
93
87
411
53
95
256
475
143
512
403
337
156
64
214
122
400
165
191
78
169
27
127
63
104
332
26
30
46
9
440
169
30
309
186
80
29
170
964
28
68
608
50
506
346
477
1370
149
108
35
254
341
726
98
1008
111
259
283
201
439
253
211
79
28
352
201
1295
282
685
30
5
119
24
156
178
77
296
489
58
3
196
127
199
8
82
567
292
170
119
181
264
565
396
52
693
132
332
405
42
96
208
6
440
57
506
6
69
409
644
323
123
334
306
95
56
122
836
427
37
242
170
247
143
35
30
1093
128
60
13
87
48
482
357
429
152
114
281
316
61
168
24
128
91
144
43
421
247
22
436
18
296
659
86
152
226
650
128
61
334
46
39
16
117
250
665
247
122
24
28
6
46
302
190
295
344
53
48
132
39
368
194
53
82
195
113
32
749
79
91
23
50
193
165
95
12
347
118
471
10
57
95
93
297
223
85
88
1270
53
48
387
502
213
131
52
117
346
256
8
697
115
16
149
4
128
27
174
18
3
234
354
279
164
303
207
164
40
435
107
279
48
113
20
26
686
49
15
174
424
49
274
514
192
300
2
56
133
166
3
134
55
366
40
430
193
15
65
9
410
42
1
110
54
55
270
318
128
361
45
179
92
127
325
47
85
386
357
173
8
421
228
185
1889
32
19
611
37
122
38
61
3
60
444
338
158
134
24
209
154
25
6
87
74
26
117
595
198
292
216
1
284
7
749
150
273
9
41
730
8
194
14
35
106
48
182
144
189
239
95
636
832
232
192
394
190
214
161
108
45
145
132
141
196
191
59
165
240
460
257
182
91
2
417
12
4
276
182
222
278
558
175
176
211
95
309
155
116
410
223
388
42
98
153
175
8
105
119
335
147
316
669
24
230
64
370
329
15
104
246
166
184
96
114
258
120
578
70
87
345
188
64
101
216
256
650
716
80
19
51
45
56
37
231
226
405
247
153
323
11
122
137
641
137
412
50
164
63
491
857
162
30
331
6
98
631
402
507
604
192
669
71
212
88
75
229
290
209
48
426
232
388
70
113
238
7
944
557
363
108
66
126
170
158
300
60
16
39
51
289
296
87
232
335
255
62
64
302
261
433
58
117
393
29
2
328
10
228
15
264
627
180
332
173
158
89
195
579
189
22
89
103
316
216
542
248
247
19
206
44
22
100
176
74
388
145
252
14
202
124
20
284
126
462
27
38
262
33
155
201
170
454
59
314
127
250
82
228
7
19
155
36
185
31
139
110
194
149
12
172
44
438
91
97
32
232
199
80
266
43
228
64
471
71
433
162
254
81
188
205
723
189
211
719
279
68
97
3
6
158
91
168
9
221
32
634
100
93
221
11
7
90
614
21
61
323
422
2
340
236
480
333
207
97
507
106
22
32
459
75
316
552
309
104
498
608
25
18
421
292
345
49
248
88
291
59
304
293
128
17
365
52
318
267
173
238
172
30
30
35
141
23
35
309
355
53
132
52
412
36
381
121
705
337
173
561
39
269
90
214
41
384
159
130
8
97
539
153
264
98
37
175
7
318
38
273
380
299
170
151
162
304
4
87
64
38
373
219
248
53
11
593
385
89
117
78
43
428
6
27
217
54
50
395
1054
611
379
203
177
180
658
33
443
240
157
536
236
130
148
136
31
10
37
165
176
67
198
140
351
36
227
346
151
20
142
93
59
139
277
76
79
27
150
1348
459
51
216
19
16
1033
138
488
99
97
37
23
547
12
100
114
791
579
444
45
98
167
315
17
196
580
212
830
98
73
13
337
46
479
27
187
160
480
303
28
243
146
1471
129
96
75
494
166
389
439
23
211
247
117
154
216
90
575
74
181
27
74
243
553
204
59
542
114
51
208
418
352
30
95
846
128
111
34
10
107
323
59
134
208
9
171
178
23
81
68
269
77
442
673
249
840
43
263
168
110
132
270
30
112
462
126
11
152
55
116
489
45
304
68
140
101
99
2
388
242
980
34
14
178
2
7
97
206
143
108
314
137
118
1
487
328
101
232
116
542
44
50
255
160
25
98
39
461
406
31
66
235
87
122
197
18
31
709
355
15
29
29
125
105
69
560
183
156
406
422
524
13
344
189
93
106
677
237
23
630
141
539
116
93
338
569
71
295
355
63
38
37
43
87
58
248
126
62
73
699
220
338
579
88
58
804
276
31
9
95
165
85
134
13
482
64
256
137
195
371
125
241
253
149
15
338
58
417
378
100
69
251
33
254
56
126
356
152
17
176
301
18
188
95
80
324
959
78
106
1241
202
543
2
76
112
159
261
170
44
168
354
299
362
762
264
564
25
195
91
477
28
334
604
157
366
32
506
48
117
6
239
137
715
63
484
88
30
93
631
190
468
58
662
9
304
56
928
250
177
50
200
228
61
57
24
44
478
310
179
86
90
25
14
563
483
34
56
33
7
150
60
246
192
83
525
373
197
413
177
88
11
16
75
273
53
112
48
413
179
152
743
284
257
88
570
687
283
4
61
306
102
71
399
72
118
30
224
39
230
651
4
44
120
205
1
333
45
139
190
43
141
29
78
35
124
175
359
24
230
50
176
240
707
57
65
93
179
52
468
75
161
13
272
402
90
394
292
143
110
439
48
220
98
75
533
72
267
516
173
202
407
263
399
161
225
221
157
121
2
133
167
26
91
219
183
778
45
290
189
160
22
33
30
130
157
298
170
394
208
106
430
207
2
73
580
192
501
96
155
205
48
91
127
114
36
779
692
163
111
430
248
75
38
570
418
486
6
493
64
224
31
134
400
89
101
265
142
133
417
418
195
405
159
39
276
557
282
5
133
287
312
56
13
343
171
476
179
36
240
52
349
90
344
275
166
8
219
192
335
42
311
209
25
918
212
67
83
92
387
833
89
246
169
70
436
98
332
35
179
50
70
93
231
16
71
174
205
510
652
88
34
91
48
29
95
99
140
87
70
369
20
241
375
34
615
34
153
8
135
54
1100
185
102
167
42
537
274
128
261
167
91
48
386
272
124
282
60
70
74
20
24
86
98
80
580
239
48
300
85
86
400
863
721
438
138
571
132
510
3
157
215
18
754
74
204
1219
19
711
442
128
5
137
18
50
387
51
4
39
445
106
112
45
129
168
28
536
60
301
447
265
63
83
13
480
85
25
125
324
287
120
795
147
268
440
159
147
362
80
343
81
148
26
120
304
271
499
80
6
210
36
307
70
592
335
71
46
45
85
40
111
54
82
34
952
237
65
279
162
89
944
355
53
5
53
26
7
224
170
270
303
157
299
318
69
62
826
184
80
244
46
139
192
203
304
117
35
157
3
109
65
589
91
167
164
69
307
209
51
97
8
9
140
718
180
52
25
252
70
185
79
97
47
919
125
262
1313
268
12
120
475
376
103
20
170
125
62
131
496
99
488
135
109
22
270
66
432
338
41
416
456
10
55
53
248
375
741
286
695
170
281
93
629
483
165
28
335
47
109
220
38
249
425
196
637
78
521
311
29
89
199
105
204
672
400
123
724
156
238
560
27
220
297
13
254
6
95
510
58
188
44
30
71
485
214
28
120
502
354
97
42
682
102
158
102
177
300
583
133
516
177
126
245
230
38
197
694
68
349
28
193
205
26
102
236
276
261
58
525
257
106
520
74
308
200
321
810
17
270
272
496
67
164
401
174
222
481
346
181
38
458
144
49
9
370
8
157
71
145
334
23
192
684
825
108
794
248
42
167
417
1375
276
79
230
124
58
223
208
401
112
22
984
77
237
229
202
84
182
15
329
401
194
17
211
127
414
212
12
489
117
22
22
393
580
341
143
14
705
214
377
32
59
34
55
231
424
469
54
163
319
195
209
15
189
67
73
99
156
755
238
168
787
357
44
306
16
290
371
230
306
13
166
137
251
78
117
322
39
128
270
69
32
98
185
114
344
71
82
83
210
26
133
338
102
295
65
108
60
422
90
126
272
223
12
26
127
33
108
452
610
20
82
299
152
67
36
110
76
92
78
266
558
84
476
91
197
1
197
272
234
147
151
142
90
40
78
514
112
702
64
92
89
283
214
708
412
105
87
319
199
34
547
9
15
286
598
266
83
29
19
21
100
173
71
48
61
201
31
99
254
6
112
179
23
134
1
255
154
139
134
38
220
128
434
6
143
54
61
94
82
53
104
97
334
415
102
31
263
598
161
109
24
88
547
109
56
44
54
520
121
57
197
21
141
16
74
138
63
81
362
431
93
128
441
338
362
210
547
11
11
362
301
61
248
216
18
300
230
34
368
681
51
1034
557
129
66
157
45
12
132
25
1
46
57
594
79
87
590
24
26
196
63
156
33
95
2
739
242
15
53
168
46
98
91
105
110
54
412
39
77
569
139
209
104
41
102
119
360
56
460
119
12
201
45
149
26
60
65
231
384
91
372
305
124
30
390
53
254
246
64
259
29
321
250
1
25
414
13
679
58
289
18
47
206
92
249
26
580
36
256
151
899
55
6
180
105
804
57
6
58
249
244
294
137
31
104
526
206
672
260
269
66
17
44
1487
137
18
17
130
143
519
303
125
96
171
17
836
22
472
304
30
249
7
405
6
124
520
606
1
147
39
127
292
35
240
97
214
463
675
45
136
31
230
42
2
120
667
330
20
51
132
57
89
278
95
128
728
229
126
57
649
138
33
298
472
180
17
511
80
392
109
186
290
44
224
51
397
422
547
187
40
341
156
158
216
154
37
156
338
5
378
73
66
434
78
283
395
6
402
331
67
158
113
47
21
407
167
191
255
138
135
311
87
9
153
35
212
106
13
1546
368
46
519
79
187
316
170
300
15
119
156
214
177
116
11
715
158
125
33
159
7
43
324
25
39
119
209
30
151
44
132
39
239
905
39
743
46
85
306
35
24
2
64
233
225
17
140
170
10
99
4
24
8
433
104
33
136
467
32
195
304
532
314
124
461
331
131
426
203
304
82
110
226
234
325
118
38
312
10
24
152
69
103
134
61
132
47
24
183
608
147
795
20
130
168
283
445
250
122
87
176
48
307
11
221
281
20
127
216
177
128
438
1046
147
90
537
24
77
219
21
142
264
353
172
339
199
56
31
66
200
313
192
16
340
74
270
290
336
22
669
229
353
252
71
53
358
184
409
558
125
42
372
160
723
169
61
170
41
237
230
423
372
89
165
551
202
174
210
370
270
134
82
180
2
89
135
117
261
786
5
177
40
139
279
362
389
351
24
171
410
236
278
193
201
69
86
167
118
18
130
367
175
1010
600
26
12
83
79
180
266
153
398
128
158
112
112
240
26
628
227
778
232
128
257
112
156
1097
103
14
647
28
658
130
287
25
139
219
43
294
95
300
406
5
196
210
105
496
11
618
962
179
93
76
50
498
516
24
230
56
368
6
27
286
309
75
153
43
304
52
198
115
482
231
77
108
253
26
73
270
44
18
16
256
342
12
24
185
409
567
90
65
286
105
990
92
169
69
125
61
95
258
17
130
196
402
214
40
597
96
4
55
30
115
128
48
132
341
169
366
212
192
68
228
671
400
39
250
367
210
320
536
330
12
151
30
73
314
116
100
43
137
554
445
221
46
990
320
352
93
195
84
402
257
5
169
185
41
381
27
3
48
90
105
53
36
6
91
133
53
157
23
362
60
638
280
127
392
181
117
303
386
169
50
475
112
624
55
263
180
156
524
55
249
622
20
1
176
199
469
7
100
6
241
57
614
53
306
194
164
217
194
184
806
102
412
5
82
403
217
306
227
444
179
31
373
44
115
61
19
35
380
4
97
75
115
38
17
131
372
297
277
50
348
260
247
104
665
15
73
360
518
309
100
34
351
301
11
732
58
73
298
303
172
154
674
86
45
305
938
301
104
45
603
1066
7
346
24
184
159
609
124
54
588
55
170
64
32
227
96
5
497
864
340
1111
95
642
74
49
39
175
65
630
250
170
329
85
318
67
308
40
26
8
267
50
780
105
4
424
111
43
27
28
24
38
186
10
30
649
117
60
16
41
563
457
78
302
3
211
526
208
402
79
312
10
158
363
144
136
202
120
170
61
96
51
223
19
169
3
399
294
281
121
138
219
698
326
309
243
59
251
61
23
106
210
116
106
330
509
96
221
86
362
161
506
83
136
43
211
690
13
129
23
373
603
200
38
36
93
216
134
412
286
526
597
136
21
159
92
449
38
185
245
1
249
1
214
42
184
353
182
171
6
420
50
126
401
133
223
23
97
754
106
972
171
42
220
13
700
408
224
213
558
40
153
410
26
733
68
116
39
423
34
346
18
306
76
1075
111
594
31
12
219
31
60
453
5
147
46
37
616
18
338
303
40
103
534
113
171
176
9
372
96
626
98
61
238
262
149
120
563
170
46
31
654
241
42
466
254
225
184
28
230
529
57
69
99
299
20
177
90
95
885
22
54
82
122
494
50
35
305
484
88
591
93
112
326
71
219
174
799
89
350
182
90
259
213
433
236
264
93
647
9
58
474
235
135
295
75
10
209
82
143
61
144
531
51
59
31
235
264
117
136
126
225
264
468
326
361
30
331
162
57
76
36
55
113
773
44
144
47
272
162
101
817
113
418
8
120
497
45
88
171
750
40
148
221
4
170
141
33
86
398
190
124
100
24
40
39
170
140
246
139
144
39
70
403
58
88
70
252
1301
257
408
49
90
95
30
157
556
526
381
703
135
329
175
244
89
103
26
115
127
303
50
149
125
132
94
69
267
315
334
204
104
306
89
463
167
74
259
351
51
138
295
111
336
321
253
541
123
133
271
835
536
559
533
112
266
594
4
223
52
320
139
144
314
94
263
246
134
4
72
149
53
380
233
12
94
129
405
229
232
72
314
82
377
312
82
1135
30
177
7
261
86
87
219
159
125
414
139
448
14
135
147
83
463
306
68
16
36
82
387
114
182
343
232
94
400
282
386
511
87
530
67
442
272
60
59
543
379
529
247
272
40
90
65
458
39
131
48
234
92
31
68
366
568
87
113
70
111
376
43
95
94
771
546
53
287
155
196
421
197
299
11
330
94
99
43
447
86
22
117
30
7
42
30
344
205
107
201
14
444
325
569
126
115
391
338
20
642
95
284
94
158
95
57
106
107
42
346
452
170
52
67
64
421
44
104
11
342
23
105
65
7
65
301
312
46
346
142
173
96
223
78
15
42
163
581
158
120
207
397
47
9
82
133
523
406
1279
229
168
601
385
91
32
142
27
159
280
122
164
228
115
280
179
269
142
48
320
132
87
257
150
731
163
19
59
40
74
295
287
210
629
29
16
43
842
103
52
103
137
38
141
20
188
21
43
406
93
305
399
545
417
183
409
523
525
370
169
70
52
455
61
706
31
386
5
140
739
190
585
148
116
24
384
252
193
538
209
287
209
251
108
162
704
192
158
189
69
878
193
751
23
28
54
115
136
134
230
133
13
111
55
314
154
130
177
101
189
100
166
364
250
236
381
1
256
237
53
269
775
363
253
220
259
321
14
182
426
222
293
365
222
185
74
14
48
27
117
485
163
21
703
60
381
132
647
60
191
620
346
92
201
67
201
30
35
681
324
73
390
391
40
186
24
232
133
64
121
370
54
241
305
308
68
193
103
44
121
221
59
8
164
10
1056
89
410
394
278
517
130
264
66
220
439
859
189
291
112
254
144
646
29
25
78
4
342
315
412
35
112
607
128
235
324
48
710
95
109
215
64
150
460
155
433
49
171
68
141
230
50
11
371
485
6
180
19
196
23
314
211
166
33
146
555
329
347
688
610
233
79
392
3
35
120
65
6
201
489
263
36
1
535
103
290
671
9
347
201
316
695
2
57
272
411
265
69
95
422
121
268
210
163
57
234
420
30
130
184
113
263
304
52
123
14
56
234
695
21
61
703
780
796
63
102
1128
262
432
207
339
249
205
184
297
23
17
442
271
249
121
136
373
82
76
479
553
130
103
249
154
157
166
245
123
81
435
95
137
75
429
386
139
73
58
207
755
665
169
365
31
220
84
114
109
515
581
25
243
71
11
316
323
460
508
64
238
113
314
340
23
326
131
20
1
140
585
284
106
135
21
53
232
46
49
2
492
79
115
311
329
380
60
71
53
217
132
71
342
330
57
277
164
105
3
51
61
169
687
323
211
82
59
97
853
1144
228
18
292
17
65
259
13
9
110
41
361
804
87
14
50
158
51
154
421
38
192
332
159
448
110
118
269
109
30
212
112
464
629
742
806
193
432
281
211
5
42
342
68
397
47
227
64
12
180
226
351
85
343
46
981
550
263
71
32
644
38
41
256
238
42
195
229
161
31
14
1305
65
77
256
91
303
9
172
309
46
480
305
120
447
1193
2
102
559
212
72
92
437
490
114
661
203
235
228
46
223
51
51
89
159
85
184
135
448
155
180
108
164
51
171
60
459
63
158
46
108
139
352
6
302
358
130
253
172
13
123
225
156
175
299
87
11
92
116
95
109
129
643
139
54
229
463
261
13
228
111
229
234
87
128
3
46
422
10
4
207
382
1011
220
54
504
40
9
372
520
263
142
430
369
77
220
16
96
110
963
127
94
237
35
394
113
118
275
132
76
106
25
35
112
38
6
53
558
285
309
951
132
260
66
402
67
447
56
59
390
79
4
77
385
181
36
144
611
243
454
899
337
610
103
125
232
22
236
171
77
321
27
704
372
37
12
432
118
60
31
423
97
26
203
393
701
39
152
353
317
511
100
232
91
298
144
29
5
24
169
3
21
21
269
46
24
765
171
128
429
99
308
287
342
53
10
324
71
674
125
67
200
85
117
98
456
236
116
27
53
123
45
21
190
208
220
19
11
26
296
42
259
15
43
421
222
50
130
125
19
5
480
86
501
44
483
550
434
223
259
385
225
504
251
250
474
696
417
264
835
157
402
150
275
226
7
280
233
732
156
77
27
40
247
152
48
167
295
25
186
390
83
175
71
129
125
225
6
37
34
334
4
91
63
695
951
79
1405
31
232
7
274
413
42
54
139
125
38
305
352
45
32
489
92
69
21
267
7
145
26
318
312
45
234
60
799
229
43
163
501
417
317
38
162
822
50
1388
971
352
261
70
23
867
603
16
82
461
107
157
68
1760
113
563
34
416
627
219
474
169
114
41
838
516
189
96
29
14
237
10
502
63
51
285
232
224
554
284
91
145
108
19
351
31
119
399
47
165
480
13
276
29
116
188
44
527
121
216
340
81
389
52
197
44
183
72
193
132
199
346
164
26
246
20
30
26
149
138
172
230
176
115
43
148
140
217
143
344
49
278
176
495
414
6
53
57
237
152
597
100
85
64
240
211
283
63
91
268
451
510
106
314
129
120
45
26
50
54
571
89
391
37
16
277
512
116
56
26
92
3
1
537
412
212
21
131
83
88
281
1045
140
73
362
25
48
320
342
569
1135
512
161
589
135
146
381
254
103
17
95
46
116
276
322
129
264
70
77
91
124
269
53
225
217
67
63
379
227
19
170
535
151
126
781
226
444
79
11
277
473
34
99
177
150
514
375
680
222
67
265
351
4
193
354
13
115
80
91
27
63
421
787
243
193
23
244
367
133
50
509
125
685
172
74
375
819
403
152
408
249
26
76
224
55
222
101
22
146
562
27
181
40
24
172
190
43
333
60
242
8
146
45
273
350
196
179
152
187
137
102
36
132
97
91
256
358
155
235
104
32
82
32
25
145
129
150
669
99
693
110
108
685
106
93
398
163
29
204
50
16
151
145
14
171
216
785
43
73
404
191
461
233
67
266
77
157
25
118
398
211
139
248
34
145
136
330
142
209
58
224
246
78
472
223
91
425
251
421
88
166
209
314
114
205
37
35
15
41
215
1057
79
1585
17
567
20
141
332
170
53
6
108
718
50
168
162
96
48
91
9
436
52
191
44
207
24
138
20
281
72
431
375
110
35
292
30
88
21
302
100
95
94
52
186
227
516
78
236
19
356
514
24
50
20
350
210
436
216
289
39
242
127
646
530
36
197
282
405
5
269
304
252
178
43
395
150
1088
44
218
936
209
436
219
63
296
277
68
81
70
35
483
52
82
40
171
634
135
194
180
328
102
11
97
326
232
188
631
627
113
423
301
142
247
100
551
12
90
452
45
372
42
130
326
134
296
461
11
218
93
466
92
156
190
222
193
441
175
243
103
27
92
517
55
285
195
108
353
12
41
222
91
169
634
84
226
941
50
113
151
37
3
68
337
46
52
255
45
262
200
89
378
232
62
181
185
143
40
116
9
285
9
466
254
299
279
73
182
196
100
122
731
584
203
116
658
358
141
140
161
76
45
111
143
170
20
856
15
9
13
354
334
16
85
84
103
439
38
235
225
231
234
536
123
302
355
82
75
79
29
82
109
224
34
223
145
244
786
145
201
46
217
137
128
303
36
3
698
355
215
69
70
36
538
233
10
20
299
18
934
435
42
75
25
582
208
225
45
135
267
326
119
63
23
187
359
240
207
532
289
222
77
190
264
988
819
113
432
702
1200
699
102
413
263
331
582
152
104
112
82
362
406
629
52
104
230
569
271
760
109
521
344
216
114
394
80
190
218
22
36
123
82
35
219
48
8
12
51
37
263
253
172
282
114
181
506
399
76
11
43
204
33
37
20
27
104
43
151
149
514
143
779
577
139
397
89
199
292
13
23
659
10
17
628
913
89
36
58
760
253
61
90
423
95
465
198
206
172
119
171
37
3
98
348
96
856
347
40
119
752
62
269
57
681
313
163
4
722
80
218
151
22
56
493
173
136
557
571
41
195
39
134
53
218
208
179
473
32
53
142
365
265
203
508
273
654
182
270
122
422
137
327
472
176
1
132
368
29
40
77
470
275
185
205
237
298
111
76
271
38
118
116
79
15
138
446
209
619
96
198
149
285
77
73
272
308
117
7
141
785
55
183
15
250
41
208
99
86
467
210
38
168
7
30
36
130
384
23
101
71
133
308
97
77
220
577
267
137
88
7
44
160
386
382
61
57
524
61
110
115
168
43
110
201
166
30
99
116
103
197
573
15
181
758
62
172
55
140
81
78
44
248
32
15
234
122
31
260
514
284
131
46
417
18
244
93
101
37
157
98
51
64
119
36
65
324
134
121
131
375
303
191
120
7
28
172
251
64
173
160
91
255
104
195
49
201
1
195
159
611
62
48
132
43
42
87
188
66
35
60
684
106
509
371
14
363
68
165
66
243
54
188
76
724
135
474
78
6
184
1544
3
575
236
134
12
121
164
65
13
451
309
69
21
453
74
131
287
55
80
217
30
328
548
88
112
109
171
163
20
30
172
451
454
72
337
70
123
285
141
95
662
337
279
8
81
54
138
162
776
10
684
22
72
80
27
37
77
824
302
136
294
126
435
43
15
132
18
193
351
28
29
85
351
98
133
223
189
156
416
4
154
162
18
323
20
202
296
204
345
8
193
12
71
298
25
620
161
123
73
1
254
125
923
165
110
234
865
323
315
167
299
277
66
214
123
409
59
442
40
334
48
183
99
42
277
201
6
434
478
154
228
257
49
8
318
13
87
37
86
151
1
102
30
36
1
21
64
68
197
400
225
236
206
69
98
207
207
244
311
688
309
159
104
450
154
157
9
118
44
274
73
342
61
140
742
833
936
718
61
479
12
181
216
168
29
2
110
112
131
33
731
309
140
1016
72
292
384
50
226
398
118
383
409
99
5
65
29
332
137
321
156
108
125
10
108
161
183
564
169
242
128
219
38
536
22
445
159
759
589
106
210
860
287
302
117
157
19
323
261
284
37
193
9
70
148
69
189
65
91
78
391
242
130
85
135
180
222
162
238
163
257
976
35
111
106
236
217
449
45
49
255
157
52
112
12
156
31
68
72
48
1524
294
726
29
100
510
277
345
26
970
111
170
21
302
131
426
226
256
75
45
82
322
89
251
59
102
462
501
380
65
292
98
1
45
12
122
337
169
57
17
114
99
277
152
146
131
107
167
61
636
1
129
119
173
98
75
54
571
640
339
381
82
170
389
139
634
196
116
394
557
360
222
388
311
257
244
286
22
73
43
538
538
414
577
178
383
880
97
7
82
195
38
855
6
561
165
72
41
150
151
283
31
86
84
411
3
28
220
213
102
375
75
499
89
100
43
449
169
53
160
392
125
358
214
24
223
34
24
177
105
5
7
26
102
18
90
588
377
87
49
209
1139
259
13
88
151
19
98
134
25
127
60
180
285
441
147
356
18
65
243
63
74
22
121
239
8
384
17
38
141
89
243
1144
339
187
10
212
400
183
18
9
175
500
523
103
48
147
5
14
590
666
305
364
190
50
230
174
214
29
476
919
86
82
143
174
6
32
169
241
381
190
224
270
102
242
109
175
5
151
204
148
258
169
53
1104
48
50
588
86
122
9
109
13
133
91
61
695
299
6
435
71
232
178
166
73
201
660
160
384
286
583
84
387
129
20
93
246
428
33
608
170
24
88
28
70
93
10
372
176
201
116
210
410
261
69
275
17
183
139
31
11
168
368
89
122
1342
58
284
323
68
74
30
511
52
331
291
193
32
156
123
8
547
8
818
140
226
262
128
316
154
43
13
378
358
141
101
32
334
302
70
17
384
409
15
699
84
18
312
129
223
92
161
62
255
207
37
58
574
318
1237
884
299
40
1034
163
274
310
247
83
181
77
75
2
39
13
5
172
87
46
307
755
336
178
54
36
120
617
289
848
40
265
368
331
253
1176
118
193
19
55
249
312
433
221
477
163
295
185
34
197
107
305
127
333
291
514
552
36
155
625
230
264
206
16
662
37
531
646
49
82
128
243
160
100
133
571
37
147
487
67
6
1
335
563
6
117
49
27
57
39
262
188
197
71
162
126
593
37
242
286
129
136
207
150
66
492
218
303
152
264
1213
356
114
186
131
546
271
130
73
351
138
80
377
67
454
500
84
149
208
75
688
217
375
71
1099
311
44
67
22
88
145
127
159
136
93
7
76
23
127
23
71
926
628
145
224
670
111
1046
18
386
471
295
271
10
67
210
289
195
142
660
135
348
88
476
211
134
145
82
11
442
66
15
31
139
94
875
483
69
16
31
342
153
144
185
47
129
266
101
117
369
167
3
54
185
18
243
110
82
160
367
107
279
74
199
25
3
360
58
160
338
45
22
265
49
102
10
177
69
48
63
357
88
20
4
410
329
66
73
2
326
879
118
622
351
218
27
372
62
312
976
74
16
204
501
86
407
59
291
12
154
74
124
209
316
209
334
83
348
352
144
101
116
87
68
207
122
347
354
185
291
151
2
157
184
203
413
169
714
163
29
232
931
74
237
644
319
30
515
260
312
233
6
599
109
406
102
281
594
99
30
267
108
181
8
8
159
345
475
242
162
270
368
17
199
355
622
225
33
305
303
154
54
102
39
87
248
20
625
161
21
285
44
20
306
339
515
252
45
111
299
410
259
105
330
63
532
52
71
244
2
17
244
335
279
113
68
6
38
317
33
479
28
238
129
9
126
315
30
98
110
891
383
459
41
214
771
34
140
113
39
65
88
28
2
19
1
311
7
7
131
159
9
321
213
140
109
480
4
148
448
48
193
488
19
125
52
118
149
309
144
767
58
1
138
695
41
734
249
115
597
24
188
456
137
153
421
151
58
16
249
514
254
183
31
231
1590
99
121
365
24
33
18
124
25
70
1249
728
95
39
78
332
64
39
188
109
5
696
55
111
69
324
194
15
362
6
197
102
597
192
80
99
22
514
45
437
534
175
8
52
519
568
10
49
9
14
10
94
308
84
191
1425
86
234
58
94
347
14
286
179
38
2
359
218
297
3
626
62
11
46
124
35
512
555
63
493
153
4
72
623
44
145
219
47
226
272
115
84
18
180
207
273
325
454
76
446
225
292
308
64
51
21
139
292
125
121
839
128
112
19
72
329
8
6
14
21
123
15
122
325
25
110
73
58
509
92
59
491
21
11
136
10
532
94
898
22
67
20
265
543
87
61
6
323
99
536
212
108
36
27
7
528
6
152
341
527
18
204
354
90
233
237
82
31
332
58
277
39
410
66
371
511
373
388
65
104
9
140
613
236
208
289
110
35
66
45
403
65
108
237
152
375
177
200
157
221
83
58
200
66
274
201
433
291
182
147
2
52
119
343
35
323
81
90
117
26
125
51
10
304
120
368
186
117
58
149
154
252
135
128
123
192
20
417
14
30
980
206
677
15
151
68
611
296
471
99
225
35
331
1247
305
469
99
396
227
52
318
38
161
7
8
170
229
2
183
14
36
627
188
280
236
137
147
60
266
163
85
407
86
168
370
66
84
146
128
352
30
86
186
59
96
9
285
5
43
155
68
9
557
105
1
46
119
221
103
202
254
178
528
58
40
22
377
98
9
110
476
119
23
4
120
325
31
11
446
96
86
23
512
316
331
150
49
79
68
120
828
212
81
38
44
551
44
1
154
1
522
444
23
190
29
435
14
234
426
139
143
576
162
246
207
147
254
175
84
249
503
69
59
375
372
491
241
1127
192
24
268
650
263
163
591
9
274
143
208
287
439
115
109
335
19
564
167
265
57
59
95
587
73
62
152
7
46
35
136
71
191
192
87
38
27
164
329
301
137
506
282
55
145
1848
38
8
103
14
214
329
468
604
729
199
360
193
149
32
54
167
26
534
235
209
210
138
643
166
43
61
57
424
39
115
568
565
292
52
54
251
186
125
28
459
246
10
528
173
212
229
132
24
226
52
285
76
257
144
408
721
84
91
126
334
46
94
120
56
401
360
115
13
54
25
174
151
420
74
4
45
933
53
214
21
188
146
163
2
95
376
346
7
63
77
235
138
239
153
350
86
50
396
45
48
242
225
500
128
538
178
25
438
296
303
300
235
48
6
173
493
243
536
73
108
36
162
278
63
11
343
70
228
95
15
187
122
62
982
38
22
21
76
119
296
769
264
164
269
160
17
169
202
458
1
38
445
8
87
132
183
874
9
249
25
218
133
16
230
152
142
86
131
124
111
605
445
487
48
130
103
179
256
89
449
210
378
238
785
1375
135
533
1
132
109
286
41
95
293
103
1220
265
122
9
440
216
163
127
178
37
43
335
56
14
34
120
141
457
134
1354
518
186
638
134
15
116
548
365
268
72
87
513
191
4
99
206
83
371
69
128
404
171
58
195
156
172
23
162
341
83
190
207
251
119
119
56
11
630
404
11
101
59
89
185
424
121
70
322
233
75
49
175
391
448
89
348
228
284
343
304
543
326
83
84
183
106
239
209
267
106
117
36
177
118
289
17
518
508
125
115
77
4
71
522
22
419
290
55
2
625
149
107
89
576
16
299
9
33
212
16
212
230
94
13
423
233
571
6
55
1
19
16
250
147
70
378
24
156
94
281
17
35
316
78
1114
635
168
110
182
459
118
44
452
43
112
143
74
10
78
411
322
591
92
154
141
81
549
524
87
662
167
495
58
95
894
25
1031
205
245
123
244
22
83
314
251
88
73
98
240
413
625
231
38
236
159
595
2
561
212
171
141
342
15
27
309
5
334
329
617
7
229
85
53
474
74
223
41
159
22
1
205
243
1299
8
204
306
27
243
54
1176
62
225
65
75
31
41
210
626
102
957
185
697
232
623
413
358
415
82
304
66
808
440
332
63
266
217
86
119
691
256
1287
53
190
31
101
43
132
13
381
440
544
29
469
317
140
866
489
498
46
681
37
3
161
137
128
315
217
238
40
289
45
19
219
973
10
44
52
80
55
104
22
588
490
330
1168
346
20
294
2
297
171
112
216
127
40
263
184
246
383
15
487
118
97
35
255
336
83
174
392
16
12
164
460
12
398
1
134
160
31
249
21
118
343
81
53
27
37
519
56
623
101
995
581
562
222
131
438
410
635
60
283
68
300
132
657
202
31
68
259
313
438
88
129
322
639
179
331
36
132
25
197
116
105
200
454
231
321
116
32
89
136
294
236
17
80
53
4
845
61
5
169
350
443
58
222
194
110
48
517
165
57
114
42
421
321
91
77
347
229
147
45
563
191
493
270
236
76
28
370
32
283
165
288
164
45
211
53
360
66
75
203
116
409
74
49
26
84
73
12
235
274
779
52
195
155
120
362
55
882
14
66
1361
321
315
55
78
42
27
102
44
1487
1033
181
20
262
106
449
290
579
38
360
74
121
491
371
125
88
67
325
224
936
87
398
101
139
155
678
144
548
22
71
144
10
319
170
1163
245
71
144
225
92
334
56
162
83
482
42
102
346
621
389
196
33
55
335
289
141
84
264
339
202
71
115
592
156
80
242
164
107
30
1545
226
195
110
185
13
28
114
84
139
56
97
340
124
257
135
1
76
96
97
154
35
167
16
35
125
147
368
523
264
33
64
1
73
123
328
11
196
129
36
72
68
362
188
60
69
212
486
310
27
488
106
1
56
216
133
250
521
208
348
282
680
57
37
373
95
165
68
378
388
23
155
194
37
444
175
274
483
394
240
123
493
20
47
2
41
317
72
165
87
293
73
6
91
106
88
6
343
333
51
249
262
94
58
82
179
552
113
158
192
3
1
161
125
384
706
330
271
31
56
238
390
347
106
327
73
276
785
587
57
16
4
141
12
5
6
3
14
20
211
389
912
380
184
16
277
143
21
129
127
373
92
1131
248
18
112
160
82
275
295
592
88
428
25
233
622
180
25
11
15
324
502
560
69
155
77
101
433
299
57
312
538
187
588
215
168
92
1440
18
873
12
28
287
23
40
928
155
446
105
733
362
6
162
171
311
86
20
679
231
274
85
47
51
208
159
243
76
58
84
86
6
27
169
46
576
77
103
62
23
238
267
145
416
109
404
185
330
207
64
149
102
200
53
466
18
206
56
671
136
32
195
136
485
182
79
165
76
100
76
17
39
843
65
199
419
222
265
166
221
194
593
667
77
166
379
90
383
213
203
411
134
39
38
147
169
18
78
648
375
35
30
786
7
14
158
697
202
225
40
178
47
312
329
515
53
38
47
1
161
122
24
568
91
70
825
45
294
325
23
365
217
456
39
301
28
180
691
126
196
697
70
99
769
28
8
411
103
57
660
307
56
77
1344
53
8
12
24
375
250
117
137
14
218
113
100
368
501
84
564
69
37
407
469
238
210
132
57
10
157
121
130
864
41
84
415
410
169
15
182
621
