69067924
83925292
77732319
65658460
68472897
77825869
75793266
65428642
66824195
67645576
73178412
70016258
70816161
81675610
76359569
75274979
68926944
67829139
78039496
71044930
67723837
70029719
70973056
75336741
72270964
76747879
64987260
72473185
71347187
73600826
74389019
72132202
88542492
76746536
69097202
74919321
74464528
65230091
72069638
71849389
71660042
73158535
70247685
78610804
69091827
69160516
71332902
73666969
79704493
69890955
73580055
74230138
70039631
74338856
69245622
78296778
69986436
64929617
68740684
68755735
69348139
65220205
78999705
71121547
71572491
71362093
70423595
84623252
68358362
71507311
75618121
66773756
73760524
77279289
66343091
76490169
70842998
87759325
72051828
70135092
76808965
72027019
69368130
70454413
70662545
68427541
70137958
68940437
73944446
71680277
76821815
71746962
69736677
75133712
68289824
72170308
81220758
77348340
84677547
80075282
70028304
69100128
72858355
71359138
76032254
71773788
68960862
69230900
68590201
79027493
74399708
69256500
76029757
73833231
74947174
71773396
67126062
71560026
66266178
79073022
75583704
68685194
76350170
65155921
66678257
83202507
72723905
81655033
78837798
72104931
72060800
70779488
68069642
69707575
71415516
63573923
88655149
73455758
67245492
69678792
70071449
70709205
75212599
77061450
66768276
66406922
67789688
73540276
67649236
71081858
76340869
75859352
74909733
67569050
69174409
73096089
71984476
77103858
67959934
75972533
69813124
69169388
77078033
68949901
73894836
78077944
71042965
64803524
68204038
69774527
71980810
84349525
72688150
68744028
71991353
69783846
71202768
79337671
72517529
71625191
81274359
69999896
69836092
70268920
73829515
68885160
75192005
65343581
67609929
71871586
78875728
73104181
69825968
67580017
80129746
72182221
74962097
69496552
70462432
72699285
68728697
77230969
80065894
74598558
73820487
69133445
65800582
67431533
76345418
67866167
70610944
71905796
72487698
70923737
70629803
70831779
67688750
74528892
78767492
76933161
69332215
67390408
74099032
66778711
71757452
77263884
65734469
70600388
70014152
70493999
72027533
71788055
69363553
77181756
69846210
66965912
71793445
67286559
71094026
70714672
72646412
82428811
70220146
74901384
67257292
72900105
72242087
70123671
69972630
72593176
71075380
68946894
69611298
66326562
70403970
69873492
68611788
77281638
77794704
76379895
66851688
76486619
73455387
70740634
87457424
71208593
69308499
73272382
66088951
64756818
71863158
72216556
79103814
75974652
69605290
73858987
78392829
71411495
73598483
70099385
66972338
78604417
67196504
69391736
75625932
75520024
74136577
77730530
67167438
73019383
74885427
73395862
70309169
67695351
75761364
67893399
74141991
81893544
74272742
78432119
79164985
69355653
67942086
65796658
72123781
70365513
75632567
69218196
73349204
70073021
70867899
68372436
69775440
66852363
72831774
71735314
67574273
77536387
73565901
79024964
77687487
70405102
75471349
84431108
73020856
75063829
75370958
77733700
71151138
71767126
72926930
67156923
74873000
76083077
74185646
71927378
83632859
66286130
68218479
86373208
71559594
72159437
69852583
68478240
77170073
74751830
66173254
70555652
72135320
69474528
75074275
71854354
72499200
64017631
71786992
67941565
93305456
71538131
78335768
69500574
74266256
67211173
72938408
72345038
69519043
73969644
73019830
72057029
72430473
70828237
70920094
66963001
69286137
66579189
74087373
70412887
71873903
70956160
71371877
69153378
75213407
72450485
65901300
69319180
76493396
70104090
66926476
71978022
90228455
75216435
75026614
73674518
67076205
68277119
67458857
68431846
72708278
72220885
80675581
77887516
66554380
72167846
72240973
70033249
69182434
69343662
75264339
71634929
70539222
74838137
70987423
76453565
71334199
77248748
73698001
72446897
71901581
76314193
75291047
67020616
68943485
69463289
74984460
68208419
83006099
76921037
77202637
65891290
69366902
75140751
82123787
68522112
64851791
69265685
73957311
73253049
70172002
87179332
71044506
72277231
69108783
69762692
79343485
69813159
65472325
83652753
68646606
68231068
66149831
67676096
71175080
80647028
64285158
70532662
72910464
77551857
71745415
75408018
68702306
70667094
68937227
67597480
83578431
69945696
69656510
69095239
70987687
65600531
71600763
78554446
68717510
71588241
74501456
73447396
74045255
83507393
69688750
69431660
71859272
69347306
69641072
82380415
69920834
79019457
70030548
65162182
69592744
70060974
80782613
68858897
70223552
71383460
70707536
69880250
77913156
72495087
72777041
77937775
73735973
73978961
65594850
74187634
70026213
67209659
78441473
65471602
67503641
79357897
71337019
67295285
66161620
68714759
67077655
70163548
80921837
70513282
65370382
77929855
65143295
70050217
71231065
72576592
67933665
69290942
69104736
70341173
74582374
80107865
72475531
72464250
65530585
75316124
68091216
84901545
63146693
73252064
74742921
77451148
63585639
67856255
68853313
72238495
82460564
76853718
68249350
80441093
70165384
74209460
80759780
70708454
74226122
72007955
71599781
70722881
81857789
70993821
67208625
81735712
72082393
71540924
71114621
79047747
67861086
69983275
70185017
73770324
76511694
68660725
70685138
72777211
66058892
70172609
79205974
68752873
72260223
73236790
73060332
87735466
72114800
74862980
70993205
67852831
66689764
70909625
70302571
70399853
71889952
68095467
83202496
65931112
67116798
74466161
78593049
79161036
69172425
78020610
75354541
69037718
69366449
71406870
69548822
70058006
70589456
84412628
85415208
66666158
68252679
66682935
67773970
68726914
68183351
77056145
68816858
69211169
81261551
72377113
67465798
73002667
70648470
76919411
67039825
71568636
68305032
69138734
83106307
72546264
75417336
69721441
82375189
73562551
80389144
73371970
71020591
68451622
62648466
69085514
68157187
69616610
71687495
70074422
74767831
69166756
74770622
69684136
71766744
66000252
66106221
77533153
66447395
68473647
73223289
71480565
84449392
69712624
69718612
71565066
72420057
73951238
76234206
74941316
68310929
78474270
67984123
72211892
69274754
68482708
69148396
68205179
74000501
75672802
69934979
75340787
72566244
77150665
70672619
77712388
73504804
70171949
70581198
76630114
78360503
70028277
67703581
67297981
75459557
70163158
72285755
70778388
69048367
71091655
70955303
68769343
71963091
88384499
70268028
78261159
68946504
69861716
70645413
76647580
72680491
70726701
74946214
73545749
72014601
69319658
67094591
64462176
68916391
74951090
68503540
77642271
67769008
70087868
70637431
79411469
68024404
77111551
70874344
68955651
73874422
68520148
66227105
75303625
67261758
71158386
71041861
71511081
67821000
67995738
80480352
69226210
74508315
68765305
65422544
69793647
84243698
70227897
73183346
77470699
76085627
69302862
68335802
67330725
76925893
72539807
73124120
74983915
75050706
68418851
70864508
72246809
73433692
76077103
68379947
74726263
70270864
68054054
74083069
67667473
71174062
78716261
72013511
70390789
74692875
67293769
65703723
64928585
79636807
79352591
69891092
68779814
68505631
73803123
71866115
72758244
70188071
66582207
74438542
70673868
75112065
76769984
67907652
66493153
73066140
68954108
64169463
71356627
67227492
73379423
75325563
68599168
67687534
73011293
72893519
68691087
72733062
69951839
78712745
68745644
75762498
72067646
78399981
74104786
68762888
70818432
70184163
70090011
65048900
66265619
70542299
75191049
67349075
67065848
69387714
82133635
73268562
72589604
67819327
70903456
84894578
75600266
72271292
66949847
71757886
67363216
71303331
68390135
76477308
71500403
79135043
69109616
67969503
68134343
69212568
68561859
70292230
73914823
73675637
65802559
68877918
78140258
71687445
67839888
72359862
64942122
85429169
84908334
70521621
75767297
69957829
72358471
68709947
68960517
70445804
65823891
72295393
66384717
72988505
70883987
74362613
66791203
69084225
66952950
70243281
78691685
65473995
74516900
72919167
71529708
71981901
71007339
66775871
74529549
76914311
69763989
69143447
76919575
67960202
69516223
68205347
68984807
79387276
72146101
71465020
71426785
68626899
73692015
80721495
78524040
71741426
68118914
66745479
72196797
67565936
67745738
66156758
74067421
75804904
70064775
69638809
75672880
74876241
73841719
71961582
71625773
71521603
74710726
74704141
68238775
72939578
73741595
75447614
70267828
68876256
77258126
69225518
67226036
77896679
73469961
71550231
71462861
76010840
68471447
70052264
67951772
72258539
66792611
77022799
78408730
84147985
72597215
70329192
72418640
83781755
70154135
75716411
68538572
66387572
70958670
66559573
72748172
70153830
72960658
75914432
72822329
75780864
66162069
66673851
76374219
76664040
72080457
72173318
70956283
71572833
79836655
68179717
67999540
73561498
77620152
76849524
75981570
75892352
68224947
73890943
69558090
66875081
70208856
65213568
69495815
81468176
69074880
70508370
79050489
77714234
70907981
72013141
67954834
75350863
72870735
75255276
70814332
73385238
66404774
74002161
71745194
68156440
66660068
75668145
74919151
75916807
69663785
70394772
68006678
69975735
74299926
69333975
68682810
69842868
74472873
83291485
70074409
73456415
76161654
74246424
70101676
67298214
76920838
71719776
82228476
68356631
87995759
90608340
66891736
69771359
77102488
69244506
65439313
71442805
73032555
79252364
71650719
74979202
75160794
72753086
71403676
67933643
70846070
70589130
74326855
69824803
73760884
70015103
66061240
65317057
70584290
76980397
68217727
74431513
72631097
71377775
73045863
96290640
73244068
71679880
76200216
73015132
73250468
73276910
64831178
70560884
70062050
69312884
75317675
77496224
70587398
70597436
70067371
82083456
70794911
70643191
70391996
71202842
75271474
72249354
65129286
72401756
67375536
71780377
76784284
72474823
73138692
66543647
67479169
68014202
73482514
67396226
76705114
68841558
76558068
65010748
70995489
68514655
68401595
66297555
77586306
72822682
66299192
75365616
71296804
71879023
71906159
69157518
71014003
71130415
80385336
73742626
75784729
70860017
77146060
71252562
70718473
74992916
87008235
76033976
66926845
65190966
68816009
64651265
74690050
70092565
69508049
75415456
67436634
73941016
71212832
70356528
65810904
71994313
69793510
79922198
74575716
74533630
67315398
79614375
70463268
68139878
67467920
69583858
72285070
76487536
70258994
73743100
66910689
73649253
77679433
70452487
71766212
73406951
77440406
69790912
65580774
72016818
74936238
71957008
69091200
75702545
69842947
70600558
74243675
76853806
78451145
68534102
65529986
78239638
72730476
68541509
78748211
69534937
70971913
67789369
73491490
90095942
73070394
72906149
86063963
73699733
78726710
73831498
68515774
66126002
78418540
71134447
69594506
66993642
72530623
67765220
67835622
68049667
70612131
65808062
76395268
70814339
75407804
72185422
68548136
70497841
67924219
69880722
67362293
75076161
69318885
84089630
70995666
68090053
67603529
65900428
66454456
75373663
69280236
66783334
73644834
78743407
69737468
83930471
70083510
70954450
69933201
69495112
68242156
72427811
68245337
71254443
79116096
78953439
73126490
73830189
74267314
74717820
78803564
68592797
73102336
71109456
67653640
66318470
68720324
70966125
72730669
77575750
68354248
69684634
68578952
75614659
69245386
81663498
69542625
68435075
70707482
76779546
87316126
70847643
80828978
71369229
70879648
72329733
71586392
67546554
68837069
72481836
70976624
77679609
76592422
70020164
70408633
67939862
74029250
82944795
70597423
64925439
72933442
75392366
66197413
72919343
67993621
72058506
72531736
75336902
72666826
75650045
66262817
65953126
71178249
69457138
84448019
73287793
70938974
74199842
70875842
62927856
74233696
74264517
70123832
67866478
69615038
68159695
82336764
71782730
73672167
72279501
66765960
71637370
85014338
70664649
69321199
71743207
67836457
65025200
82130574
73377047
64453435
70553828
72612810
77136132
68889326
67552898
67621664
67085848
77759536
66205408
66902688
75640374
79850889
70641035
75435680
78742061
76131040
72467970
69777221
92489242
75575613
72440011
71421586
71621604
67840543
69436722
72810239
66369274
73271465
73780710
78587218
68501638
73637247
69038277
69970535
80194956
72801183
74024050
74369707
70084357
82922628
71407148
72800359
65907506
81934457
67997179
71747774
78231448
67849216
81400306
79354090
68514415
85874091
70878321
73843738
70057059
71628863
74385026
71636109
82314489
71084175
79546967
74290368
89189934
72077917
77175602
68932196
70910930
69859763
71558682
77024853
66583585
92814554
71476133
72514077
73442881
67944304
68110789
76090444
93775508
73422556
73129257
69641760
73183586
71505393
72253463
70856387
69440189
67832949
78461959
69030590
73831198
70905654
73926296
71407112
70310184
67243288
69956322
70708380
88534291
69927230
69043119
69118169
72567755
66488016
67727819
75757725
74022920
69352121
67505490
76938886
71666557
71127347
68434954
68226461
71268327
71906581
70309391
71618874
70867497
74205702
76049360
76115061
71086406
70106305
71349220
72516435
80025746
66295675
73153383
71935192
79235144
72225804
76643337
70897202
72999085
67789901
76820020
71237621
75634550
71031921
74576382
73123229
69060565
70595289
69026608
78162984
69314050
67732712
75373411
72672646
72208433
76255732
65744442
66410645
73436185
67648054
63858205
72603024
76650214
73159824
71530950
89530052
73080263
92786111
67115513
77573480
89013801
74741343
74270200
69306036
71365146
71740616
74200769
63710104
74568713
70269636
72676910
65275451
70410185
66600855
65881424
65337274
67833446
84538404
69241442
65792020
78204283
74216536
73518269
66693034
79421984
73112628
86064677
81276698
70139828
67177617
76440989
70474079
69252271
70170015
68927124
68179710
70723190
79569991
76806437
70824944
72690609
71986677
70658817
72191303
70082733
69459481
64635148
73651903
75490276
78170731
73830307
67909159
67854985
67255044
75413156
70416386
69721334
78355909
73821879
78127085
69992405
82953621
84778183
70731321
71684720
68159365
67732529
68181278
74248186
72412580
67209871
72427552
74509088
67459007
69540118
67596510
75873046
68168608
66791476
76621766
70523578
68046312
68418772
72140378
68080112
81329163
67914320
73486046
77437846
69095485
70474293
70761948
69342841
71136506
70371004
65184421
71086563
68261914
65284985
89789964
66784142
69890425
69206353
83673353
79108188
75747252
68929606
68410598
70367454
72700140
75772630
65512473
69777923
73096178
70604845
71531873
70747725
65320141
67226440
81475112
71389187
71266582
80165995
65705214
71444614
75398969
68155773
69802423
69879386
72367549
70346426
71418184
72242787
73977734
68003050
72987568
69488716
82691522
73821756
73751804
74427202
71016657
71568784
75106593
65706232
67743418
69466220
75295769
72506026
69165794
69354559
71385681
71988220
67517839
70894694
69691669
68745913
69917138
66768688
72956886
65870667
74943851
77712146
68048720
73942244
73432396
72071734
68164669
76269248
67781993
70440951
72109781
80953565
76735949
65519755
72722558
71601298
72685851
70470295
71345692
73912829
71689577
71375525
75449189
73229685
67252748
72315465
68220319
67900979
74721301
66880891
73771288
72292127
73632749
70950267
69310977
70668822
70186710
72769441
69474463
71479958
72211026
74868968
71025445
68080118
66735428
68098650
86075661
72110930
72942685
68923400
67097708
69891670
76481063
74445313
69939763
71954364
72643395
68253302
64262178
66754133
66231858
67271364
79688780
77033010
74746581
82231181
65776139
75023253
71199697
69985849
80356944
64601560
66861546
70515877
67037914
72294199
65202053
71782908
75500484
70063469
67620989
69499116
75018519
74970388
68832114
67375305
66650909
69845867
77303891
71900246
69224562
66279122
75413719
69899703
66288347
72673046
68183306
87160434
69887622
72506066
84105480
67573381
75506519
75285290
67805420
70212138
73089487
68620670
73029852
68886122
75410660
68154116
75163383
75824292
70320597
64033624
69131724
83848409
69796465
72307373
66710715
70679711
69601772
67262248
66133863
77279031
72922862
73785298
88202175
69072150
73786175
84954328
71602905
83390315
70752973
71238103
79103213
70378410
71734169
82430607
69958473
67948963
79268724
68040684
68123690
69048480
76181398
68287013
69971966
70727863
66446173
73619063
71897019
70819525
69137171
71904152
67281911
74224296
68960763
73615481
73352459
63136713
68209838
73797068
78788443
71931339
69845442
70439762
70557129
70107764
78783498
72346099
69645386
70434010
72176466
74223811
79215163
77164150
73110271
71477114
70036236
70172553
64001638
64378811
65923614
65792365
79397670
68739293
68346955
67689034
69834698
69472940
65051923
70474971
66728803
72241157
70941557
75621637
66816738
77273937
73610245
75519897
66721263
71297202
76517142
72149153
76195315
72533281
64484493
67920675
70026895
67355301
67580870
77650162
68996635
75018821
71328066
72062268
69969836
73570129
68035772
79610584
77679380
67551314
67685248
66887498
73103669
78046731
78024618
65282587
69952423
72626882
76553298
72205931
71336125
67747690
70940618
88355918
66457906
81230036
69171618
67088942
73875916
69362282
67743986
75596035
81870243
72410681
70507737
70652453
70428054
76214829
71831592
82633136
72487828
68859891
80235344
72081808
71851117
66103472
75378456
87282646
82079496
68726970
69839582
64921219
75288498
69692102
69885868
74132115
68837635
79035052
72487412
73587303
67736404
66507026
71957728
75654463
68429300
77377992
69362196
73894686
70009700
73575283
67266106
81186406
71759218
79761582
76596868
77215996
81273115
73617341
83135101
74416237
71545926
71931121
70423421
74015537
77885509
70608600
74917934
68394144
86685210
76932231
66895703
68734526
67489130
69769837
66569555
70760951
68230187
71740194
72509746
66518776
73673407
67746455
74601134
74785461
76027406
68794075
78829479
70092938
68047827
76196138
73855217
72120494
75304491
75116448
81046418
70335546
69445303
69686919
75541717
70632608
73110095
73644835
71898973
70912277
76348176
70064583
71640044
66074574
70767826
71829725
72206501
73392122
73461322
66889402
75428825
70825980
69079073
73501429
76369022
74182949
67259579
67855407
74280963
68333405
75892172
67854750
66255485
69395941
69024858
79185523
72350741
65702911
78412316
72784538
68695052
77494129
73911835
73474450
64833903
69254712
70061655
67436433
89824369
71050319
71824699
83040794
76850092
72096032
66481417
74948450
67504256
69711394
66109488
68979000
72590829
69902746
70185311
70532499
73412883
69426764
70680432
64659922
65480138
72720801
67022791
81802464
67926569
68748407
70653340
91958950
67750239
72645840
73634806
72615232
72242922
68426520
71858485
66007330
69966613
68800810
75004561
78553827
66711420
69569581
74133635
72784338
70178422
73925644
67590851
76257320
74555044
76313483
69184595
70255195
70034905
82644230
66706237
70639619
71177784
72234113
67365367
71790826
69671061
71683528
81650000
66010474
76641548
71741307
74545598
74053241
71237702
66695084
67389229
71266767
68475403
71298800
69752572
74026828
67185371
72073975
75840630
69126394
70225886
70014229
74160963
72005923
70081687
67915066
75136097
70243614
70494419
75637314
77543196
67865070
72043704
66827260
70521852
68940633
65738878
66114537
65602285
69398413
76459169
68501306
72773436
73464587
68471815
67411739
70458835
74123787
67077627
69919399
69388392
71811362
73290595
79187092
67725816
66664287
76680163
77889708
71818306
72782479
68765783
71902864
72103687
84731269
89228210
76249184
68618723
67690838
68841780
69847522
73170439
68333876
69678140
67793565
73868533
68424847
76021219
69387664
67039336
75013986
69323249
71869681
68006977
72705542
69269041
64137969
71519914
68117538
73082483
75658390
69986844
67984975
77474405
78935186
79969064
71094914
68932447
69919195
64900668
97756531
72916024
72614785
75924007
75445266
72728997
79377843
71111829
63465060
74532467
75970483
79530593
71393862
73874222
73985535
83398753
74918334
72490544
81262849
67789595
66062006
72987604
72442881
75801673
75189834
76583476
69919347
67240470
74836234
74461703
73916208
77382401
71947241
71642143
70990571
79579083
71008515
69786916
69150898
72156985
67525625
68922761
75776993
69582915
76510953
67500043
74795894
66201213
74889034
68200870
65997046
68523974
70864148
71297388
71281118
72567265
71993071
76270952
65770134
66124844
65128049
69074378
73754582
74471929
67732233
71133340
71708370
68427353
69610024
67047573
68763457
70843905
68388480
69126720
63033331
81851074
66171767
67317159
72344108
74732562
78694652
80327647
79120880
73596622
68268072
69747168
64757322
75386197
68548933
77460465
70779535
66028771
87834009
83057183
65516066
76323129
74341302
84453497
84455026
69429404
76957168
72541291
74941013
77640092
72858527
87952173
69119579
73694416
71938806
72003148
66819541
85596321
69718789
70692146
80084737
68189818
71606478
71419743
76764452
70357428
78821262
69296674
72468389
79262316
68620966
76067680
72615409
82826995
71917445
71331701
74837295
68527325
67989562
72797201
68781811
77410275
66582363
74542319
68095416
68758489
81327551
67318773
72528244
70384541
66396765
75392733
67391811
66882555
68541233
65271971
74447720
70445448
67767241
71197277
75801650
77871394
72173659
72556287
69719102
71524230
69455396
73677482
79555037
80263655
72345830
74133360
64838068
71335784
77848149
73698202
64739956
65737156
68335945
71382233
72851398
72176609
66212042
72296812
76484163
76665896
67709646
77070376
74148066
67389901
67059710
73875566
70398445
75774425
72251241
65603926
76875903
70762965
68220755
78474593
66727077
69480723
65272459
70542721
74708257
68887856
66786466
73433382
72490515
75377078
69439265
65185084
74374793
66360508
70100083
69694092
70080122
77685526
75479267
67917110
73812109
75160009
69441670
68722836
66140877
67834744
76250668
68005587
71924091
63757722
73418472
67438655
74940197
69639706
75279076
69604845
72048794
67054448
68467907
68433088
68281131
68824838
74505022
69209238
73352760
71759094
73630995
77378468
71196633
67546741
66294230
71183532
64880316
68058119
65921391
68722463
73054595
82117864
70016246
67992854
67892851
73460361
70635404
67341583
67113310
68716417
70402967
67517677
69699997
70306987
76967926
74161299
72581329
73861551
70071308
69562857
66012996
71018251
68250000
67437322
71279440
70597567
69117784
72978241
65938536
70396093
67851767
72009544
64384838
74637142
72767587
67376636
87067157
73598076
72815383
67568565
67210091
65167663
68389692
69624524
70269207
68199855
71666173
75390513
73427480
76215043
70716616
70305166
72886590
66477636
72007140
71505018
68250369
70120489
71542266
71548814
69293324
66069851
75741267
70082902
73477430
80927955
70143400
75105597
67472469
76833437
75011292
76120878
70635353
78651519
67953705
69459807
76598910
70781447
72105909
77554806
76103762
69179080
69366873
70230122
69365547
68056422
66813838
68818303
66052920
76041901
68653610
65523077
68180012
72202681
72350093
78122578
76722767
72439650
68284820
75087239
79162788
67782432
70362691
88788324
67006496
70721028
69664363
73816458
72407703
66806307
72369392
73279350
82824083
75858165
69323737
65993346
71107878
83622617
65241290
75191337
70349776
68271158
80272251
71833276
70738417
79759194
70221608
65502831
64071718
78454668
67326954
67212585
70372004
88592085
78113859
75723307
67575489
68436421
71705405
77318457
71179039
69241187
72685619
70708271
67333064
72130756
73014274
71446181
73581139
70249544
69973925
71655609
81081708
68877493
70220949
72919651
75441163
68490807
71955558
70913221
83757744
73100765
68262434
74536536
65067498
71110855
72733636
82678543
69186859
76604828
75929647
68382315
71343923
71375037
67376807
81247746
69868218
68428577
75590641
67411751
72165210
77500638
80904233
70510541
69520426
65931282
87056832
76091560
78924539
68156317
68817914
69193058
74036246
75307123
70373739
71926706
68230703
74328263
73979628
67135234
71871151
71223883
73302492
73470322
67506615
82747717
77873378
71679211
73330299
92387858
71110048
86880194
69924139
75181580
67522541
78811635
79770288
76135531
70231244
74576394
74703970
70348931
73588369
67827989
78063162
79210087
74956046
82546891
67372570
73663631
69940722
71539557
71965596
69340838
71697164
72668758
72041954
71803489
79301831
72482833
70914406
67842232
67293303
70320409
78430018
69599479
70623010
74406942
79582231
72325389
83101255
67213444
73193051
74540828
68118242
68541667
69876497
73218493
69754378
75732009
74518944
77806325
70998373
72016784
72521540
75427694
71682060
70229456
77643845
71544415
71081361
80665555
79283852
74715285
70595740
73737173
73859195
69846606
71372270
69382382
72352263
71782386
95752158
66193339
82010325
65536277
70044674
74479053
68022107
71733382
79905027
68926052
70568490
71332660
73134402
69677053
80256977
72022059
71612764
72078613
72235501
66097098
68823509
75360299
76376503
73200316
76819277
65023533
67988699
75454752
67742365
65802710
73750450
70772807
71555160
70155067
75278704
71768619
68538903
67963787
77627589
79757966
72896913
72084852
77949180
68892921
71292470
73727732
69494565
74606665
80858752
74552773
80851205
71097263
74056426
66223528
79455635
74712567
73823118
72427934
68110753
75551767
70466354
65271928
73269293
65925879
66456906
75248685
73445673
74587924
65404771
78996106
83659793
77566351
75033636
66416687
77374942
70037457
78807815
69233582
73674537
67570016
68357066
67918721
77248884
77215365
68128876
71304926
73856386
71095300
69439895
73198437
67343536
76427466
70268957
67921150
67500967
68987213
68105840
70375167
70508025
67682904
65900932
78502575
73452511
71437749
63105223
82541017
65667959
73059962
74528638
80286826
69660205
74145777
71057438
75600371
71262216
74683777
72359163
64069588
76641546
69899253
72946125
74463809
72731384
69576832
73853270
69116949
62272242
82978368
74158430
90769850
72935386
69837550
70461308
73798119
71510565
69298072
72414501
68453608
72215645
74734394
75308730
66708491
80170392
71889894
67376735
76350423
67930587
74908906
73008631
68774521
75434487
69419672
74954286
71972875
70308385
74346559
78933176
73416677
72848913
74526441
66592120
69249964
75353866
81060480
69986630
87184401
78882779
69599633
78928660
69236154
75520389
67987228
68590238
67954862
74107969
70644066
74458867
71420466
72572162
77608554
67262705
73612364
74942514
79041171
67613960
76004948
67512565
82203656
73963864
78901895
74761288
68170793
72370229
70151349
65619335
67319824
79388420
73157714
69206337
70100255
76093500
68258225
70333740
70349327
73331296
67169217
70057829
73453404
73675259
66328769
71391715
71943105
67462841
69596174
74111232
73919055
72393653
72940305
69078212
72760971
69359641
72701707
70351884
74544831
72828472
72382987
70340957
66196391
66424010
87911567
67568152
76054379
64600223
72366917
74985170
76999795
69080480
66802295
65665319
72089674
69395150
69487911
67774836
70300056
76384217
69381264
75465117
83060902
74038171
71182366
76680238
71843861
66280017
78364514
71719754
67464269
64763062
77066615
77279692
74523286
67150555
75787764
75285625
69223557
74794748
72828280
69251195
74252603
65733957
72240542
65926724
75918578
71297420
71518757
68005156
72564603
68348561
69956221
70065884
67251929
73861528
68897837
72213928
73637655
67546085
68060095
67970210
78439714
69184343
70407584
67714418
82436781
64384768
80805846
71710310
72228521
74790760
81636770
71265212
64409373
68053582
73334435
67565202
70407857
72503662
65433570
69328692
73271281
72010751
64008424
87540930
89409587
69097580
80656693
73599193
66294133
71516606
75459473
69227266
69110311
68706983
65460146
73197841
76918352
72370862
73060061
70352553
73137359
76717905
81269933
70948241
72235965
64697358
74723401
76022005
70671965
68480748
71513817
69538088
73156032
66292308
69195141
69204404
67149750
75684897
77934164
72655586
69965226
70187698
67296881
68609289
67025913
70000013
71850189
65022951
75024821
68118239
63597516
64220896
75112462
71527394
74967438
68505976
70256427
67448633
71046805
80318086
69564282
67886402
67951516
72476293
66745120
68164128
72685875
77709617
73033318
70855539
63939014
71824179
68699422
77995916
69442859
74221834
68682033
68564292
75178540
67632238
78672870
80865987
65405844
75804472
69947930
72289291
76010232
68402264
72727628
70390920
70916161
66436465
79074217
75965258
69293088
70486163
74799075
70080552
102026143
76507965
69378132
70890106
74984234
64570007
71876603
73214424
69512484
72542174
73404176
71503597
71531842
75897437
78487609
77281522
68978014
74260439
75258336
67482031
72988835
67618682
71246789
70730452
74845200
69948172
70084169
67106626
73849764
71360164
88090481
67949226
80444140
71200998
82798285
75227273
71494281
73197217
73563855
82725100
70128323
73861718
71047448
76716610
79102996
86458465
70899528
69765454
65974148
69460525
68930121
71305535
67136081
66447625
67107489
71349323
67149197
74629528
70622135
69977388
70472718
71988922
67058560
67721789
67196896
76847891
65581427
76280757
81886449
71644446
71989882
74369586
72028917
67352547
69735658
69148995
69599482
66310945
74352131
78992154
71657279
70947185
70222087
74288101
71497069
66378114
76933849
68096464
66139231
70803358
73071222
73259386
66413781
69023988
64639487
86741867
70633067
69301221
73920850
81234054
81359416
70396963
73729754
71868386
83002357
75223505
73593042
69186816
77055842
72919486
77437859
73024515
67397367
70725751
77135288
67957976
74727529
74801889
68394684
70352022
76343675
79515660
69728955
71685143
73560544
65207487
82370504
73450037
70971936
77787717
85301742
65995362
71309916
81288936
80630293
69808094
68419182
69402302
67795600
75250810
68127600
85804610
83012835
75224315
71103426
84118926
71147186
66839398
72302418
73024571
77246048
65188554
74537784
70301866
79309934
75296346
71222573
70890066
71879331
71666321
66252396
70735120
72132092
68999439
73425214
67582340
74482853
100245269
74794213
76198773
70886507
72110827
70420663
71097798
69250957
69990683
67294748
68389853
65070944
68700846
71939851
66679228
73226383
68045078
75456742
77501176
67088483
71179340
68250528
67944992
73117099
70367555
68953022
69707518
76998031
78100830
85052507
73169503
67822204
71890074
71806184
78149989
75466860
72975577
73211043
71728761
69374417
76214022
73786078
72829694
66054730
69187586
66962137
72720940
82729182
81092811
74723012
72940785
70510105
75618922
71679017
80835914
73151752
67790703
78420240
72336573
70056443
79520683
69499549
71435371
71699903
73932314
73246985
71073164
67103315
72986250
67709302
76545322
76481859
72125239
71066667
70747265
72377695
74101453
66007563
77512452
70711152
65933134
73545200
73859872
74394475
78026615
70285983
73704309
71617598
77402920
70111545
78438201
78162883
75167238
69796925
78367718
69453115
67945662
71986407
79406574
81464147
67791095
74604825
74035853
70622795
71238983
68584426
63153186
70819160
65780117
72486272
85013844
68835254
67643411
68519955
70352965
67555507
68416133
73853375
87143463
70752833
68430050
85316990
67364818
69467815
66791014
74171413
66517540
72215158
72214756
69820064
69971240
68018268
71695478
68919537
64848732
68499966
68369264
71459189
67374191
74493045
86974108
64391039
87784314
76056610
67387545
80579051
69707964
64728867
70098676
66618689
75385211
73662052
72591955
69030279
74654103
72570218
74541447
67555242
71975382
97057428
65722862
72815628
71908113
65686312
66727194
69283918
76596319
67495552
67097319
66598843
70854006
77233873
71540864
72629053
77437816
68796243
67515466
73230896
69723467
83475713
70160949
72064626
71407367
72253926
67172403
78627293
76153197
75677797
73368651
70899812
75090589
76784168
67463925
78710259
67082258
85805463
72277206
67286599
68411810
71019793
87110645
72399045
71751627
73503734
80669308
72421864
66164111
80035471
74033660
72571110
67778734
71613285
65936110
79776180
69160065
69415470
70517715
76740946
65698382
70978450
69960267
68481726
71563475
67039701
69313970
83413821
75212382
71141756
73574254
80398860
69782448
77629258
70537933
70610315
73485093
66375563
78212126
82375281
73727738
76060388
67589081
82768393
66433568
77339190
75257790
76430524
69937931
70053904
85343546
72417441
69361934
70606278
69299842
71665332
70991668
73999650
72253185
73053389
70588948
65756829
75651784
66941828
67693603
83334041
69955602
69275859
79342981
80465216
68716818
64279938
79789826
69019212
70985583
82387257
80262278
73515525
66137592
72497176
71243373
70271946
84901378
70348013
69903946
72390228
66753842
75141971
74091601
70250984
69483233
76607701
80147664
72469817
71962190
72147273
76036169
68109381
71524923
69549554
64829180
65387725
67969121
78549438
76639149
71205655
71177155
71143799
68856593
67880129
71508650
67518035
68714956
71394281
74727656
73905312
68381555
75593254
71617785
69158542
69437733
70391763
72730332
76558662
76533810
74807091
68727086
68122994
68304828
69844710
67732109
73221407
67910623
79584758
69475184
73560260
78242781
70703032
68348332
69636980
68088145
81445822
72353803
72249726
70240339
70677794
70416824
67391864
66823486
70637074
72413299
68781056
73735561
74227194
69969314
67125667
66767067
75904101
79485378
71223966
66420585
70203723
84641434
75314476
71742939
70121550
66680996
71513850
68507262
73469124
70429475
66867699
70783462
76422019
67663640
70247953
81810130
72654161
74216703
69038779
77653528
80627103
78162596
78453465
80016320
73634872
65204505
66910279
70604052
69207562
74977396
74045697
67373525
65980692
65709720
70304671
75261205
69993983
70169160
75473985
68349112
70672728
76332043
73420593
81178954
82043053
65991172
70896938
68334681
67272772
74551372
75937090
68557779
73560416
69116686
64108302
70114408
67672508
86362005
70433433
75135540
71450547
70386521
71506879
70048864
71233383
80301388
71049015
68055496
68398237
76390643
65053188
76030991
69223728
67264521
70733054
68333141
71523597
74458744
74642839
81544202
74974390
70478766
72914007
69535324
67571165
74023076
71776188
69147508
66294113
69459865
72717529
66042980
70083530
75946699
69137234
86025272
77345334
68775660
69708098
73023023
67016562
69711839
67850127
72549289
67863694
71089456
66078940
71412827
71525830
64816961
75408230
74374983
80592341
66568248
69187343
69329302
69228040
72197018
68518208
76381963
68549719
68780975
66240326
70173502
69207664
84701809
77933843
73442371
70938110
69903148
74545033
71645916
70835074
69393032
69555957
72386657
67946666
70003610
87347879
80410125
68679818
66569622
71550899
73126108
77353946
66384628
65263734
73814896
71459383
69435396
66916954
85601943
91444264
77216571
64560829
71157152
69468500
77971842
77659944
69923767
73433047
74285991
74094258
70288871
76462336
70619573
66869429
74134438
76168774
73087827
71155479
80513367
66231163
82396498
67920997
70649453
71453547
70446711
76223656
73301548
69223455
75617031
64863935
75281198
74704449
66406300
76812838
72288976
70591387
73215197
73210712
71665879
76309827
67166304
70566445
73008662
67019966
66234236
69638645
68862044
69606614
74985526
67819780
71552281
73391574
68725951
65553393
73998473
80875474
72075616
67542899
70116100
73120054
74800717
73543301
70144079
67564786
77066373
73515124
71189487
82910791
65295130
67940258
76682598
65446313
69555558
73208930
71659356
78685079
70531272
79792845
72411514
71711947
66842077
65398900
74014479
75262436
71420359
69980781
68538183
73116860
70492482
70474753
72994334
70725750
66185286
75974337
66814853
71847416
70759511
74668436
77004795
66205239
77333951
72846546
73481879
76575150
65757640
70578468
70877356
67801383
73134893
68936490
72292049
65615529
67030787
71652672
68320719
75024277
69107798
66996294
74073478
68870913
69188300
71713627
74174841
72176024
73310321
69112997
66399133
71852586
70589941
70330156
82482359
74630960
74499171
76785475
66170225
75365965
71731575
73797091
70504271
70778287
73234121
77048700
71195882
70667394
68287674
70716654
66753526
78723116
72580724
71367165
66781434
68758481
69212029
70015167
73034730
77033192
80117221
77591344
70058897
68501585
71759026
76170109
70373982
68463386
69542436
69039692
71438177
77162532
66245111
65917489
74214724
69254280
71190818
72233047
73361451
67138000
75971456
72025283
69889337
79878677
68165994
65684292
79513357
75080767
66169973
70786455
72466737
72280704
69479038
69577060
72105542
77528034
71680734
73925074
91289598
72282469
68862805
81181673
68458308
67634716
69176036
71047191
68757511
68678191
72366110
74300847
68314346
70310303
76292251
79043109
74603770
65462546
75122851
74167150
89899883
75392940
71243162
70764209
86063052
69295822
68827693
68448556
66802412
68133918
74333039
67443378
72372269
70729634
70005515
67527240
80369827
68853965
68933161
67570935
78929653
70257999
82895335
65859942
65690749
66579824
66850401
67573152
82080470
76659238
71597912
76916584
74086372
71518779
71481339
78726856
68187902
72288550
71957892
71372928
69752451
73472664
69488097
74405274
66602004
71273362
64265888
72925923
76272888
73071684
67592507
69313910
67353285
78276320
70186841
75583470
71979603
67284588
74549595
70778169
70987285
71722690
73901002
76658941
74530742
70935546
76118036
79493484
73299925
74636258
66893362
72986808
69719904
79218306
65299735
69402985
71946787
64950080
67067231
70708205
67630524
67223957
69345425
75412706
69449175
79550625
79859482
74132861
65351732
64682478
68760645
86283917
74164664
75430074
77393761
65532498
78653081
73384850
67886811
85003036
65701061
66424881
70064779
75388770
71401704
69894378
73773814
71287184
81246642
75194753
70494659
69708705
75746092
65451356
71384969
70688883
72617936
69081471
75439608
69217026
70386896
68718404
65293853
66569838
65394736
74718162
68308197
74302704
81931939
69756907
72524268
77557868
71922143
74111160
69325728
74688724
69724970
71307501
76235708
67707136
72421832
68083468
70164626
73342683
71383073
71808136
69240040
72133419
79044765
75451562
67784980
72362368
67959858
71076543
75236230
79954021
65132369
68658900
71458059
79910706
74118314
64801948
71004319
74116038
73030594
65961216
84138551
71844528
68748778
62887540
71670597
67221664
68011574
70054787
73545173
68146932
79343304
86144522
68169611
71908078
70635155
69328010
77656492
76228863
73732900
74004389
76077309
75567228
70148352
78341484
72591604
79085205
75254172
72161256
72213866
66757474
69646805
68407437
71423257
78037424
71808006
70673107
69765675
74315978
73879948
71915818
70654811
74236068
69956111
79311602
64589676
78706150
78399232
80539612
67785673
71245840
74861151
67110190
63571934
73203978
70040889
72096745
76922485
66215825
74085173
74986962
72559422
71966293
68159083
69318172
80228959
67125769
72687068
75817946
69988062
71409141
67644902
75233848
69221138
69550101
78552124
70537259
72357115
76499816
67484536
74402406
69864220
68827127
67363424
68158957
68284675
77844722
74411779
72763172
75000090
69830913
67012076
67336333
68802056
68656661
72941267
81869500
74145081
66502073
68028554
85614896
66508351
68343602
78042334
70717261
79286175
67552373
69639855
73015924
76376604
71460063
76851863
66129918
73168240
78891415
71744725
69495375
73958844
74416011
67881087
70148555
76474545
66332219
70499012
71085081
71229375
76834402
78857595
69005834
72754416
68975918
76731342
90735016
73387692
71736501
70627189
67735726
66911525
75984411
79832039
74451255
75062710
69105693
65415361
72395418
80055332
74034390
68304495
86656576
74976789
69123661
71321560
70996860
76486055
80938202
71557327
70149698
78698699
72118597
72132028
76477271
73032227
86934719
75542024
88264407
68985224
68194599
65360823
73090322
80435527
72117066
67703951
81719116
73093872
86779612
72505336
73347199
73694327
68888687
75463349
80738447
71342251
72844916
87077299
83008486
78174638
75659773
70298753
71041633
71336907
66420731
72195631
72758314
68563620
73931254
68442524
66645762
75007236
72100597
73523705
69531203
74743842
79312828
78721253
82386508
67740378
69249591
69842170
68569059
68594966
67937322
66078618
69704372
70803320
71497469
73870332
67756997
71731015
66596959
68285592
78288290
73071077
69246408
70190872
75285360
64627223
77029038
65043483
71593273
68899979
69898381
71842786
79620083
68648179
64403081
70453979
71195733
70317083
66745477
67562690
70826200
63075435
68988426
66410930
69451283
67494808
73033565
69014958
69549894
71944764
72523831
69378461
67904861
64621377
66785329
70086548
74039974
76507999
71678664
70630019
67834899
70079413
71954376
69626047
71848552
71877456
76616143
63703401
68239238
73731721
76220471
68499406
72271481
72057197
78476450
69161438
76172611
76243887
75540057
63722864
73147027
72237948
74160637
72044014
67815013
73788652
83480368
65573202
70750042
67942542
70014072
73397484
71089589
66766747
73580327
94115051
71628223
71681146
67643102
67969025
76291846
70856607
79136933
72440699
70843057
70669635
71579374
68158412
72361397
68318968
71311968
75644124
70971959
64687757
82619630
72748766
71031840
63069082
68184427
76042438
74070283
71714277
72289590
68327420
80214779
74885922
71044381
72576388
66610369
69946662
75726038
69594046
66155540
74280699
68711745
75662284
77191548
72707027
67838449
71445391
69375163
75972729
67437275
79715785
79056832
78269585
73100411
69736249
64293249
66106921
70077865
67618504
67734660
73599536
70576668
81976996
66709545
69011700
71722884
71466361
78837774
86748302
69274005
70891644
69764497
75343430
70873366
69255212
70700391
68143569
73931843
64486596
80036909
72169924
70670018
74701590
75551270
78436334
81749886
73024660
73903571
68757782
72247642
70287164
68764225
68763616
78240509
80358441
74778654
69375846
69986534
70840794
66217738
85261736
74918017
70177423
74835483
75982414
69695538
77062256
66943065
72718603
72037081
71961789
87696258
72328134
79963154
84658216
69331980
70380290
70686029
69581682
67733695
71463638
70540030
70483847
69257353
64537208
72717954
66093733
85027913
80094245
70335857
82300934
76344574
71134290
70619108
68126998
71243271
71207431
72335844
70580038
66643910
76436888
71981714
71869833
71734355
72821719
72905276
64628855
82317923
66551864
67369152
74994285
75942120
66450685
69283179
72761602
80189777
70698006
82101751
71375814
75389658
77922184
76530089
70579406
75625769
69106419
64896253
69546067
73341748
72549572
70747879
77029087
72965003
75757289
74888382
65129701
70847886
67080195
93056834
72138929
71696436
68942883
77258613
69802700
74214966
67661613
71024170
76906512
67965153
70600713
71961391
68412243
71110631
71006087
76621444
77367453
72165795
79583676
76980274
75265149
66835098
75315604
70772864
69946278
69572078
79167535
69162266
72608034
80784112
67803876
69357107
77446278
71562684
67210007
77406918
73570695
67616583
72694332
69388524
73357761
63170254
81576030
71444246
68135456
72986902
73958682
75754844
68036146
67347885
70800724
70789926
76635851
72367950
75869252
75246534
72872707
73748423
68648636
71458185
72930544
68996144
70499556
72011432
76167578
68978630
69082128
79013297
67181344
69692138
68583375
67351075
73140718
68073552
72926090
69406248
69507709
81183833
64759166
76011434
73115227
72592617
66573881
73790228
66815203
70330319
82399962
77228492
70550568
70710632
68887545
74786252
77211696
70055201
86874749
66982166
79296830
67764599
75954993
69584955
73432645
67187413
73390826
67658381
91314852
71123911
78263162
71716231
68511521
73773664
69882014
64912012
67381466
73033680
66982706
78868996
67203736
76958524
76087677
72672870
82519314
65814603
78808641
72606240
77408717
67927273
69180802
68451549
71232929
86700845
67471497
75703729
83867381
71733796
73650271
71930135
69542897
73634326
68741745
74901758
69207430
70179535
69530160
77033806
69534700
77526795
69149647
73111529
72220514
72124770
67667668
72149033
72200482
66194035
69286338
73110757
70744054
71614827
69195938
77660820
65547095
82770635
72834810
71982999
70192693
66963663
73236097
69870271
72474939
80242422
69719353
71828891
80839865
69091205
71561019
69248723
69695127
77291317
71415231
68977660
71151471
69671111
73415086
78028555
65524651
76592953
83638474
73993384
66821309
71232194
69091321
66489856
74575969
71916752
72963765
66946444
84571665
72880213
73684304
68840531
75661950
64810552
72123716
70755839
74588659
71688906
68171951
71730955
66107109
70671689
76694547
75431634
70200116
74656531
68239096
77967286
70735932
66623687
70588022
70870012
67800832
73372957
71197386
74457299
68590573
71297175
71107468
73388082
73303497
72084188
68528654
69738083
67826295
65394731
66660387
69066778
68647216
74282293
68725082
73668342
84559233
74026428
69805537
64525913
83670669
72026443
77511060
79566479
79543764
68097177
67597780
75681059
70748768
68635185
66738123
75943744
71586872
71680684
79845913
68799340
64621052
65763889
67862545
73184745
67897347
70155161
86505167
73053899
70216987
74130819
76965382
71995635
76247146
70129044
79672262
76982038
74220880
72573522
79879517
73400142
68020691
68325714
72546239
74102248
68652685
66604381
70766372
67029304
79029036
72660089
69875660
67667363
71328947
73980837
70411640
74206406
77704505
68560435
74314691
67528726
73823016
72934573
66987268
67291706
67329384
80142381
71442873
66830076
71307869
74287845
71997477
67410206
71830310
68028138
66622302
65294956
70598233
78233623
69527731
71881172
68400406
67769650
69570539
77261545
82692545
65061607
68013072
68770680
75821999
66411240
68219999
70105356
80395871
79923876
72198887
71698850
79620321
68815713
73225332
73819773
67799301
76212883
67032810
70151571
79323376
66165485
71763188
72336474
68828879
69727854
74594247
68469424
75602909
78044412
68979640
81488615
74086858
69459774
66467303
70271312
68032413
65632767
71654641
70516285
72981331
68106958
75159438
67832832
70693370
69071892
72102580
67673525
76763602
68616284
72021130
70248262
76758574
69429584
79009066
73131078
76147981
68517692
74519566
69291937
65937838
64718590
71692336
69866966
68186920
69138822
77365523
77898929
68327291
67090363
67154313
74674087
71357564
66771304
67247137
79976940
74863055
76715569
73665028
71378698
66415217
67855097
68032931
67357582
68991309
67098794
77847529
81155135
77335915
81524835
72027848
72128698
70925764
67181857
65333833
65358340
71062160
65058272
69699788
77837730
77998049
72498470
89410966
70019787
67759379
65436628
68636927
69582351
67824699
67438606
76020992
68204005
76647246
67264243
67793017
68128577
75294959
68454238
73375317
77253076
74854246
71873355
72242355
67444961
70844354
70340109
69887896
71298256
81332015
68788742
75476794
71505747
66840190
87246512
78427618
87235432
75112014
70622295
68327092
75393399
73243818
68879241
76622026
78399774
69125332
74325851
68145722
74652188
86384343
73741987
66778912
69467271
71087283
81123808
68375769
70804094
68051499
75090973
66900943
76554436
63270292
73213349
75762056
72077165
78155309
69684972
76048683
74863000
73990179
71482472
84377953
70004038
68430047
73142171
66961733
70864045
71157165
70738989
79782968
67094144
67745598
69220590
72965337
71222132
67039416
71781755
81987203
68865384
70978259
77876414
72972254
71707357
70231553
74385842
71568142
77296451
72741566
67315289
65070450
69929777
74330642
70738129
68951209
70605057
76979299
75105252
65628003
65227655
78155444
71538126
71828799
71452211
71975712
72093832
78853719
72065955
69494213
79165089
77061496
70541146
66823071
70934590
77257230
64105781
63864305
77270030
70531126
76522167
67925628
69576709
71621728
68430933
68635775
66257949
73036104
73491448
71807917
74453423
70054351
69615269
69320238
72464203
69728235
74009019
74175597
68440809
70064456
80189087
86446245
69537208
70671671
69820145
70691637
74558007
75927375
68640843
73140236
68515614
70945031
67163743
64972641
72787506
69680607
72245903
71938710
69392641
72536648
77390979
71954108
76543784
70693012
71541845
81466004
73173599
70962206
69034508
79816799
72672771
69956296
68521050
71259338
70682715
79091972
67529988
72215102
78795626
76169505
75023047
71731008
81573868
71682259
67838270
72073364
74693472
73262757
67337440
67852957
67281023
74592605
77366955
71881212
73049398
72213870
67723638
70206576
75420513
67117255
73929794
74130959
69942474
71037735
73933680
69148650
70536879
71485974
79216635
66521144
72393296
68389395
72049721
72052947
64766719
72178710
69502472
72818611
78386543
81319306
72974463
68729005
65412620
66504191
68451348
72645035
74617816
78701136
78312576
67540110
74377301
81212838
80907260
70425517
70042149
79484672
70231851
66836379
70100934
69588109
72224332
66666343
67700501
84372137
67521218
70068253
74341649
70054432
69834893
67878012
71609881
89509037
68298149
72930156
66328821
77253475
69024531
67031321
70005645
69209400
78193390
68362450
71494049
67587786
75035545
69260392
66428603
68633452
72383844
69149640
79338733
82038695
69321941
78485288
73869179
68542294
69520561
74145065
74442419
71531101
83164871
67521994
63929436
68355329
73971335
66171814
68405548
73221776
71905574
67424522
71215430
70718241
70401136
72751123
64325266
64450484
71188711
76464910
70892746
69186621
71685077
82395314
66613412
68840078
69882098
81734748
70562382
70674119
74792687
74466709
75554221
67711017
69243550
71191128
71782546
66340066
72468733
73706459
82794126
73188701
72316532
69371437
71042832
74450845
79290466
67636359
66745317
72056891
71592407
72684154
68596113
65744804
65195517
78710674
74439167
71129187
72419761
74175357
67709624
73938288
68803705
69583152
65171222
70429645
69513384
69161081
71685134
68361900
66174635
65452110
72881602
68366110
74932350
65900371
70020253
67402272
67285442
68957268
66636440
71425308
75900551
69023037
74724154
69335395
78884905
69369297
67612768
80568933
83276312
74587890
70646930
73811196
78988372
69403125
74356259
69842783
68537169
66728540
76205013
70509678
78867422
67434534
71626065
72560156
71172004
72405970
81272223
64990793
74297034
68898218
77614121
69487600
71188603
75285068
77017802
77258720
66552578
83212990
68554078
69800014
67098792
66037053
66104343
68290197
78060814
77657962
71246624
70059051
68514698
71763984
76499061
70729371
73091673
74440462
78553128
79253955
75261365
71281974
89444174
74720066
73462843
65476351
69627246
73500488
66444508
68450398
71797475
71652031
73517762
77643189
74494259
74295289
69392875
70223302
70074181
64693125
69673514
72187322
72982457
91983945
70523044
69495199
69176792
76415046
73043534
70093479
66511676
74592746
69330275
81039157
68330561
67979738
76366199
74092929
74661108
74093946
69148156
64649118
68584090
70031160
77174406
69679702
72054394
66149085
75217827
80505969
70597946
68436207
69905643
67901305
75121300
71089944
69241240
71912625
64615293
78139106
71965400
77281420
91705289
71062472
73489235
76977007
64724648
71733536
70001316
68507312
72998310
65161099
71871084
70322003
72058190
73295905
70010635
70240888
69614548
71634101
83327668
71002441
76522015
78532726
75793697
72360767
66327708
69960450
68912245
67881884
72551520
82412602
68839719
74712807
72694375
64937174
74497101
75359124
71574823
71964182
66220874
71041019
66953000
74433396
66765474
63362317
72645077
77926629
70699429
76387201
69834476
67403954
70066166
78284713
72367018
74635106
70646175
66561104
62492443
70184811
73300089
71554417
70165039
70459368
71602006
70706464
70604152
69951837
73344915
87922861
84747853
75780135
70597099
76390093
76554666
70901337
74356314
69761391
70766580
67967706
74540511
71292809
72618584
70511225
71924161
70590180
69674503
67642807
67044461
83128361
72245356
67487287
87528350
74851702
71630282
70239588
72344281
66882337
70693944
68466710
71114520
78159716
64720956
69458127
70918627
68749103
70135178
67795866
71660940
80172638
69817124
70985306
76287038
67027861
67830512
74233737
69221328
71469803
70077492
75225436
84670842
68292982
73625767
66911633
78066830
77963623
64474766
72139906
75514528
80322323
66377044
80335143
77452579
81940436
69052970
77798147
71016000
71290112
67071810
77939922
67577409
67847577
66771135
66913382
71019729
71482328
69739940
76485626
65146800
72917840
74515666
65999828
78914761
72126451
77020049
83569838
74902124
73825526
80826763
68323577
68562787
68308629
70131926
73038351
70625993
74889194
69725716
74510050
70033142
71217796
74587317
81965005
66912981
79734601
67673823
69853724
73516364
69978932
78371899
73927361
70935455
68772211
75344146
69451831
71894215
68665285
79088903
67445034
70703651
72750478
75206850
69908672
70771295
73061713
73907081
74641520
72100989
74581292
71352840
64191054
80436678
70010559
80630529
73941141
72410807
70087900
65948717
73510779
75377489
85044473
71544561
66308813
80905717
68444683
67016125
68513530
68565497
78857907
74605403
70428525
78464850
70451828
77669958
72815799
67368040
67589345
66844254
69882739
71260708
73319517
66546485
81278837
85204938
66679046
67864250
71077248
68278758
67203926
66930229
68787286
74444616
77223800
66049557
81455031
71179907
70927203
71543620
77035275
78131385
72630187
68381993
72411390
72749820
69999242
77855278
76366200
71127659
70392046
78772931
70241937
71505123
71289995
71420605
67910474
68554353
75700515
70943056
68358280
70649909
77960897
73203473
80890086
69351024
88534298
67775275
64615392
66836550
72275522
70271195
69711736
67969537
70100687
69000054
71736425
73283755
68529891
74386515
72306678
80276965
69999072
76484215
72335396
67315740
81464906
69566003
77727402
79341263
65198851
72192183
72160227
67687785
74382690
77125776
65112478
77421899
72515545
87161281
66707733
68949449
68358610
70317868
64364624
69254578
69857570
63561983
66502284
70603010
71133864
73304569
73656142
68361817
80086864
72401774
74805272
76881849
76595300
71206655
68888143
71010872
73430491
71710957
77130405
67027544
70853844
64282720
72228113
73110099
69962776
70271866
69640812
70438237
78916323
69928500
81552027
78192499
67695312
70996688
67907701
70023023
76845506
81170372
76531685
73561916
74265111
74148025
76223941
66145187
68265122
75429025
68717793
69986006
70795510
68826521
69375059
72245446
77820489
74148937
69274019
75630963
67186171
84035451
65874514
75048519
74317579
74434693
71949235
81100215
69896917
71445668
74465671
71959997
70893324
73896907
69798851
82860381
76275843
70609760
70543091
73150271
70125582
73570032
71146730
68294654
75036353
78063776
70352043
68903829
67964776
73939397
69565918
72744746
68755257
75259497
67524344
72164215
67451224
74030210
70366965
67275903
75457872
78533312
69246147
66958029
70374092
73086748
65904064
70156786
69396225
66993882
68338702
83322193
68564306
76283109
72097261
76976370
67475319
78380974
68740638
69434489
70716228
72090217
69664045
77759318
73328945
70596562
67876206
67117385
67830133
70225065
72111621
72452094
67564082
69689470
85539051
69274198
72134698
72228308
72148752
71283810
68236426
69028496
73308267
73112493
75891081
71212730
66710291
70531161
72360761
68837054
75521532
82125669
67299830
77249623
79743460
67856455
76180948
74157224
70253995
67401033
68838456
66936826
68078126
72479012
72123518
69305819
74614726
72177998
66422012
68965290
81359154
80433924
73861863
72214617
69756031
76591491
70914182
70265516
68041448
75922749
67507562
69430054
70730732
66124935
70829448
78257062
69021037
68687762
71035321
73130208
76910770
72925332
67876120
69360723
78846151
71620794
67868033
67523141
78532635
67890911
76904423
83904526
74243013
77180583
72144896
79599079
67265740
65747546
74171671
72125664
80674134
70827505
69741879
68733218
69161967
74300645
67225100
75075624
72700555
76476416
72446713
69026738
72911249
75082640
72797312
69356253
68643621
76232153
68539797
70588522
67841929
67781847
69459911
71453520
68935744
76007620
75130335
67293986
77405850
67320165
81329952
67583740
82226641
70111019
70375158
75536381
69460257
76376276
70618422
75536201
70579669
75879818
70372633
69592643
67222477
72805117
67496394
68727497
68135394
72362125
74014609
64564481
65700459
71483888
73541945
87963144
69467719
75804810
69173138
69553367
65119168
68979125
66365181
75495320
71616641
65466337
69093159
67662315
70988184
69323577
71314498
66371071
70096884
66922696
71903478
74163425
69284868
72620177
66392706
74580591
71864915
73176803
73547356
65206989
70381319
74741009
72789476
70662731
67769691
73336994
70742950
71053547
72201007
73296584
68675606
73986500
77626639
66740489
70712688
71799079
69371083
75604437
71673875
70443141
68754567
75984871
71288013
67255294
73007502
68598328
82112427
71705108
75589988
82081343
68637461
74978611
70488073
91158235
66694285
71364921
68630935
68395818
70798452
72198043
67472277
79284172
74854740
68427007
70638699
69817172
67252006
95961190
79396891
73591880
72239778
70609445
74479931
67434307
67845610
73697132
75931228
77604616
76005478
71131275
66022329
71146252
74392754
72785125
71634580
64995588
71952539
68959824
75542454
79400605
84947903
77360893
75601182
78991415
82780798
76036678
76798475
71172971
73682529
70732041
77952318
71493392
72757178
76182437
66139908
77265502
74244741
68302248
65522075
73913721
73148738
75994113
73639403
75208586
71224114
78555156
68630862
71014486
71390442
73120814
67832765
70357211
70320073
71900950
69972465
75633395
81996943
69467394
68742569
69588081
71600505
74035029
65485196
78318367
73170035
68708042
73367380
67859627
69638204
70152096
72029425
73142952
68140661
72337365
69943582
69724742
72199334
71106842
70328698
72877401
67330078
71969544
68508848
81119773
72035144
74699050
69092941
69929392
69346484
72257641
68074626
82299762
74396430
67957999
69432837
84030512
73430132
68050870
73959425
72331638
67233824
65238093
72798733
68998306
76032770
69243070
77362268
70382758
74717335
69935010
68012902
66950852
74423930
76906014
83479177
80917278
70127744
70029635
72328066
65063723
69471800
75449789
71708813
78525146
70593211
72905034
73173545
75904654
74200816
70625300
76480560
72691009
70338950
72475258
75569016
73733061
72316567
65354903
65290907
65793818
67461786
79227443
69594257
69901243
76719224
68860065
69117357
73582010
73614379
67096546
71683107
80588876
78502667
64863772
70831238
71334822
73309288
75784343
68480445
74251265
75947946
67873899
75152929
68928508
67047463
74949548
67629159
71531801
71091657
73297479
69574696
68915492
82406274
73973956
74674433
74400793
75173449
73576138
71543817
69467451
70813094
74652815
73660440
75853020
69507567
68072752
73772700
67750171
75532869
70204464
87465898
70167256
73021173
70731273
70913460
70181627
71490422
76672367
66669917
77108174
73754960
67177473
69924501
81396423
71016531
66032870
76574726
66691748
82870376
68108351
69637811
70983847
78785136
79105240
68878958
69520630
80802926
65814972
80763539
67381971
72320776
72478398
66408810
69865199
72044069
66823799
68295458
71575363
78665178
68604187
81380207
70747647
71367191
73711157
68173491
72374185
69187006
70373916
80871126
68637838
64856075
77527017
72397436
73311020
68739335
76364877
67564449
72084745
74057774
77026577
68572948
68404391
71749258
69078523
68781754
79641190
77315822
75533749
73556005
68506105
73380434
68924226
73022999
74678824
78780641
78739209
68873983
67478201
74306670
70875009
80668869
73546566
66805930
65393961
71250679
82225888
68784830
69702797
78330061
74556297
75276833
71682504
75881552
70207589
71767369
67029416
63423599
76932408
69746520
84691488
74520214
71650532
72650418
69164749
68358864
73792393
71978968
71741830
76384780
67181629
69242635
69981772
68918963
67860027
84161918
73764816
67347463
67775263
64613553
69232845
74405555
71958543
73899237
72141130
76744065
74178106
69025680
67248991
72015425
65511276
74110460
78639452
74074455
72920577
62933499
65060222
71056785
70390330
69498141
74201199
71258208
79031180
71438463
68121229
70624194
71847784
69189287
70089125
76384465
73351938
70139889
69009963
66778499
68558539
67900180
73762909
68519118
70199332
70749886
70139062
72808812
75385074
70956489
71309672
73538597
68669955
67467652
67808783
70017618
69106875
73913413
75893382
69516874
67625730
71674275
69857626
69909873
71096083
70493446
65325003
67835734
78112760
77252214
66128229
65346276
88723493
71745901
78999079
76917799
66811009
69134585
75191375
67675751
71220260
80006525
71933663
76861033
73071706
70582146
73040778
71589573
75104157
68936777
69849319
68418407
70735170
88872640
74935713
73118724
72825453
72481204
73403464
71786019
83448538
72924888
67432025
69156538
68677579
80283682
68340208
70267648
72012512
73791999
72312885
78049322
81120611
77587102
76942664
68080972
74661176
66385144
72741025
76042572
68880765
71173583
74347855
71915101
70106913
76503370
65146157
76087991
75637982
67338844
69624075
76272780
87867315
91192731
72017282
77268597
68292970
74941532
76501647
68585859
79445040
70275149
77705422
68014256
68877051
70345468
74133048
80116935
72744155
75143798
74883228
69305995
79564712
77767964
94657076
81974475
68868166
84883816
68744843
73519033
74532538
78864319
70404854
76928727
75633119
67077301
71038653
90459008
67591397
82550951
76668802
71547899
65800300
65259310
68220863
81915175
66669546
73606884
70128187
72194533
74103027
69040355
75933416
73422695
69777760
75337634
65837387
66765762
68456622
69582420
74562630
71762667
76287254
68106750
72428965
69413900
74005719
70459877
69794936
70711449
70729093
63589543
72283202
68098845
83679529
71541864
65890379
72060333
67412765
75999308
74443572
71561088
70229600
71734783
71775974
68429686
74323481
70162182
68780784
69813684
74355181
78363115
68793235
75330244
69600883
68248731
65500574
74628625
67834398
68017316
66337892
74292743
69308539
72018919
69767716
66305663
74282630
65322016
77689238
69476450
82899884
69772978
70836430
73435100
79121639
67467827
68931920
71710524
83621547
81768565
73645195
68015647
70756866
70245345
65112935
66881649
73224427
68753255
71665341
67180128
74364953
69313304
70524929
70999237
71574309
71179557
76418153
76987472
73230860
75618101
73586837
79001023
71810251
71706649
73150932
77685578
72181125
68090005
75058081
76689316
79114021
76833935
71644421
68388112
81303522
78214342
75990173
75759458
70465767
80442966
67114555
87059654
65718518
67654725
72578365
70200501
70372795
76822848
64710754
67037958
70351463
74654321
66984742
66072890
66721219
78098293
69118405
71091352
76717263
73119503
73136951
73555447
70194695
70348326
72030664
69576280
75477705
73242619
71531461
74104925
77892094
73050762
70020617
71832355
69612292
71649060
67333260
68752942
76573560
68729066
66730769
68355680
80382798
72767467
75557700
70611172
67427267
71914669
67803461
71895847
73148107
89738911
70510105
71328096
66841616
73023101
75085082
64219238
64979384
71552262
82523153
80945016
68417975
73418364
77208624
78409485
69035758
67715709
69265735
68708997
67389083
74175690
69206008
73434948
71934034
69655441
78038647
67744373
68280215
64427506
68887208
69113562
78753949
78173667
79541365
69284786
67509563
72997736
67094479
76163801
72000632
72724409
69246403
69692307
67452791
75679839
71100862
76788037
67891170
71360719
75471752
67843024
71595361
63732290
69496179
75642322
83057326
68183258
71551617
74578865
74122568
77783443
79376007
74283581
80062312
71684385
68200075
69516058
70509172
77967586
66020075
65117808
70927913
74993506
68612235
71492457
73215334
79722342
66729097
79092794
66227847
69293474
77973079
84642253
69472989
68682785
67653396
67345189
66486681
74070576
75047418
73260510
74751991
68657652
73641190
70544909
76106198
70630233
77836932
67118487
73244600
86322501
73284518
80870746
66418998
67265481
71366663
76214068
65543138
72712346
65411863
67412782
70833846
76500646
68456863
85743189
83103813
68547548
72452308
72990458
68970552
68000399
69545124
66395942
70944446
69798849
72594308
72432362
71442380
75833286
68262871
74742795
75524744
87840701
74625627
80193651
71600467
71439322
67484901
73075327
69574217
70655288
77354312
69762685
82293288
68545610
68761156
71499333
72818024
78222876
66272764
68571935
68405551
70682429
71647398
71237174
73243161
67804702
74725859
72723341
74517499
73743540
69009770
72950953
66981462
70423209
75823371
62723023
70258659
73879995
72280882
70518921
70152447
76765054
73510279
74475467
74884308
75069232
76287199
75308523
85005247
80036536
73209693
66630989
66904456
81431598
68862883
75105613
78469699
69452775
77315847
70726046
67203606
77934894
70906134
77304864
72629596
67875734
79798541
70405184
66295178
68679282
69883139
69839231
69051959
66085440
77285499
70953740
72285023
80087603
71763173
64801455
69335806
71553959
84022965
67569620
70150287
72162797
77707467
68537115
69568270
72809298
69332766
72075856
70581495
69682756
76717086
70413233
62670998
72044725
82195975
71058375
73932240
73000349
74351395
75286626
75648741
67918821
71053001
74599152
69920855
69625499
69602127
66199643
72999723
77175944
66308215
72138862
74114708
67876313
79643855
71268929
64804081
68067555
75403740
76339259
76760058
79320982
71388005
71929368
70428332
72149053
81961118
76801307
74184417
69679789
65617981
80512790
73005271
72924455
72885158
68244626
73548996
74100912
76352029
68668266
75415457
73176927
69573546
70287323
72748297
75590289
84681068
74234401
72581565
66571554
74104262
71590812
73028705
66991277
68409545
71526621
73390773
64250667
68823184
67179825
68885773
67546687
67559488
71618997
78913144
66784305
77072692
71872536
70767039
69721333
70518099
82457388
73298840
71698987
68994656
71034357
67632396
78892159
76249366
68667874
72800397
83190596
70088209
68503943
72728275
66885357
75195437
72374470
72061267
69165694
63511169
72095667
65929528
71074204
73722743
72100096
66734595
67700486
62459100
70179320
74065552
71578208
76179508
75649250
76729262
74014043
67907231
68469858
77326155
65581338
73955027
84784213
66553920
74211077
70315051
81136812
85386478
71815486
76909490
70604456
67467957
69051771
78579669
71981077
74950172
73028041
70208034
74257331
67988018
68387293
75184144
67660589
77636580
69063463
68619701
67907245
74570907
73861544
67909339
63834038
73934603
69488763
68461565
73446666
84183194
71721484
75724339
66033042
71260416
72291818
67919584
64631319
65217479
71473860
78749036
74066769
68822408
76413254
70924255
74919729
74479555
68379775
84687198
69439585
76123170
65786857
70530007
68986919
69626467
72508807
64884520
73908378
70278957
67972012
69118456
79839131
75023395
73578795
71273150
67065393
70728844
65535772
68682291
68100036
69905228
71889829
81764467
77862589
76529000
69521206
71286564
72300386
68301560
68159356
66639641
70909591
71639419
70747918
74681508
91166097
69577232
81978640
72051357
75165503
75115495
65874605
71563791
70098701
89344555
71467825
79049249
72617828
73552093
69967325
71155226
69034607
85648707
75386057
76368120
75760132
70346695
73125378
71843829
69747754
75912141
74902366
68470882
74644963
72998392
72418572
73509077
69182765
69893847
73578383
79259558
70884791
76861577
71485921
65540416
67877174
72676162
69084904
69642041
73128475
72361215
69983962
87233305
71256692
75364078
71832648
67131998
77294769
65373029
82952870
71898620
70989272
75238963
69240341
76282394
68353298
70044797
70381759
71321166
67925987
72731879
69009112
82222146
69731495
69642138
73563357
66474314
66539636
70410160
81453650
71662213
75640196
71388078
72843072
70945755
73632541
71888677
82531290
71643487
71212157
67674141
73492345
73609741
67698392
78138184
70458348
77184865
77837238
68911522
74899203
66500378
86384847
70272851
70551676
68235249
80624008
67071719
71171353
70579276
70416550
78064818
76613638
75575851
68738807
65478612
69154424
74323105
79767772
74616677
65948483
68116372
71880601
71624415
68513461
77649644
68315562
69414704
75548101
67723924
67751580
70609203
75106868
78302049
68137816
69609798
67357901
68125218
72342682
70262068
74237528
73158476
71178353
80470820
73579106
79739532
65700513
68675868
67773897
71024078
72089746
71955112
74423396
70182579
65934707
78238406
76641081
69801585
69664606
75371085
69210940
73640057
82383509
65695757
72352982
68440951
73492335
65684929
72273438
70979705
80207527
69442564
68110074
68503896
73802303
69020653
77947210
70117019
74633322
83113731
71181733
77567430
69169794
68843248
70815583
68790571
68135261
69304225
68624677
67020581
71548328
73806774
70401783
68486602
70227059
70306524
67644394
64257691
69464379
69477063
71739553
73581925
74184206
69062374
72191900
77503398
73158920
69003212
74208122
71098662
70804425
72865709
85879647
67821282
71285785
70358588
69686972
74196864
71551338
80851375
68995397
69213288
64288721
70207446
78449323
69539317
70137522
74512870
81782947
70035184
80689464
69520950
68279398
81457925
71294519
66951992
77011254
69253198
72725649
69767756
78285253
69364656
68646845
72366107
67805295
73053659
72199155
71166904
72803276
72050594
71081056
70446383
74997315
72645918
70371029
89093764
69492189
69731669
81944245
63247811
77689669
69180349
80246642
70805931
65247139
68478838
67060505
74241108
72331980
63502455
70913735
74308848
68724329
68405371
72500839
69092768
73888637
73068440
66712328
81128875
69940754
67199513
73105847
85540791
69076980
82699646
74024723
68489500
67737529
69259609
69639375
66571324
70412179
76728195
68424676
66202611
67495809
77527840
72828008
81354590
70162444
68750881
70500072
76972502
68676826
67398069
72376212
64486082
76967088
70829390
68140600
70605858
73701523
73619726
69045752
71013174
71811929
66334849
89299977
72147555
66206403
71336707
71582123
71322438
65058117
70365144
80258785
71777748
80862597
74177906
71475363
71981320
66261210
74424413
68037199
68993177
69772273
66827714
80482218
71741218
69419737
69606901
73567281
70768144
74978335
69888089
67346722
69126588
79004013
65216148
72027011
71136249
73360993
72600067
68887220
71999881
66662839
70703489
73696394
71266097
76468220
74139364
80496387
82695711
73384858
74384764
68987507
79624139
78921998
72157926
72000214
71201302
77278502
70349364
79147376
81046136
77816274
78344012
66784750
71921000
65799235
71036067
71407412
76335066
67527325
78576437
67362619
70167362
71084742
85139521
69066172
72345307
83416113
65098264
66287005
69368475
73065207
75146274
67417643
76302385
71912733
73957777
73172131
72230985
82153833
72016703
72223470
67299163
69214610
71154082
72295182
76572469
72668471
72889262
74837333
72633695
69250239
67387440
79854430
69386880
65567263
85869843
72720534
69089933
70116082
71677629
74623499
72488605
68387366
65848383
70100256
72535428
69782473
72462407
68113468
73957682
69460966
66888144
80286292
67781676
67480828
69819064
70759941
72138010
70697964
74235342
71198865
72735010
66191310
68898139
70193643
65885983
72324410
70104759
73991917
69918573
79018056
72794709
70226869
67943619
71465819
68599599
70939049
68112874
64396511
77801730
73336886
66559037
72670932
76462335
76364551
71841976
71775524
77707800
82466073
74257818
71617036
84307983
68111490
70709224
64909082
76430843
67640642
72102047
81492456
80092855
81203551
71576154
69758665
69156467
72359925
71976489
70192628
76086420
68271782
71960326
75571818
78019154
67808716
73265813
69008291
75549174
83115700
80199027
74817602
79626441
69511096
66439137
74267739
73755291
69236233
69128545
72749111
68112269
73979525
68073753
80172550
77847384
70467044
69942791
70628970
76933629
70104295
71409571
74676459
77821141
71211027
87064566
74962583
68039309
71603886
70257151
70550757
67211318
72215033
69328787
67793157
71980268
78846212
76990791
73115817
69552200
68321914
70279042
69697800
67928907
69284039
73748369
82780175
64678263
68249788
74010265
70522594
72143550
74985499
65691739
78811722
72026343
66689958
70358158
80671857
71078562
70225015
69655559
75582309
66925806
72377238
67915408
70975986
67634611
75381757
69822903
79877084
73584419
74818479
77641986
81998553
68152913
67974187
74740500
72548856
70202535
73545700
69530349
68910432
68309835
78103234
75265756
67672434
66513441
66503156
74568179
71456894
67890685
67180194
81852558
72721559
69865270
88738558
69724608
74066305
80132059
67897050
65904634
84199713
74124140
68737433
73624040
71768049
69206837
81704723
71995680
65659097
84954460
69027682
76238911
66031702
75053118
75792829
67679645
79178307
66793983
69165208
71034979
68173703
77055629
68312605
74665777
70708763
71975453
69730918
71889587
77834485
68779184
74918632
68810184
73663726
71339047
66817703
65662758
71736583
68772483
72652729
72174736
75010620
67929561
68107632
69199775
76703834
69566791
77049812
76217453
68534825
69489410
72561612
70455035
73707122
81021659
72407710
67189327
71102511
71648822
75242581
69768806
68506950
76501017
74367502
70222836
79911962
64253180
71945712
86881479
69370845
69924557
68791903
74006855
71854542
71611703
73961299
77656312
67311254
68437633
70212250
69268150
79707107
74818422
64745652
73351561
71617304
68367092
69929396
75708631
68509543
71861920
74005827
68800748
77375812
69202443
76410352
66786563
91220382
69875436
71389155
71545575
77612367
70639993
77788752
74239153
73881165
71403829
68446648
74438466
75826260
72052542
78898270
68965693
67529575
70683827
66896150
77799452
81326754
68022040
71520668
71573512
84547225
67038339
68337328
70358398
79637562
64291864
80315843
76037682
71991088
73413708
70656450
70734396
67206853
80040182
71777185
66512878
78529535
68092224
70728339
68625540
78021826
74192576
78490072
67661769
76102079
66977900
69351001
76728746
67936339
70606363
67740774
73712407
67487838
78062951
73309056
73178628
72919426
74243742
72418217
76680285
69496756
69230828
65548084
66334746
72106428
72432159
82699937
69153132
67613356
85300973
72453442
69444926
67851774
69743276
73296633
69353120
87508215
68248860
77851321
64685350
81177042
73420097
65484066
73137547
72092810
74118347
69895911
69816630
74231256
79886461
72699710
72881778
68370958
66097496
69318812
75531235
69822704
76507478
64950092
74521535
65829000
66354343
69835484
75252204
70931753
78687747
76253617
73155101
74787391
75766310
70089106
71478434
71625318
80154889
76478173
71351709
79629848
74775291
69033577
69834667
68727977
73989518
72992247
70720896
70771588
69718512
69474992
74414011
84985450
72590492
71681485
87595528
74907884
71820243
70841068
67749527
78067824
83725539
75805754
68281526
66398176
70498320
70158952
71958694
72676100
72948725
70315625
68987166
68752973
80904737
89162646
75864172
70768303
68837104
67371217
70344670
88251586
76473159
67594930
72207230
70782397
73841791
71890760
75884788
75207309
75767119
67483917
71363635
71515584
75269221
69583261
79269418
77936198
74184128
84044104
75442618
65717120
71689926
76428633
78806245
66661159
68699339
67460980
65203011
66234507
66963250
81578927
71989788
75370635
72319285
73070986
67961547
83187196
70231573
73420416
72710937
74765190
71457600
80475700
67906664
78193739
81140655
65667593
72806018
72336069
71233954
72349789
68274891
69996205
74186838
70530407
66117490
74089573
76044374
79533900
71021881
69589473
76585565
80945759
80261570
71342533
72544812
67734311
69203464
81474410
89038777
74583716
72512437
67259774
81031265
70847987
70078741
69916651
78601343
70484208
67378941
74342048
67055041
73020567
70800259
71975981
74196727
71181978
73294806
70366491
71359062
74021112
73716666
76709863
69375158
72073065
80385837
69199415
68872654
67682918
70291946
74968824
77560256
71991293
77146231
75384282
72795609
76615563
71831037
91010032
78358287
64805205
68318274
70700363
83189922
72338939
70847476
67788519
64472172
72171443
67899427
67391330
80018706
71907450
73526635
70364226
67683573
72311851
77638226
73918243
72313635
75144094
79534982
74055669
70996978
68013047
72798092
72586416
65691992
76030860
69405186
74627106
68887676
74473995
69353050
74392005
79001375
67567553
76418680
67937301
67286942
70159479
73405138
76610520
70547498
67135402
75306586
73719428
69941704
72307453
72101106
69819782
73113689
69080591
83088784
72791739
73606959
74551033
74976510
74194812
77616708
68787053
66400661
75132012
67015916
67744659
72115909
69055327
71977537
73118235
71980818
73935732
76321931
72619460
85798921
78821042
73005485
72845832
67094462
69863290
74245995
77675158
77922312
69042940
67801903
65469906
66600767
69830513
71111933
74566750
70167004
84238762
72165380
70766534
77576787
72577508
73154251
76154901
85869250
68985104
69732691
74721143
71761379
74741682
72311167
67606057
77520517
68247150
74572971
67122983
79050443
71320325
68615795
79090094
70528092
77762544
71733555
72269395
79580947
66850955
66732914
69094332
67625615
63882131
73921381
63626805
72083199
71753729
68601896
64181152
75103729
74261824
74762606
72440781
74197464
67176836
72630826
81428658
72409072
68670906
68096073
67262208
76782251
74963377
84143683
73119667
86728761
71078592
76977561
70316250
70519569
75750015
66337415
73478836
69864823
68199704
68366335
69241395
75516102
84606771
76236271
66916515
71443618
68024230
73304842
74625679
71178533
71528155
73005364
65527225
74822068
79207074
92497887
79920574
67852176
65489141
65829736
68916883
78104273
70011523
70213006
74989829
66457172
68465846
67300678
83874102
65596772
72805603
68424930
69563524
75299251
74506756
79764770
73164343
69240416
69854361
72451188
83275893
78347172
79825834
64512215
67062736
69227470
73393706
71154635
63025618
74476112
73900107
71141868
75128197
73103767
73342043
75482480
73559336
67266187
77816977
78684665
78181287
71372419
76181534
79685944
76587654
68930781
74594452
73253476
73076458
76952703
79431854
72268824
82580960
67726732
75082350
80767717
67969183
73490215
72361653
69493935
66925451
74201564
68737614
80657984
81026100
67736643
67790851
67004317
67677014
76861052
68939859
73940991
70512947
75107255
70052527
71525843
75954805
72244042
76155464
69089458
68440668
74894833
73149491
75504590
74943802
67679297
76342895
64094759
79194770
76246470
67520885
68900356
66500909
78548589
69777295
66647365
76470672
65249359
76090418
79810732
66045754
69411329
67643512
72259752
68348652
68710618
69396027
65520541
66945605
74945995
66762627
69112766
68314610
80273388
64099749
72373433
70195254
73524495
71338475
79443443
80409364
71090200
70205850
70402770
69254545
72153073
73615220
76603506
87239176
67798650
74907139
75855971
73253494
79374054
72362727
69929537
69053227
70449622
73393796
69955507
67268443
80217743
68814744
82541980
70044455
72105174
69574271
69666604
75878612
69414870
70055053
73007642
72378311
72375500
81112511
67645621
77284469
69395295
84261289
70605378
80315416
70055335
79210127
81916060
78898100
76411881
75236027
71345384
70522090
74898861
76395453
68264352
74325427
72361355
72875883
81015412
74531357
65192603
66684000
65183663
70510770
71973813
69795060
70241216
74580327
74968878
69250225
69910215
73107639
78265219
82655909
68813973
81927300
70933328
82650313
72718649
71490644
72248410
77472012
69455425
73372678
83396175
69866427
68570198
73605255
74268746
72729011
80830118
71683930
67013719
70139302
67367104
72666665
76317253
75302249
68022095
71629039
75502797
88919241
69993470
74281559
70463730
82630611
66510125
74299818
71278972
69984665
69183568
73186380
76902474
72544712
72865949
68667281
72702939
70983829
77094762
73128760
76456255
74963228
68828137
68750820
75739968
67804814
74720162
71270573
80879268
75824054
70708843
66197176
78232832
67367746
71357899
70187637
71321702
68458903
66595039
70788125
75341127
69117274
74429075
75233937
67407782
73829223
80992154
70536987
68296817
72660009
75280279
72619247
65684009
76753886
69810984
80177574
70579138
88564636
67519486
68078294
69101848
65771828
76716852
66416383
76573518
68487328
67987202
70717818
70606778
69815588
68978996
71494108
62256639
71524155
65795964
66353977
70707945
65904396
71141546
66861339
68418443
70620802
66510800
66730562
67625869
72452520
72137551
69967309
70305170
71849345
71801394
72491481
67171420
72761975
65537585
74896171
72933179
74231639
70775860
73881269
70906192
74320179
67312017
83150859
77727464
67629221
65258499
67860961
73799437
72141818
70079331
79032023
71833885
72778631
66483950
74491752
64772883
63646743
76973616
70325274
69554349
71369640
72698725
68641620
73666789
73502749
69256711
65602255
71562464
66894738
82017538
68607947
69206594
65447541
73314791
67167983
70206601
71203708
75600784
72616615
75123166
76846081
68553151
64225577
67705873
72247467
69395099
73401631
77604208
69676131
69687716
68291598
71987737
69596826
65669394
71421894
71583575
73838939
81718043
68074728
71467735
65014935
71021714
72206405
67033345
69315399
64690283
64097244
77542067
73640396
74018792
77525134
72980376
66782755
66938699
76303568
73402230
70666626
72891062
65108909
75261043
78217899
67100037
78913905
74216401
70490353
68667096
72646565
69367162
78475187
69983595
68247956
69791077
64676007
70811103
81242039
81538682
71665090
63826895
66796829
82145689
68131366
75611370
74828980
64896342
67723255
65982430
77432405
75758545
68511616
73249061
71219817
70150545
76696573
75622256
78604029
67249131
84099676
68252106
68634458
79874890
78851940
71585189
67867746
73145719
74204362
69632755
68265917
70523209
68318128
70090441
66941653
74547351
92318077
68132651
80492396
75081768
76262679
86726959
74045936
66921142
86278074
67719073
65081563
69710134
68958991
74134754
70917226
69370833
68943154
74177463
75870309
75441805
70415571
71290625
76145567
71460815
76409801
79604402
70607931
75908225
72119018
74539151
70363947
76513750
73420760
68616551
80487907
75214746
67570400
73682508
82562329
74903047
73512273
68055055
72133044
80037390
73897175
73661184
77418251
70617271
76421212
74376339
77006342
64895852
72846444
76994831
66615638
73107807
68517234
71954681
68592761
65258397
73397452
71850351
73601266
71514540
72496587
73000010
81098809
70015139
72881800
74529276
75766572
78445954
77130280
67124068
67216240
83451911
76994070
73400702
77802462
66467292
77990103
72963930
71488592
74871397
71014617
78500290
72029585
69628025
68959257
77669211
73224714
67561148
72955480
66952339
91804636
71706661
70758697
67793476
66806192
79738641
76871382
66216324
71795695
74284830
68158571
68993173
75942666
80657334
70473051
69736391
73685971
69767825
69622738
75623800
69857309
65718528
70732665
75962299
69310355
67881136
69127985
74602485
68564822
79078881
68642313
68864063
74739520
79358533
66796423
74177625
71644182
68983443
80700030
74112535
72339221
68644228
73101999
71157722
74532885
85688812
77319067
69268423
73025855
71706816
73856149
70874182
67812924
75926359
66400317
73879597
74177484
71411524
82632377
67126264
81030464
74151805
73231682
71990667
69055412
74307274
66852338
76218628
68174125
85677192
71545523
71697789
94116687
83846889
67834663
68325815
71263269
68501248
69314684
70057949
77288145
78471645
74505617
75884331
73438444
72952552
72134914
66568051
65947396
78485749
75643209
66862435
75426096
66052756
68156442
70190212
93039557
77243575
73028172
71452045
70158897
70260464
74859019
73398369
72942564
66827097
72168485
65033221
74985369
68439587
74345341
73337445
73923029
68216524
68843029
78396890
68885290
85208492
79526787
77597045
70894147
73413284
66071034
72238650
79314390
70196372
66627879
74619437
73599150
66272280
70562239
73997937
85380032
72399772
70546307
70681729
64558822
65649691
70563582
67355799
68442791
73534191
71665406
70053083
78950503
68076884
68869333
71186553
78176869
66868702
70855693
71719079
92664322
76216583
75629391
71719008
71649572
73876544
74142660
72899390
71024513
69120307
64230487
75667001
77094705
70586047
68755528
75420568
70512332
71860192
93156798
69507163
76347421
71184477
66794062
69389700
67475022
75850258
81617848
77180617
71990692
65921569
77834418
67398227
70633004
69204724
64676529
69996188
70600296
79027773
81390845
80545789
71437264
69692769
75670448
71800107
69390341
77860213
70837474
73603755
70534431
66022264
66679910
73435010
71003960
74280122
65042610
71017585
94954709
72953165
84146035
80429285
70706040
71624262
70392560
67587562
76518898
68024736
88408000
70197966
71975236
71925693
74326461
71560466
70585921
74385786
71939256
76480173
77885180
70002829
70207170
77703733
70348540
72344414
67574927
73948273
74466103
69725271
67685051
72926850
78060645
73923958
69180851
78718222
70907697
69822620
74740820
70505749
72688225
72660279
70419603
70401706
72912234
68020150
89638972
71487196
65858810
75807559
69713691
74198858
71024966
71769410
72259035
75046873
75066243
70736789
74521715
71071507
75900548
68411939
70141864
73068862
64717301
77260157
69507854
66643757
80605069
82349851
80030021
70400775
76225789
72971658
71826264
68379909
68674830
69579838
66567745
67596830
68606816
67763809
69778933
73506719
70423663
77777777
72054464
70626776
65811748
71287720
72335703
68851420
74428770
68594988
70467185
69372557
71369963
66467782
69300612
72493084
84931837
76664348
71498842
77106487
71712531
71546481
67977731
68696264
69017383
74115098
71708373
74402489
81465608
77885323
72143344
74180658
66919665
77995618
74303783
83223748
76237728
69782638
67525536
73306777
69544058
83418930
67705996
70239278
63644509
70841225
64171814
71578821
73143510
69032789
68783453
68913440
73406522
82841970
67294573
71442214
75485106
72005174
69043517
78596390
69133616
71366870
69444286
73974551
70763082
67652132
66304171
71522609
70640588
73521956
72791612
66597006
70148612
70629369
72262524
77893901
78087072
70821834
71741549
68720154
75255301
72629361
72902917
66134300
74599352
67922091
78087125
68478733
68236920
74045837
74843456
66075023
68174900
70738012
80679567
66620057
71854869
73915591
72632359
72699966
65153552
69446367
69513565
71078160
69127015
70254130
66829269
76685644
75741130
71694676
69405850
72753972
69462722
76825113
71268061
67283970
67437946
67634139
73160725
75774517
71001959
69657930
70215965
65438587
68083542
70311385
90648970
69978867
79658459
75463378
75748655
76819092
79636726
70240003
72136672
67053209
65041480
73836515
68565228
67623452
85344785
69582015
74895998
71845810
74434237
70180443
71208146
67571555
72562676
65807677
69044374
73091111
74187205
68933856
76326793
69451400
69944778
71995961
67161299
74826091
71960801
70448485
68100960
72633482
66698823
73510541
74534039
73932780
69534557
76245163
84678532
76803968
68818298
73846409
76663928
67893794
79558955
88281957
80583859
91057135
70474776
73776638
70080413
68901704
79265229
78633077
76555990
67196259
76846088
72465007
79754894
67675428
70346734
69411450
66355509
68985688
70785113
72248340
77939643
69317136
77446046
65997533
72149949
64150592
73580499
69291887
66406325
66124876
73588557
71528443
68231110
78826882
73865535
77585117
78831759
71417955
74225727
75010073
70634323
71110663
67795248
71684069
70585201
70805120
66910204
82060172
66647121
74609154
70569144
77802163
71729305
68974395
69160527
80678421
73216087
67852743
69178373
66616259
71144614
74580306
71637749
75624335
67247008
72489334
77497022
70799111
65304970
72695202
71166400
68267170
71241316
68606343
89155033
68113780
76273124
80425492
70880564
69210311
66815658
71543305
70741639
69880818
70093038
65628933
70580853
72589045
75345052
68133530
65774008
71341817
79206480
70305723
80137085
74373741
68673681
67255590
74657209
72597081
79745227
73554922
72462714
70634637
80799128
73995217
68841602
68678689
69168840
68598199
75527131
66706292
70268523
72118462
87287005
73625577
68286694
72694635
68578072
67703137
77518137
74448903
78076364
66740486
78970265
70041989
78210812
71810933
73638748
74423800
66594151
70377710
73048177
70884847
71042688
72018786
73808095
69936881
67318136
67814772
65509600
79351766
67467481
87573312
73448227
78417415
67350632
73514318
70971952
72892547
70788340
66876351
66461317
70934064
76109238
78778410
68991606
66288669
78539185
102241246
68890226
72529226
67243238
75285508
68351886
74355575
69000921
77881657
69074316
67941830
72460619
68950624
74948729
73926308
81891176
69369499
88240804
67621280
76379236
84915845
79658121
72098148
75805178
79750424
68145407
80882545
67774164
69563957
77705441
78530175
80775929
69822066
67988999
68803253
71345222
70801077
75307874
79103203
72466247
71924661
70079518
78853709
65144922
65113492
70523896
76361689
75652780
75359048
75979936
74154674
74480732
68418480
68355183
76997498
83991238
69323878
76167846
67994457
69131065
63887507
73718503
70924990
71009526
71690000
70159122
67523513
71976203
69478822
69341705
84933787
74952108
70500224
66615361
70378070
67523472
69666611
69352716
71994723
78174054
73018179
73903466
71322202
73159334
73470703
72876856
71684180
70869939
67658393
68896387
61808168
72343096
70504446
69789261
69985912
70130238
69506080
78741737
76013815
67211645
70051520
78602792
66253639
71210127
73160283
73247349
67025398
67876434
74588040
67578616
67660778
72931077
69775937
71855536
71540467
67952522
75310929
64870972
74168287
73506204
73172306
69088337
66803239
68032250
75288607
69154246
65660861
84126713
69507724
72272206
73447513
82882327
75920703
67565345
67685677
67088789
68794435
69136117
68549002
69661451
72039891
73243925
74568039
77702977
75580465
70393551
72400205
72656366
83951426
78747663
65342695
67496889
70477255
77940448
73210478
67270585
91412216
75644377
69137742
77508415
69820767
74207460
72624885
71320795
68978924
68945925
75096019
67184144
68580048
71591554
76959747
71605796
68451145
71587195
80289218
69618251
80953122
66017760
67521603
68827828
68538750
71664537
68737895
71421675
74262226
83074295
73899555
70242957
72443808
73390355
74625798
79639853
72102729
69903400
78243683
67270771
67085055
67885238
67436664
69994373
66347693
69010421
63637547
71248937
72766839
70328966
68997992
67962580
67171109
74205758
72185277
69344517
73784934
75298399
69279162
72702679
66733752
69955596
70439769
75553296
71927779
69463915
76049974
66988603
67282219
77649510
72587964
73423375
76216421
69235784
71012267
75940114
82684483
67751278
77212849
69715171
73146363
66822589
72009097
67818309
72461054
73518557
72556054
73493426
66079745
67494263
82713429
74757564
87251993
65966303
73691780
72865754
64393617
78551925
72097681
72530004
75808708
68348843
64434180
73913676
74440886
73098912
75806004
75080508
70544961
67136415
71483420
65359226
69675181
74368906
76329315
68409435
72815213
82711805
72308705
70600507
71080098
69144226
69515636
74076564
68277867
76126795
69012951
69084132
69265385
66821336
71793018
75458746
66534381
70840451
71320012
69210729
78912751
67772529
76650575
67327668
76949884
69157449
71464574
68425291
73601246
64816245
75037349
76956025
70798812
72520065
68702811
72977053
70906998
65384835
74192318
72779629
74061971
73152575
70007524
73608097
77721512
72654420
78806459
78528291
71728792
77702568
78832682
68448011
78279713
71516023
74053303
72368661
69530589
64524689
67879178
70888344
74658542
68253990
74907730
64735247
72635410
66578413
81814627
78027353
68305797
63262243
71742026
76095505
72665419
78492290
67718794
65588782
67907299
69228426
70460623
82275141
71126707
71258824
73512291
78776468
72253617
78475049
77755542
71098790
75209929
83013153
69823811
67576546
71034475
68557104
83166301
67072815
69933694
71545002
80365910
74311446
81016323
72624680
77882941
72926491
73038603
76426422
73812129
85766791
69697707
72427075
75133763
67071516
69862278
65391869
70383788
75950086
73878110
68741467
73790131
67613308
70277115
74536652
68246874
72922403
72703623
80589100
73296111
78487614
71320989
79679036
70632157
76162450
69369431
67265416
69966084
76020987
76277242
71363739
77291640
71425313
74626533
80503819
70156775
69901584
73521660
68380314
73927398
69830318
72828451
