48
47
50
54
48
50
53
52
52
55
54
48
48
50
53
53
53
53
57
49
55
51
52
56
51
51
53
49
51
49
52
55
51
55
51
51
53
51
50
49
55
53
57
51
52
52
54
53
48
53
56
51
52
59
53
54
50
53
48
54
53
57
55
56
55
59
56
51
49
55
51
56
53
57
48
55
49
57
50
56
55
55
54
53
53
49
45
54
54
58
54
54
56
48
51
55
54
52
53
58
53
51
47
54
58
56
54
53
50
54
52
53
52
51
48
50
58
51
47
53
54
53
49
55
57
54
49
54
55
50
52
51
51
53
53
50
51
53
50
56
49
52
49
55
54
49
48
48
54
55
56
51
55
56
47
55
51
55
56
50
52
54
52
51
51
58
49
46
59
53
56
47
53
54
53
48
48
53
50
56
49
55
55
53
53
49
48
53
51
51
51
55
46
58
50
54
49
54
52
54
53
52
50
51
51
54
55
54
51
50
61
52
59
57
55
55
56
52
54
54
54
55
53
52
49
55
51
54
53
47
52
51
54
50
49
54
50
52
46
46
50
46
53
54
58
51
51
54
50
55
54
50
52
56
53
55
51
47
57
50
54
53
54
52
50
54
51
57
52
50
58
54
57
50
58
46
58
48
51
51
54
55
57
51
50
48
50
58
53
56
54
55
48
52
50
51
56
55
48
53
55
48
49
53
54
48
43
54
55
51
53
45
51
51
53
51
46
55
55
56
54
47
54
57
53
47
53
53
54
55
52
51
58
52
51
51
50
56
49
56
56
50
52
57
58
49
51
51
58
62
52
49
48
45
53
54
59
55
51
51
57
56
52
47
54
51
56
58
54
53
50
53
50
57
47
60
51
55
54
53
48
50
50
54
49
53
61
53
50
50
56
51
53
52
55
54
49
52
58
54
55
53
53
53
52
54
57
47
57
53
50
52
56
50
51
49
50
52
54
56
51
49
53
53
50
54
55
51
50
51
51
46
55
58
53
54
50
47
54
53
53
56
58
53
56
53
47
45
57
51
48
53
55
54
50
50
50
56
51
52
50
54
55
51
48
56
53
46
52
58
50
53
51
52
50
50
48
55
47
51
55
48
53
45
58
49
51
51
48
50
47
50
53
51
54
48
55
57
55
56
57
57
59
53
51
51
52
55
49
55
52
48
51
47
51
55
51
49
56
55
55
54
53
54
56
49
55
48
56
51
56
55
50
59
53
55
50
55
50
51
53
56
56
57
51
57
53
50
54
53
52
53
50
51
51
55
55
51
56
53
60
57
59
49
53
53
53
55
48
49
53
51
59
52
47
53
53
53
52
55
57
50
59
52
56
53
56
55
58
57
53
51
52
49
49
51
48
54
54
53
58
50
47
52
51
52
52
49
55
51
50
52
50
49
52
51
47
55
56
55
53
49
56
50
47
54
57
50
56
54
52
52
54
53
55
50
50
48
47
55
42
59
50
50
58
53
50
55
49
48
54
49
49
56
49
54
56
48
50
49
51
51
50
50
52
51
55
60
50
58
47
52
48
52
53
49
58
52
49
52
51
53
59
54
55
49
52
49
59
51
58
54
55
50
47
53
55
46
60
55
52
53
56
50
52
51
54
58
52
50
49
53
51
49
50
46
55
58
51
53
54
47
58
54
55
52
54
52
52
51
53
52
56
52
55
50
50
54
52
51
51
52
52
56
52
50
56
49
54
58
53
54
51
50
56
55
50
53
57
54
50
52
54
54
50
54
49
56
54
49
57
57
50
51
46
51
50
50
57
55
53
56
53
54
47
51
49
56
52
54
50
53
49
56
45
52
56
54
52
55
56
56
46
59
56
60
50
45
54
53
52
53
52
51
60
54
52
53
53
54
53
52
51
49
52
53
56
52
54
48
51
51
53
56
55
51
46
50
50
59
56
54
47
59
51
49
56
51
48
53
54
55
52
55
53
55
54
55
49
54
52
57
53
57
49
52
51
58
51
51
47
51
53
58
47
52
54
54
54
56
53
55
54
55
51
55
51
51
55
54
61
52
50
54
54
53
55
54
51
52
58
55
54
51
52
51
53
54
54
61
51
53
49
49
51
52
53
54
44
49
52
54
55
52
50
54
50
49
53
56
57
54
52
51
54
47
57
52
55
57
49
48
56
50
53
57
59
52
56
53
50
51
51
53
51
53
53
43
48
54
48
56
50
53
51
57
51
55
59
51
53
52
55
53
48
52
53
57
51
52
50
56
48
54
52
55
56
51
54
50
52
55
51
54
52
46
45
51
47
50
