71
72
73
68
74
70
69
78
76
71
63
74
73
72
74
73
76
75
68
70
68
72
71
72
73
78
76
72
65
74
73
70
74
72
68
74
69
72
70
70
73
68
73
70
73
71
71
70
72
67
72
71
75
70
69
72
69
70
70
65
70
67
71
69
71
68
79
72
73
72
70
67
72
73
67
69
68
64
66
70
67
66
78
73
71
70
73
74
74
75
71
69
70
71
74
74
73
67
68
75
73
74
69
74
72
69
74
68
69
72
68
69
74
70
71
71
71
64
76
72
67
68
71
76
72
69
71
70
73
72
76
74
72
71
72
66
80
73
73
76
75
68
70
73
76
69
73
75
75
73
70
70
67
75
73
71
78
71
76
75
70
75
76
64
72
69
73
72
71
72
69
75
73
69
72
75
73
73
68
73
73
71
75
74
79
74
71
73
72
74
68
75
75
69
70
71
68
67
74
71
66
66
73
75
69
77
71
69
70
70
77
69
68
71
71
72
72
70
65
73
68
67
80
71
70
71
70
75
70
68
77
67
69
74
71
68
71
75
76
71
69
70
78
69
70
74
68
75
70
75
66
74
72
74
73
72
71
70
71
71
75
76
74
67
70
70
72
68
76
77
73
67
76
71
74
68
69
65
74
71
70
79
70
70
73
74
70
68
72
76
73
68
74
71
73
73
65
69
72
74
70
77
69
66
68
72
69
73
74
72
67
74
78
69
74
71
75
71
66
75
69
73
75
67
70
72
77
71
66
70
74
69
78
66
68
66
72
69
78
73
68
75
76
74
66
73
73
69
81
72
70
72
77
75
74
74
71
69
72
75
70
68
76
73
69
75
73
69
77
69
70
74
68
73
68
70
70
67
70
74
73
71
78
77
69
73
73
76
68
75
71
73
74
74
67
78
72
74
75
72
72
75
69
71
78
73
64
74
73
71
74
72
69
79
74
67
68
70
71
71
74
69
71
70
74
69
73
71
70
74
75
74
71
69
74
72
68
73
75
69
71
70
73
68
78
73
72
67
71
72
73
69
68
74
74
70
70
74
73
76
75
70
69
70
71
71
75
70
68
71
71
73
64
71
73
72
67
71
77
74
71
72
73
71
74
72
74
70
74
69
71
69
78
70
69
73
69
72
64
72
72
69
76
76
72
70
70
69
74
70
67
71
71
74
70
76
75
74
72
72
72
76
76
67
71
71
65
65
70
74
70
72
76
68
74
67
71
77
75
75
70
71
74
68
70
70
72
69
73
70
73
72
69
70
71
72
72
70
73
68
71
74
74
68
74
74
72
71
70
77
73
78
74
70
74
69
73
72
69
67
69
72
71
70
70
68
70
71
67
70
70
80
73
67
68
74
72
69
72
69
70
68
71
74
72
73
68
72
74
64
74
75
69
77
70
71
67
73
74
70
74
68
73
74
73
67
66
70
78
74
73
65
72
74
73
75
69
72
70
68
66
63
71
66
74
68
68
71
73
74
76
73
72
73
69
73
76
68
70
69
72
67
69
74
67
72
69
75
75
74
73
72
76
69
70
70
76
74
72
71
74
72
73
73
70
70
71
73
73
71
73
70
73
74
69
73
76
71
71
70
76
72
71
72
68
69
69
66
78
68
72
76
75
72
64
70
74
70
74
73
66
77
72
70
75
67
75
76
67
71
72
67
71
69
72
78
67
69
70
69
78
69
70
72
70
75
78
72
70
72
70
71
70
71
71
72
73
69
70
67
66
67
73
69
74
70
76
73
68
75
74
73
73
69
74
76
70
73
75
72
70
74
73
74
69
70
69
73
74
72
67
74
79
68
71
74
69
66
75
73
70
75
77
70
68
72
74
72
73
68
69
69
72
76
73
72
73
77
69
71
75
67
78
74
76
68
71
73
74
71
74
66
71
72
70
70
67
67
70
75
71
75
66
74
65
71
69
71
75
65
70
72
69
69
73
72
83
66
68
74
73
67
72
69
67
77
68
67
74
74
70
72
74
72
72
75
74
72
72
69
69
74
76
74
73
69
73
71
69
67
76
74
74
73
75
72
74
72
68
67
75
71
72
71
67
66
69
72
71
79
73
69
66
70
70
71
70
75
65
74
73
67
73
73
75
76
75
72
77
72
70
70
74
70
69
73
66
75
71
72
68
73
77
69
67
74
75
70
69
72
68
71
75
66
70
73
73
71
73
78
72
73
72
72
69
70
77
75
70
69
69
68
72
72
71
70
75
69
67
75
80
74
68
67
70
70
66
66
71
71
73
73
73
66
73
72
70
72
72
73
