35
37
32
30
31
27
36
32
33
35
38
38
40
37
34
32
38
36
37
33
34
33
34
37
32
34
34
30
38
38
37
38
35
40
38
38
34
38
33
35
36
30
33
37
34
36
32
33
37
36
35
31
32
36
33
31
32
32
36
32
31
30
37
36
29
35
35
37
36
33
33
33
36
31
37
32
33
37
34
30
31
35
36
25
31
35
31
41
33
33
31
33
36
32
29
37
35
29
29
35
36
32
31
36
40
36
33
33
29
34
35
34
31
36
39
36
37
39
38
36
39
35
34
33
33
30
33
33
29
35
35
34
34
37
30
36
33
26
38
30
35
37
35
28
31
34
37
33
29
28
31
34
30
32
29
34
37
38
34
37
33
35
32
35
36
34
38
36
38
34
34
40
33
32
31
29
41
31
29
34
39
37
34
40
34
36
39
38
36
35
30
27
34
33
36
33
32
38
35
31
37
34
33
36
34
37
38
31
31
38
36
30
41
37
35
36
32
38
34
38
38
37
34
33
33
34
37
29
38
31
33
34
36
36
36
34
34
36
28
35
35
31
37
34
33
31
35
34
35
33
36
32
40
35
30
38
39
31
39
34
32
32
33
32
35
30
35
33
30
33
29
34
34
29
36
29
35
33
34
35
35
35
35
28
35
33
28
34
33
37
33
31
32
31
27
32
36
33
30
35
32
36
32
34
32
35
31
36
37
34
39
34
30
36
38
36
39
36
37
39
27
36
36
36
34
31
35
35
41
33
35
29
34
31
32
37
36
37
36
36
38
30
37
30
36
32
31
35
34
32
38
30
33
40
36
31
35
34
32
33
36
29
35
31
35
35
30
31
34
37
35
30
32
33
38
32
34
32
31
35
35
36
32
37
35
32
39
36
32
34
29
34
31
34
36
38
37
31
30
32
40
37
33
33
35
24
41
34
40
34
35
37
37
38
36
34
33
33
37
34
36
37
35
35
33
34
38
28
34
26
34
36
31
41
38
28
36
32
35
29
35
35
31
36
35
33
30
34
31
34
38
38
32
30
38
33
35
37
37
38
34
38
36
29
33
35
36
36
34
34
38
35
38
27
39
36
36
32
28
34
34
30
37
37
35
33
34
38
36
35
34
25
36
31
33
29
34
44
38
35
42
42
31
31
36
35
29
31
34
33
38
39
31
33
32
32
33
37
32
41
30
29
33
39
33
28
35
37
36
27
35
36
33
32
36
38
28
40
33
33
35
30
36
32
34
32
36
32
37
34
34
36
32
34
35
33
38
37
32
31
30
36
35
35
35
36
36
33
33
39
32
30
41
32
31
33
34
27
34
37
32
36
38
37
35
35
31
33
37
29
33
30
32
28
35
31
35
37
32
35
33
39
34
27
36
35
36
35
32
31
36
39
35
36
34
32
36
32
34
33
34
33
31
34
35
35
41
36
32
32
38
34
33
35
30
31
34
37
36
36
29
29
37
32
30
41
34
35
32
33
33
33
38
32
31
34
37
33
35
32
29
34
37
30
34
34
29
31
30
34
32
33
38
33
36
37
39
31
34
40
26
33
31
35
36
33
35
28
36
34
34
34
35
33
39
38
34
31
34
37
35
36
36
31
31
30
35
36
35
34
34
32
33
33
30
39
31
32
33
34
36
36
34
31
36
36
33
35
34
36
31
34
38
33
34
38
32
38
33
37
36
36
33
35
33
34
34
36
35
35
36
36
35
34
38
32
32
38
35
34
33
35
33
38
34
34
33
26
36
37
32
32
35
35
30
34
28
33
38
38
34
34
33
37
33
30
36
31
39
33
32
39
32
29
33
36
33
33
36
33
29
34
34
36
37
35
36
36
31
36
32
34
32
35
36
40
32
32
29
33
34
34
32
31
37
35
37
35
30
35
36
39
40
30
35
35
32
38
37
33
34
35
31
30
34
31
35
38
41
37
30
30
38
34
30
29
37
36
35
35
32
31
36
36
39
34
28
34
32
28
33
34
35
35
35
39
27
33
32
38
33
30
33
36
32
32
35
31
30
35
33
32
33
35
41
36
32
35
36
33
36
38
33
39
32
36
39
38
36
35
34
30
27
30
36
36
36
37
36
40
32
33
34
37
35
31
35
38
38
38
36
35
36
35
34
34
36
34
28
37
31
30
34
37
30
30
34
31
39
38
36
36
32
33
32
31
36
33
34
30
34
32
28
43
28
39
36
31
34
35
32
35
39
36
35
33
37
36
30
32
39
33
32
33
31
34
37
28
33
33
32
36
37
31
37
37
34
36
35
36
