66
69
74
67
68
66
69
69
71
77
66
69
63
71
71
70
66
69
67
72
75
71
73
69
73
72
72
72
68
73
67
69
65
71
74
66
67
64
68
74
70
72
71
69
72
78
67
72
64
75
63
66
67
68
71
66
73
67
72
70
71
69
71
70
63
71
69
67
71
73
66
67
66
69
67
70
69
69
72
72
67
68
67
67
65
70
65
69
69
71
68
68
73
68
70
62
70
77
73
66
69
72
64
69
71
72
72
65
69
66
64
69
69
67
69
67
73
65
74
70
66
67
73
67
73
71
69
71
73
71
68
65
68
66
68
67
71
68
66
70
68
64
64
70
69
68
70
72
64
71
67
73
72
68
66
69
70
72
70
67
70
69
75
70
64
70
67
72
73
72
67
73
65
60
71
67
72
67
69
67
68
69
67
69
66
66
68
68
66
64
64
70
75
68
73
71
68
66
69
72
73
68
67
69
65
71
68
69
73
73
73
70
72
73
69
69
68
68
71
64
70
65
73
72
69
69
68
71
70
68
75
68
75
74
67
71
69
68
70
68
73
68
67
73
66
69
72
68
68
69
71
67
69
71
63
71
67
69
68
67
69
66
62
66
69
69
71
67
70
68
74
70
66
63
71
68
70
70
68
66
70
67
70
66
67
69
63
66
69
71
69
67
71
67
68
70
68
66
67
69
67
67
67
70
67
73
59
70
72
70
68
73
70
68
65
73
67
73
70
75
68
72
67
64
70
68
68
67
67
67
71
71
69
68
71
66
68
70
68
68
73
70
65
73
66
73
70
71
61
73
73
70
72
71
72
66
69
72
68
61
68
69
68
68
71
69
68
64
64
68
69
72
72
67
68
71
67
66
67
71
68
60
66
69
68
73
68
72
65
65
70
66
66
70
72
66
66
66
66
70
65
72
68
67
73
74
69
71
75
65
74
69
69
71
67
63
68
76
72
71
65
73
69
69
69
70
68
69
71
72
72
69
64
74
72
67
68
65
70
73
71
73
71
72
72
70
72
71
72
72
69
69
69
66
68
76
72
70
74
68
65
73
68
64
71
66
66
68
66
70
73
72
72
71
66
65
61
68
67
69
65
69
76
66
73
69
72
65
71
63
70
66
65
70
68
71
69
75
68
70
69
71
67
71
68
69
69
67
70
64
71
69
72
64
70
64
71
64
71
70
72
70
74
75
68
66
69
72
68
73
72
67
67
66
65
74
67
66
68
71
72
73
68
67
66
68
65
70
71
63
67
69
68
66
70
71
68
70
66
67
73
73
67
71
70
70
71
69
70
70
70
71
70
72
68
67
74
68
69
73
68
69
70
68
74
67
64
68
73
72
68
68
71
66
69
69
69
68
68
68
65
66
71
67
64
70
65
67
68
66
70
68
71
70
69
66
70
71
75
68
70
70
69
75
65
63
70
69
67
69
68
72
68
65
72
70
69
68
65
69
71
69
68
66
67
70
71
72
61
71
69
70
64
69
70
65
70
69
74
67
67
70
70
73
72
73
65
72
61
70
65
69
65
72
72
69
76
73
66
73
66
71
71
69
70
66
66
70
73
69
76
67
71
64
68
68
66
67
72
69
65
71
71
68
67
63
71
71
66
66
68
74
68
68
70
66
70
67
70
67
69
66
67
67
68
67
71
68
70
71
69
69
67
70
69
64
64
69
66
68
69
71
69
70
65
67
66
65
70
73
68
70
65
70
69
69
71
71
70
71
64
71
69
68
69
68
69
73
66
70
69
66
74
68
71
68
66
71
66
64
71
69
68
71
66
69
67
69
75
62
69
69
72
70
69
69
69
69
69
70
66
70
69
74
73
69
70
68
71
67
71
75
62
70
68
67
69
65
65
69
70
63
69
69
70
67
72
74
70
66
69
65
69
74
66
72
68
72
71
71
76
68
71
67
69
70
74
68
72
72
75
69
73
67
71
66
72
69
71
67
69
67
68
73
74
70
71
67
71
71
73
70
66
67
71
67
69
66
67
73
70
73
64
65
72
70
67
67
67
69
71
66
62
63
72
69
64
72
66
64
67
68
64
71
71
68
66
67
67
70
68
70
62
69
71
73
68
69
66
72
65
70
69
63
66
65
63
73
67
69
75
70
68
70
66
74
69
72
71
71
66
68
70
63
72
65
66
66
70
72
69
71
69
69
70
70
65
63
73
71
71
69
68
66
69
77
69
69
68
73
65
67
65
74
70
77
69
66
65
72
66
77
70
73
70
68
70
67
74
65
71
70
69
63
67
69
66
68
64
66
