2
2
2
2
26
35
43
49
66
58
95
2
79
113
172
111
165
116
127
2
99
137
139
2
62
142
138
158
70
178
101
155
194
78
57
213
219
215
225
40
243
120
245
58
23
244
173
93
131
169
295
321
326
328
317
326
152
71
324
456
346
29
74
313
169
125
2
222
136
45
76
371
343
292
150
282
87
2
216
451
59
82
2
462
188
355
89
145
156
2
122
156
188
239
63
221
197
206
229
76
104
333
423
62
580
2
127
467
59
95
44
208
292
320
197
113
471
125
178
108
55
427
63
482
286
194
65
2
106
100
430
172
22
106
2
429
59
107
65
71
291
2
300
45
46
713
265
149
213
158
219
156
206
53
127
50
37
234
587
128
102
308
130
91
40
107
105
16
501
2
235
346
87
203
65
2
144
310
3
420
37
2
267
425
229
202
201
225
47
495
103
151
104
159
2
112
945
436
220
55
123
42
34
359
289
2
5
2
34
40
484
107
90
308
235
383
367
126
209
164
241
304
165
46
39
46
231
206
2
376
68
41
180
2
64
23
47
217
375
256
244
45
225
178
436
18
311
413
332
538
122
2
263
304
59
389
166
972
50
360
2
182
179
184
481
482
360
348
62
406
151
74
145
278
59
213
258
170
45
58
260
41
119
2
713
744
169
52
102
250
229
602
127
200
440
58
128
2
244
450
376
223
2
419
178
81
48
517
112
90
392
152
47
84
225
121
927
552
68
419
274
59
121
148
600
358
4
169
483
122
52
349
308
325
99
267
542
139
147
152
434
79
64
249
101
413
308
2
1438
243
25
260
65
70
116
164
34
457
64
2
2
47
369
206
3
148
354
186
557
304
458
204
512
484
18
31
76
40
179
2
2
148
274
308
172
490
233
132
243
46
84
176
18
2
330
411
498
309
520
235
124
111
104
133
312
334
207
2
101
32
137
463
221
403
74
105
282
548
470
406
148
92
49
385
244
386
2
43
227
92
277
201
56
50
608
307
61
179
156
116
46
388
418
159
261
2
211
331
249
408
49
95
132
112
54
140
82
157
424
134
176
27
66
244
352
208
267
542
52
2
318
173
88
1088
178
322
2
674
155
380
546
179
176
55
464
279
61
174
184
1006
290
173
158
439
205
108
64
139
186
264
268
148
246
369
74
178
626
242
232
221
80
321
125
207
43
2
688
715
695
38
231
40
489
63
151
273
132
204
185
102
383
280
56
212
446
302
353
153
20
210
564
449
110
2
39
2
2
34
50
506
584
548
119
397
65
524
167
60
214
377
607
2
471
302
208
133
296
311
225
191
231
176
256
128
60
736
263
129
296
226
280
434
143
180
2
148
295
977
427
387
231
51
469
186
493
74
402
46
130
767
60
115
785
198
504
238
491
419
526
267
2
602
367
44
292
26
2
83
488
78
418
529
213
186
387
265
281
929
457
118
166
732
339
318
120
2
585
52
132
25
52
261
699
26
2
269
117
464
2
2
2
887
137
213
2
2
37
2
379
310
226
125
64
95
487
113
2
335
2
233
122
273
354
306
629
208
210
20
366
171
416
221
266
627
2
314
160
421
2
377
168
200
149
102
745
282
31
2
133
334
2
153
461
56
621
648
435
753
2
133
89
401
112
71
165
104
34
2
607
2
44
40
547
453
104
154
2
218
302
244
434
118
2
234
456
543
9
69
297
84
317
327
145
175
208
47
200
2
66
45
45
266
118
2
117
101
292
663
209
125
313
155
250
437
215
140
31
113
153
278
150
79
2
330
1044
403
234
632
419
93
2
465
211
153
189
348
178
65
63
54
112
2
316
229
121
137
421
548
831
256
113
33
99
107
52
525
37
263
2
362
363
35
392
158
39
359
385
163
167
306
465
446
329
242
556
411
469
528
646
60
313
180
404
270
192
27
294
92
46
264
2
43
577
193
218
384
600
581
143
327
2
61
4
95
106
1012
62
504
351
2
325
167
2
119
343
258
298
344
257
28
2
575
10
732
122
432
2
496
516
183
132
2
252
555
445
101
92
79
309
610
410
273
177
2
52
267
207
21
69
2
72
75
1448
215
448
199
599
298
59
347
243
45
1312
334
190
293
285
164
2
130
125
234
66
484
208
114
61
50
517
47
196
677
41
145
137
240
380
249
334
124
144
358
31
60
265
2
113
487
2
647
462
153
735
311
270
326
22
276
371
281
328
37
132
790
936
414
151
37
34
576
2
2
169
343
221
260
338
118
63
2
230
652
107
238
39
100
872
481
47
39
609
334
306
320
695
672
198
446
170
258
94
389
284
160
162
34
268
113
556
163
164
454
402
243
256
425
561
100
699
317
652
79
609
484
742
237
703
740
236
351
255
145
185
278
102
263
38
505
172
301
87
328
182
56
288
277
361
578
63
129
32
42
60
138
335
95
294
246
217
2
86
356
119
436
249
390
156
1648
236
149
467
207
2
332
494
31
293
50
365
194
177
115
176
623
2
42
55
2
49
243
295
2
2
594
243
325
267
114
679
260
293
412
756
114
411
95
87
275
2
162
264
25
161
429
181
324
370
2
211
43
217
54
201
47
153
388
27
164
185
919
277
2
39
61
85
2
915
606
2
339
41
44
177
2
206
131
2
467
329
263
234
256
38
130
245
200
827
89
175
109
502
2
142
191
95
165
50
2
387
89
125
712
2
2
464
2
497
862
48
2
407
2
134
735
2
205
252
105
321
158
266
31
99
47
45
159
263
178
58
376
210
66
735
225
490
85
31
350
43
267
303
315
375
94
2
1147
308
543
2
521
58
360
910
58
648
39
743
79
726
212
48
21
505
134
54
2
223
14
625
114
367
208
311
125
153
62
109
360
134
20
73
2
28
360
205
46
182
384
254
55
17
336
408
49
314
2
466
112
97
246
43
527
701
484
2
2
41
199
34
233
2
178
2
151
199
2
286
137
83
43
296
180
978
358
421
78
209
289
2
21
157
158
202
147
326
232
374
111
459
49
213
137
297
139
375
1002
128
189
342
75
169
28
61
87
116
970
179
305
2
549
37
40
96
178
143
187
236
121
43
111
153
159
2
110
255
241
110
2
54
319
404
225
228
26
486
801
47
275
183
56
38
128
178
312
169
2
51
96
118
251
106
365
127
170
97
44
339
42
470
96
22
43
2
2
665
352
449
241
206
208
128
250
262
294
234
172
145
2
147
37
79
87
102
538
109
317
441
237
2
333
205
156
49
486
2
276
530
18
190
1020
330
361
494
65
252
256
68
246
289
200
479
156
659
260
626
84
483
256
105
462
234
314
305
97
158
362
497
2
1003
196
378
194
66
281
116
222
39
252
605
617
510
110
129
471
2
99
450
111
2
324
38
2
189
216
172
695
50
2
575
2
143
323
141
304
46
170
315
582
142
456
30
180
198
377
74
205
163
94
312
247
251
140
422
277
161
130
256
167
415
116
308
255
262
23
123
525
186
217
206
309
113
370
279
107
146
65
43
95
173
259
307
42
86
73
236
1110
292
102
193
431
856
498
105
289
34
51
41
378
413
347
424
156
479
4
2
2
159
64
384
62
200
291
2
111
402
2
2
129
158
170
124
369
296
58
306
2
693
456
34
2
505
1195
116
2
43
2
46
92
104
108
223
150
354
645
259
154
1749
251
353
340
49
358
134
183
290
353
152
551
273
229
81
144
514
258
31
43
222
231
310
234
309
955
425
159
578
212
88
216
355
734
2
2
504
432
352
130
2
296
309
496
239
341
553
179
920
27
57
304
319
36
85
360
1082
262
192
373
294
203
215
2
396
514
393
49
289
53
19
381
210
20
49
724
171
306
753
206
43
488
1729
559
237
2
37
652
103
143
2
174
54
53
2
105
704
4
63
223
504
461
44
85
158
36
543
101
213
108
19
131
89
96
371
178
471
286
123
145
221
39
684
37
140
141
2
376
228
145
60
918
472
342
148
90
339
323
154
2
276
66
135
373
2
214
261
62
331
466
90
123
403
175
132
419
147
1078
2
46
186
524
326
48
267
197
505
2
396
117
839
131
277
2
273
275
455
49
314
393
122
679
81
298
299
210
208
599
71
67
47
37
55
236
398
919
2
288
454
144
2
487
202
143
478
278
53
27
203
63
321
2
97
362
39
304
410
215
242
2
147
412
46
2
2
403
406
281
53
2
73
297
179
53
64
255
578
108
2
43
223
2
2
317
2
664
48
289
62
2
2
44
289
38
373
202
102
141
79
43
662
98
733
804
515
152
60
63
60
338
200
514
2
86
101
623
260
53
117
287
335
42
324
496
256
45
124
317
87
204
127
496
468
25
127
45
309
148
101
2
2
168
154
2
29
91
252
454
186
412
53
152
2
130
455
203
39
457
224
345
312
179
244
2
71
722
44
240
201
559
151
496
62
123
37
326
24
171
373
255
2
60
279
186
264
185
282
432
27
36
2
180
755
147
256
236
282
195
64
139
97
1027
1036
26
642
765
888
46
457
379
195
232
62
163
124
630
195
220
2
2
266
202
1087
637
62
2
763
99
572
206
195
628
254
114
2
143
147
289
151
218
257
143
683
32
156
64
64
63
2
369
234
238
835
651
77
13
151
509
242
317
365
62
184
22
295
249
88
359
305
46
37
350
117
111
307
51
319
22
40
140
37
289
187
187
384
471
42
671
155
79
211
1045
182
148
174
78
310
149
35
315
137
153
464
2
731
244
57
213
253
207
197
272
55
210
170
141
825
133
152
47
55
483
111
298
47
538
258
103
2
269
252
474
173
261
144
60
337
1036
127
2
205
39
276
32
142
38
586
116
318
163
876
429
2
90
213
145
2
2
286
190
577
237
511
52
389
237
2
234
243
2
103
220
176
265
82
2
189
453
235
190
275
328
190
294
318
469
2
328
44
61
193
311
157
337
160
2
69
78
29
118
208
241
149
834
486
55
209
199
78
290
159
484
530
195
18
2
123
143
246
129
690
337
67
233
210
87
107
388
232
575
185
362
295
24
430
391
148
145
124
151
2
67
834
429
2
58
155
266
1032
273
250
145
227
2
137
140
52
167
341
250
439
2
813
384
61
698
153
281
303
648
116
2
136
40
399
37
86
243
321
190
232
189
1205
38
1022
369
124
126
2
178
457
2
2
158
229
19
354
47
2
271
309
304
125
187
123
123
547
347
2
52
50
205
544
928
593
965
99
58
267
188
270
297
231
268
251
22
306
268
31
50
186
322
896
872
96
166
397
536
314
122
443
419
288
2
2
104
721
551
232
39
164
86
383
322
34
43
421
136
325
1455
22
199
352
106
242
171
179
146
60
46
418
157
54
267
2
2
63
164
55
193
320
163
368
2
188
475
2
284
2
97
132
53
182
41
133
161
16
359
33
288
31
62
334
197
212
253
41
112
179
2
721
73
747
30
107
385
172
243
51
149
24
343
268
366
2
34
77
227
287
34
209
2
177
99
193
176
693
240
393
462
208
362
140
66
109
211
47
116
2
414
65
482
383
58
831
75
325
147
196
311
679
1000
317
106
166
448
155
1494
112
616
292
112
234
286
126
127
199
197
148
273
167
475
366
528
177
290
485
37
795
154
337
2
201
867
102
544
430
210
2
30
366
227
142
96
221
243
98
90
2
36
46
101
340
100
273
85
581
169
169
41
2
326
265
323
138
238
2
499
383
466
92
2
596
413
51
242
454
366
105
64
2
381
33
198
2
2
2
21
34
22
59
59
2
81
71
78
87
92
79
90
93
97
2
2
2
99
100
93
107
2
113
170
104
118
57
123
125
134
140
56
175
98
63
162
166
2
160
2
22
78
173
78
112
52
103
202
142
122
100
60
92
38
145
119
235
246
127
172
253
265
146
2
166
2
58
160
275
127
40
285
238
115
136
222
2
2
2
121
119
90
79
334
153
92
184
35
108
84
105
141
176
85
222
32
23
4
245
84
376
189
118
282
168
28
214
120
55
65
60
120
82
51
2
202
341
171
101
103
2
194
145
54
86
281
152
66
2
132
425
164
118
406
225
560
527
160
82
86
126
149
117
185
168
263
118
88
51
31
560
31
204
91
351
50
101
143
31
78
75
102
2
609
73
47
65
236
176
203
175
284
34
107
3
154
261
3
235
389
225
42
325
96
107
82
2
33
271
112
2
334
87
2
396
224
79
2
43
2
47
170
100
159
250
95
48
76
434
76
2
156
156
70
178
208
2
118
38
231
113
366
63
233
142
63
111
47
87
72
425
146
400
2
326
213
206
638
182
124
43
44
173
81
181
82
95
2
87
49
19
63
119
134
142
249
154
112
27
146
190
58
133
166
197
230
160
98
53
304
235
2
108
240
34
158
140
97
113
2
125
133
294
2
107
206
315
62
117
206
88
222
58
146
2
125
174
177
244
79
138
73
109
203
55
148
351
245
52
75
497
272
218
78
304
173
159
162
2
82
152
312
267
141
69
250
100
136
152
64
2
376
42
61
188
127
2
223
49
62
244
75
75
156
177
107
195
114
174
156
151
192
19
648
324
233
85
66
68
171
140
49
122
2
76
12
93
200
162
95
368
141
139
117
334
371
43
43
71
141
18
160
474
216
2
112
68
115
169
242
617
297
61
389
124
52
137
35
107
103
265
180
108
88
67
45
367
113
561
90
126
178
140
64
222
38
147
115
2
135
73
150
106
66
68
53
81
2
85
2
149
330
208
478
31
232
62
148
136
295
105
104
219
45
205
120
147
291
114
272
424
157
158
108
247
97
163
94
2
124
124
240
149
82
27
311
155
230
281
45
157
68
19
316
308
215
57
51
44
122
118
27
74
144
71
55
354
85
187
67
143
115
79
55
270
30
183
2
113
71
489
45
414
23
2
87
555
408
2
78
213
136
76
106
200
42
311
20
61
120
120
352
138
66
85
232
58
376
35
185
56
432
248
313
73
82
2
152
336
249
2
313
126
74
112
73
28
96
280
251
92
318
66
2
87
115
150
171
655
281
46
709
54
290
83
153
116
50
71
2
220
156
322
2
190
294
99
532
69
176
85
100
121
2
92
114
102
88
129
158
166
172
47
58
73
63
747
72
36
2
90
190
2
20
2
100
7
157
133
171
201
32
158
80
20
808
638
434
32
111
378
77
40
45
46
68
2
855
47
2
80
140
28
925
167
227
90
325
399
103
302
619
102
39
92
114
245
140
68
133
17
201
291
143
176
122
446
143
18
131
118
349
58
223
199
103
119
101
47
140
86
116
127
287
175
213
137
85
93
196
128
118
390
105
57
672
87
2
289
86
122
105
312
96
86
225
1045
161
2
2
227
82
404
146
112
396
162
197
321
254
73
61
31
91
49
106
2
224
582
77
272
285
173
135
273
206
77
64
83
92
2
102
197
628
143
96
514
121
383
53
104
95
138
730
2
70
64
97
76
109
186
144
192
65
86
275
343
108
41
537
292
246
243
2
2
41
509
203
2
35
2
132
83
63
389
217
76
63
160
117
74
106
168
116
273
157
520
37
50
31
127
185
101
373
59
2
192
188
2
137
117
86
421
173
45
2
113
122
154
90
91
284
139
299
358
2
98
544
85
74
203
162
116
54
178
2
123
166
469
138
110
118
148
542
101
147
67
4
105
296
138
140
191
82
115
49
2
193
103
100
298
68
89
77
175
70
327
184
92
302
146
165
405
216
95
402
187
127
369
92
32
228
100
63
258
754
260
101
178
59
105
135
241
218
150
175
74
63
67
146
234
138
377
144
142
86
75
103
77
217
486
24
304
2
621
254
89
177
197
75
73
95
35
24
78
86
2
532
200
77
518
165
456
122
170
91
67
75
78
370
466
21
216
394
73
262
165
2
89
103
189
370
86
218
55
286
314
98
92
469
93
166
162
2
220
519
277
102
440
111
2
282
101
123
2
336
194
237
254
112
329
88
117
243
142
232
94
359
247
51
2
2
141
118
129
303
866
147
116
122
116
256
42
250
59
286
2
2
2
38
43
43
37
58
60
75
80
86
92
2
97
28
147
124
32
128
82
33
175
156
49
2
166
162
154
166
179
150
167
172
22
314
155
156
83
253
260
269
256
107
233
119
305
191
2
51
305
324
41
152
89
256
298
2
199
39
13
370
371
378
200
40
185
220
250
218
184
248
25
2
97
162
425
148
417
299
52
283
91
106
480
174
198
40
2
193
419
208
200
455
537
427
58
132
2
97
306
586
61
202
30
91
182
288
167
104
126
268
23
379
99
466
150
60
401
203
130
99
307
2
35
344
699
2
66
103
95
272
60
318
688
140
58
68
89
172
313
34
266
441
121
131
429
59
209
194
366
374
86
623
294
2
474
509
395
67
109
314
50
863
287
485
99
36
33
143
334
614
192
383
309
196
668
459
112
257
56
358
210
2
254
270
344
967
177
92
258
422
139
1184
45
100
182
435
188
564
170
25
535
2
364
17
563
388
439
606
165
478
230
50
60
2
169
313
140
649
2
4
824
519
294
753
487
246
228
2
39
222
392
101
169
293
239
401
278
19
659
345
70
25
167
230
238
90
176
20
107
254
368
295
19
325
323
323
567
313
459
249
226
55
2
234
37
336
238
79
145
94
128
266
22
41
184
555
195
46
238
782
323
228
43
40
482
256
166
166
299
361
166
453
394
679
127
287
174
49
131
157
651
155
179
363
52
3
119
136
219
501
250
310
142
251
215
438
177
407
190
288
412
75
285
2
71
37
66
1133
1291
30
1029
2
169
99
111
53
2
417
220
400
315
360
24
160
111
560
33
2
144
265
398
351
61
477
237
199
2
38
368
2
279
264
248
107
3
2
58
605
2
348
23
146
27
2
38
129
468
212
1025
108
447
199
345
516
214
743
56
489
127
228
51
265
309
224
22
276
328
104
42
611
290
398
1060
63
2
42
212
360
2
20
87
299
492
78
2
391
77
58
427
187
437
275
188
217
47
269
975
254
213
58
55
51
247
140
215
48
135
419
181
88
2
194
528
278
116
131
860
2
210
231
94
125
36
260
42
386
66
278
536
64
268
624
143
202
360
740
490
2
131
270
414
2
147
275
214
163
89
106
842
45
350
159
2
584
313
218
327
430
354
2
289
2
315
721
1177
18
178
165
24
221
125
256
164
65
347
243
376
401
183
48
2
810
2
26
89
296
39
276
91
273
65
111
313
332
47
56
477
395
374
92
209
353
155
200
2
455
496
115
48
98
394
148
55
495
2
274
47
2
92
289
209
28
362
428
352
90
70
369
2
275
2
2
2
370
2
117
127
179
205
170
114
101
188
2
189
187
306
236
105
75
125
443
2
611
46
361
134
33
243
97
299
236
137
336
34
181
2
1030
294
24
405
397
149
95
391
156
115
228
29
525
494
124
298
323
401
170
358
742
157
2
240
88
349
427
179
150
124
258
48
157
94
304
766
190
40
427
462
97
614
213
228
178
234
733
325
2
249
309
62
55
29
186
302
218
261
118
409
552
453
2
86
585
80
84
366
682
29
319
120
234
779
2
327
22
373
260
87
137
62
141
36
50
138
605
138
279
552
408
104
58
791
303
273
160
295
222
256
241
143
133
223
219
208
332
753
126
220
394
55
536
323
299
155
147
655
2
2
362
57
121
37
52
431
179
236
2
126
290
100
94
304
2
111
575
748
127
162
465
127
483
464
212
204
35
140
392
40
522
382
368
58
227
182
17
2
333
118
485
41
384
252
258
450
143
176
33
36
402
101
244
51
51
256
2
327
106
45
193
121
181
126
152
151
499
616
115
284
2
973
36
40
130
543
451
153
161
2
90
158
60
221
48
222
508
2
599
27
213
324
380
166
2
208
309
48
296
650
251
459
133
348
69
41
198
143
298
208
117
40
2
2
88
28
229
39
90
307
22
157
461
225
177
136
155
731
45
159
2
84
317
171
353
55
77
213
786
366
487
106
345
11
2
218
171
152
2
217
33
42
232
2
94
164
2
98
160
199
38
117
234
179
828
307
428
2
89
254
41
358
105
225
55
2
96
300
2
434
2
59
46
275
58
381
161
87
153
356
265
316
159
341
2
538
105
700
304
124
227
282
369
2
137
67
153
305
2
534
549
2
405
224
452
2
615
13
562
132
953
261
2
2
149
280
44
380
427
163
49
305
119
176
400
55
168
144
117
2
340
133
383
158
349
25
254
63
23
200
298
90
424
369
357
385
105
2
336
754
316
192
67
512
225
147
16
133
88
182
582
353
19
86
2
40
137
243
98
609
192
125
141
167
102
2
293
119
479
61
2
474
360
2
161
62
206
140
779
406
2
586
24
406
2
4
729
102
146
2
283
146
60
2
85
2
54
2
257
52
515
20
238
356
496
403
257
9
142
249
111
155
310
302
278
176
263
249
161
141
298
66
182
586
49
205
42
103
52
58
432
185
300
331
270
509
2
218
52
321
122
61
445
30
39
334
576
136
32
429
391
2
231
117
2
280
256
343
718
289
106
34
74
226
93
66
29
171
87
15
232
482
187
65
31
208
382
57
413
338
2
28
171
382
201
218
430
409
442
248
205
163
466
293
306
381
294
162
2
414
180
235
291
182
298
576
123
429
332
238
43
44
2
291
210
212
91
561
62
423
33
43
285
175
312
30
43
329
41
571
59
55
194
2
837
95
201
52
171
164
64
320
465
2
419
125
365
296
117
324
232
125
222
374
186
2
105
66
86
224
534
42
68
500
237
153
522
206
247
472
563
139
555
79
441
176
401
151
146
718
322
2
393
162
28
160
28
179
295
49
32
367
104
129
78
233
574
355
259
4
131
2
181
419
24
386
2
2
217
259
35
445
149
124
38
40
268
391
391
364
237
381
40
2
832
495
418
205
162
552
2
232
293
81
674
140
181
153
38
2
585
2
202
350
2
145
136
123
232
121
283
141
156
86
801
263
150
589
77
309
218
851
47
18
226
367
106
368
199
67
150
124
123
30
324
564
437
2
23
90
146
159
195
670
478
440
301
373
2
437
59
180
191
440
94
704
61
138
208
59
169
259
2
146
77
536
2
777
2
152
98
246
118
379
401
67
325
464
47
185
2
92
926
97
109
860
27
187
2
602
389
166
415
51
2
420
167
85
106
670
305
143
112
213
129
62
192
139
595
331
61
532
118
382
152
181
297
424
739
20
272
17
108
26
2
437
211
233
384
59
658
288
26
46
36
192
189
174
651
876
88
354
113
106
937
222
111
39
242
80
2
173
228
38
482
230
143
240
2
186
275
600
76
617
2
184
625
253
179
2
608
973
224
2
265
320
290
53
65
126
235
77
233
125
189
55
2
834
46
676
2
334
425
27
111
341
253
113
234
194
48
188
98
408
2
702
88
168
32
133
194
265
2
129
370
43
241
632
333
205
117
144
170
312
843
605
355
44
213
2
136
192
16
109
821
319
460
36
453
134
222
331
2
129
325
44
18
103
625
64
340
422
282
213
34
96
17
174
27
2
21
101
2
2
2
55
102
165
2
2
87
323
231
442
185
328
87
318
249
2
29
97
491
63
27
558
206
31
362
63
304
24
196
243
52
860
418
487
98
901
137
453
242
190
2
378
346
430
169
137
641
44
533
256
621
378
383
112
118
415
53
49
61
48
326
127
183
562
175
29
390
2
299
106
463
720
142
171
721
509
152
594
390
315
28
640
445
209
240
117
359
203
442
273
570
161
21
392
352
141
2
43
45
157
699
332
210
510
2
84
374
315
233
371
33
58
525
170
51
291
440
422
350
143
28
131
464
147
507
28
2
320
187
186
43
205
271
328
59
53
825
168
547
100
124
180
54
103
449
4
375
265
438
67
102
2
129
228
278
641
114
2
2
160
54
276
36
21
403
350
65
169
214
594
78
159
43
486
2
2
287
63
795
83
121
121
130
456
430
35
844
62
94
975
47
182
166
481
546
47
2
26
419
91
59
251
317
130
141
439
433
66
226
181
2
301
473
243
108
187
328
286
463
103
192
28
223
131
2
182
152
35
29
740
814
163
296
470
47
59
752
72
123
538
314
184
180
109
123
154
32
79
179
259
449
270
104
279
411
199
231
2
492
61
510
59
2
327
367
77
50
95
210
166
326
808
196
229
48
58
126
61
91
2
49
1369
1137
105
97
132
2
146
59
479
132
409
507
177
143
591
2
63
102
580
149
208
58
379
175
203
565
239
316
170
319
426
1075
191
25
395
934
183
262
230
143
37
54
206
51
229
306
217
622
347
206
612
131
848
1179
41
423
191
2
288
429
251
2
400
79
150
804
541
722
176
162
150
158
2
191
27
226
547
378
229
2
674
423
2
147
291
165
324
108
414
173
154
724
2
118
2
411
218
158
301
189
342
179
172
349
488
503
250
31
120
361
528
322
209
2
501
2
357
104
62
332
571
378
222
29
245
144
160
399
52
63
169
373
56
2
442
359
76
25
30
36
819
165
132
144
903
30
2
2
523
161
132
49
110
2
22
436
206
33
65
188
54
240
267
59
837
440
177
2
115
233
107
253
31
94
45
504
103
1337
168
138
225
112
493
32
711
250
334
58
333
104
264
121
110
183
61
402
71
27
71
141
465
73
341
433
138
149
108
388
67
51
201
2
231
2
2
163
681
65
108
121
188
242
2
25
31
605
354
123
150
223
36
114
86
234
165
1065
109
171
57
59
204
146
2
172
571
371
396
254
19
206
142
155
488
250
190
264
68
399
159
169
2
45
192
194
248
125
335
158
61
42
22
416
183
282
236
243
110
96
2
393
2
524
2
231
118
50
395
408
699
355
168
155
263
376
270
2
368
496
183
173
232
84
105
524
391
107
93
34
391
333
2
215
328
330
363
161
44
2
326
102
186
187
178
268
131
2
110
140
2
210
235
84
746
132
234
19
143
240
189
305
202
115
127
932
125
2
154
93
179
652
54
50
148
4
27
220
36
161
379
242
122
146
214
92
375
227
181
2
378
287
47
301
120
653
345
131
253
901
98
87
309
251
370
126
1108
500
344
2
281
45
208
135
192
499
189
341
35
19
33
200
458
92
122
53
59
84
48
407
647
1431
235
340
654
236
34
455
125
91
215
77
195
56
233
61
464
2
2
420
102
177
339
548
170
210
114
269
82
106
39
131
139
50
377
367
248
989
589
66
144
311
223
659
254
241
75
278
336
51
101
63
36
152
347
34
231
605
40
2
98
117
35
199
80
302
242
73
585
168
589
2
448
114
2
222
21
501
109
18
44
111
488
2
165
182
504
496
18
2
371
417
2
159
107
274
258
155
219
187
2
299
371
214
105
2
83
213
160
77
132
145
116
2
153
55
180
100
120
410
460
858
1263
136
250
73
185
30
131
143
186
50
2
22
284
413
34
549
817
216
501
89
27
88
433
65
2
208
432
280
503
397
41
18
37
250
237
204
534
160
58
179
44
396
206
211
194
124
405
111
182
372
212
398
752
160
288
305
256
82
191
37
554
55
738
30
162
534
2
147
194
46
187
410
2
126
275
2
81
123
53
336
15
264
284
455
34
99
43
698
163
59
28
78
190
63
111
284
84
139
2
277
255
212
80
645
2
86
659
549
162
98
2
248
109
141
133
214
2
94
48
2
141
160
360
562
337
61
36
161
397
96
51
175
327
120
217
472
2
211
256
23
321
181
39
311
59
55
2
2
2
37
38
44
16
56
69
96
104
83
70
74
2
30
79
92
104
2
104
74
64
65
39
121
128
130
129
137
124
71
2
84
144
141
97
156
162
70
156
2
94
177
182
91
2
193
82
83
213
159
182
91
95
107
84
241
112
240
125
2
46
80
72
40
271
114
43
210
23
287
219
133
313
87
311
233
307
88
157
52
202
345
45
159
91
46
101
276
362
106
247
43
2
251
33
135
387
263
2
136
167
231
59
205
110
158
170
305
392
39
68
98
81
188
33
2
317
154
52
68
83
53
120
75
54
112
168
298
185
133
488
138
100
105
2
76
71
159
191
78
337
65
2
118
44
156
134
536
114
67
51
195
40
169
78
182
190
147
293
32
194
140
92
119
100
86
148
221
248
244
145
165
113
521
50
87
126
2
252
67
367
248
184
168
321
496
2
68
189
389
51
132
99
2
142
134
25
204
261
283
67
156
109
33
40
2
41
74
290
239
157
33
2
83
102
125
2
136
65
57
225
572
2
142
311
83
2
86
89
243
2
57
199
221
273
129
67
101
78
26
92
198
84
2
173
37
29
78
109
185
159
110
179
68
175
99
195
2
115
277
48
95
130
27
104
59
46
78
60
285
208
171
220
145
218
117
227
318
276
159
129
130
36
141
2
404
152
240
294
64
58
215
563
2
68
81
176
2
137
96
66
2
86
114
6
132
84
98
2
35
50
90
123
519
30
67
240
174
187
2
132
243
172
25
79
37
131
328
2
437
37
210
123
33
185
66
113
152
93
139
54
174
116
90
206
111
158
117
55
319
294
706
2
210
80
122
57
171
492
156
187
54
64
22
334
153
144
96
80
64
42
40
111
233
92
2
218
71
72
217
133
157
22
249
139
394
222
137
109
87
184
374
448
78
229
147
22
40
103
2
46
429
592
58
73
171
109
2
326
110
80
149
80
120
214
160
50
2
530
283
275
81
24
148
69
136
100
170
192
113
105
469
404
44
238
120
56
240
136
21
2
48
67
48
83
227
150
225
21
117
744
156
128
82
25
104
56
267
214
141
267
185
42
2
2
69
227
38
143
106
132
71
2
46
108
86
144
117
21
637
383
52
109
50
258
66
161
148
140
109
202
143
133
309
164
133
411
228
222
342
162
109
2
53
212
263
40
195
107
112
599
118
209
65
125
42
368
144
35
511
191
253
214
153
94
234
86
140
259
292
2
75
194
39
227
162
67
188
97
208
63
156
146
49
48
87
99
211
682
144
36
190
70
41
76
114
317
44
113
334
143
2
70
118
202
393
117
509
192
23
66
122
96
147
125
268
122
2
766
865
64
117
31
2
2
4
134
176
49
162
119
196
65
86
110
81
228
238
341
56
581
183
2
510
415
29
254
124
270
316
245
90
329
74
146
55
48
101
557
348
85
47
177
232
370
87
286
132
27
54
282
39
50
132
143
147
209
258
2
236
2
2
146
93
122
102
104
85
29
109
110
277
31
58
71
322
15
184
358
34
46
28
2
107
200
80
459
363
115
143
352
27
262
97
258
64
119
63
260
141
84
158
336
292
409
170
285
240
81
41
197
102
133
259
166
2
227
189
193
57
91
72
181
73
49
75
227
106
426
2
78
90
340
150
184
2
208
76
62
220
438
130
123
124
2
117
22
112
512
178
606
212
25
47
298
88
77
35
98
109
116
40
72
2
291
2
55
2
136
213
128
128
223
124
114
200
267
85
45
175
110
2
154
48
108
319
176
2
102
68
90
192
72
160
32
2
2
90
326
383
58
144
377
549
499
102
82
108
550
55
2
2
183
78
63
71
324
203
200
151
47
97
151
390
65
18
2
122
64
48
201
312
125
2
77
66
240
256
440
152
183
68
2
68
47
169
71
195
110
354
95
311
139
2
132
141
244
98
162
68
45
246
192
97
229
262
49
66
94
160
134
111
244
104
85
123
66
260
49
73
130
155
2
393
225
177
107
295
91
80
2
189
169
32
54
123
74
63
95
566
105
23
2
165
79
96
47
553
45
429
115
2
75
423
90
111
101
113
35
44
148
301
142
258
34
99
119
23
108
173
161
271
107
246
484
132
217
63
236
2
142
135
116
170
85
126
142
67
2
271
151
60
2
109
263
213
280
124
173
199
96
48
101
2
2
32
112
195
107
48
141
2
96
187
91
21
111
170
122
103
485
43
448
169
336
98
54
48
98
194
71
175
109
260
178
2
2
181
63
23
64
102
175
89
107
125
197
45
2
82
186
251
105
348
2
191
626
414
2
2
2
2
31
4
38
3
41
57
63
78
32
98
99
113
118
115
2
133
144
138
242
133
166
2
44
33
191
178
192
200
2
309
206
213
224
219
227
2
125
222
186
202
148
82
53
138
115
216
42
2
272
274
270
205
187
175
174
156
108
94
131
86
57
339
59
216
81
109
162
403
397
25
2
429
424
2
157
231
456
228
237
205
465
209
172
59
131
485
38
234
202
350
559
134
333
153
47
204
244
123
354
185
28
331
596
135
307
37
492
193
323
205
519
152
58
23
154
134
341
157
449
507
137
254
44
184
266
114
255
519
152
46
243
357
162
820
256
80
331
35
355
30
155
104
170
321
125
145
94
2
44
183
204
74
442
55
278
182
50
222
114
37
816
577
760
143
109
452
118
43
797
741
2
23
48
434
667
399
163
60
2
476
283
79
142
2
120
500
25
291
340
879
124
200
103
411
186
759
196
428
259
541
119
2
216
324
34
934
3
220
173
225
184
166
94
165
1286
51
326
120
41
2
36
103
247
170
480
788
689
279
30
591
61
264
2
312
290
613
759
61
78
160
41
746
57
134
58
210
255
59
134
2
49
195
196
565
55
192
399
150
258
91
370
489
243
755
196
320
493
109
191
175
257
183
294
192
214
109
2
212
54
264
156
476
83
267
165
250
171
90
258
252
2
2
182
1314
156
249
87
95
2
33
2
200
189
605
33
54
244
335
204
224
537
94
224
66
37
207
103
44
538
2
140
44
365
340
355
297
172
500
63
337
40
367
278
38
388
105
114
102
203
671
322
81
283
351
477
85
716
192
185
2
107
32
110
254
129
284
183
283
449
175
320
158
110
299
180
254
2
357
182
439
476
320
29
153
44
130
297
119
62
561
277
232
295
323
42
608
119
201
71
82
2
638
636
2
1205
30
269
320
209
202
138
1228
173
192
167
207
576
2
164
198
667
151
388
234
181
2
69
277
2
2
188
84
276
501
174
201
169
550
141
201
304
638
259
112
313
39
41
179
140
205
158
148
214
385
142
181
3
16
359
298
107
355
118
53
154
397
123
125
349
386
200
418
107
152
200
59
61
104
101
126
255
256
520
338
127
522
108
271
51
95
437
223
140
55
50
41
573
218
188
2
170
275
125
116
309
213
374
89
610
575
226
332
284
246
396
40
236
247
130
163
528
2
331
64
742
46
352
73
228
241
33
377
350
2
418
312
268
270
193
338
117
648
176
432
84
107
2
104
21
226
301
247
226
479
167
585
171
26
132
414
971
169
884
686
441
226
196
145
216
225
654
474
77
161
147
127
2
168
383
173
147
228
125
214
429
129
399
291
123
37
2
52
88
555
374
340
2
155
45
687
463
153
515
264
323
254
530
65
79
328
110
2
49
116
99
654
144
368
65
200
876
267
385
93
246
128
200
294
124
2
99
570
19
202
262
244
450
77
580
2
301
168
221
88
228
157
2
231
414
126
356
59
29
96
520
266
2
423
276
24
2
344
344
29
211
128
153
2
309
57
2
60
47
168
290
228
206
2
184
526
298
164
131
135
105
215
188
420
214
242
2
2
2
272
479
908
140
477
184
256
1213
96
328
195
481
201
61
202
320
103
99
13
135
220
2
57
26
123
207
399
106
2
993
202
434
97
203
41
55
553
2
136
221
30
2
199
376
120
179
188
169
651
356
123
41
280
557
379
64
2
357
249
257
373
336
84
434
288
732
727
176
2
33
299
55
232
216
170
2
801
149
223
228
115
215
197
179
62
294
324
418
265
707
112
191
284
643
126
745
142
114
749
417
268
113
474
446
207
137
98
2143
271
84
135
243
284
162
430
142
225
174
45
70
508
128
228
325
192
229
151
498
622
215
42
408
266
2
2
176
58
500
156
190
168
147
2
275
709
55
158
359
42
46
526
209
143
134
175
569
209
364
22
314
28
513
263
2
178
108
143
391
116
325
101
35
580
242
288
95
19
164
781
498
315
386
173
796
306
103
2
103
70
232
463
223
212
169
481
566
51
44
83
172
146
64
582
40
594
2
151
156
141
41
355
253
657
619
646
438
325
147
347
64
181
306
60
271
174
301
94
294
642
154
34
428
237
2
340
127
315
290
2
2
436
46
87
111
286
178
236
227
267
2
384
189
698
85
664
214
102
135
436
248
275
454
49
920
264
169
2
232
333
47
229
63
110
129
266
237
143
89
90
47
766
2
39
386
310
45
75
390
722
498
387
381
46
54
329
182
91
135
115
131
39
162
2
2
304
574
307
657
177
336
70
506
247
2
626
27
43
258
464
302
66
134
203
260
81
318
407
116
78
2
314
147
158
270
811
112
143
318
407
595
150
315
126
52
172
121
135
48
115
121
36
2
2
353
181
2
2
377
1311
257
57
265
96
603
103
183
222
187
807
200
183
100
214
2
228
167
51
73
2
219
193
207
715
46
217
2
105
182
26
113
130
205
623
444
35
891
235
163
471
319
122
82
2
58
151
288
163
202
272
2
106
58
3
601
364
670
218
49
35
572
750
87
41
2
216
111
102
734
521
60
117
154
347
414
125
242
316
246
218
192
253
620
740
76
92
993
201
103
134
435
2
302
76
231
1145
155
59
398
283
59
140
99
90
43
435
2
2
128
411
126
145
236
342
25
222
61
348
2
281
82
135
857
375
35
147
2
2
311
285
188
2
538
330
1201
220
282
157
173
17
186
2
45
52
254
459
172
198
106
120
69
97
183
116
58
247
472
312
640
368
64
4
861
107
239
440
2
32
610
210
620
2
407
738
428
321
531
51
229
225
363
2
288
311
50
2
155
220
2
47
198
981
25
716
41
212
135
592
222
422
134
32
671
730
440
361
316
343
296
1047
204
254
307
47
199
76
357
308
204
310
903
41
751
227
233
2
623
55
22
264
109
53
242
237
237
190
213
162
125
38
526
2
521
123
142
254
123
743
257
293
410
201
339
177
2
2
344
103
333
326
63
2
37
112
97
309
2
554
450
2
243
133
123
97
102
94
424
334
431
650
20
276
2
128
105
266
201
241
263
332
125
32
246
2
92
874
348
590
237
210
2
374
41
274
78
60
334
578
37
58
117
173
285
120
101
363
200
62
33
95
87
94
190
447
50
344
487
2
106
341
126
514
61
110
106
149
65
79
765
39
35
114
467
409
373
97
282
61
372
557
491
263
808
101
187
50
2
118
321
196
88
110
2
361
2
303
36
62
2
329
61
321
132
152
109
394
412
418
487
115
215
122
2
962
89
2
2
2
97
760
53
2
145
212
239
79
230
588
319
121
139
46
178
147
44
470
250
112
2
761
2
237
2
105
454
621
152
145
208
127
85
86
2
216
346
197
1072
412
253
177
140
338
25
127
96
325
55
47
115
115
97
287
89
23
63
2
132
190
518
404
204
135
2
59
473
164
155
114
264
168
386
434
399
27
254
116
35
139
57
28
453
252
1037
230
2
431
221
244
130
1197
2
271
204
161
73
900
382
189
294
351
127
219
268
471
423
55
177
774
834
344
494
190
244
186
227
498
2
58
391
124
2
3
180
26
48
280
57
135
256
642
154
271
59
203
408
499
134
64
142
318
2
684
524
131
356
489
339
177
199
193
512
81
453
33
2
99
1564
44
94
62
284
424
211
569
454
53
178
397
321
203
2
358
40
371
210
558
148
92
55
152
336
153
62
325
20
190
482
251
298
58
412
223
105
198
233
557
335
2
51
416
98
19
421
161
189
325
59
274
610
160
229
19
257
359
144
1133
64
242
348
344
447
646
329
200
111
749
26
109
329
118
444
149
41
267
129
208
804
76
29
934
120
60
224
447
1293
20
78
194
171
112
384
385
320
265
319
163
157
919
240
47
271
184
294
2
45
112
787
23
245
541
179
207
39
359
80
343
2
612
43
232
52
46
32
929
575
330
2
330
24
2
48
159
106
965
132
33
57
157
343
164
130
2
151
108
206
154
729
90
335
332
268
118
156
60
531
387
262
2
2
62
374
387
248
185
57
193
183
164
188
573
393
62
628
59
229
2
1138
275
2
127
168
787
182
118
186
1033
735
43
296
32
203
383
795
17
132
432
223
61
745
195
86
482
48
258
213
143
92
275
503
109
106
594
196
33
153
186
141
111
138
2
417
37
2
22
269
155
42
177
38
184
194
430
664
99
270
252
56
65
52
360
109
431
367
2
126
337
2
756
255
150
187
146
459
124
2
235
304
61
410
483
571
99
211
173
168
62
53
167
154
159
25
38
2
45
269
456
142
327
2
376
217
2
175
2
210
2
136
49
196
560
76
57
40
373
31
200
146
130
452
162
101
341
124
54
3
2
145
495
161
303
563
138
46
191
201
676
362
127
458
56
508
140
2
291
433
234
293
371
2
231
394
222
2
55
2
1344
213
436
177
194
661
181
464
452
214
451
131
46
144
113
152
103
45
258
40
165
144
197
2
466
64
126
39
265
160
2
311
241
54
92
2
351
510
156
165
559
501
253
650
630
323
137
744
330
644
161
298
311
60
507
321
835
373
200
139
28
34
97
64
182
34
153
322
425
86
116
36
58
2
2
386
379
226
364
311
2
106
96
129
42
34
328
297
472
57
189
718
544
2
230
49
2
2
136
130
356
271
2
194
173
180
29
416
47
177
2
170
456
170
140
1026
339
410
206
192
172
353
41
2
306
2
418
1376
480
134
355
440
231
64
630
127
91
403
571
174
145
119
28
688
126
352
594
99
333
132
65
211
240
283
419
510
61
508
111
280
630
126
57
747
194
104
380
185
2
274
451
381
158
244
597
2
28
533
231
202
5
181
42
21
222
664
56
89
109
53
190
30
139
335
399
507
1119
57
462
400
363
88
199
368
2
285
60
312
260
126
2
570
143
48
140
516
142
288
821
53
23
36
129
102
766
337
301
312
647
361
2
409
646
455
398
154
384
1147
138
284
346
142
494
149
393
574
105
630
239
64
378
224
154
183
35
976
125
2
414
151
73
626
38
172
549
34
860
741
103
191
489
212
176
41
269
281
414
234
504
118
44
298
160
151
209
462
154
204
28
92
328
535
37
46
53
666
341
82
472
104
389
2
2
788
439
178
41
102
648
290
876
176
107
2
269
168
469
339
67
101
85
168
120
243
239
278
210
275
44
151
150
57
281
55
2
376
258
242
215
183
125
208
74
250
32
36
524
326
236
309
104
136
357
61
158
185
417
55
593
350
119
556
42
498
84
24
267
491
134
183
451
87
88
291
330
2
216
149
2
696
47
193
185
570
2
2
264
2
141
348
124
143
48
166
362
2
266
110
42
2
872
244
99
101
119
255
2
2
2086
493
308
146
32
463
118
140
320
129
73
430
21
238
2
591
232
717
51
623
219
328
255
224
52
85
63
50
352
180
561
515
289
44
48
494
2
2
158
52
225
95
311
327
158
226
527
155
235
130
121
769
310
185
6
295
83
139
99
417
126
65
375
779
49
147
2
207
65
127
274
748
232
159
263
213
102
193
175
2
187
289
267
160
405
131
21
57
324
1372
164
498
116
193
43
25
134
122
269
331
166
102
2
281
426
270
106
341
153
31
2
279
157
343
145
119
128
770
46
858
28
58
22
62
152
98
59
533
35
131
467
122
172
971
26
334
312
785
62
302
35
144
571
251
33
752
254
31
511
550
81
47
285
698
363
246
231
260
169
753
138
2
2
32
2
2
63
65
72
68
34
70
67
2
43
79
66
2
92
94
63
109
83
2
97
2
2
89
111
112
2
135
80
175
2
102
109
146
113
156
149
4
2
25
61
2
111
89
49
175
89
171
162
46
13
96
200
2
2
161
2
2
100
230
121
227
2
104
54
75
2
71
136
230
86
2
33
42
215
103
2
39
112
62
272
162
179
98
192
285
114
177
103
282
118
51
66
141
339
187
54
149
246
93
86
246
120
152
55
2
61
391
80
406
78
97
94
113
201
25
204
88
68
28
250
213
2
64
442
136
438
39
103
2
365
33
145
186
95
136
25
287
238
106
224
72
328
2
120
233
113
54
104
66
85
41
100
317
59
2
107
77
368
84
497
89
65
193
97
134
129
161
2
46
60
15
512
2
134
2
124
514
41
188
28
595
24
106
96
347
2
174
71
57
96
157
199
41
71
142
2
55
194
92
197
46
193
39
204
149
99
234
228
96
418
400
155
193
116
92
204
316
94
51
86
150
39
187
114
548
139
41
62
132
185
86
143
66
137
95
134
113
143
55
162
94
264
154
40
210
132
330
302
226
250
257
2
172
343
271
46
154
85
199
329
102
91
220
322
72
93
278
79
504
272
266
97
82
237
22
452
239
141
76
696
177
149
2
2
155
180
158
148
189
319
153
45
186
80
184
136
90
291
87
201
2
245
264
92
179
272
105
198
150
233
46
589
188
2
109
493
33
145
2
33
90
120
83
216
339
83
61
316
77
254
67
53
68
136
50
103
92
71
630
45
96
140
192
166
53
72
462
232
45
60
81
131
14
227
187
64
513
96
113
216
100
137
31
197
45
201
98
2
167
226
218
97
275
225
228
51
29
26
50
114
97
149
143
165
103
409
89
180
72
141
90
147
150
244
235
216
2
202
89
16
98
503
255
74
100
339
170
107
79
133
31
2
378
354
61
103
68
2
50
2
343
74
104
76
422
85
107
82
178
99
114
562
70
69
59
86
97
174
363
86
68
240
65
70
2
83
126
75
315
146
50
77
135
82
120
197
222
72
2
212
102
4
60
624
355
2
2
252
2
274
2
119
2
81
66
547
122
172
136
40
266
48
325
37
2
129
129
109
47
116
2
195
637
565
235
47
