2
2
2
2
2
35
38
46
20
26
64
30
27
40
84
107
2
24
95
101
103
2
52
111
127
128
133
74
20
90
96
156
157
245
32
171
60
165
176
184
118
208
2
203
50
207
209
113
111
216
88
200
137
21
237
2
50
2
265
129
260
268
170
105
70
183
2
278
256
2
275
2
2
60
2
99
96
171
152
115
29
308
199
58
102
235
15
430
2
123
219
48
372
32
62
117
101
29
120
205
132
2
238
52
127
99
79
212
172
207
228
246
101
89
218
55
39
194
263
46
231
449
62
100
40
490
204
134
4
533
147
268
169
150
235
264
55
181
183
30
155
45
128
476
165
143
163
466
21
132
54
285
121
148
38
85
74
614
239
78
204
2
357
239
251
36
116
228
138
480
183
159
78
156
316
286
108
50
146
162
431
165
2
101
168
337
584
160
174
154
2
46
409
281
87
55
164
234
123
433
151
186
341
114
63
42
388
59
108
120
42
156
159
329
237
221
41
34
124
139
356
375
214
299
2
132
24
106
183
284
48
26
386
115
408
128
56
230
420
201
277
230
64
2
160
277
120
216
201
48
26
123
100
225
277
283
152
364
228
192
2
487
153
217
85
40
237
263
198
77
126
88
163
2
60
296
248
86
83
57
148
2
249
345
183
30
153
176
115
305
95
835
308
250
2
26
222
417
271
145
45
163
121
95
294
384
120
150
193
4
370
251
565
879
129
115
100
80
158
127
2
2
2
2
91
123
25
195
1053
47
83
119
142
105
118
60
2
138
491
181
31
161
52
204
407
188
124
230
41
185
506
204
2
164
51
478
90
2
411
41
185
125
45
183
491
300
268
520
65
15
190
135
2
48
214
145
405
193
2
39
411
2
2
88
204
232
2
195
547
685
2
106
142
263
123
447
205
31
279
280
198
298
144
90
210
211
341
211
2
243
176
181
96
318
2
252
37
511
98
2
137
109
125
94
55
36
46
160
78
42
456
270
294
20
236
30
130
40
344
375
213
293
393
56
417
152
115
149
570
46
99
346
188
17
30
79
245
62
300
308
89
143
40
60
98
58
138
2
279
44
349
322
57
126
310
146
174
160
55
36
64
2
334
48
2
177
19
62
2
54
246
106
503
101
81
41
298
318
358
39
206
228
158
260
106
89
104
107
147
2
57
327
2
2
421
95
57
329
124
134
39
34
39
147
118
116
123
230
122
37
62
59
181
74
531
2
176
304
516
128
2
65
454
182
330
105
287
440
119
168
184
333
2
90
234
42
265
2
131
76
130
53
206
2
216
2
378
339
38
114
96
38
2
56
40
2
323
369
2
64
470
168
173
626
344
236
331
132
56
168
212
107
2
53
110
154
62
29
336
49
409
41
439
127
34
2
158
127
207
482
437
163
252
146
53
30
41
266
134
3
231
152
27
51
191
201
243
50
101
100
46
181
209
60
187
160
370
242
224
118
36
65
36
339
220
59
254
116
28
2
109
120
321
22
216
359
138
103
187
23
52
131
2
253
85
575
41
142
189
119
227
622
398
131
3
2
203
2
296
120
99
37
16
183
18
424
2
80
246
58
39
240
341
109
276
61
760
80
261
2
2
164
278
149
48
254
2
360
178
226
36
161
156
61
274
154
299
232
41
45
45
157
488
2
2
2
186
4
283
146
49
62
309
51
2
117
203
615
38
181
194
182
216
2
34
100
54
90
179
102
217
110
99
2
51
178
2
2
213
307
80
200
104
2
38
136
118
274
268
83
2
221
234
68
34
184
52
195
107
224
134
176
221
2
111
2
200
21
2
307
227
203
46
249
2
216
39
217
130
144
31
67
162
402
60
48
115
22
44
2
127
479
2
49
126
611
308
650
127
2
46
300
56
2
382
162
201
209
235
33
38
298
146
47
72
151
125
100
2
182
42
268
165
223
314
117
133
276
129
425
216
2
242
2
52
349
131
89
62
313
226
100
221
516
2
218
274
97
128
51
81
189
343
121
41
126
35
219
168
2
310
2
259
260
249
120
168
181
32
134
21
128
111
53
24
460
2
58
62
111
64
189
128
241
307
154
2
279
43
270
2
113
543
478
495
476
114
368
102
118
80
63
119
186
179
188
31
398
189
96
100
99
2
38
298
334
27
136
185
48
205
283
2
103
249
320
158
182
23
59
98
153
41
106
151
2
118
56
368
30
108
305
58
2
121
2
75
189
296
32
39
231
17
357
30
57
57
135
55
122
75
2
279
149
2
609
228
19
32
227
2
263
2
121
133
346
55
78
98
160
21
51
178
2
90
303
29
249
216
566
282
90
2
43
179
85
144
49
237
48
35
47
353
146
196
6
28
54
19
96
61
86
64
233
277
155
83
96
132
158
314
323
334
356
58
437
150
156
343
47
52
266
125
2
183
2
22
110
13
234
28
107
296
394
190
237
195
225
157
96
150
346
2
28
47
263
47
53
280
102
229
28
330
199
516
274
2
473
250
76
149
50
534
46
174
382
34
2
238
63
149
298
45
2
308
2
2
75
40
33
296
2
2
270
319
130
252
123
2
395
46
342
91
2
84
181
2
186
96
30
276
1234
166
73
128
2
267
323
97
28
274
62
103
85
210
178
121
276
123
149
46
182
250
25
163
133
178
51
109
127
2
100
24
533
187
180
347
2
183
2
220
143
2
2
2
336
322
87
289
188
2
2
160
481
267
2
65
153
91
28
38
75
127
184
52
314
132
330
538
219
133
199
53
163
2
47
128
197
289
2
142
65
2
2
429
248
99
100
434
101
307
38
37
67
280
166
2
292
345
353
201
2
2
151
227
39
157
51
273
52
29
177
305
110
2
3
2
2
479
169
103
285
254
211
249
141
157
201
2
402
98
2
340
50
203
225
122
173
111
2
483
54
183
166
152
240
460
147
42
541
235
183
89
60
84
121
2
46
110
128
26
92
2
2
2
27
2
200
2
129
252
2
383
162
239
22
174
46
91
216
2
183
373
167
128
43
191
301
62
116
430
317
20
289
61
108
187
305
88
194
445
61
450
51
49
95
25
2
267
248
129
88
174
4
160
264
55
114
110
2
223
50
256
191
207
276
247
28
172
190
157
385
51
51
271
416
51
232
181
132
35
149
163
194
153
273
62
84
40
44
216
37
194
577
79
307
162
42
148
266
31
508
53
191
25
180
2
363
94
2
59
63
2
2
308
134
120
27
50
274
196
88
130
2
2
138
197
479
306
149
134
41
300
385
27
313
142
488
239
2
65
328
96
95
535
234
226
174
95
168
44
47
237
224
55
296
131
193
367
104
110
54
381
132
64
53
102
153
51
648
2
115
2
30
2
178
128
161
2
156
115
295
261
88
260
236
285
633
481
125
54
111
60
2
113
2
278
77
50
44
2
88
24
78
317
63
398
2
167
135
211
191
168
232
206
326
115
49
164
82
473
138
45
274
41
563
32
2
53
162
477
47
67
382
192
320
288
224
257
28
2
4
229
155
75
111
134
335
263
189
207
82
211
62
40
437
52
88
384
993
583
2
157
118
211
424
221
27
92
150
258
545
130
107
115
147
35
335
2
201
736
48
361
36
30
39
388
82
139
193
301
184
234
24
459
150
152
86
104
517
327
21
197
2
117
193
2
275
52
92
218
2
94
286
85
2
278
34
344
164
156
155
172
345
109
2
532
25
270
283
29
84
100
162
201
2
279
118
216
98
220
326
2
42
127
43
2
148
195
106
3
101
39
762
406
118
64
22
2
79
112
4
41
33
149
28
2
198
301
43
197
178
98
2
464
107
2
62
191
30
255
94
108
33
175
41
2
72
118
274
40
90
224
159
61
2
296
2
94
79
333
182
93
86
222
266
4
201
2
183
56
41
54
176
2
352
169
49
630
102
151
125
40
191
44
591
47
26
128
267
143
2
2
181
143
162
370
2
266
2
36
48
251
2
462
308
65
48
2
258
37
201
251
32
216
108
445
46
172
128
445
79
377
46
271
269
98
171
241
207
186
2
278
199
59
396
255
84
489
55
57
161
191
52
2
208
56
28
33
2
104
292
37
2
467
46
238
2
237
227
230
434
284
2
177
125
76
179
125
2
143
36
31
59
210
155
207
283
96
52
2
127
29
55
131
51
85
217
129
115
631
373
97
100
269
108
376
132
98
64
357
269
123
42
106
291
56
145
117
28
184
209
2
261
276
183
622
197
223
172
34
87
49
223
2
395
2
202
198
112
148
155
88
33
204
149
18
56
445
44
2
136
58
339
42
193
96
136
180
183
97
241
180
384
165
659
286
351
35
18
136
327
2
399
56
2
145
94
2
221
213
2
2
2
554
230
388
46
64
97
74
120
247
133
157
4
2
220
139
93
328
31
152
160
146
347
201
255
102
2
81
82
128
55
207
272
106
54
234
343
21
208
164
2
174
279
478
369
98
58
242
325
50
240
456
558
165
282
145
319
167
179
160
212
2
82
3
61
44
77
45
196
203
142
2
116
62
37
128
145
93
60
234
76
108
113
190
2
133
79
126
232
48
145
801
258
2
2
211
110
328
255
357
33
146
133
84
37
59
80
44
603
196
20
217
51
189
123
2
190
2
352
360
78
2
180
61
279
2
62
2
270
54
128
310
281
195
2
86
143
243
402
381
126
434
261
206
2
184
188
75
755
2
214
58
231
391
178
146
88
39
91
289
267
26
320
73
45
44
207
121
60
187
204
90
36
96
124
243
149
42
43
14
378
64
103
117
211
77
101
2
231
171
304
84
188
448
52
382
368
2
190
179
130
56
417
279
120
44
127
211
51
72
85
128
20
872
2
63
159
62
396
246
51
104
102
60
159
156
223
28
161
164
2
142
10
58
174
126
2
275
85
409
337
45
31
223
55
42
20
266
46
42
2
43
162
35
60
2
117
118
3
116
613
352
27
62
119
66
326
55
110
43
116
2
357
538
114
90
2
170
169
2
2
265
169
148
190
106
2
2
92
2
2
286
251
33
63
55
2
412
90
275
40
84
173
622
348
101
2
236
89
2
205
52
191
152
242
368
59
173
226
148
346
2
58
84
202
298
283
435
2
132
80
47
127
57
378
142
63
155
60
290
160
193
2
2
308
371
62
28
21
256
130
92
132
277
162
258
2
2
154
162
366
166
2
276
60
205
207
160
194
541
161
241
113
274
227
63
73
210
143
148
228
178
43
530
333
269
45
277
2
352
162
121
61
65
314
45
477
140
212
35
2
99
27
353
394
2
440
410
33
153
133
90
166
40
193
131
43
439
411
372
263
200
44
170
182
244
47
74
232
593
195
209
219
522
449
294
49
147
54
2
260
151
281
173
161
2
244
45
2
109
57
64
435
61
3
156
39
28
99
573
314
2
108
216
424
44
87
365
48
238
168
45
155
238
263
51
300
2
129
60
269
182
2
40
59
213
529
2
42
467
187
403
62
2
243
313
42
98
372
273
2
2
134
247
2
102
35
268
43
93
178
130
2
2
49
51
143
367
75
40
58
178
426
100
44
161
264
107
39
57
2
259
78
55
60
29
170
353
40
34
204
89
143
178
221
114
43
81
530
172
31
39
42
2
2
62
155
113
394
187
141
389
390
26
457
348
2
61
42
240
2
171
316
2
360
227
28
352
175
260
57
162
299
67
245
333
52
303
252
2
2
240
2
62
84
163
325
2
3
2
2
25
55
2
38
51
51
67
44
2
59
41
68
2
2
72
63
59
60
87
95
58
90
83
98
109
111
34
95
105
133
86
96
93
140
73
2
192
160
225
76
53
134
85
73
80
119
125
184
33
2
85
198
127
39
67
2
197
50
107
91
135
90
122
169
166
126
220
2
134
95
126
65
148
67
52
110
29
261
163
218
212
226
72
126
116
34
102
115
2
63
142
150
263
107
73
26
158
215
124
66
283
5
2
165
121
133
220
313
105
273
61
33
176
136
157
33
157
2
2
153
117
114
133
83
111
171
44
77
2
130
64
69
25
32
86
55
93
51
79
104
75
83
117
45
2
113
85
36
20
25
2
2
26
401
84
51
22
244
86
2
70
2
305
104
45
154
124
159
187
88
121
2
53
2
2
91
126
2
183
110
132
118
2
224
41
2
109
133
74
117
2
23
2
343
143
62
133
105
133
176
83
268
63
103
187
2
103
71
107
2
29
126
124
127
64
212
82
107
42
176
29
174
2
97
2
51
2
144
26
18
237
55
220
146
58
62
126
214
32
83
155
140
108
101
45
108
68
153
103
2
113
59
49
61
69
28
159
197
218
46
40
15
140
35
115
139
60
24
118
50
127
135
71
126
75
177
2
120
157
137
144
83
200
166
140
137
2
108
72
125
2
158
41
77
31
41
219
110
166
175
133
584
98
42
48
2
284
179
87
2
170
203
50
44
329
180
111
94
2
142
160
229
70
453
72
45
289
47
113
178
312
159
113
2
47
281
63
85
113
35
166
115
122
155
690
138
107
90
216
2
69
63
230
20
142
63
192
40
38
80
346
98
25
27
141
43
180
224
42
91
28
48
48
371
27
95
57
30
166
86
74
118
49
70
110
222
149
2
361
166
2
114
163
157
78
115
2
193
118
229
124
2
73
154
25
141
176
83
24
72
67
127
231
2
48
65
38
472
263
93
227
118
45
88
37
90
2
38
212
2
84
92
206
31
262
104
72
131
99
716
45
49
20
280
343
52
85
141
86
162
52
42
212
211
133
143
175
145
2
2
87
64
137
100
305
59
64
77
212
158
75
227
422
120
100
90
309
60
577
60
118
258
66
121
171
40
106
115
134
128
49
51
49
2
271
99
130
139
93
242
2
108
185
75
60
48
133
53
2
3
107
44
98
71
192
83
161
55
2
54
97
87
135
295
141
58
54
250
251
277
50
63
95
66
115
54
50
63
71
124
407
40
110
61
45
223
163
50
32
178
248
82
96
166
193
147
81
85
119
80
131
63
2
103
195
261
281
574
24
2
112
199
60
2
119
105
371
92
57
176
68
169
132
156
33
130
139
69
164
2
51
165
48
91
2
51
4
57
102
118
62
79
63
144
51
38
117
272
29
145
225
44
130
2
103
89
80
4
124
28
77
43
134
115
260
70
556
48
138
29
314
58
72
99
55
135
287
56
2
125
111
95
2
53
99
187
251
224
79
80
90
89
16
92
66
14
226
39
131
146
30
87
206
17
180
68
189
2
107
134
206
2
36
353
7
31
19
74
43
234
250
233
146
39
84
2
125
183
48
159
46
37
49
124
210
83
105
206
2
108
143
131
5
150
12
30
30
292
125
15
163
362
82
160
52
112
48
138
106
118
30
46
112
119
58
306
136
132
65
93
87
159
310
147
136
2
59
49
52
2
37
2
126
189
154
4
43
311
80
84
2
129
2
245
2
189
270
47
156
162
103
2
73
2
56
90
60
213
207
23
150
199
126
37
34
93
152
40
68
168
361
114
67
52
316
145
48
2
37
152
290
127
111
100
83
88
65
67
42
96
2
2
134
74
110
36
72
297
2
49
95
158
250
174
84
139
34
2
2
2
103
23
65
2
75
2
2
150
101
144
108
51
110
21
63
181
296
56
2
139
90
96
346
264
2
30
101
425
178
183
214
171
134
117
32
252
26
122
193
51
313
309
194
82
116
82
2
76
29
140
157
368
116
102
120
58
3
396
2
36
123
2
61
92
213
54
103
153
131
79
83
2
2
98
38
96
2
79
273
155
29
60
108
47
34
113
116
121
318
2
65
111
2
95
118
435
254
89
160
90
2
159
270
41
204
89
34
80
36
54
46
102
31
89
169
64
254
91
351
53
98
171
67
100
57
92
56
30
2
60
102
73
126
118
46
28
61
128
23
29
118
78
92
69
71
271
124
49
120
2
93
172
2
134
120
2
100
235
2
179
199
60
267
2
44
2
175
96
103
431
136
61
381
214
2
175
2
2
2
16
2
20
2
22
30
43
47
34
55
49
60
64
56
83
57
63
92
92
96
35
109
90
111
66
119
2
115
123
63
107
34
62
2
85
144
158
112
156
29
245
115
66
186
2
50
142
201
203
208
179
78
189
102
239
235
240
49
41
35
125
101
26
18
215
234
59
176
39
164
172
102
53
279
221
290
39
155
24
324
156
273
2
314
46
17
104
352
2
154
192
37
112
107
3
352
61
369
218
97
157
2
74
33
85
207
45
317
173
209
114
306
87
286
2
283
371
29
2
125
34
22
362
71
2
126
106
2
197
83
206
65
311
86
192
242
177
15
182
26
370
39
2
38
2
35
114
41
105
173
32
190
166
23
461
282
137
60
103
117
152
199
25
46
2
263
296
413
266
310
226
348
183
204
205
47
162
35
135
77
236
46
393
95
163
112
2
106
34
30
2
152
44
187
23
2
56
377
138
364
156
73
258
120
339
63
199
228
151
379
385
89
266
39
64
55
2
67
68
666
27
325
311
39
312
124
116
2
2
111
154
68
125
223
2
33
167
243
140
188
182
229
133
288
54
42
622
91
219
423
25
154
121
209
87
245
29
2
56
251
49
38
142
114
160
266
56
93
147
2
249
206
19
285
34
53
114
241
127
412
29
349
223
255
30
173
85
2
428
117
130
2
60
196
281
135
123
196
217
268
199
21
50
99
233
209
190
54
215
2
34
109
275
39
17
425
3
182
125
181
2
255
278
147
475
198
196
160
37
437
169
403
166
28
113
2
30
46
248
381
321
224
47
28
2
2
315
167
135
2
244
38
236
37
315
570
181
322
118
179
2
200
86
266
161
178
308
778
181
50
38
2
2
105
83
167
113
81
140
63
173
153
2
410
141
86
183
153
209
80
692
186
118
612
272
33
45
232
2
91
2
208
263
44
61
42
3
152
180
2
119
47
125
43
252
397
117
38
2
2
346
245
26
139
2
73
3
454
43
90
251
63
58
82
60
112
60
245
43
306
127
532
199
249
191
38
281
251
307
2
306
79
19
377
90
74
386
257
246
104
60
177
2
132
507
38
626
118
82
165
258
167
125
499
2
88
344
61
275
259
164
2
85
278
195
226
2
331
201
226
110
41
53
158
504
130
142
130
75
203
31
2
138
333
209
503
490
2
518
126
92
144
160
32
221
2
66
521
56
266
240
302
324
32
170
122
187
33
282
55
43
474
257
202
113
48
86
127
48
46
50
237
2
228
422
218
73
81
51
45
127
123
36
159
652
19
212
52
125
212
2
189
60
278
113
24
4
588
62
220
160
156
36
2
41
63
138
218
49
2
380
2
40
2
97
351
35
81
131
59
2
35
52
199
2
112
36
320
22
207
96
23
25
655
1086
44
243
2
37
150
314
128
236
209
59
86
317
30
167
86
300
192
388
98
314
403
50
2
147
215
165
55
366
235
362
255
202
2
284
49
62
146
526
428
2
31
17
193
2
432
138
383
139
2
148
2
273
182
480
93
2
35
2
191
2
161
307
25
374
42
757
235
151
561
2
54
193
239
121
27
97
279
345
86
7
290
171
122
186
90
171
150
154
297
20
202
359
644
148
49
70
2
53
138
202
92
2
138
113
143
84
58
210
103
236
60
125
2
116
123
154
2
91
94
2
41
97
52
160
42
131
2
91
229
162
77
13
46
656
184
233
192
719
2
46
177
36
145
2
2
101
27
2
541
2
333
231
243
251
187
687
53
165
317
245
90
189
255
313
2
118
42
131
217
363
110
2
93
168
51
64
2
14
263
212
63
249
727
298
44
441
2
317
104
35
123
2
173
90
432
107
2
133
249
52
140
45
107
39
46
465
72
191
2
158
446
398
2
56
324
210
53
393
2
146
77
419
2
12
114
50
36
253
36
400
220
2
260
47
51
2
135
96
402
50
225
140
162
24
61
88
73
101
276
126
130
110
436
338
2
86
170
51
493
205
177
124
52
251
2
293
77
231
40
270
317
29
218
41
28
178
130
147
99
123
413
229
97
227
33
389
58
44
130
33
298
412
52
2
453
122
168
141
57
130
2
331
216
108
34
119
106
86
63
2
64
20
126
311
206
2
61
2
49
83
45
283
195
41
112
105
33
161
217
183
52
529
3
2
283
279
96
237
41
154
299
239
150
101
102
312
2
204
190
186
2
61
102
114
55
2
44
90
58
123
430
20
149
192
122
189
292
2
489
85
700
48
112
128
139
125
100
96
112
307
118
57
2
19
158
77
159
60
395
29
150
33
59
2
220
172
473
63
41
97
35
176
89
39
56
84
228
362
376
38
412
2
2
67
36
139
2
2
2
2
52
2
517
129
202
230
167
124
58
412
585
50
163
102
2
162
149
3
28
93
333
204
110
281
2
406
2
104
163
216
126
319
111
347
58
39
1037
398
154
103
92
384
300
144
110
2
592
2
186
207
2
89
113
2
58
186
265
320
182
223
274
64
95
391
443
178
2
2
266
2
2
218
199
41
103
192
177
54
260
173
38
25
135
44
397
211
150
2
26
67
2
43
21
33
42
452
2
276
40
228
135
2
41
134
238
269
30
221
2
39
102
177
241
36
2
57
100
250
264
2
147
135
2
140
430
60
276
116
274
116
623
459
86
96
314
133
416
182
149
99
37
127
121
250
120
55
84
350
153
110
53
34
39
34
43
218
2
246
129
299
141
117
324
128
142
134
138
111
379
232
449
47
541
89
189
321
107
179
94
45
266
120
237
130
266
61
141
113
46
3
102
17
251
2
41
371
2
207
266
287
2
64
252
210
102
133
156
42
123
473
203
175
87
227
135
138
334
182
2
40
146
253
423
2
2
99
217
33
2
112
438
229
2
2
369
323
294
2
66
74
89
167
276
68
555
70
62
147
273
50
174
2
44
2
145
177
34
509
280
58
89
131
549
170
74
2
143
485
223
124
2
68
642
198
158
51
149
412
88
39
239
2
237
428
59
27
165
120
184
2
226
186
142
158
235
2
474
195
104
111
286
2
426
289
132
131
237
206
160
164
44
45
42
186
2
2
180
183
114
775
448
89
53
88
133
73
41
332
24
2
61
279
224
101
336
2
188
163
134
2
52
108
75
276
28
164
185
204
542
154
74
133
82
42
112
259
364
491
248
354
2
62
144
219
47
90
149
42
177
125
2
23
225
123
113
132
2
161
155
120
133
295
84
292
146
236
46
154
51
119
118
2
92
285
28
46
338
300
74
160
107
91
2
59
36
259
64
196
783
258
40
150
31
72
100
120
106
171
134
165
11
349
2
211
66
509
2
132
4
132
488
298
212
311
17
344
141
49
113
167
383
38
133
2
2
40
232
224
139
312
491
266
198
136
100
99
121
70
67
149
96
187
155
155
2
47
673
513
35
140
2
63
185
340
100
190
201
564
244
97
32
183
19
263
2
441
173
217
34
23
374
333
27
2
171
185
60
2
222
370
197
81
145
73
62
280
225
127
26
345
23
138
2
33
191
76
249
99
191
25
52
118
78
209
180
58
222
45
44
165
389
2
2
132
601
2
207
183
2
124
183
168
219
151
2
259
320
173
400
120
395
102
207
63
54
2
309
94
65
2
212
46
348
24
154
50
53
358
335
119
107
228
235
49
104
51
231
91
472
243
133
276
156
79
124
61
453
283
166
2
54
340
194
121
207
329
49
80
27
171
174
372
46
198
2
248
185
161
452
81
14
149
87
166
131
2
2
236
152
237
177
2
282
767
2
2
445
82
227
320
377
148
78
54
125
237
84
2
285
349
114
18
56
170
560
35
400
88
59
29
4
204
105
227
238
198
187
327
215
236
101
272
234
2
290
87
231
251
101
155
300
806
151
22
143
117
40
32
422
100
181
101
248
223
120
290
180
107
67
168
42
126
103
29
2
26
194
225
336
434
197
184
58
264
2
116
638
397
297
51
50
361
127
239
26
149
133
350
100
201
2
29
52
226
194
61
63
41
232
144
166
179
450
377
181
87
327
497
2
440
116
303
247
256
277
2
179
287
441
188
206
173
252
71
181
206
298
121
162
290
204
277
2
145
39
158
2
2
432
40
114
135
86
114
27
2
51
359
111
188
2
36
44
197
386
40
220
225
47
27
103
265
2
32
317
451
41
64
144
2
153
51
427
340
46
387
269
266
273
536
214
147
55
70
294
100
289
356
286
353
119
2
93
63
482
35
127
92
2
155
161
73
50
184
236
137
366
2
141
242
67
90
561
482
430
256
48
157
132
222
219
39
174
242
42
196
47
106
245
271
288
90
145
257
2
103
47
118
260
34
100
185
127
106
62
210
542
415
117
49
2
29
59
106
108
18
519
39
379
180
4
188
2
472
65
82
222
2
61
214
46
150
29
2
59
184
275
468
143
134
410
85
17
2
257
2
23
26
144
24
39
2
154
257
58
146
167
58
26
144
114
166
2
216
237
188
215
30
2
180
83
182
305
163
104
62
96
170
277
98
53
176
119
167
41
60
55
138
2
122
531
4
327
161
301
2
135
89
412
41
220
323
51
50
25
283
2
155
104
202
146
321
101
113
78
180
63
2
2
53
59
87
119
2
874
179
114
126
167
123
93
173
126
136
98
51
2
169
2
504
28
131
86
652
2
102
2
104
322
316
237
2
413
36
55
21
91
87
527
201
207
2
698
34
44
226
210
60
45
106
170
200
95
539
136
63
178
2
55
104
83
146
2
2
217
203
2
235
168
95
58
27
303
242
130
26
98
153
2
36
292
136
2
62
2
59
148
266
75
333
58
357
375
277
61
465
46
22
441
84
55
185
29
109
328
2
225
117
110
302
482
73
49
155
237
317
57
44
46
35
215
152
254
18
310
62
37
194
169
354
207
2
83
105
2
316
60
218
213
199
102
2
136
24
564
2
151
259
277
2
221
16
119
763
297
96
110
290
138
119
23
2
21
151
449
2
122
195
91
777
20
49
366
172
25
33
40
174
360
116
2
105
104
2
89
26
213
58
162
31
76
165
239
206
200
222
195
94
30
140
155
99
135
422
28
87
51
101
182
309
117
55
161
180
114
2
188
422
2
423
252
346
147
223
31
18
82
140
148
23
2
226
233
103
75
105
231
2
83
91
2
142
183
183
106
36
118
234
187
204
337
34
156
20
124
389
107
186
30
2
355
109
175
330
230
87
10
265
66
257
236
67
123
2
102
139
47
157
65
324
593
302
236
41
119
191
214
189
190
199
712
34
200
253
387
60
15
112
230
151
2
47
34
2
127
31
275
274
330
689
20
47
207
339
84
290
40
61
157
2
54
299
368
88
2
46
66
102
42
60
204
275
419
136
505
2
122
327
277
136
40
351
232
141
2
331
223
227
308
146
104
60
160
194
179
129
237
509
59
329
142
25
223
198
135
48
60
58
250
59
230
169
41
147
122
147
320
195
93
83
39
306
187
165
311
154
33
2
63
325
144
308
38
58
261
110
89
2
433
95
286
105
215
311
257
122
65
104
525
96
2
123
83
29
497
50
22
96
379
191
410
39
129
256
188
217
177
2
170
90
247
180
85
2
249
197
351
80
470
2
48
249
55
169
137
99
2
158
202
25
364
60
193
258
79
179
210
117
2
62
52
398
56
162
682
299
52
163
37
375
723
180
103
283
53
2
120
54
2
586
320
279
2
11
2
2
2
2
23
2
2
50
2
52
2
39
46
2
44
51
67
51
96
71
60
62
61
82
2
78
74
50
90
32
92
46
109
59
107
125
52
127
130
40
143
180
92
66
31
2
139
43
2
122
79
169
177
72
181
83
177
180
184
56
202
140
211
214
150
114
43
143
2
218
137
78
162
61
100
67
96
190
126
170
101
2
48
61
232
36
115
47
84
77
80
285
269
132
69
46
31
47
73
53
306
157
2
135
2
204
96
88
195
110
67
100
185
2
62
40
183
150
42
80
159
283
112
98
87
53
112
46
97
91
76
99
96
191
142
77
410
68
87
89
93
56
174
304
457
58
298
86
450
85
118
196
161
295
250
108
67
70
91
107
112
274
66
2
190
2
62
234
2
86
103
28
2
84
2
2
194
91
19
2
417
3
2
87
83
178
126
73
98
50
664
163
106
51
130
100
85
173
199
176
111
239
309
133
152
104
2
86
33
127
118
138
59
185
130
183
208
2
114
132
100
201
42
2
104
28
95
2
109
204
2
99
150
131
171
163
56
2
2
75
25
117
7
185
77
130
33
103
2
214
42
740
53
194
43
118
436
2
166
274
36
83
2
83
154
293
2
137
149
65
63
322
67
71
88
61
2
105
83
203
223
350
62
50
556
527
2
78
148
2
169
224
49
86
33
2
139
2
2
126
55
107
425
37
48
53
2
261
272
88
184
74
97
2
124
392
38
397
86
207
82
178
2
46
67
388
2
86
2
24
92
131
2
2
213
2
19
179
19
77
2
399
2
113
72
178
2
57
2
148
24
112
193
446
127
133
151
51
2
50
2
707
217
232
32
118
175
156
52
382
37
52
120
105
501
72
147
2
379
185
2
165
2
195
59
73
242
57
2
185
28
199
35
95
4
317
55
72
86
2
192
391
44
53
242
88
170
52
220
110
126
149
45
103
205
85
101
185
467
37
242
156
112
131
49
318
107
2
479
83
194
24
318
82
85
2
79
92
168
76
102
100
83
99
2
100
87
95
132
71
146
117
485
108
59
68
31
65
217
203
66
311
171
31
64
37
81
54
133
41
187
2
291
115
2
98
107
98
140
90
2
145
44
57
78
191
170
51
131
405
304
2
192
58
2
55
112
55
59
137
51
189
33
125
44
346
114
193
80
220
113
57
100
242
122
67
72
49
393
113
137
28
2
60
259
70
2
89
160
116
172
178
81
27
2
177
150
186
117
66
330
298
66
90
59
46
90
166
2
29
138
230
2
85
183
179
143
2
160
114
2
114
32
86
116
2
107
57
107
84
84
2
216
53
31
70
2
32
4
95
104
30
44
245
192
104
412
102
134
217
177
240
42
175
111
539
190
2
68
50
224
2
164
86
202
137
217
2
135
2
82
181
97
2
69
61
149
91
53
2
88
166
77
52
286
101
100
139
149
60
35
120
125
113
2
250
58
4
74
117
119
294
206
215
68
47
34
225
188
2
2
87
29
43
40
165
43
85
47
47
92
136
30
2
156
137
26
137
2
29
89
78
64
211
60
124
45
111
293
76
126
82
299
44
29
171
78
80
24
239
146
69
66
144
90
114
84
132
124
51
86
2
108
2
39
123
379
156
2
51
93
25
2
76
2
67
39
273
18
478
19
288
173
28
116
2
311
116
362
101
49
2
104
110
120
80
91
72
65
110
438
48
2
90
34
33
63
2
275
104
152
113
107
137
55
99
148
191
223
174
133
275
67
422
106
62
150
32
116
83
42
143
100
115
284
86
84
2
43
78
2
129
25
99
284
106
303
181
116
106
42
70
108
90
34
161
74
43
37
86
132
177
98
308
63
2
262
44
155
138
2
2
480
145
143
68
92
72
53
80
121
275
2
47
187
53
259
370
61
151
54
102
2
59
116
6
124
218
2
29
140
122
24
139
136
113
2
70
122
50
346
151
126
172
2
73
110
69
51
76
60
27
278
63
51
2
133
38
142
2
99
157
102
27
330
6
52
2
83
58
122
67
51
106
420
434
2
28
108
144
181
57
171
61
129
76
69
51
2
65
2
238
33
80
38
36
87
228
82
142
273
99
2
82
71
65
59
2
2
69
110
2
29
194
123
195
50
79
403
168
123
133
268
2
2
71
94
31
82
66
129
90
2
121
2
51
237
173
73
2
173
136
166
242
48
120
115
216
86
191
65
75
136
70
121
99
63
119
68
85
128
73
45
98
306
117
118
74
89
274
54
76
2
70
103
35
190
56
81
25
104
49
47
366
2
64
36
124
2
2
2
2
2
2
2
29
50
46
37
59
57
2
61
75
43
62
2
73
2
2
56
98
72
93
51
52
28
113
28
2
125
123
132
136
2
48
25
150
94
111
176
25
249
48
186
45
165
120
112
172
2
198
44
195
2
27
224
56
207
34
210
172
104
97
173
191
233
28
163
66
124
254
37
251
138
167
42
92
25
266
72
164
234
286
310
37
60
175
243
124
81
325
287
148
364
2
58
221
49
366
86
347
145
2
168
43
51
110
34
2
44
50
2
145
102
325
227
96
24
419
72
59
184
58
141
60
94
211
2
55
98
187
56
95
190
103
50
190
236
61
44
35
33
92
192
2
312
91
199
58
357
305
2
58
132
320
167
21
158
2
23
109
298
274
87
105
140
140
137
98
115
352
232
669
181
160
203
215
252
97
79
52
2
2
230
139
51
344
192
117
209
201
2
232
21
233
204
42
37
402
355
359
35
381
126
731
517
166
293
96
59
39
601
309
298
188
284
43
143
282
41
147
103
202
188
134
513
504
53
144
178
2
61
43
190
43
228
258
140
241
2
255
115
153
2
223
245
319
264
30
171
182
2
154
2
64
199
198
45
258
134
152
187
731
228
2
2
202
51
300
127
2
25
64
2
39
2
104
129
62
601
43
2
2
39
200
217
227
247
451
44
2
44
30
2
233
120
129
231
21
329
31
120
145
374
214
29
217
60
139
114
57
112
188
98
63
62
229
286
245
54
115
358
57
160
606
426
170
200
251
334
96
55
3
531
99
292
273
116
107
225
379
497
51
155
238
66
286
93
121
117
33
228
171
253
114
38
56
2
306
179
104
168
123
168
83
352
54
24
37
58
126
87
362
2
175
61
179
539
2
43
136
470
544
101
41
94
124
36
2
2
95
257
69
270
345
405
362
151
92
232
230
109
211
617
97
2
230
59
251
102
148
322
2
2
149
67
149
46
46
75
261
2
128
52
71
142
35
227
150
2
143
144
2
59
431
2
81
74
41
135
247
318
55
385
193
209
150
339
2
37
156
46
2
50
299
168
281
453
264
2
187
192
200
123
48
255
795
81
44
56
99
121
65
88
2
49
47
289
53
42
153
271
225
227
34
272
237
170
96
2
337
2
82
62
284
49
150
301
534
194
54
404
456
46
234
268
2
116
140
113
255
2
207
235
2
108
55
71
313
188
66
281
2
288
3
204
429
74
152
37
260
267
347
122
279
2
98
52
431
104
33
12
120
209
94
314
4
77
195
210
103
101
107
42
2
138
60
134
147
299
386
172
148
534
125
172
118
119
43
260
479
92
83
38
194
73
319
213
118
40
2
407
97
62
27
263
183
101
113
185
772
83
63
62
228
48
359
22
2
76
2
303
225
2
2
23
199
380
2
275
180
300
379
33
158
33
517
102
50
276
480
207
2
50
93
242
2
169
285
138
83
99
256
96
398
2
54
356
74
360
84
471
124
359
548
248
183
133
211
26
479
40
52
2
61
229
181
289
720
243
2
40
306
316
172
486
186
132
191
307
36
2
313
48
98
130
86
30
264
118
63
70
81
326
270
336
566
202
226
122
2
2
136
170
78
40
2
316
461
329
78
173
72
290
204
2
420
342
2
141
2
185
87
211
32
457
157
37
399
55
209
218
229
234
231
103
42
349
268
314
2
329
293
64
208
293
55
361
96
566
270
220
240
141
125
131
153
444
188
188
288
259
42
21
225
42
246
46
18
389
797
293
57
97
278
318
71
21
56
258
170
319
737
85
123
51
2
2
281
119
103
2
361
2
33
283
2
151
102
561
2
171
60
120
99
53
150
185
2
293
115
243
201
151
2
120
341
300
118
2
268
172
307
88
152
340
38
376
91
109
389
203
2
100
437
277
2
433
21
146
80
65
2
38
54
61
145
13
123
161
2
192
272
152
114
192
2
119
102
2
103
863
190
351
182
232
131
477
186
403
237
514
80
159
533
117
199
224
86
541
124
214
155
232
57
56
75
33
189
481
2
82
139
57
50
44
90
3
647
64
135
125
3
220
45
183
192
39
95
65
359
268
271
123
2
59
122
146
168
142
57
303
107
63
253
359
2
60
313
187
48
299
71
114
62
210
85
61
239
2
281
204
226
2
46
47
84
2
65
187
586
53
269
198
161
166
224
33
162
155
304
48
393
99
383
401
108
226
90
273
32
2
293
152
595
2
333
33
302
340
116
331
40
2
161
181
59
97
343
319
22
182
373
37
175
278
59
192
217
366
442
158
66
292
385
580
182
146
236
86
2
189
2
122
242
66
53
169
154
47
145
94
85
28
2
2
32
91
125
473
52
106
66
123
22
136
123
45
36
63
271
2
191
81
378
220
154
125
56
308
130
572
2
2
2
242
41
219
404
2
234
29
40
42
107
155
369
363
127
266
2
89
194
201
63
47
66
138
2
121
2
253
119
258
157
165
87
161
184
2
126
99
177
377
466
317
156
88
107
51
114
300
227
66
169
108
48
368
232
193
37
507
261
297
199
248
148
43
271
161
2
206
922
2
324
4
31
78
226
209
489
82
51
164
150
63
104
200
158
45
216
69
2
218
244
2
54
55
148
184
237
268
59
176
543
294
67
296
310
110
2
280
183
356
107
108
98
33
49
66
247
146
90
170
229
48
62
40
65
187
168
138
116
49
350
213
380
407
188
280
146
2
189
128
2
170
91
41
42
263
152
258
108
210
263
2
620
62
65
2
246
140
69
18
2
64
159
237
216
132
184
242
2
501
173
231
2
2
62
22
25
289
318
2
227
39
302
102
101
155
209
445
63
168
2
2
138
374
149
3
50
117
272
174
93
190
370
174
45
56
2
515
187
434
267
252
102
280
284
25
356
37
259
160
85
345
909
98
300
12
187
49
266
279
2
120
217
212
34
180
2
76
2
104
63
197
53
132
322
372
2
140
80
134
128
472
58
119
112
164
168
344
41
156
63
114
472
143
353
124
662
234
185
37
168
177
334
49
46
263
58
119
162
126
150
199
111
119
132
189
2
103
78
420
43
306
589
112
114
234
304
115
108
101
58
279
2
345
173
137
124
39
264
132
163
26
87
195
165
187
125
317
185
188
66
572
345
47
197
32
42
2
139
19
275
154
2
210
55
105
200
145
288
362
408
225
52
110
298
94
29
140
209
2
112
130
120
63
168
37
2
102
218
23
91
56
94
2
110
198
60
109
273
62
2
599
750
160
55
70
105
231
608
2
96
36
66
237
60
388
192
60
264
172
348
65
127
224
2
46
148
2
96
157
107
2
2
110
166
48
40
245
38
407
141
102
280
453
237
24
116
460
84
215
95
161
173
2
385
133
191
39
385
214
144
322
2
160
85
57
76
191
56
2
58
121
48
303
2
62
2
2
136
2
65
33
426
2
139
384
382
150
111
75
245
359
2
161
41
100
464
116
63
552
160
262
91
236
123
2
43
186
361
447
201
654
121
63
195
144
159
2
2
45
2
116
212
2
48
33
2
98
361
931
87
154
2
237
170
158
156
236
39
136
490
63
195
137
98
256
288
728
384
53
404
310
255
258
720
297
37
206
115
99
114
51
69
116
256
53
322
60
46
393
2
133
208
325
189
351
119
85
171
156
46
117
729
41
258
54
60
111
191
249
96
195
211
315
328
341
49
170
198
73
59
190
120
25
2
2
185
199
91
241
183
355
139
241
217
46
356
36
319
127
363
43
2
398
2
2
158
215
290
125
149
84
37
148
103
192
129
98
311
435
142
181
2
343
226
61
129
32
276
257
96
104
2
210
136
141
58
280
98
129
95
63
324
317
115
142
89
145
30
56
89
105
49
167
468
125
113
48
267
246
114
2
28
195
468
181
146
2
136
2
331
53
52
49
53
2
292
263
23
135
110
279
229
317
64
522
82
278
215
2
55
2
279
92
61
223
63
51
93
307
45
199
80
38
2
2
63
75
120
120
638
108
414
116
592
132
224
157
2
176
109
241
93
47
113
208
9
102
145
37
276
135
219
146
118
289
123
138
61
135
235
44
45
38
152
84
244
395
2
2
387
32
134
234
338
65
26
232
106
113
63
2
26
173
52
51
33
202
288
74
137
2
161
80
155
308
51
2
55
135
184
2
210
40
309
253
247
2
96
247
123
190
180
603
58
557
2
166
55
152
163
373
142
144
95
97
34
63
231
186
52
102
16
184
3
358
177
44
44
248
282
704
410
33
250
226
144
196
374
64
255
117
101
2
182
2
34
35
271
203
184
207
2
2
223
53
392
44
2
35
327
2
41
57
46
64
940
86
277
277
328
53
226
2
112
58
194
65
409
125
66
151
678
56
24
136
619
416
145
38
178
239
45
2
338
194
35
250
313
530
286
82
2
152
116
60
32
79
265
112
51
418
256
251
58
108
52
64
414
102
205
172
103
132
479
119
563
63
323
33
2
144
375
61
2
136
211
58
2
59
53
45
114
57
159
286
111
102
281
91
344
85
638
56
28
381
119
145
119
2
158
235
146
234
141
252
2
262
137
110
57
85
120
2
414
61
128
315
179
443
45
233
24
93
68
123
164
267
2
165
238
155
137
207
98
308
2
194
245
373
68
77
484
32
192
42
49
255
142
52
487
279
171
262
74
113
104
152
475
172
486
218
98
31
162
29
288
119
333
103
86
246
138
336
262
205
216
21
73
156
247
243
481
2
193
173
177
130
23
405
349
30
35
98
56
2
30
78
224
215
436
696
193
2
183
3
61
94
52
130
32
2
51
272
42
263
2
247
146
262
81
44
164
247
83
181
214
120
365
178
45
180
131
94
2
135
174
437
2
2
205
29
2
372
4
168
566
43
135
113
191
2
2
59
126
114
187
115
225
117
31
156
35
18
112
314
26
318
116
2
73
176
164
34
102
105
38
410
137
316
191
136
492
461
175
248
160
34
452
143
235
129
138
143
201
211
57
321
142
339
61
266
367
51
384
81
584
288
49
2
260
217
31
338
44
49
48
97
44
294
108
31
2
2
84
241
104
224
335
37
99
249
52
82
257
355
307
59
135
253
71
29
2
41
126
2
151
2
134
144
303
2
64
26
151
133
74
120
48
61
43
69
39
208
49
195
129
83
175
291
470
60
267
43
181
109
123
252
96
92
121
242
60
252
115
455
36
39
170
302
140
284
115
74
198
22
293
304
2
149
200
89
38
53
2
35
241
375
56
180
2
203
356
109
631
103
56
142
99
351
289
162
76
118
193
23
2
43
47
60
204
127
2
120
52
94
163
112
87
98
154
2
47
63
117
2
164
2
84
137
86
198
120
2
261
33
57
377
470
2
240
137
151
144
148
82
186
56
202
24
159
198
31
70
390
371
192
55
125
161
2
61
35
192
150
165
375
30
396
216
54
152
257
283
28
200
146
65
44
247
279
256
288
43
98
2
2
74
198
245
16
55
39
109
465
247
288
227
132
2
146
123
36
101
161
86
2
101
64
191
117
27
107
79
149
371
36
2
77
381
17
269
2
700
335
48
570
152
161
120
344
55
233
2
60
77
611
2
181
116
546
71
61
36
363
321
388
91
2
95
187
33
221
2
173
124
103
56
53
56
81
66
109
180
56
144
324
137
66
97
208
51
93
181
56
65
111
280
133
86
2
158
45
80
358
171
49
419
162
2
190
158
143
27
27
32
2
18
32
39
38
59
42
62
33
69
23
74
70
75
83
60
2
21
133
113
93
122
2
120
129
116
48
117
110
2
3
129
127
2
68
48
160
151
213
2
2
121
149
171
2
105
134
169
178
60
173
106
73
70
202
77
197
92
132
60
199
75
197
2
56
161
68
117
120
122
80
45
2
96
72
72
28
136
120
18
104
53
127
2
274
282
204
225
2
285
71
279
63
48
34
316
66
229
126
265
118
143
71
346
154
89
35
142
127
102
2
2
291
154
149
136
2
106
2
2
225
132
36
85
117
119
2
125
170
129
106
74
30
42
144
22
249
64
28
180
256
141
272
59
129
195
166
300
67
2
257
103
2
285
28
102
460
18
91
102
20
71
63
64
127
2
122
2
200
83
111
81
49
2
64
2
23
2
32
229
85
247
67
347
132
2
71
525
124
221
60
81
65
202
41
38
68
395
94
418
83
95
2
57
2
75
72
138
226
169
28
285
86
194
53
35
114
22
69
141
134
150
44
19
57
211
48
17
70
37
120
455
77
260
152
212
131
92
59
48
75
2
246
2
2
2
213
26
97
259
299
49
219
23
93
13
71
113
48
120
170
242
202
2
161
36
84
138
108
55
56
207
125
2
129
2
246
73
210
282
2
260
2
22
100
61
61
73
219
122
49
2
84
113
81
44
83
77
132
103
2
246
127
2
124
55
72
221
201
35
143
60
91
403
53
53
96
50
47
33
76
110
30
122
90
55
59
101
156
2
122
61
164
3
212
203
151
184
77
14
154
42
100
2
87
79
278
31
181
156
134
167
81
44
76
261
122
115
18
152
53
282
2
142
298
46
348
510
86
121
166
31
114
188
416
70
268
62
143
133
307
131
84
218
44
45
200
190
125
306
81
100
191
37
2
85
117
121
95
210
2
159
80
41
112
532
76
153
160
40
565
49
142
91
209
138
2
70
180
85
64
258
78
186
22
252
2
92
274
134
87
20
2
284
279
78
2
62
81
2
69
2
27
53
96
118
39
2
170
60
49
92
100
208
67
47
69
133
82
68
298
99
123
251
123
180
19
90
114
118
90
195
51
408
76
2
114
2
2
105
119
225
132
97
269
97
4
404
79
26
221
211
123
42
2
52
162
