193685842412
207761243406
201114018305
213065652162
209454716894
211534831978
205687365603
208140824388
198983906402
212449205617
209338344830
209670880888
214199918356
210274059567
209379689795
184919378863
206017424298
208847185288
208809425970
211242512722
210965901409
215903274903
211046316852
207479787178
207436773473
205624221355
210645718972
213038716361
207602698429
187151928254
201383438499
206714959249
204957387381
213502525464
209519862656
212002283969
209761775341
209527530949
210114684430
202659395544
206424721300
207003561934
207441868887
211347063879
205230028312
213126421445
215196532915
210542865290
206850224541
211276317963
206153000393
203824574915
202794463670
204096978990
217875381039
213437624069
211535972894
207516098032
206948969792
210299986156
211820207443
212440884699
214426438519
216054019253
201802759823
209474659554
208624469624
212033048467
211032322183
211485809655
204411097123
204069531014
208573711648
207331341823
207848367276
210317220348
210490656808
216314956369
189066361701
211841550671
206620692202
207550883916
210284734109
210949719762
214351552874
213954390175
208325482483
208595144812
211644369446
212136053825
213061440876
213616761020
207109754116
211839983384
205801220236
208578311998
205366113601
212153384120
192990021197
209250685094
211404010428
204682847259
209067019986
213507384374
209023492377
217531195757
209244875840
207180093031
205821578253
208283504697
207200027263
211974806205
214432829219
204651906610
204374750719
212951711118
203635837119
204429171139
212853485445
209785217088
185997898844
202515614572
210730612706
211908887803
208885395905
212784337609
209781771752
208283373040
199348296617
205540201904
209086004224
211696649129
215110796343
213206438208
207841591892
213726230195
208117819407
206321928248
211530054593
210609723796
207972991419
186179316786
204614412480
209627621576
209920590229
209226083074
211253706690
208522896332
192818371141
204560162642
202747290794
207465411558
205189509451
210878765007
199660539980
207660954532
207784918863
208751207452
208704014654
211083988836
214531012198
211172858114
206089146345
207849752342
207208505914
203990650852
208679525935
217971246997
209119691238
189856361993
209876275057
190871210325
208521426897
208341396777
213628268518
205954960269
201732522927
206739350243
207842613891
206624201661
206195530061
208026705460
210274072682
210292014469
209855177797
210473016959
211032739455
212703270179
208781521817
210024546238
197194456253
204792471151
189026301663
200984665191
200160303162
200619043101
210996292774
188571962158
203488499084
204162029744
199889858764
203679506738
203046236198
200347662494
203839043576
204997834028
198097406596
201784829337
199956505748
205276396522
203887384702
195457625087
201603024085
185303627366
203748817250
204939990887
200242263323
205472405089
197941301657
198368537919
194323302707
207382249698
210817758141
205397216815
202885448456
201892663384
196342173609
199301369216
200491942817
200922404479
211823863210
201155578195
197996217865
200102574133
200873420482
199252827306
200938777117
203303550867
198831984272
196728781875
194753024776
205485452005
196452456668
204048632498
205836796127
204430335264
198267208742
204169489231
197305548869
196568452270
199877057964
200101165629
199131511513
196567672695
199010364321
200468994635
197026633850
209934508533
206533539655
201711038263
194944440545
202396154508
202484787538
206288012076
207211837787
208901863567
192442539923
202111425416
200462791881
200298885873
203148661154
202009336664
212766439613
192026379604
197334780463
210515458189
178322181590
201333147722
200238823161
203105124784
193302416632
207079159422
200825802703
202230958084
202322278458
202124985282
208036237935
194195633115
202568123814
196434056898
204111029483
204438991979
205950481110
205147597300
192755409745
204658435251
201181305719
200029702748
203876120107
212233615177
202555562408
198299505839
201090508446
198169788125
201183914056
203378716140
205771626337
211955032152
194653025321
197191628101
199376547763
203065428750
201303263331
205820909160
205032023337
192708065049
199328467069
200633053569
200390521600
200125303917
197401584962
201563538235
189473458629
196264125557
195421383198
195834599571
198549205481
201018581170
207095828391
194780952580
197307576662
201594178746
197149508818
198909337588
204298170875
203425246653
189809844226
208394100663
205429933849
202416539622
198884473715
209508592864
212819620198
202263262441
210761972988
200332308566
203769064605
199356445340
188309992829
207980700722
193578283495
206147545798
201926072043
202828556877
214463399041
211443143278
210040064408
194291816785
201879357561
208319944296
202850673141
218427963715
207122039555
209511579080
196215742067
205320440286
207837000869
205332156878
205189944800
202553031063
212777907706
197584465246
207005370648
206839459173
206357667597
211379872265
209034033445
210280385356
196862704523
207400747938
205168021163
208291973966
206436038012
207696920444
206653057548
192510768020
203952444182
199729339737
202245652982
207444798150
208675031142
206545015253
197049999558
207375441532
193151302386
204271294030
201347276508
203084824564
217939473460
216429717086
206193035458
207301741838
206402968120
206040682198
211456207558
210966296983
197304305843
200567927358
207269106989
205906638969
210765856591
205664004266
208982869140
189993073167
204601081863
204706458146
208569512972
210348732824
216721470161
212590649812
193468068350
204009599699
194237874890
206876146490
205238732939
205883387247
213501026441
204337000393
202666019637
209126844334
201600459314
200588935597
208245084373
206332632753
200896785157
202161398487
211065994346
212331306605
200092657503
204290347622
209240851581
193302953372
197758448613
206354194656
204059843885
204891702902
205343008354
207778739844
194706458039
203192234802
202378868044
206387542823
210163949138
207944762518
210407513902
194595479325
208752751273
201414017954
203798493304
210084284457
207294200096
211741149860
198415351270
207969490885
186454463298
207879164808
185059364207
209496115557
212313454557
193363825231
199662915471
204376001351
206014789669
200688087652
203773056267
213699951894
197296267303
202699044512
196988216414
203940412545
207893961532
209811939890
206751541067
192926127667
203815127307
212083758645
205710962183
205646708088
210802936271
210964581416
190490089524
206272768176
208592356176
207741364680
205035286105
207751896914
206977231516
195848449614
207649703691
204749101700
198879777550
204413379986
211832061593
207713869997
198972856112
203880811729
205107011428
210851437108
207831646178
203732023123
208076147633
190968707691
212554916779
206449060581
207353708062
206633745493
205682904553
205798092127
195067788455
201903344784
208784488427
200789807169
205425255104
209976722062
212724970202
193235576125
209216138667
208433022282
206010196894
206410370950
210447033774
208435401817
196154440109
203205576344
209149042569
201612750788
208132968583
207341309867
209934436166
193870500835
201696379391
205082653320
206684170301
205116224019
207943209310
208238617074
198569289828
204241901418
208005460206
204930428381
211301581703
204978914035
212958854544
196291466776
205453531092
213170370039
209164609642
184957405305
209431859996
210533433059
199041222409
207286145956
205058761255
205419617639
205956324897
207281404467
207529544612
193433925118
203529474974
205020728945
202756742991
206064835315
207535579172
208634309037
191388190616
203724867395
198585882091
205911496028
203623284216
207279319134
208843228496
208989397157
204950021446
205730053796
207351624909
205332271854
205983313923
210865729580
197988687667
207594659223
202603124144
204081376048
203784066841
206710773368
213960268409
192346901545
204229302639
206355521736
204528633904
200841842307
205532092948
208902651699
193175932682
197072803115
206466562706
202346540817
206500217002
212074519844
201842517476
196951272018
212083327752
205738991175
204735058344
204294503543
209127009655
211891467589
195740409340
207834930279
207634066161
211725788953
216673736240
206494023343
202612418947
190405836778
202154349589
205417587344
205271261268
205523166566
204183650576
210320041935
192618180393
203147272779
196660789060
203748342933
200071014032
209002681061
206918340350
209201630858
202473862221
204849671301
205451916865
205218751270
207461491549
209075953477
191654486718
202327533943
206129905784
202451836412
201901489444
203430663018
208715427035
191050056690
206865407201
206384878099
203061320375
203836477809
207866514383
207698192672
192473884406
208346764748
201315801210
199472053322
208739603206
199955971231
209951654838
192003518494
201105679789
208191579583
202363730677
205296675255
202288220951
203167813952
196476336423
206553334711
207980316740
207803792191
201999431302
208541184731
205426698677
199157679207
200873403992
185856394069
208572170988
205404673640
204539715106
212395566288
195527820638
205692089668
200657632278
209070349297
203631750391
212422303870
206389352658
192766314624
203772595460
204068653004
199804422626
204512239477
204897046047
209277333349
191431325934
208115876685
195908292651
203208443991
182680283251
202391995911
206080637739
195649752821
204997505613
206516362988
214389925229
204856482846
211759393966
207638599264
195208549673
205469029878
204361030419
207897479909
203102226088
214334406797
211711670587
194666077147
203612183921
204824810290
200629302852
203552588350
207880848091
216081645635
193845673829
206500721210
187924035241
207905820436
201695148670
209343156052
207121657987
193952419137
204214385650
205086351252
210364386832
206360326393
204432189935
210937836722
189713843712
203068923556
202339867103
201696417596
208041473976
209181342514
208715085521
191952075023
212885843430
204756635973
204825757991
203639392873
207444658888
211603340948
194054051061
203270972220
183763652403
202900525393
199361629935
204905068090
203946001702
195378835173
204745922655
189633879995
208514665951
201250171821
208439793940
208871516742
191009097847
201211989750
198730070314
203997960246
200543379913
208766342412
204218725720
194963329762
206027706767
198673277000
202398861833
200930772017
213019271121
201318323513
190653467275
202104893555
198897798868
197487801717
200813276007
206775171558
201489632104
194535766699
199198562090
202253035014
208183861880
200401859100
203245640329
206287438460
194540529172
203344098261
204716498027
200872169539
206301419791
204211578891
205234399939
189480290046
202629156607
202606064893
205555698089
203112981366
201169183003
204646582102
190117994358
203060839173
197222133693
204073835023
201134581646
205412165429
203564412098
192832320140
202549965035
204525613952
202535562949
203679635429
201578683334
205329476847
190516572679
198271614321
202400396791
210826447160
199098802636
205088122646
204764344814
190876118053
200916375460
202744938358
198987852968
197489437090
202934866805
207886779453
191186421848
200088557925
198186773269
205236453315
200220308394
203892202491
207071376801
190592185268
195827312153
201288956811
194683004383
200654191039
198249317246
205700573517
190294565597
200606224354
196157142300
203095344676
196142917638
190531745878
202360394820
192324104071
199337888754
193414769570
203026745045
199934352726
204956627105
204916037985
191716578922
200549880987
201641074116
198031050589
199361230054
199498585580
204886300773
189597061268
203150554519
202826237270
196605276644
207884724646
205913954785
199094625049
192674972793
198917390410
200014643140
200976704407
200423334102
201472413135
203257247128
189450874146
202626670547
201107691308
200178469589
201550391706
203051557359
201816296381
191291796805
200946033436
198304748122
203764159958
208162380333
188975513468
205885968621
188195358935
201300969809
204543459017
202043082531
205790165926
204494610317
205357532560
186045226754
196960600641
206858454261
201943420643
200374609277
210233508854
211858131117
195255797546
199425854263
204616843242
200167535589
185032191649
197523843444
203880327122
189116356051
204514546365
200328299688
197856803433
200928571667
199444663844
202293671102
191051423482
199888367416
210044932588
201629689505
205590036316
201891469131
203853697414
188236683831
199584041601
199639054166
200252980330
200664667428
203003706295
202728244519
189318586196
203973272477
203449915795
199987298550
199596026024
202520349024
207727324341
192526339763
201835986708
195794136512
199039184108
201303633082
206761009742
202770429633
187763733673
200428509287
198008532259
198238139619
197198625096
200703678989
198593546945
190931362201
200459595556
199806775766
200314394219
200215387202
203458758254
207181038911
189951629764
198598895811
200457222369
202730802686
202180843173
206293622134
205309272127
190544176139
199856653954
196859305654
200572894308
197256729896
203399003370
204914200385
192055032376
197899656329
198835029272
198126135631
201777615179
205868948006
204355286306
189647926587
201797303004
202094393248
202138624887
205424416062
205885404223
