78028401
77947168
71679686
71178566
77100425
84351974
77685601
77732624
71295724
77611997
71159237
71577973
77800034
77792775
71239839
77533605
78336917
84805556
77465070
77467378
77980169
77947646
78004685
71716263
71429461
77880577
70727359
78724508
78462378
78333627
85448752
86803718
70847132
78919987
77830830
77354377
71650512
71932177
77379085
83591955
77333144
77958313
77387240
77592134
71022229
77074627
71450508
83971488
83899790
77325250
77819426
77526790
76898569
70845975
70874674
70282565
70479501
77239943
77893125
77409074
78521622
83778441
84396098
71024800
78034660
77330316
77866929
84909268
71074675
83704940
78407299
84369065
84332790
76752195
78157665
71439767
78298159
78167804
83802281
77006782
70979073
84053670
84117130
78057452
77607371
84190120
71295330
77177935
83817886
77703838
84467745
84039307
77804735
71326669
78218499
77779217
71852306
77916597
77234149
70821197
77192231
84176318
83874117
77335397
77509265
83873221
77992949
84045066
71327361
77903051
77126060
77919049
78534460
77477083
78042673
77732704
84299244
78437845
70550952
78148264
77928856
78009761
78249574
71107125
77436649
84201138
77298574
77634160
77752871
70958303
78550769
71932720
77560225
77277556
77307099
77408931
77713966
77989283
70555539
77482342
71466878
71794883
77494232
77185598
77902697
71277930
77696788
83963471
78163104
71325186
83974278
83819188
84807051
84894425
76693132
78426829
78606763
77959009
77869422
83849681
71773301
77965634
78190877
71729062
85061298
71783793
86515980
78451421
78567135
77701016
84204107
71447800
71105302
77880143
72151171
84297308
84671633
77135463
77759173
84447914
84667848
78060192
77901387
77446228
77767795
84206507
84662358
71021988
83979563
77030528
77793892
71408063
70798595
83813103
84696536
77226907
78187131
71275725
78858170
78687065
78166984
71688436
77491183
77506611
77637827
77506369
71253317
71478516
71938992
77337621
84173103
71088078
77211596
77652544
84613572
78503232
70586386
83857574
83968177
71664227
84151206
77167994
71138545
78059465
77339727
77819225
70796914
70931428
70429933
71438783
77419389
77781618
77859983
78539324
78807269
78101030
70918401
78379242
71920247
77295457
77619358
77428764
84143494
77989988
71551295
71279615
83779303
77574152
71144473
71148446
71352568
77035416
70893757
77833535
70558443
84021726
84352790
84159477
76987778
70826773
71054762
77966641
77498006
84792151
77336398
84046269
84118342
84383530
77574336
85279035
78419187
78287100
79105825
77641096
77230042
77052492
84125156
83324048
77672867
84579933
70554941
77651576
77145835
72301805
77287436
77912219
84502887
71270757
77607581
84053806
77757326
77817795
78026533
77242519
83895392
70301527
78009005
71178845
71481442
76980319
70755328
71627257
77393346
70591627
78452802
84645918
77376192
84385216
77559873
71785209
83686793
84386591
71540210
84157489
71749110
77468250
84585350
77009127
70289878
77600942
78002359
70708291
71071607
78096670
84241751
84382690
78009599
77603235
77609938
85232631
84280575
84439740
71366503
77841518
77996236
84256868
78839185
77446162
78784146
85489228
71520905
77705806
78217734
78193848
84337010
77392188
71258129
77913989
77577732
78176876
70477391
78117456
71297435
77364885
77328417
77733012
84336956
78087114
71092858
84215609
77425603
78085289
78637902
77027035
83871956
71398442
78440178
83630888
77797269
77641253
84248740
83730663
84948442
78268435
84392041
77901620
71151678
71410625
84379464
77418102
77313387
70916228
89473584
77726578
77440470
70938614
77392508
77166844
77368176
77290588
70746570
79013387
71117228
71338596
71279145
70741686
84196331
71610041
84958969
78363844
83841379
77543155
84714944
84441614
78069328
71151527
77414431
85073823
78131638
84199886
77944828
77710792
77247785
84206643
77541980
79389201
84301728
78609155
70537916
78709792
78473940
77368012
71055954
70795214
71428964
84761698
78069915
70902777
71685105
77318790
71261689
71308917
77309804
77470902
84476051
77329607
70580965
77834599
77508466
71080334
77763450
71054523
78226134
78087678
71306387
71649490
78544032
77533814
77512257
77599161
78157303
71395797
70730170
77323435
77446264
70223513
84152944
83796625
84422458
71031348
77610874
70645282
78919377
84660248
71827449
70794841
77952492
77597020
77035868
78103122
84624731
71564198
78023924
71171039
71720548
78027187
72094874
71697060
84364069
77211748
71392930
71498437
77434500
70653468
77689508
77929302
78044108
71071124
77091469
78117198
84430722
84812495
71468125
77591550
77236581
77427713
70764107
77682324
71352275
84376521
84188442
78251347
78109107
78540107
77569230
71669130
71202890
77671700
84270861
77533940
77981324
84704261
78189025
78480988
72023198
71570308
77625655
77433989
85334481
78041925
70872136
71834782
77172947
71525314
77754045
77589045
84118956
77937360
78682164
84468666
85637906
84175158
77757331
77978298
84923272
71629791
83492960
80933983
70738798
83850201
77470622
76908926
77832227
77403890
77501602
71093925
79417797
77669359
71181626
83613766
71005037
77062515
77197747
70371367
77908562
77254203
77456617
83607323
78016274
77548169
77642612
71439166
76982854
71847074
77241091
78244108
77522362
77930985
77513198
77639767
84403817
77381742
83485833
77602611
77527244
71025683
77300572
83658543
77137303
77541259
85274746
77765813
84772728
71645190
78236490
78239368
86740426
78340852
84239662
77803405
77216766
77811550
70839660
77856189
71508536
79219411
71471200
83923282
71005601
77847884
71131985
77735645
83921113
84181232
71534962
77995800
78555534
77685960
77061302
83981077
77044664
77509602
77346449
70712720
77208547
85065205
84206674
70608192
70865456
77734999
77612456
77627547
77025860
70601730
77615213
78357993
72678914
78147730
84124278
77311618
77208017
70416213
78782070
77434366
77832922
76827098
77629671
77405580
71190938
77344955
84517926
83824049
71545637
78230910
77039393
83942448
77899431
83711754
77770065
77760722
72051423
77275445
84345614
77295372
71196730
77435573
77720050
77594942
77755221
77680013
77603244
83794872
77671055
71056222
77627382
83645620
84044164
77341879
77399563
83827768
77976651
77871498
83410403
77670253
77749739
77488416
77407501
76862503
78160696
76944025
77956008
78303461
71060793
83539873
78458302
71268061
77807002
77893935
72091543
76844835
77802880
78250694
71320315
78365407
84289910
77119318
77093305
70963459
84194014
77242871
83979216
70967290
71531999
84416347
84360366
77597467
71244415
77871688
85033257
83551537
70846986
84177863
84365442
84459542
77783568
77579598
77592625
83456621
72283115
78456860
77978909
71329633
71448834
83855927
83808178
70637506
84863486
70952831
77995317
78317816
84044533
83692537
77712241
78015164
78238766
77133065
71397577
77548773
70877872
71420207
77837041
83602138
83220411
77102402
77201703
78040123
83958873
71283333
77202909
70867080
84843497
77707811
71760853
72217880
78387775
77892830
77102097
77807614
77681975
83947264
78081171
85143160
70914387
84450488
84061450
77301400
78304316
77242281
83223150
70540354
77969057
77281688
77260928
70949080
77521764
77047463
71116110
77616816
72053448
71322731
78301435
71035796
77151341
77932623
71082457
71094556
85119528
77139250
72576336
78950949
78503105
83860630
83392531
77536469
71152766
84901244
78388134
71406701
83500566
83954056
70742328
77956733
84338444
77889702
78147895
83748001
70811819
84262425
76904323
84487598
84606168
84452101
83924050
71561891
78010006
71041726
77129781
70352963
71228257
77558999
78931493
77863823
78186122
77731349
78670917
84264759
77370854
77496842
71610525
84497368
84069040
84216388
84353283
78175894
78484383
83840841
71701701
77429204
71358305
71762483
76844815
77723676
77680346
77141094
77917750
78663289
84132737
71572913
71492059
71065365
84724045
84471299
84493792
78278356
70336948
84069873
72573446
83905020
76991017
78243437
77308123
84160015
84276846
84439193
83551183
84322179
84488512
71105809
84031280
78099326
70708351
77255777
84026326
77735926
84310883
70692424
78469406
77474217
84227997
71738339
78169944
84523814
78750644
77403512
71028142
77355369
77280272
69956296
71651173
71101702
77312594
71854575
84366983
70687622
77339429
77932621
77338647
78201826
71148799
77265867
78173177
83813147
77429297
84827156
83929168
78528311
77450919
77717860
77235353
78002941
78368805
70795847
79877949
72164890
78371004
71760681
83615370
77863033
84040418
77867005
77562604
84112258
84638576
84020939
77699013
72442952
78452401
84860512
70908056
77413747
70974962
78976850
77720503
77277227
70806846
78561380
77186705
70602488
77669105
84878911
83705026
84339414
78304335
77411825
84108253
70519295
83854714
71151919
70587697
77798362
77635758
78881641
84288662
77627657
71140042
71104773
71099496
77376792
71261305
78027724
71398411
78556824
71725390
84510265
84805039
78017338
77737550
70805151
83560437
71155790
70650625
71519250
77056210
77456704
70999101
84139918
78097712
71716374
77935856
78115011
70727560
78605291
77134016
77372769
70249189
77428918
78422574
78141239
70953729
76726110
71209335
77646445
78183129
78233667
77668550
78017360
71170150
77082993
77031448
78031256
