6
8
75
111
124
215
138
276
272
287
404
369
482
507
576
572
622
614
184
679
249
678
776
570
673
362
910
928
956
91
146
785
852
749
357
1263
650
847
2150
765
1441
1454
1537
106
1648
833
743
763
1002
1940
1386
1181
74
2038
2007
116
2238
1262
2262
2305
2274
1826
1552
92
2430
1130
2044
2606
1256
1134
1430
2803
2672
2944
562
664
57
613
1267
1464
1477
534
4085
2521
192
2449
1252
2395
2128
1759
2737
3553
89
59
1038
783
2175
645
1710
3907
712
661
443
3968
1432
220
530
864
817
2424
65
5429
434
424
413
157
994
131
933
2531
527
1550
891
1231
387
2329
2385
763
615
1911
3562
1601
4287
78
76
2266
5164
331
670
784
927
2720
2314
485
4267
645
265
1166
3552
2193
1514
3021
1932
993
55
1415
394
2867
3865
4016
692
4343
1551
1995
734
388
452
3767
2505
786
22
178
1076
814
719
4395
2739
315
512
2105
1618
845
6317
149
2553
2363
243
26
1828
228
2625
2658
259
1198
683
1690
1033
114
225
426
5203
899
337
1564
1318
460
933
368
697
2727
844
1757
4268
2733
4229
517
524
118
2247
140
1514
1044
1129
80
2096
2042
1599
3498
3184
2282
999
2741
183
1697
102
2635
2431
739
3917
3088
1320
3283
2252
5939
4698
1039
119
647
503
2003
330
2173
177
47
666
392
363
2843
1586
5408
59
108
3297
303
2844
1584
31
3574
884
399
187
2892
1225
211
802
739
3533
3493
915
1424
135
343
613
381
3773
924
639
457
664
1627
601
475
39
291
3663
1633
4134
495
1088
8396
1537
2051
3
202
1629
502
271
362
185
2596
347
259
3261
4095
929
2073
4584
838
1925
6
1475
1063
3433
925
912
175
4571
1106
368
2310
1011
491
796
220
1865
244
387
484
18
617
5209
439
2156
3750
574
2146
1807
249
442
263
1182
3421
7084
1847
3244
4081
1146
2247
214
416
1205
2378
3853
2120
693
5523
845
5032
157
1416
156
1053
675
2452
156
1556
1472
2704
726
2176
4691
3476
2116
413
680
405
1029
241
357
1379
1228
1807
1181
1541
327
6724
255
204
501
3496
249
1055
756
1495
1289
367
1842
1560
946
210
896
2708
400
2651
1319
3562
143
4391
351
255
116
816
1219
4898
2555
569
6532
167
144
2100
293
325
738
397
1799
312
139
884
3187
1007
210
807
2221
3216
374
1595
568
1688
1090
160
144
1188
1249
2449
1298
7165
816
5953
1281
340
618
1697
1858
1198
655
1001
891
3552
5257
709
2194
783
1842
1456
3574
325
1266
476
1129
2603
803
7567
910
1188
211
147
1243
957
146
4935
1106
3059
4133
368
308
1353
525
989
2552
9755
1429
674
89
582
966
2166
779
2337
635
658
1117
3185
471
984
1832
600
644
346
4977
1063
6472
1645
23
170
1549
821
2509
55
448
2495
706
3393
564
1746
199
607
7688
1656
242
1224
6460
4538
411
1196
2007
101
1964
187
258
844
225
952
806
79
775
425
3
3315
1807
788
386
681
2828
1020
1322
483
679
606
996
2227
1609
1209
7221
2132
25
505
171
1040
1879
2468
3744
2576
113
1920
1098
1484
2004
324
1609
1308
1084
3967
1914
1877
878
1893
635
458
5129
1796
2844
625
707
277
2372
132
1242
1586
2908
600
172
2008
864
1342
2313
2510
1792
859
1158
53
1174
2250
1193
1560
4239
3489
1326
1433
366
2947
5042
1830
365
592
340
1473
2433
938
494
936
3570
3175
72
212
2500
953
2461
5276
545
4109
2683
1677
1791
6050
4540
1915
251
424
879
106
32
1654
150
1136
602
1544
398
55
139
1251
53
1039
1180
903
168
19
215
1197
94
1355
1425
924
1345
504
3214
138
513
4223
515
2996
347
810
662
5819
531
972
943
467
235
198
104
129
5
209
660
720
2236
2472
240
1706
1927
1870
1170
643
3273
203
1058
1243
615
1437
893
342
1645
293
664
1081
319
1970
304
388
3368
2721
303
2057
434
2085
245
649
744
1448
387
862
598
6152
980
558
300
1087
1555
4472
513
469
3458
4743
980
410
1009
1976
1381
439
620
4452
1053
472
1103
105
3706
3965
546
2766
3388
1247
3971
352
271
984
2531
1625
1893
210
425
12
1222
984
220
4
1197
3700
700
2303
562
149
91
3152
37
35
107
8581
583
1213
1818
1883
2584
211
909
1529
121
392
388
1756
1151
534
1913
994
1264
1399
416
2836
2212
645
186
515
2221
2082
2939
2226
395
3019
1671
1568
3556
433
1869
5950
131
1581
3679
289
47
6732
3847
4183
1540
1280
2425
2458
1064
6062
99
4887
1535
110
1693
1344
4297
349
90
2764
722
287
864
4141
5265
1401
1150
341
121
3921
204
2101
548
1574
249
60
8613
9011
1692
1564
349
4330
1584
2954
71
1914
2292
840
1690
1173
1008
185
1619
1090
3826
108
293
446
4669
154
2180
712
1912
5100
576
910
1676
445
1517
615
4253
3089
892
3607
339
478
390
4285
5180
1606
1267
2688
334
1927
65
5834
461
1220
3580
1325
440
2257
4126
1463
470
4297
1911
64
2821
179
164
2122
709
970
588
874
4279
1258
964
306
4450
982
2398
767
3597
126
705
341
2248
1144
159
1807
2994
852
1143
1629
277
664
163
514
2914
1016
190
599
171
1629
1699
748
365
2385
1857
2619
1313
962
550
267
3605
515
5644
886
4170
431
1990
1435
1983
510
412
391
1700
3379
2230
7590
710
975
1322
2804
3553
3229
8057
1039
2286
286
331
3167
227
979
3093
3290
1719
236
196
1396
6742
4
1039
1042
1508
330
3072
3054
2541
635
790
1511
2864
333
301
4210
2584
1106
1538
1128
4927
882
24
610
3812
2356
6
3204
2334
2567
1097
1258
562
62
1329
109
3364
2850
1312
643
483
4375
3125
498
1565
4189
273
134
389
1723
3770
1916
1349
824
627
247
3196
1179
1825
61
3906
1533
759
113
519
642
273
1586
2645
1256
1243
1135
920
4951
1015
2424
699
7744
319
309
7205
796
342
1024
3253
20
1177
6180
635
623
2021
892
939
1884
451
332
3012
683
608
835
1314
900
1067
2706
4418
390
474
4627
363
235
32
1360
1929
2076
2088
2545
1578
148
838
335
1756
536
3751
2373
181
421
2201
779
3118
66
1155
675
770
3022
3436
1197
1153
594
1441
2580
945
4750
239
542
252
1563
6543
3079
1848
3211
44
440
722
4780
234
2174
1889
2011
7237
569
953
1166
1050
225
2080
644
2601
1250
163
521
469
1465
2316
1987
6469
2114
1646
1012
1688
1309
576
6061
563
2100
2089
2833
755
1548
2297
1646
44
1356
119
145
383
634
3471
2662
1300
2013
3219
4369
179
825
712
1583
45
2470
813
8152
2374
59
413
1673
1672
2845
4699
756
1258
1485
793
1378
356
853
3795
1958
536
310
1074
2882
363
24
922
45
1221
387
410
309
1205
731
829
351
869
1415
768
644
648
1149
165
82
1212
229
497
2817
3406
158
2135
635
1661
3071
2978
1921
1460
2962
201
1968
592
6462
482
1930
3498
2126
218
1965
3471
607
311
6421
2275
2357
1365
538
1351
604
1613
332
377
1227
1237
308
733
1477
8171
371
693
2015
1468
4220
748
2074
809
2053
2463
313
365
1079
142
29
546
1804
1036
2152
1245
180
1202
4776
1289
2279
1078
2118
1237
210
2162
696
270
11
2619
3383
420
710
849
3745
5366
231
298
4264
434
2275
1696
2389
5466
734
1502
1627
274
1174
861
6394
3198
5144
3955
1387
1614
704
422
1045
2709
5412
283
1760
1564
947
361
1856
158
2985
1702
3700
5443
4781
1743
1438
496
2283
4851
217
889
1397
75
1405
2297
1509
178
1076
1919
1794
749
636
419
730
1806
878
7243
305
1217
9
429
247
342
411
703
338
260
315
1158
280
175
3076
4535
1466
1114
4041
945
4163
2278
2918
268
995
1902
737
285
7363
2223
726
810
658
220
1224
1413
2150
3511
1081
688
231
5795
2404
1078
1167
426
900
450
1188
84
2049
682
89
2666
14828
634
592
632
4703
272
667
216
588
3088
357
766
2270
1301
3493
3878
567
6539
4754
561
8
7934
896
4116
3867
1013
323
591
2391
322
85
1331
250
2067
2834
6902
2838
3647
2151
108
1526
1889
973
806
2651
229
4019
330
1858
949
153
249
731
1393
1602
2580
1169
282
1947
4392
2639
128
2314
965
131
1932
117
1273
351
300
231
1496
1000
1099
3211
167
1167
3545
864
2636
1818
374
1415
3662
593
528
999
138
2828
2540
4406
3
954
89
1171
3288
1681
74
101
433
1228
216
204
1169
68
3388
8506
781
1603
1825
3554
742
23
48
255
719
2506
532
582
2020
301
1241
705
388
2147
118
383
2012
3635
868
689
468
5772
174
3758
3067
6438
322
1561
1455
1177
3113
3808
201
4119
2404
1600
2655
506
164
1000
1063
606
1560
3916
2905
631
702
2305
607
882
868
4696
507
186
2687
1364
474
430
714
2240
3851
496
953
990
5725
8941
2588
1723
2512
2375
626
189
2007
182
861
3153
39
2078
384
1927
4899
450
3134
1287
299
7736
281
295
156
2688
1811
1168
2379
1202
1216
3253
1200
514
38
1007
2266
671
2446
123
4566
204
865
4185
5039
1147
2973
248
1215
333
3564
358
3160
2121
24
333
1227
295
3255
2340
1904
384
194
538
507
1659
4709
653
1126
1549
894
1190
528
1071
557
2957
2918
2198
220
1912
111
507
1168
188
1373
616
273
4130
1776
1814
38
2878
880
344
467
2503
432
1279
285
2374
496
2208
7341
800
2895
474
212
1160
765
614
4046
1015
1169
90
2213
1168
4221
3108
80
528
678
1268
187
761
407
2457
3068
1405
599
2487
1099
174
2310
92
1056
1158
258
3122
341
882
579
483
2250
113
195
1006
3318
1996
338
258
617
6528
863
1876
614
1165
390
1059
1131
122
236
3953
1223
174
1427
62
336
592
755
1582
997
3127
997
1029
1536
80
831
1976
264
1004
1547
77
497
2342
614
5738
23
839
1498
3670
500
1005
2776
580
48
2054
95
2400
1730
282
414
3507
1915
1455
1507
722
1407
1393
1791
291
515
1894
1169
46
5027
727
3563
354
2546
37
764
553
1248
161
1488
1607
1329
1294
1848
776
4106
1174
3692
666
5326
754
1170
372
62
3200
26
7068
50
723
3753
1227
24
4902
2163
651
2387
1639
857
291
1324
2923
737
43
1714
1105
1803
3003
1397
72
319
314
1754
3485
2137
2173
274
504
1143
1537
3217
5124
3043
1098
811
3778
2189
576
990
3981
186
2493
1107
132
281
96
469
1121
1242
4218
980
706
4982
771
675
2074
2669
1853
1434
258
434
214
1224
229
60
1700
112
2433
10892
1768
513
354
1085
477
2904
2964
998
3604
97
2371
110
1427
1663
2841
597
1201
1841
1890
1058
352
141
4966
189
1090
3393
1521
1484
54
1171
1626
638
1414
184
2345
2823
4447
3778
290
300
40
536
848
1010
1895
190
1953
1151
213
834
649
1836
1289
4474
3306
3374
519
514
2780
1746
1341
1501
876
437
371
1240
52
722
2292
754
2462
707
335
2196
2775
1073
1053
733
5055
771
39
380
1499
5778
585
1536
4900
460
661
1880
66
44
1756
2079
197
2179
2369
870
1337
2239
1171
765
176
828
545
1478
14
3459
2131
1860
903
60
2376
428
1005
656
2386
1733
204
1107
103
3720
1254
3142
560
1926
3088
1376
3389
1037
1756
1176
2000
2294
2298
944
2140
101
970
521
1232
597
497
1259
2349
161
1933
54
200
516
2786
78
790
969
874
1412
4822
77
2091
707
309
2412
155
320
49
4038
3150
1721
348
1134
1881
1460
1045
1960
895
2827
412
2178
397
442
149
1252
1909
351
955
979
1732
580
3246
3654
4800
349
209
575
1502
207
2036
4293
348
1845
151
362
2330
1464
1974
729
1037
2801
702
2529
3300
418
969
1926
2653
1434
2739
605
1812
4686
777
3800
3861
1527
5504
1024
497
584
322
168
568
1744
806
108
154
58
765
2006
1753
3339
581
1374
166
597
1990
1083
610
803
2095
349
799
1028
3793
1029
301
1298
731
2652
1196
3708
632
3067
714
3072
331
2406
2448
1543
959
355
718
1310
4745
2923
1648
2256
4112
699
2525
649
2301
4
1917
186
2251
910
479
378
2380
1741
127
668
86
4308
314
321
2346
1027
150
1598
3094
3127
294
792
56
265
996
1187
1467
15
828
1808
1063
1788
319
3
5332
868
3129
519
1538
8715
1146
72
200
9349
590
1589
104
3378
2266
1612
940
95
16
2761
1199
230
125
5976
29
622
3468
785
1812
471
2386
380
719
348
1373
1099
1487
1296
773
257
1087
167
202
411
1935
2174
1024
24
1914
2704
3033
3622
717
1792
564
683
3351
217
1470
190
551
164
3986
1683
319
1122
182
77
1071
642
2710
1028
348
404
390
1444
726
1229
3135
2752
1332
124
387
1582
786
5760
584
3868
4120
730
407
3578
31
1753
449
660
121
5921
1223
7728
3937
1452
163
1290
2269
5058
82
1172
209
18
179
336
329
1331
209
4614
2018
229
2467
922
1623
2790
402
1340
1040
244
27
7881
927
943
834
4455
1060
1169
496
2945
1243
1068
1326
299
947
1170
5684
342
1741
1017
864
1189
2209
848
2207
1785
435
5142
117
2152
616
66
195
1678
726
3303
1083
573
1004
1067
2088
2818
893
1248
21
1092
541
76
185
139
1910
2678
1632
918
688
831
1845
1494
234
3163
1370
1276
1134
3136
320
2493
186
4470
141
396
976
2074
2332
294
6943
1478
369
329
705
651
1464
205
469
1634
2248
2956
1488
1796
2946
1842
585
149
3122
4196
948
104
738
1715
334
4292
1029
198
5427
1035
730
1963
658
955
6792
712
808
4644
3234
1025
2520
121
601
2869
52
1024
4159
1006
284
771
1455
1488
116
305
1299
3733
1742
813
238
3152
25
62
1632
571
1817
224
1837
348
52
288
1808
912
1488
1795
3322
1562
1008
3056
1061
5415
135
1889
384
410
515
22
3077
187
3070
3488
459
792
539
327
488
4478
2081
1281
4363
28
3260
740
3794
1917
533
4567
3762
1697
1134
1875
1344
252
5264
1188
858
3539
587
3411
237
236
3216
189
184
732
1738
1652
495
341
2245
753
1091
1224
1331
382
1710
3456
2172
1102
561
3559
487
1162
1469
137
1534
137
183
13
2835
2628
339
1741
580
889
848
233
379
883
17
400
2420
121
521
482
1611
2170
599
2753
248
1567
6486
2093
1947
1735
259
369
361
1483
536
134
1091
1579
4014
72
840
1711
1663
940
321
1696
988
756
945
1701
1740
1918
191
258
482
1298
502
471
2168
1216
1634
906
386
1349
500
569
80
1567
513
1018
1352
219
768
315
993
3202
3482
236
1144
6
1485
4594
585
370
4527
2570
1101
1209
364
1584
161
564
889
764
879
292
1352
3839
1906
44
550
3902
875
1663
67
184
806
3337
2238
1224
301
482
2226
2466
1140
1687
3567
511
3279
933
170
3086
2554
1299
324
2742
1947
2415
875
478
2205
573
1600
519
974
2916
522
3116
1646
116
495
587
734
1548
6
719
761
601
1701
550
11
53
2283
1579
284
409
792
795
1685
2080
3157
1437
2919
433
1397
1055
439
593
5444
489
3380
2280
1306
1549
2300
2114
2010
641
141
387
1309
1220
1728
309
750
266
162
4806
426
599
86
3631
2774
362
1531
634
16
39
587
2139
223
821
293
10622
211
1123
754
1488
730
6810
1185
1138
831
329
1216
1069
3664
1037
3629
2852
6209
1275
8782
1053
841
1311
2539
1722
766
2066
281
2496
1350
590
3319
359
215
8126
105
1986
166
481
588
150
822
3926
310
215
1511
2125
1795
95
3170
1899
1919
967
319
3439
6152
2116
1678
112
940
455
2014
965
835
122
142
3390
2607
969
2096
1372
5094
2442
1349
542
3825
1668
4392
940
1388
569
2510
687
48
2059
307
1426
308
321
691
1353
133
1919
672
291
1634
336
93
302
1220
1369
570
1536
3297
729
331
1627
758
7874
626
1464
542
1120
778
61
96
1261
677
2453
2090
3336
3420
3431
2651
1919
804
225
4184
224
1748
920
2303
2769
1157
4090
844
109
3417
1925
77
1974
1249
705
1548
1007
419
1025
366
4157
1834
1123
2497
599
3610
1366
788
74
78
821
30
461
2420
1315
462
173
1151
2439
887
496
706
1242
1707
203
237
250
360
1859
277
6513
1414
454
229
271
906
273
492
524
73
504
3685
1498
211
48
2295
1578
1093
1681
3319
1395
195
1653
1117
3516
1517
4114
999
921
3768
1038
405
1164
1013
998
1737
44
5734
144
885
319
357
654
1758
983
637
385
1565
1813
925
1719
1621
5594
1847
1386
6714
5440
330
85
1240
2007
2872
3564
2479
1452
1146
122
3703
91
244
206
29
558
215
2129
3848
3947
345
2880
762
4694
1212
1340
1334
2355
1192
3052
65
533
2532
2485
1220
1707
2662
817
156
708
1125
2937
430
2600
2976
1246
741
1974
787
2906
433
1717
1190
523
107
1964
1413
335
496
739
30
1690
106
4099
5096
884
2788
238
926
5868
294
3910
6205
1612
1319
97
370
1338
1035
1028
1958
3164
1555
80
191
903
630
353
2184
1615
974
476
421
1293
2841
294
425
3100
2963
3206
238
1925
1218
124
783
1040
36
582
653
2258
2326
1380
3533
1776
2329
156
65
2038
1691
6971
270
5778
3586
345
2247
3664
1233
1379
2613
1333
3459
179
132
1627
835
3464
1168
1629
2051
1272
560
1460
354
3949
4227
27
219
1301
3377
1078
926
72
248
359
4735
359
2757
227
1654
302
919
331
610
783
1030
3919
1627
340
1570
722
1449
1495
1495
2798
325
263
3423
136
464
564
1115
1036
3158
3537
3140
699
759
326
1654
5723
890
3523
1064
129
867
885
786
425
1195
1849
828
276
3995
588
51
1605
44
1778
804
947
713
683
1513
523
3397
574
958
834
132
1075
391
264
160
613
656
3017
476
2004
2819
1690
15
330
943
1643
169
1271
74
532
367
41
561
123
2028
1184
92
87
1218
481
1336
239
218
965
287
859
1813
3357
462
799
117
842
1568
1900
1041
320
1842
1302
1993
3056
560
666
1488
3200
1381
12
8
16
381
2103
42
3281
116
189
439
164
138
888
47
2400
234
179
377
663
855
340
1446
2941
46
1502
61
1250
3368
966
844
2831
284
6924
1044
2364
761
2553
522
790
122
55
1197
2265
1540
1328
452
740
27
970
410
3153
1905
4219
5746
3206
3613
1415
2064
290
482
3394
2575
1341
2470
1825
1328
1694
269
377
7905
47
1719
2624
1770
23
1841
2068
2936
4378
2009
1081
3522
503
495
3712
4570
1371
1193
480
3556
427
4
2206
2164
118
92
613
142
2655
2187
737
116
1971
1036
967
1072
2990
288
3915
2465
481
1519
2109
580
1466
426
1246
217
610
287
161
3526
923
706
290
86
2378
2394
1999
160
352
1261
889
1485
1890
631
2008
1712
2279
1256
790
347
2495
1068
1916
3694
3199
1343
234
179
115
1663
2579
2368
1291
1836
979
4697
1529
461
1078
4019
1544
1237
1512
324
1591
78
1061
250
2441
331
81
2192
1557
442
410
1102
1286
1120
254
497
1402
2182
1969
855
174
3780
220
3889
3006
3736
343
355
46
1450
475
1235
398
3187
2273
492
1245
2994
1758
1589
150
168
2066
1651
678
1077
2948
4508
430
2551
2721
345
1931
3017
197
754
3082
4248
2110
1724
998
4634
463
651
743
453
968
3697
621
84
3983
210
2833
2106
3354
847
2592
196
272
1629
1430
666
157
64
1458
663
228
3316
1233
1383
1346
273
2028
2192
100
1376
404
439
936
1162
267
1802
2480
3708
1155
3389
479
1508
995
1727
795
22
1586
2049
2961
1700
1614
3333
819
3078
8572
705
1021
165
339
161
1066
2286
2302
4234
1512
760
495
3190
259
1016
1609
28
594
691
673
625
1256
586
1939
4652
3696
2088
1026
1111
2218
1826
152
2105
3954
1727
862
4686
401
336
81
826
2588
1421
2415
890
369
909
10136
756
327
881
3771
23
787
4195
206
5331
468
1273
1199
999
1295
141
947
75
1316
2376
413
1625
1167
127
359
1872
614
531
3700
340
1664
526
2091
684
3064
1206
4775
486
1159
3548
524
310
171
590
39
1484
197
2494
1147
460
4383
4014
1940
2336
139
1770
4991
4856
778
1764
160
37
838
572
3809
4783
648
727
451
3990
2267
329
287
701
1051
166
305
1041
2193
586
668
3870
1978
2688
201
2223
6252
165
1125
827
1553
233
730
1544
4305
214
3614
329
943
2472
3285
2352
68
1251
366
1660
219
1670
1697
1481
616
468
2283
1867
4023
685
66
121
1041
299
252
4875
210
1062
3542
302
1555
2497
1282
688
2467
2200
3173
1113
262
592
532
2612
223
2225
493
799
983
1144
434
2295
986
1931
1929
275
1966
2053
364
2194
14
2452
485
735
257
1957
1082
431
3393
4236
1180
5106
69
894
211
1848
1189
833
950
15
1409
1350
203
1293
210
476
1012
14
6901
493
3072
1393
350
4835
66
1586
2390
1546
995
766
1238
4384
60
529
448
483
169
928
3956
3681
34
190
677
1861
2040
839
3126
1754
2188
2778
2718
4252
345
923
160
1005
1128
1863
2165
82
1168
219
1125
259
685
2552
1766
242
211
4863
1176
2091
1141
1051
167
224
4135
1381
3844
118
645
4192
1684
1205
1763
2503
543
4087
100
1209
416
2659
402
281
140
490
3133
1303
1445
6226
709
2164
7510
1179
228
344
933
4214
5494
1383
3475
3225
977
358
2642
292
812
1370
655
4060
137
860
3854
160
50
366
1177
2170
2714
341
910
90
3677
1335
5126
1911
1075
1212
781
685
811
1695
450
612
909
51
84
810
1150
101
238
1543
3622
3976
1521
4263
732
1781
591
474
25
122
2676
1572
344
1054
632
270
2869
8900
954
160
4122
6446
528
523
1493
1398
770
872
185
2764
1406
2089
1150
3707
25
299
41
270
626
88
917
2236
157
1287
1385
4835
89
959
1560
89
676
4229
1048
99
661
1542
83
781
2226
6313
576
1157
385
60
1374
1669
132
964
190
871
663
18
1668
446
3304
487
696
2049
1974
306
1254
12
1879
3011
1756
2731
806
995
111
779
1382
463
365
456
1963
311
537
39
1194
626
585
2129
413
536
1449
31
3689
2863
1449
135
1490
1031
1136
663
1627
711
8117
1334
1128
2361
1489
3091
995
1785
4066
471
386
1063
122
1474
1419
6869
3736
60
1010
2752
38
1278
10
1639
595
4576
182
227
307
61
85
1384
4626
392
210
214
37
3150
1041
2502
1654
857
634
958
458
137
1462
71
84
627
796
420
579
2262
1123
900
655
220
1518
232
3327
1616
87
922
698
6201
3040
852
2410
1911
1588
443
346
2576
1008
1605
539
5290
484
1197
3323
1570
1904
381
962
1274
2205
1008
1138
4453
2055
5502
442
1264
301
4776
115
1960
907
357
2857
737
927
312
920
4256
2109
2148
2585
1342
351
210
288
576
599
943
3715
5119
2695
1612
705
284
4015
2007
7819
146
1689
567
1084
182
680
2661
610
3538
6345
1846
885
6505
773
632
2269
472
884
1882
731
1955
319
703
2601
6297
3894
1951
1505
680
1290
1461
4267
1623
588
1562
3814
328
1011
3859
507
1908
371
1496
208
3976
476
524
831
962
1666
6384
1851
1133
98
1424
2173
1482
149
636
245
3275
665
1267
1057
4523
257
3049
1303
563
128
444
4498
1346
1795
421
703
425
3597
895
2490
1741
233
925
1880
618
1800
441
3786
3238
2985
691
2430
3795
805
1587
248
1741
2979
276
202
451
113
984
619
850
535
456
534
3521
586
1053
996
406
2744
2557
6167
69
345
317
739
1152
2092
136
69
1429
5432
2101
3187
177
2666
1642
3733
107
343
2601
1398
683
1762
1933
557
509
1024
890
425
422
757
2886
1251
3717
6326
639
1479
974
9836
4217
3762
777
2717
1770
2855
1357
2946
1826
6835
2676
941
1678
637
2325
360
48
2955
1121
2916
7671
1797
1417
664
1708
612
2053
7155
747
500
1428
632
2220
3990
606
2840
262
17
499
41
42
1607
557
5333
8261
2260
3893
2257
1843
784
2285
383
171
2213
774
1257
49
3011
25
543
1298
1614
1562
492
2080
3306
2621
1973
1866
810
30
710
44
756
1824
2971
1795
213
354
732
802
347
241
1122
2005
883
724
998
316
1373
1388
1260
778
5179
930
78
26
1665
2894
645
289
1690
199
1163
1993
5008
6443
3800
1133
1398
159
1059
4034
1384
1699
723
2936
372
498
873
739
2014
304
754
363
211
73
66
996
1178
2079
2678
130
754
717
1666
2724
1523
32
1191
4938
183
2959
97
93
1922
409
1845
866
111
558
1221
1651
1239
1074
380
519
107
367
461
5300
1284
1804
669
389
1872
385
4222
429
226
177
1517
325
2034
4751
1630
1714
3694
602
3460
171
1756
1136
1300
70
3524
1218
1462
1063
3282
272
93
503
2714
85
256
3280
1668
520
804
528
2305
739
1503
100
1004
2374
1026
1296
479
431
1438
78
825
257
1461
1091
474
5127
318
2427
1474
176
373
1501
1848
430
1099
5675
3
6572
940
4214
1739
289
2004
392
12721
94
941
2755
3113
90
915
1356
557
836
191
127
3324
2097
457
322
18
2354
865
560
264
707
645
2957
72
4138
433
489
3870
805
990
2437
2094
430
1664
1516
2373
783
3799
2170
1667
3534
4581
2335
3744
343
318
1159
3015
1058
1405
2313
1035
487
2153
2166
1142
1365
3817
977
1222
2258
4011
435
766
1899
2215
457
329
8715
113
141
381
495
1245
67
1216
2065
1218
442
1725
2651
2786
5043
1129
4792
448
1962
1617
674
1371
314
669
1485
3406
3227
1546
1221
2399
8377
281
961
1487
88
315
262
4833
808
396
1067
3135
485
237
1183
3785
194
1453
1970
1695
470
166
112
536
568
4753
633
2438
3822
958
2961
1573
104
347
195
1001
142
4069
559
186
529
504
921
2024
2163
1026
799
1531
428
262
284
1235
1507
40
1878
279
403
1204
5137
3835
714
209
1248
619
843
3031
4283
5282
2350
1291
1639
381
6460
5659
351
1060
1105
956
2338
1325
530
2749
1641
160
955
23
951
2275
1894
1378
1985
1470
4386
1844
3377
901
436
789
210
6186
505
46
3091
109
1100
8141
249
155
97
1276
1705
510
894
849
1572
2648
3079
235
241
2496
1793
427
4996
158
163
3476
3562
1398
275
1033
1392
123
1129
2151
3663
3816
542
7719
266
130
851
295
425
558
1132
3205
823
3561
772
73
1638
709
1254
4375
998
1696
4066
610
90
501
276
55
1422
2787
644
309
2238
2855
458
1001
1755
1290
642
918
362
1402
1208
229
2139
922
1443
1687
1127
386
385
931
1318
594
1581
289
47
483
167
752
2434
229
366
2503
4998
1099
1687
201
34
2436
747
464
2108
1291
831
2232
233
1056
966
679
577
305
2734
590
684
417
116
1373
3867
4030
291
746
719
1960
16
3054
593
1785
284
199
2585
775
925
902
4583
1022
817
369
509
28
49
1462
405
1767
702
1118
33
40
2435
353
194
2566
1934
1665
2414
343
1615
1742
863
2371
2185
363
14
1291
149
630
747
725
146
777
248
1147
1727
2243
649
469
766
5300
2943
3892
361
603
3106
2559
1188
740
1859
3943
383
677
983
1168
2984
2086
47
1027
840
1706
10251
1510
3004
372
859
1363
1429
1032
918
4684
234
5614
1414
190
26
515
452
1093
156
3721
2703
3735
375
5842
3902
1461
571
2837
4197
1131
1040
133
129
374
3583
2328
472
240
9964
7695
1090
1019
271
204
3116
2409
711
839
240
1453
156
192
5884
555
1848
2756
440
3589
2050
2523
5098
205
127
3344
638
3550
721
1151
2806
267
2812
147
1106
1887
1698
1866
688
300
101
217
1830
2720
655
2265
1633
2119
1501
2117
5234
1851
2512
396
1731
2188
1284
2113
6777
3100
1817
1657
479
250
1341
686
463
2947
407
356
359
973
1425
941
493
2143
656
2763
6366
2206
7854
2434
1552
144
1931
897
1812
51
483
246
3619
501
188
1359
160
3303
531
8158
97
1612
1847
267
1716
3028
1574
224
886
689
2622
3926
391
1396
1651
1530
13
1846
2941
2311
53
736
42
827
59
529
162
971
1291
6661
659
3077
695
4369
1806
1123
109
4684
831
898
1655
149
2306
2520
2053
44
565
97
2199
1627
584
578
427
2489
415
743
2478
801
964
123
1424
2146
546
1219
1030
340
489
861
770
1529
2170
831
147
155
393
39
798
1033
680
294
4612
1211
528
3382
393
363
157
1742
957
819
364
1382
2463
1396
1160
269
3790
1943
1802
276
2179
502
2695
5286
1412
1737
1344
1049
13
2498
97
2337
1322
2008
1189
338
664
2584
3244
284
2270
1323
4455
344
864
938
103
640
285
542
4810
1937
1143
790
712
381
142
186
1005
1058
162
1803
945
170
341
723
399
1725
356
866
412
1695
1164
386
697
2675
4965
526
348
1977
2
618
223
1570
2275
1875
231
2275
2856
2206
665
491
614
109
350
1038
1513
362
620
439
2658
469
4068
726
1046
437
670
243
513
825
2398
640
495
1383
2795
279
1416
704
2085
495
1065
266
91
2233
130
2149
2821
3169
1709
1396
1695
4055
4127
4767
2408
1727
1239
274
2321
566
3479
999
1651
323
168
1042
3233
2333
1493
630
2808
622
218
709
467
1152
2097
4626
230
1810
498
1790
410
3817
5967
689
86
2076
2182
346
158
154
1347
184
1650
931
229
159
1376
361
4977
4006
887
4982
2741
93
60
603
1294
2129
2127
2336
2280
321
429
1475
2693
1005
431
3799
1082
377
502
7016
1357
544
245
2503
1000
1018
7613
694
786
6322
1759
1559
950
1335
1847
993
356
3363
852
3002
766
1987
825
720
1488
1333
3467
641
988
1345
718
1061
3580
4636
855
619
2489
1625
735
444
5405
678
2596
725
1322
174
1164
1738
15
1124
201
584
2599
827
549
2846
134
2997
1409
1186
843
365
3480
582
3126
357
2604
443
3537
697
6307
611
2246
45
4977
2894
364
1399
3895
952
1644
515
729
2129
1957
1134
956
849
307
3361
1064
4213
650
159
812
850
120
136
256
302
1640
240
3248
371
2101
352
4434
197
1134
641
31
1173
1038
674
1322
1436
2518
2008
295
2414
567
2190
4026
475
566
286
452
616
413
26
1846
1524
1334
18
757
38
1380
2746
310
1544
762
818
2039
3659
291
137
882
1026
1133
302
618
164
170
2267
5974
42
2583
947
431
2274
218
1893
108
1406
4024
738
3300
2324
1164
892
631
410
1920
965
2168
454
1418
168
187
1795
4978
4712
1531
557
326
3368
854
3054
2566
4861
773
2328
1980
763
224
22
685
2008
1019
329
2509
1029
588
1710
156
45
155
62
208
627
539
584
1428
1201
947
794
1116
1693
179
652
250
4951
2845
2563
4115
1388
1239
430
1446
1663
1334
2093
717
3181
1631
193
512
552
611
1190
2715
4940
621
1200
757
225
652
41
1864
66
1251
606
1837
1783
145
549
1903
2335
771
862
1063
2979
482
574
465
173
1024
290
2952
405
628
1549
1710
4689
193
938
172
4161
758
15
26
272
547
1920
3379
343
5553
3017
1972
491
1421
654
3609
1205
5685
2192
321
132
941
2097
721
2463
2802
1095
1651
253
2373
1198
2378
1018
1666
748
4354
342
506
387
1920
1516
5398
434
3100
3638
3675
1239
369
3765
1027
2799
1416
489
1157
700
800
241
2644
3652
44
516
786
189
2173
727
629
187
3206
1172
1432
1500
174
3127
866
413
5704
1547
1046
816
24
2268
1288
1559
1131
1341
4413
1330
837
197
1593
3922
2201
2072
1758
231
1172
19
3209
1563
482
1751
220
1453
318
290
32
748
5303
897
244
1403
2131
1818
1725
3230
1100
1653
1113
432
490
532
5013
512
4139
1961
2754
919
1856
1031
21
2179
2039
5145
3965
60
2167
1357
1213
2267
603
194
685
874
184
2695
353
441
926
2722
2995
2067
4735
131
1344
2533
356
994
989
597
600
4181
987
660
4280
332
1262
2821
4032
2027
1189
753
1963
2326
1902
3785
1677
1671
1388
3260
403
5155
4361
5567
222
1544
1320
139
206
1697
234
4653
2763
5520
916
283
1029
3092
1066
3042
130
281
3545
308
98
239
4191
100
391
204
119
2071
892
8
3062
79
1382
1970
1025
528
1710
1531
856
1162
1894
3100
715
1624
793
539
4423
1709
2181
1593
2299
429
3002
1115
1968
961
619
2441
1337
8
1853
1817
2670
378
2258
714
350
155
2343
742
207
1292
1404
546
59
4268
179
486
84
2049
249
3603
149
1573
1470
252
5179
941
161
187
725
1896
4967
4104
1695
246
2589
570
173
4165
3474
501
1166
1391
1056
1375
1237
389
296
3419
918
600
387
573
1412
1155
514
112
101
440
349
391
37
136
2309
3708
60
2720
2655
1947
500
4046
48
1141
5441
4519
5326
2940
2032
294
351
4118
2030
152
97
867
539
13022
1002
5505
2610
6702
4803
227
1199
1970
201
1338
483
926
3840
2968
363
663
1749
893
28
3979
528
3198
1108
262
1758
717
3006
9
876
2615
2680
661
1099
2382
2323
2127
1033
1945
213
1836
630
858
3162
46
3770
397
1363
659
381
304
924
173
1156
2543
1573
89
5
97
672
424
173
1269
861
586
1125
2392
582
1544
3392
3913
1202
1641
1813
416
910
161
2845
884
312
1456
806
265
96
4549
864
528
3235
751
353
1063
1836
8268
1236
183
2670
6
808
229
984
130
1896
556
306
496
591
2131
516
72
2356
312
3008
500
1181
2503
361
736
1285
483
1266
1320
1168
762
3906
319
532
2259
5331
2713
1543
723
243
293
390
3299
2589
219
2125
775
1537
5559
349
2119
884
2999
23
882
393
713
540
2661
979
3276
1928
1326
944
811
1437
101
3595
3450
3621
13486
2335
232
373
6690
1579
1514
615
182
3082
450
1937
1150
296
760
420
385
1735
2116
587
1417
1015
321
374
131
463
1657
586
2108
1393
1159
5338
708
441
4392
1235
471
1623
617
1174
2152
27
461
157
283
10609
1591
3990
334
924
2888
897
915
1315
528
153
523
2760
1607
672
340
1478
464
1032
680
3048
610
2598
1669
752
563
118
2352
188
545
1224
823
2531
2259
983
2340
172
2019
776
425
3224
1134
2430
263
2569
385
1975
213
507
1332
173
268
498
414
829
2068
639
3024
407
2897
810
1046
214
66
605
35
1767
62
1237
632
2487
1730
451
753
3647
163
382
460
2601
554
105
2831
738
5351
2212
951
3529
151
1598
5557
2845
2291
3002
846
1426
376
744
1976
1216
1919
1403
1275
207
793
2371
1536
686
740
2361
335
2354
1842
4690
133
549
227
274
1102
168
585
433
327
2587
855
824
131
1219
1165
1513
574
2513
360
2211
1002
65
849
1126
2769
1396
2443
163
355
873
1438
1487
3888
785
8637
1131
126
2507
4805
47
5374
1293
2738
254
43
3383
4462
1082
3338
484
97
1942
1870
2501
2083
988
707
1627
2712
3577
2797
351
1947
181
5169
944
6337
530
3390
1279
315
127
4147
980
534
1871
3062
728
927
3370
1902
608
667
1142
817
256
123
2008
95
26
3007
1031
2409
3188
1601
1336
249
933
1400
882
795
996
2224
2335
1518
986
1143
4335
418
2145
506
763
183
1974
5578
2018
4808
3117
2036
1065
981
494
417
99
1266
1184
945
500
2812
43
66
74
3022
187
2639
978
9
1029
844
1492
19
3276
2504
3023
2247
701
2362
1454
1284
413
4559
1536
4106
433
1172
1216
1153
279
1499
2014
129
2006
884
523
688
337
2062
3154
80
88
2236
8994
895
3200
728
380
1674
721
1161
2631
2629
753
1090
811
149
4162
373
6718
3063
1945
3320
2308
465
632
1633
7440
2939
1197
3226
1000
2271
6234
655
315
3307
96
945
497
305
2207
7694
439
310
5771
345
2263
5445
777
43
723
346
1342
555
1458
2698
4
814
671
3941
3294
2430
644
76
2938
4878
6106
430
182
511
1726
565
592
1296
2275
222
1643
476
3622
240
1174
2343
2757
1192
900
49
1658
2955
540
763
4502
865
313
824
1330
97
1648
401
2086
4533
453
6424
5327
757
2857
2061
860
3717
1142
1086
7302
5454
2522
29
3244
2789
44
488
5442
362
458
2989
1741
1505
2053
184
995
207
3626
6103
478
2129
1932
2960
140
526
4611
870
2501
3329
2150
3450
382
414
1127
190
2049
1475
665
2701
5897
1301
1178
3603
402
1454
184
259
218
1015
1011
7305
395
2003
3789
2737
1437
702
3367
2531
476
762
1935
523
261
974
658
978
1405
3089
372
1868
1030
613
1218
2771
912
122
2474
183
1720
2219
501
820
38
2469
1702
5651
662
836
1068
905
2681
4270
1651
437
1478
82
2656
1434
1041
1849
114
1392
19
563
1923
423
1383
255
507
2377
887
135
1963
675
4844
1255
1058
713
2371
93
1490
4857
1379
760
394
945
4456
1856
1930
435
494
1028
1025
83
2397
2266
769
4028
230
106
4547
3817
516
871
501
3043
1360
6843
1484
1715
2231
1294
556
939
2039
4186
125
718
1343
1538
704
1447
1168
1903
2804
877
172
345
4404
2277
785
485
27
825
4247
1101
2599
598
3877
1341
351
165
433
1706
3036
1591
3286
1476
1824
487
1527
697
1346
1795
1745
147
4639
575
1228
1416
4069
512
102
1570
1462
1513
382
2713
893
181
383
558
5525
3623
2643
464
515
300
6324
335
427
1991
3916
1168
850
1775
2503
1130
326
574
1704
1780
617
217
2222
1954
122
1163
923
628
380
3296
1325
1096
870
697
2805
1748
541
1482
55
5576
186
416
5022
3648
493
316
2006
249
643
1135
3608
2373
1903
1914
1690
55
1732
496
128
884
492
374
473
434
4479
1274
284
63
1249
1085
192
299
1422
2884
3277
2986
531
1803
672
1483
16
462
1071
769
3191
1104
1947
150
688
3189
651
1553
1787
2691
404
890
887
860
2363
47
2269
602
806
2687
686
4323
4167
441
5697
1341
873
664
2791
1925
1362
407
1091
799
315
1028
1935
652
1717
677
825
1035
5004
541
311
706
11
518
3329
5017
1229
178
577
1029
5062
1140
342
119
806
1833
138
1012
3883
986
480
79
1130
830
354
438
45
62
1296
138
171
1834
167
5140
1472
739
2030
1840
3330
2908
763
6209
2603
3245
484
1071
1373
1634
654
475
2559
83
642
610
7139
1217
356
2376
1403
827
1805
821
63
440
27
1573
223
1288
1971
4076
3395
648
1274
3394
208
1340
361
4885
1353
362
610
157
1272
773
1625
483
4641
400
305
4
985
3872
774
1779
717
3
731
595
3120
784
3419
483
58
15
143
8116
121
4600
346
1069
1466
217
1043
2722
109
1390
163
1374
682
136
5332
990
1091
5993
1341
3162
849
470
4829
5796
4354
1483
3253
1924
702
653
1507
3966
730
252
3273
1290
3102
57
807
5600
3426
789
203
554
2391
702
946
868
653
73
231
2684
3059
1203
509
882
1001
1541
399
2346
2398
104
385
615
2271
959
1240
443
1399
318
1653
684
442
1478
2028
1061
515
6240
250
985
876
1281
1307
797
2020
108
1344
1038
747
708
1246
1957
1608
364
2584
174
57
2695
3554
619
352
428
72
361
925
1656
17
1306
218
1934
1103
2087
1550
490
562
110
1774
1017
2396
64
2389
68
288
575
635
170
277
3640
822
551
2212
645
81
183
322
90
6354
4498
3358
1012
1174
1026
304
1183
60
1071
1590
72
362
2751
131
521
1110
756
1059
216
1905
5614
6652
1068
3036
2326
2228
1879
1589
3060
386
691
516
705
141
1756
856
1000
1238
3477
462
1873
680
246
1084
24
464
3617
1388
381
213
956
325
1525
662
423
3520
84
251
2405
672
729
744
352
140
728
3451
1369
1038
883
1210
994
633
847
1899
1960
225
2476
1840
480
1978
2397
1289
742
1527
4855
1999
3396
660
3963
2932
1855
2420
5
3571
361
2493
3683
32
2033
342
4338
1372
413
810
412
1830
1776
3309
4702
664
754
1253
1369
419
466
475
653
2837
2348
710
1776
2739
556
1283
2567
3135
2207
3430
103
99
412
245
901
641
1147
1141
6326
337
134
887
4245
4287
4321
743
1195
172
1035
1924
797
166
3110
264
1165
3501
2282
700
2415
1081
3015
177
203
651
2867
2735
2764
202
1536
456
518
363
2139
1128
1209
372
2667
1640
1616
1421
1239
887
2301
763
881
950
130
810
304
524
2441
845
1196
583
1865
4530
2759
861
4706
104
3140
2066
6033
1231
18
3090
3869
1698
1068
670
2465
1000
458
1755
2262
3973
223
1255
2115
404
655
330
2551
407
666
1831
3429
2940
409
1271
6587
166
3655
523
1811
6332
3812
2777
508
260
194
469
2642
174
805
2874
2140
77
3832
778
608
2495
484
6259
581
2710
1053
1096
138
448
1501
55
337
1832
627
1280
111
3409
1684
1069
1959
1683
1856
7900
164
1107
1266
666
856
376
503
2078
1621
6944
1032
524
572
3074
1371
710
222
2540
1765
2229
2390
3471
1919
176
116
550
306
1169
889
891
446
1835
408
1883
1681
1541
6
2669
320
290
4856
243
38
3963
1309
644
347
645
52
4385
8186
2426
1988
335
5479
319
486
1590
994
4229
1009
1280
3699
2096
671
264
868
1272
6440
1453
2920
1540
1714
1493
99
885
2883
5
1525
245
1395
3486
668
3918
1174
828
2225
69
1612
207
720
1411
1143
7147
1575
3215
202
1298
2054
693
9
24
3876
385
1752
1108
5294
284
2627
4976
122
3684
241
2367
330
4293
195
3337
438
586
910
498
1561
1400
4957
6674
6969
4775
746
3462
2102
168
1572
3300
2316
506
283
492
1412
910
6056
4481
1050
1735
221
9400
1166
1080
1131
1037
439
876
1086
1318
1405
4461
1265
758
624
746
1002
5099
101
2281
479
1360
2891
10
4409
5645
2296
395
2211
1406
1897
3447
317
539
3241
552
468
56
2453
2019
59
194
2531
167
1640
1102
2539
2492
310
6094
85
934
439
531
410
229
334
494
3023
455
381
832
1078
816
1290
255
881
552
2402
33
1711
2795
280
1921
786
689
465
873
2193
93
1161
785
51
3008
1043
1295
224
1471
526
825
837
2591
1449
1258
133
763
94
504
105
108
529
2255
157
559
2462
48
969
7494
119
346
2297
794
782
1416
1290
459
805
913
871
171
1264
311
359
3532
10
1865
290
178
3554
587
1390
1276
1112
802
2080
91
2242
108
134
7094
2486
507
7336
2126
370
752
2098
585
2815
4684
1504
1689
1991
39
3123
1783
938
1550
2426
192
1266
666
423
1903
60
2327
704
211
1706
1349
527
1805
968
1028
956
2701
124
1150
1880
1562
395
469
369
1708
1608
1296
887
1717
275
2196
1016
1137
3407
92
999
1855
2344
598
2833
1542
287
1402
1507
5744
1132
4548
475
1375
5184
800
1053
1246
4212
1140
215
456
1208
667
186
1754
456
1310
1118
3081
2796
1252
90
1245
2673
819
394
1001
171
96
1856
1920
3835
2703
253
7400
3105
3424
687
1376
734
475
765
1099
1552
1652
669
1806
545
600
1614
2408
1250
132
192
989
1091
1455
1760
2161
455
792
2984
5634
852
725
1164
283
1578
586
2843
1393
1140
1599
4924
743
814
1017
3171
1204
3818
3251
199
2316
560
78
1120
1017
1603
993
8091
2472
2449
143
193
270
1079
198
4551
5514
1969
1836
1466
1594
6029
221
887
722
3562
2988
929
3377
2519
391
1220
21
2869
51
212
1217
792
1797
1899
566
3248
1296
1993
3825
3963
1327
1380
2487
1379
1180
144
296
1965
1077
311
384
2106
2507
450
1604
115
1015
1096
1451
75
3340
604
1269
1545
281
740
483
673
491
706
327
359
66
681
648
340
4702
2137
234
2636
907
715
1564
3755
736
115
715
1091
5256
302
1557
6875
464
2436
646
1480
2822
2087
471
5190
1080
1211
345
2768
325
1199
875
613
422
2064
2079
4020
6015
1716
897
628
494
533
120
325
5132
895
1721
1404
30
243
162
395
643
1124
1295
88
452
1681
988
903
1709
486
857
9607
3848
1961
4496
2041
421
1135
106
549
1762
1128
2179
1513
134
1758
706
256
1037
2306
2362
748
328
555
234
1029
253
2680
648
961
1739
670
1814
730
561
5330
795
453
2662
1515
286
1046
3515
3485
4206
2027
30
467
492
1247
358
1029
56
934
2422
1986
621
505
522
593
1387
597
758
681
2116
1054
1032
1588
215
1062
760
269
967
1656
2562
522
628
52
1261
420
812
4078
335
2632
761
1705
3729
4028
627
481
1120
133
577
1616
6714
477
1461
2690
321
1223
1753
1273
748
2349
910
217
305
3236
1726
685
1637
802
1809
122
903
43
77
910
917
584
619
269
720
1694
1219
2101
1705
1161
596
1354
249
1984
911
1293
2486
1976
769
1215
5800
2165
5535
2628
227
663
221
1418
812
371
2693
814
126
2721
1156
884
322
3275
1755
1106
402
3105
2643
1702
1521
1388
2850
37
2404
233
582
354
345
1404
357
6817
335
164
328
1014
6620
2149
1337
5944
750
284
731
837
63
503
1099
4595
6649
284
530
190
770
3509
2347
4250
3608
3005
165
2138
814
514
94
584
1323
6214
3246
304
950
1762
204
2088
13
494
1216
237
48
219
1068
589
1625
2901
1653
1184
2729
301
5800
55
573
808
1803
389
221
958
2975
2136
96
2744
484
2973
445
2970
4445
314
3226
4283
685
454
2138
564
590
5315
865
1805
631
1375
1277
2194
438
2981
758
1517
3921
12
759
2667
448
236
94
854
112
1077
2913
680
126
336
1966
3755
5095
1276
1929
1305
2307
3144
1837
847
2259
195
149
970
314
373
941
289
349
1030
2226
2840
1519
6215
1797
1859
881
3763
411
2196
73
1124
7278
2909
459
833
3445
2105
1294
1536
280
348
2550
6038
322
1312
47
239
760
929
199
2250
220
320
1410
378
2573
211
908
221
1383
1064
2602
746
2058
4065
962
2463
3353
2408
1501
428
1582
5142
35
844
992
1674
1309
260
335
2689
505
370
772
1258
274
2972
1017
892
868
635
1801
363
503
1081
2948
2563
1080
1049
376
332
135
2389
3576
568
1603
571
935
773
63
326
633
3115
501
1232
1629
3992
2158
331
144
493
2641
285
1169
3059
607
3919
59
1106
627
1079
2327
11176
746
2140
8912
526
1020
1549
7010
917
4220
1037
698
1224
3468
1471
124
3258
128
427
3247
2443
627
70
637
1834
3139
3500
2164
176
391
486
1841
2310
291
1295
661
1183
1040
604
1831
2555
7
719
1335
1235
1380
1587
861
161
653
8044
1339
150
1322
597
2527
236
50
655
1397
179
2746
266
1780
5482
2137
2602
3873
9456
5080
1332
3367
1181
414
648
5043
4937
327
534
1240
150
1201
1412
171
539
1518
39
1389
1817
3274
2683
709
3008
123
2494
923
239
187
1926
3596
464
4112
80
2365
701
488
486
377
182
854
4642
2069
919
2004
2357
591
5182
5379
3097
836
704
2160
927
302
7189
748
1485
1460
1421
695
619
3605
1983
755
2251
2064
5140
2405
577
2390
579
356
964
1053
2651
3288
1467
591
1328
575
344
605
567
974
779
1138
996
4775
1437
2058
1899
1971
1209
222
2125
883
322
98
546
1416
2285
673
629
2247
1839
6340
263
2023
375
3238
468
577
588
2228
528
1466
1939
551
2233
49
29
915
3026
938
172
827
564
516
3207
55
725
601
2923
576
2705
2445
316
976
73
816
1827
532
428
606
4145
7497
3982
3950
280
1153
1413
476
2365
623
336
1265
2243
1366
1367
2444
2390
6125
3481
190
166
2340
3818
1828
726
412
926
690
1001
453
104
358
2546
1907
18
2442
10
3997
933
998
1494
490
2357
4959
205
580
3656
680
2892
345
269
818
4166
83
647
355
3823
1327
1374
875
159
905
450
6981
439
2180
344
2625
600
146
432
1513
127
1215
959
500
3049
966
298
3673
238
2093
2762
4427
975
141
760
158
1374
1201
2322
349
4394
340
869
716
966
842
2148
1489
309
348
191
1359
721
708
2323
3256
17
1635
578
137
2221
351
987
83
1159
1452
121
540
1094
1449
1249
550
1238
1693
1736
1837
2300
932
5735
2137
1135
532
2806
533
572
532
2180
150
1855
926
1804
765
905
581
5435
39
7
814
1173
1501
709
997
398
2902
246
1988
1562
5681
2143
177
661
51
821
1897
1081
1116
1504
152
1926
418
2619
882
4526
6253
1777
338
618
7205
1566
585
373
495
5436
961
788
733
4167
3060
2030
350
2864
1701
585
20
1261
3159
30
271
187
2347
5425
3109
351
6613
3404
282
5666
123
2507
617
2123
1807
1137
1601
585
1792
1584
1112
1692
4194
5196
683
1843
858
186
3155
761
1029
1698
1114
1515
211
1136
2435
89
2381
4159
1459
245
959
2930
1321
2301
1481
1261
1407
1021
802
742
599
85
887
2456
2351
967
257
2268
281
200
1160
297
160
170
826
1923
170
183
80
1615
2459
420
3558
1745
1212
1477
687
7952
2143
3902
569
960
1597
7331
741
2624
1802
1397
9343
3034
118
668
1574
2698
631
1352
430
1134
1036
32
144
2586
1325
1268
392
199
489
877
3530
2261
2605
87
1660
1450
1554
1578
1209
267
2531
385
154
6264
2756
539
604
1024
603
3236
2753
636
1240
710
73
3248
3000
1991
51
142
915
12605
222
10282
930
3110
435
521
637
469
5902
4935
851
2316
823
5032
1209
540
1461
1514
74
491
54
1356
1288
3022
1930
966
743
291
39
672
1589
19
315
1681
2139
210
830
674
2157
814
957
2584
127
1850
2439
1759
127
693
986
81
694
1037
803
5636
2426
807
655
1605
2043
312
69
1423
2989
2053
526
2459
3650
454
406
173
2533
789
371
233
1412
2383
1513
1954
981
2992
3741
183
402
1342
1137
190
4171
563
210
98
982
102
1827
1878
369
4314
47
202
2887
1723
881
310
1591
2987
581
1562
76
1657
1586
1036
772
595
992
919
614
6415
224
1068
926
312
305
6095
1453
2271
1271
3620
1098
966
3024
3338
3905
2898
2303
4813
652
2030
1540
1839
1918
2017
599
331
2201
2382
341
1508
824
1277
1131
233
785
5135
78
3331
720
3246
3200
1411
306
411
568
590
830
933
198
171
3930
1221
627
129
653
1557
795
1037
5488
1546
2058
1076
148
774
108
3028
1136
166
598
1567
2497
172
660
307
914
2613
422
856
459
4138
4091
3216
7404
2047
113
586
39
343
2612
384
523
1273
2291
3008
172
3721
908
89
1344
6607
8
3291
1520
1074
1345
3198
1382
997
269
2472
638
274
2269
1427
2920
1338
4799
567
1232
321
4935
970
807
4657
1204
4145
1579
1526
1158
550
2556
699
57
120
3651
2138
3847
428
845
658
2749
170
1032
3075
1774
296
2822
1421
3927
1729
2262
1224
398
891
611
639
1148
815
3552
390
97
290
1722
927
5036
104
230
1344
57
283
2626
715
1445
100
25
839
601
536
1346
2002
276
215
390
119
1414
1244
72
1373
1931
792
2394
750
3481
392
587
284
97
964
1624
131
453
964
348
5972
594
3680
2977
387
1997
1100
2251
1390
679
346
104
1928
3221
1463
1899
7676
1610
1224
659
7417
815
2243
261
16
231
2697
733
2939
886
942
3045
6115
2379
570
813
212
1772
528
300
3425
1105
461
361
1911
1192
112
349
1320
741
253
217
417
4569
648
3459
2670
3292
35
1972
1633
201
1645
64
4235
465
223
1335
439
535
2203
1196
2536
273
646
1782
1915
1495
2906
8
449
2453
2034
2216
518
5534
1971
241
415
1962
735
3810
50
928
523
263
1553
60
1586
1284
115
2965
3537
5195
1527
1726
2126
4
2214
451
536
3592
111
268
6451
1413
6248
456
964
1784
70
3351
715
52
5380
795
173
15
52
144
863
774
125
1118
99
722
687
807
1358
1060
597
26
523
3466
92
958
1891
2058
873
1601
802
750
508
832
1253
7790
3865
2102
1391
716
384
825
325
958
944
1720
2115
9482
1340
1183
1799
165
704
2162
1218
4494
4717
1776
2516
1246
1213
60
1050
791
3516
202
735
377
1099
648
815
818
1546
370
116
639
164
2844
1016
57
799
650
1731
363
2394
1796
2958
1222
769
1418
1118
230
376
272
1816
1216
481
3004
1729
2989
1568
259
295
2703
1095
343
439
193
173
1037
872
3057
523
3260
1562
3606
1390
2188
3158
3693
3079
2373
19
1129
396
449
991
300
693
1638
1617
2729
229
647
3007
318
610
2731
1356
1115
5074
1264
691
291
177
1060
1141
933
2339
68
199
306
544
334
508
1987
625
95
985
3342
485
844
281
477
511
594
97
5151
914
946
979
1446
1939
177
3242
2983
1844
179
1002
1172
3394
149
1343
3857
468
1127
467
186
1045
4301
1994
64
1024
1508
81
647
249
901
1104
1588
926
49
200
3604
464
3939
4
5527
7633
1741
455
2437
5065
208
2021
4819
923
109
718
1019
1500
6340
673
321
3451
387
2509
919
10
1130
92
6313
2427
297
391
135
2278
60
401
1416
2186
3665
1447
999
1209
3321
1782
2898
2108
5779
2957
399
3529
3368
4840
405
5416
2511
3018
106
52
1644
2336
1591
1039
2390
2368
89
44
3448
5378
1017
1892
6195
7840
328
431
903
1159
860
1689
132
3659
31
2058
1445
725
307
527
1661
795
1234
4606
156
951
343
125
375
1580
2607
761
1686
1377
226
11767
2146
1792
1711
1364
5130
1927
1028
2223
883
898
3524
3896
2644
1627
2810
1471
819
881
777
2879
869
3219
424
947
1528
1379
948
397
2159
1523
668
425
5230
488
759
2408
1976
1467
1519
1605
600
1912
1058
72
1401
1091
688
3
1196
111
196
1123
2330
4811
1077
1074
1296
392
1132
139
3412
1395
1347
2068
395
337
4278
1608
1008
1459
1048
109
1049
283
5917
1277
83
1314
30
4384
1215
1432
1942
3720
124
1233
979
2037
3320
697
2869
240
402
4559
115
888
5174
11
1383
1251
2812
2304
447
4026
58
167
486
735
2727
586
259
2650
238
266
1636
3659
1412
106
3931
190
2997
4039
936
2
1050
1114
437
2024
1517
1816
4651
756
2152
5187
1409
1584
2720
433
287
2698
124
627
1047
268
989
4589
268
838
2427
1187
56
1496
1858
575
3289
683
2493
848
73
688
1534
2575
340
2601
980
259
1208
1345
1398
20
6490
385
27
837
259
723
1446
1374
4420
921
4335
1739
2881
66
3887
2162
1817
1408
2981
1668
3132
204
1435
79
1481
3835
125
3224
1009
2620
1575
1695
1245
5662
1263
357
348
1022
4471
1040
1315
561
500
305
395
1227
1686
4226
341
928
1880
338
59
