27
71
135
231
241
314
181
324
420
446
444
889
926
90
801
835
933
940
1083
5
8
778
1107
1129
1157
77
790
1299
1278
48
1532
1535
278
1768
1806
664
1839
1169
362
1953
1939
47
1712
1391
311
1959
2494
969
2351
1495
2765
2825
2911
359
3168
203
4302
1062
1164
1185
3484
2345
261
3544
143
361
1801
1851
3538
230
3784
1018
1614
3609
2111
3080
3508
482
449
450
4421
2928
4210
1027
4535
1098
902
760
113
3394
3586
811
4037
1771
4530
1210
170
522
3045
5055
2312
1770
131
359
1705
244
807
795
1791
1928
2343
385
609
1567
1082
877
2541
419
558
200
5544
6372
1595
580
1025
5753
2284
483
5248
6009
184
4584
694
407
773
773
2994
2977
1332
1423
113
1372
417
5013
93
486
8151
700
8204
289
3466
4267
8428
2420
5399
3384
3363
6636
1424
236
4157
504
2625
6307
3595
3512
1362
1767
5106
1087
1889
860
1296
423
4819
274
1524
612
2474
1133
573
7579
618
1381
1509
3873
331
2003
5300
1741
5438
1186
3524
5768
972
7034
665
1425
1255
2938
455
2412
3052
2042
2962
4247
2653
2193
1792
6215
1423
906
170
1010
4556
3481
7203
2646
1758
974
2017
1291
969
1492
2249
221
277
1539
21
329
1065
4683
4271
6677
1841
1708
4839
1662
151
4429
6694
4471
1220
2216
2310
4012
5538
2296
1494
191
2571
24
94
7243
2156
691
3484
1146
3299
1522
2409
4560
2099
158
822
230
6560
3196
949
2406
490
5218
6052
951
4937
3889
3719
1089
242
2026
209
984
1491
3168
1357
2119
3174
1279
2197
846
522
1204
5149
2072
1443
1726
6656
3221
6593
1059
46
1483
1253
1537
11479
1457
3668
987
485
11733
3358
2597
7192
1087
1696
4691
459
2344
926
2907
5073
1203
477
709
7906
1435
952
1950
6
4193
2174
1453
11400
276
2533
1364
2174
1255
6421
7530
3002
2126
1283
6029
548
1183
1099
2130
976
2515
3487
99
78
633
4090
3287
4009
22
450
3699
493
2878
3465
577
5210
235
828
1527
1386
285
5
691
1657
1888
55
3764
2252
2409
494
1588
1678
526
2692
2315
530
609
1285
2069
572
804
3932
662
2078
949
1529
135
732
631
2500
617
813
4713
2806
2630
4146
2430
990
52
1285
1099
622
4118
2920
249
6111
4216
1101
538
1106
1488
4501
1297
5145
2395
1788
3087
98
689
2843
251
317
161
568
1292
144
2717
1978
992
1775
6987
1481
554
483
7652
968
3385
1830
187
6928
2077
512
1372
247
1523
450
789
5138
128
605
1737
424
1670
4162
1173
1617
4158
7106
689
2939
592
634
1588
2319
3322
2799
522
3277
849
861
6881
1399
1564
125
2695
2135
3190
1688
615
1027
916
1311
1269
5547
2079
41
4378
3733
915
3317
758
650
1153
1944
469
1931
7
571
549
1110
180
119
3409
3404
1800
689
5236
992
1505
372
2662
1963
784
1468
1209
8305
2164
3216
178
3597
4313
116
678
1918
1181
1812
1717
1351
2119
343
1158
601
2243
2173
455
9825
749
597
1993
851
4654
2244
1625
225
5849
437
850
1281
110
18
1203
423
1456
2566
2687
160
1606
141
2525
1873
2262
265
692
793
1102
1941
1753
534
2847
271
1109
2279
1802
2114
412
3406
2182
3868
2752
484
188
250
893
7545
3044
2153
3345
2721
547
7340
4987
2172
3148
9909
963
362
426
344
1164
261
4878
266
869
3359
1399
89
118
387
333
1992
4092
1715
735
2234
1358
345
750
3702
818
1548
4696
2808
1680
235
2197
793
2186
4858
1672
83
1271
757
1061
310
1155
2303
485
1742
13293
5044
7798
180
434
808
4055
4
349
224
574
3170
986
1936
123
2597
545
2619
1401
1893
177
2357
556
15
199
1317
1220
1516
13226
179
2575
1105
1695
4215
1150
2962
1723
1908
712
4222
1970
4865
4151
1176
320
2414
389
3187
474
375
291
1782
1923
1041
2899
998
1399
2447
8951
530
2240
1343
1319
1664
607
623
949
671
1998
2212
979
3162
4634
2665
788
1553
3039
90
501
432
1391
4423
998
285
903
10648
8010
2715
3123
2881
1487
2646
6924
5661
140
190
33
277
9174
213
5424
704
178
5687
473
941
1312
507
1787
1629
1849
1489
4348
1364
458
2055
650
1187
2728
3157
1625
3314
4944
1966
2056
803
2025
3058
2128
1142
5070
5113
83
159
3370
1461
6877
3605
5186
3639
337
1813
378
1318
1335
2973
2522
1737
5525
5124
112
544
908
1905
893
1077
2510
3
3366
2059
473
3702
4872
846
59
6984
30
592
614
2481
2441
3081
1742
1598
1282
357
782
1205
765
1108
5572
903
1420
562
1375
1056
145
177
17581
1460
3755
3197
1025
1674
262
2086
603
1745
1455
2272
367
615
1132
419
381
922
379
2560
423
161
1773
975
817
3862
465
351
722
339
1482
534
1974
757
590
148
518
2367
3152
4169
332
1567
189
154
1178
303
2059
7442
79
1981
818
10205
154
742
2317
4770
79
3326
1377
1267
6037
1042
91
3817
142
1979
1584
621
3415
290
708
64
1675
1788
1017
1179
5172
295
338
610
1665
1515
1939
317
214
3150
1358
270
7
134
4745
6951
586
2354
27
3732
33
907
1608
1032
5131
8245
1158
86
2282
3846
896
1248
4526
9148
1137
1999
3380
2249
2707
6200
190
367
11428
1282
4101
2201
2832
140
577
3383
1351
12048
1953
1051
6012
1042
623
1842
1480
507
187
236
4034
2772
1884
4207
2370
8537
2394
3230
2236
762
967
2202
1016
171
3233
595
3828
1124
349
416
703
6779
75
1054
497
3108
465
176
7495
2338
1108
1279
4116
7
230
3051
2322
207
1127
715
1765
5126
8700
9071
3192
3593
1797
2654
1344
1544
1441
4340
3531
280
2633
2244
181
6486
576
2135
1436
1274
2040
192
3834
2375
1278
3286
637
391
3905
337
2875
13081
4313
1495
2183
1393
771
1286
2143
1364
1850
1416
4399
888
2748
523
416
1339
3907
115
471
1009
3656
1552
131
864
2056
549
888
5105
2158
141
2161
2416
39
985
2989
2261
2712
642
2024
1074
811
1289
1918
6632
2630
967
3225
3
431
308
1103
316
1007
1145
32
475
343
6274
2956
2362
959
5947
2592
3306
958
2800
9244
50
4446
1807
4167
5601
1739
5846
1873
870
847
955
347
1904
4554
3823
883
993
797
322
2232
59
3599
1118
967
5276
3392
490
83
637
2922
6249
1725
964
5931
872
160
6532
1280
308
3691
762
855
3182
2260
2216
5692
1054
1982
2040
2093
453
3948
44
920
350
4142
8316
47
2977
3474
299
2716
1967
1452
9015
1459
172
5523
1076
3359
803
1170
1237
1089
4485
677
3878
2427
1810
591
3801
566
911
323
5374
15
1628
937
1471
665
228
2901
1824
1476
2558
2710
2065
2836
3043
2000
1053
1176
3611
2153
4194
347
671
8070
984
1559
317
243
1137
2113
2507
2735
3181
2431
606
1577
163
902
156
920
721
206
1728
7728
1343
869
5703
2171
697
1930
1002
1665
3391
75
2296
5084
5713
1842
6236
211
7284
235
3262
472
910
658
2189
6483
1130
1334
1129
1345
629
707
718
4460
1995
1938
207
11022
1361
2106
2085
280
1288
605
1495
4749
298
2388
1718
326
868
1023
3334
1388
1344
11515
8204
1390
5023
3865
66
2163
5040
1915
3268
241
3704
1035
1050
396
1795
4495
3973
738
341
719
10079
188
445
1025
3400
1742
683
1087
39
677
108
27
1567
63
5513
1735
830
698
211
2299
34
4035
4710
3373
2094
303
2389
407
751
973
4354
372
103
573
3548
5473
1550
605
2347
1327
689
1169
2755
4075
2686
2745
1969
490
3570
3515
6238
1606
594
1838
2052
1734
10309
1347
1688
3374
3701
1570
66
179
3144
1645
3747
408
533
401
1387
937
27
6238
2306
56
9091
2120
2388
129
1776
158
106
816
2131
902
78
1248
4647
1417
1797
1324
5502
609
419
675
1598
3537
10453
112
3217
1181
1005
2384
160
275
508
1623
3439
7904
3107
3319
2890
5627
2390
247
1240
1856
1414
4691
2693
603
8050
1320
341
3777
279
1293
1972
3340
1729
1204
814
1989
303
5210
77
638
1701
1215
7896
1813
512
550
3268
2148
496
985
259
355
1036
1561
6896
2414
2378
678
5184
5087
6410
27
634
4697
41
8938
2568
208
3324
1818
212
825
4242
5119
2530
4403
2120
1282
78
1189
2513
5969
204
256
1043
1279
1404
187
1643
1513
975
1395
898
3141
2540
3318
1855
771
2691
3037
1828
96
3439
8181
1041
14
2090
1719
856
664
2681
147
1442
947
4216
3999
659
874
1547
966
774
2485
1368
865
1086
63
6511
779
1620
6611
716
6135
81
1291
104
1725
485
117
1198
4141
752
1340
641
393
4063
2034
1136
1023
342
1197
1894
1591
2315
1840
2822
4154
3753
436
1170
13126
1679
1070
951
5140
164
846
1993
1786
735
739
1806
533
538
2648
530
1167
3116
1133
955
6847
2833
172
1221
2492
296
1126
1461
6193
1101
104
3462
633
2675
552
513
1777
2535
4005
336
423
139
807
126
773
1549
1930
2678
345
855
140
111
2345
3123
825
830
1684
5991
1681
891
1196
320
882
295
2286
2436
4926
6594
2032
519
1481
1491
6105
4042
595
544
2561
3032
622
1094
769
1639
500
1977
748
34
421
277
335
5662
541
1129
99
906
1758
235
1247
1028
334
625
624
1273
50
1286
1576
310
4848
395
960
2374
926
500
611
922
6545
200
385
2852
923
271
2322
2817
611
4
1075
1054
239
4946
114
364
2370
4863
3638
1216
3184
440
1045
1716
207
4608
458
350
1155
1494
1100
738
1072
265
283
4974
1773
863
326
166
322
2040
385
114
34
2242
1760
2381
3147
1930
5994
7281
431
2457
4705
1587
1870
9392
858
339
361
88
973
1101
1666
3136
3883
6632
545
1361
3346
1218
2751
2113
675
1392
640
826
10249
296
1627
549
2414
4125
57
1686
291
281
323
47
1544
939
1593
991
440
7123
411
1090
3477
5802
3218
1795
389
2073
2357
1199
41
711
1224
415
1009
899
1211
265
1652
2274
3979
2214
3838
1660
673
63
2678
3069
297
1196
2685
1145
2652
772
280
3065
493
655
5425
7474
3353
14933
1006
182
907
5868
2140
696
2797
1372
872
2462
1619
3328
20
423
2050
2972
3191
4704
544
1222
5749
160
4650
3182
570
152
674
658
7389
2178
439
108
3290
5005
1786
665
8947
7229
2377
2408
3959
549
2348
837
3617
1135
850
806
1763
471
182
2882
1836
544
9218
5087
1710
472
2172
4504
1357
750
1344
569
5024
1028
1211
10874
66
364
1542
2294
213
477
50
4766
196
886
1100
875
575
1638
5467
3320
988
810
1125
1667
363
4079
1954
442
2515
1600
39
615
741
597
2950
2576
1545
3130
5723
1150
1136
1120
1812
1458
1366
4000
5226
2129
2845
499
1074
2499
564
1052
54
352
2439
384
1106
590
527
5600
943
6115
625
1485
2223
3738
277
4513
1126
1230
2386
612
2176
3153
246
1027
18
59
905
4746
5723
2557
252
2844
349
463
2088
584
1311
2282
1643
643
3372
473
892
1112
3427
2033
1698
1373
3301
3206
151
4589
2447
6856
411
232
7291
433
395
6664
720
7794
735
4892
5389
301
5533
2659
1712
386
499
7869
473
1026
393
1336
2360
803
3362
2371
419
2433
2146
895
985
3144
3524
1361
136
997
3932
1510
4199
3411
809
1911
489
6626
315
409
1019
1092
1372
325
2710
1660
2862
2086
1396
1755
1395
153
657
5561
124
1533
4332
2465
8424
239
890
3742
151
583
3155
372
6361
12046
1104
2254
943
146
618
10391
3851
2249
9950
6984
4198
2483
1151
52
2379
3632
1070
608
2146
1231
853
1030
1226
123
181
1505
517
5058
3173
13434
110
2069
5508
2708
385
5212
5121
5168
1635
143
709
3
699
3
5703
1542
215
2524
529
2279
1111
2440
871
3959
4455
11
1358
1326
863
3414
1694
5279
643
161
1460
5100
5323
3819
93
3631
114
285
823
42
6337
1317
1935
167
643
2467
3881
6933
4939
3209
2784
3921
1567
2245
779
2104
1066
2140
371
43
2549
7730
8
250
2129
181
8940
3073
3770
3246
446
3244
244
672
744
1193
963
227
587
1415
986
589
1682
269
4016
6
3980
2991
808
3
4269
36
2895
3978
1586
1428
3096
5794
320
1971
3420
2459
488
3105
451
8608
148
952
592
2262
4558
338
824
354
1782
304
2419
1117
1759
97
447
1136
391
3954
4333
844
1130
3
531
6014
661
2234
2449
1675
2807
686
3119
6752
165
2375
2254
1526
4733
596
68
1494
6765
3802
628
4329
7561
1646
2520
5691
1726
13055
1899
83
1542
1798
733
88
1164
939
825
6478
1012
2679
626
4564
1032
647
147
843
3267
250
3045
1198
374
2021
5318
1241
41
3890
4015
8643
3620
69
429
1006
1846
1228
700
427
1703
505
2935
344
138
287
3159
2894
2554
2159
2986
332
1969
1407
506
3534
3158
2106
1318
1194
2403
8720
6537
1595
3135
2861
3244
2705
1997
828
2784
773
2205
1442
673
1323
2955
1749
921
498
1729
3561
1068
1982
1254
3273
1115
13740
617
903
1203
103
2973
3345
130
3745
1327
5690
3061
3029
2416
1275
4707
10830
191
3378
470
461
379
2530
260
1161
150
2145
599
3452
1642
6885
1994
1148
1308
2433
3590
671
4642
5859
949
2142
2329
352
5313
4668
1587
301
5285
150
5244
3890
2708
5856
9894
12006
14492
3078
4579
189
1674
997
1227
1644
796
8269
4268
2554
2915
1150
4291
2662
1872
637
1920
1079
3552
3845
1837
4725
2047
11
58
4443
20
5802
1416
2579
1516
2450
1059
341
390
150
3922
3947
1446
359
3360
1068
1153
3269
5125
1896
1845
5986
1456
1573
2177
375
114
1237
214
5026
1653
1458
987
1074
1594
115
3447
5454
1180
1072
3332
805
814
2175
1548
1548
287
3341
2183
1836
3954
1038
4500
4828
894
2186
7249
127
418
904
3394
1873
1712
37
2987
5016
4086
816
309
3594
2612
147
921
3752
1358
290
287
5451
2411
165
1707
5425
2147
1319
1117
1077
3309
27
4647
4624
537
433
5474
796
333
2191
2905
355
816
219
199
224
1156
16338
209
913
1144
574
2583
1749
4029
196
123
3052
1246
61
5524
379
3
9348
8367
2189
1686
1400
1398
4504
3165
2604
9813
6620
1212
2265
704
6954
450
1227
1458
1249
1310
676
326
3014
783
2192
2494
3276
1183
3841
357
2775
2481
2882
1493
1577
5830
1476
325
312
2757
1744
464
1396
2358
1828
2491
193
1952
298
2132
6888
144
1558
1480
4771
3814
282
287
1062
883
1823
882
2180
5735
3071
1426
1038
447
1009
402
2974
7442
1743
5985
3376
1757
653
1845
7826
450
314
2023
3175
867
974
1734
9190
632
4146
99
4722
2167
989
5359
4632
1851
88
3432
222
330
5169
4451
183
3197
2072
1094
3449
49
1363
2836
2421
10
354
1805
716
603
897
2811
5759
1053
2596
2701
2281
114
2648
1836
1077
6581
4445
149
1013
4972
4510
359
2988
450
3572
1239
4205
492
2038
2529
287
865
135
74
3083
2131
1189
345
1369
86
2543
7
4
1356
1858
160
4292
702
5635
204
1854
5643
538
1388
3828
432
3525
106
849
628
1805
1524
6477
1276
1201
733
556
970
568
571
692
2737
3295
1028
193
3646
2972
158
424
596
2804
4303
1806
206
3569
2074
1219
42
360
1577
1376
114
2156
1510
1596
1731
2900
106
2199
3216
972
3650
766
2594
438
699
311
679
1847
265
176
509
3070
1994
2420
5406
1682
1810
3370
91
141
3500
7414
2445
2538
552
762
6722
163
2914
2114
4466
5799
2031
2023
446
156
2414
1953
67
946
4336
108
4351
3430
518
855
182
70
1366
626
397
89
1981
849
251
7518
4123
2376
985
2625
225
5340
1856
996
148
1669
1243
321
1984
364
1940
1114
13812
6629
979
574
305
4476
156
3429
3074
236
2049
210
4107
248
767
2210
4617
5757
9317
699
2873
1753
1321
4
187
960
1270
1824
635
1801
464
9359
142
944
1862
4743
382
1767
197
229
2653
693
122
2658
3084
3179
4667
1789
2279
2699
2971
2323
1974
6
1641
4921
418
1526
2888
8705
5180
1999
3216
4660
433
6533
1632
395
1114
1093
5121
3653
4612
87
3478
538
609
1362
6683
181
4853
7837
2405
1299
634
3000
1215
1096
386
6135
3
133
50
2805
505
37
1338
5640
2899
7372
283
7533
629
423
4382
1454
8919
3851
2444
271
394
6094
1908
1874
326
365
2694
55
677
905
278
20
1713
400
264
2194
8257
454
12272
573
6935
4779
4337
836
527
2448
767
2136
1286
204
973
1752
1510
881
845
1515
331
960
35
4591
8642
244
1935
2078
340
6137
547
341
1052
161
59
80
2444
986
3924
496
1851
3456
406
3232
1039
603
1831
1699
1064
186
2511
646
1832
323
3600
869
1691
1180
469
4772
8137
592
1185
1400
2396
646
814
1218
1134
1234
1594
5369
4295
346
1377
1236
3242
2596
2435
1276
823
2487
2296
762
630
2344
653
985
2070
517
4930
2298
3457
725
2267
129
1217
1400
451
451
3826
2408
1042
1151
888
1734
2882
4790
2233
585
540
6373
321
1078
769
2359
1485
110
6394
455
1854
5484
2281
1287
4070
1473
2626
885
129
1288
8069
2201
1378
1097
1952
725
1837
3108
120
1330
256
4234
1612
1027
2995
981
3678
1448
531
5651
116
1596
1975
189
4658
323
3458
5724
745
3897
3518
223
922
142
6932
2502
3345
167
353
6193
346
4038
1521
2035
4547
893
10179
922
1667
4048
794
4089
1155
1621
2256
3998
3279
6362
2982
4413
5218
18
2196
30
1438
2819
2186
3930
2700
1845
20
378
666
2657
31
1088
4249
2216
278
2345
2162
1055
571
2867
1538
1662
60
3311
87
25
503
1158
1707
2821
796
4098
730
2677
2736
1501
746
2801
3487
1424
974
2554
895
2116
1647
1797
177
101
3758
5656
3645
2708
267
259
99
1479
2790
3963
1891
903
2866
4642
521
2
1123
91
2538
4374
3964
2356
684
648
2032
51
438
573
2078
1250
60
573
1959
2297
8929
804
1186
3861
3742
909
1762
1672
2358
4307
390
1152
3954
3478
106
1476
440
2098
3557
1748
824
2974
967
1045
250
2082
3
282
3620
5875
7151
2216
694
744
3527
1047
629
7305
4705
1767
458
975
1438
380
6941
184
3743
1104
2997
808
3522
4152
247
325
2252
3926
728
2125
1458
782
2381
1210
2328
2291
1710
4261
3309
1508
5750
178
1051
4651
2455
554
5215
1313
138
4085
197
1617
593
243
382
1071
384
2016
4248
997
711
1926
183
1162
878
4143
827
545
3971
837
5750
10470
1336
2592
141
2793
394
488
16
113
113
871
2606
3013
219
1078
4103
1073
1227
71
1689
4833
523
25
561
1242
1548
1042
2054
933
452
1828
1191
2170
455
396
916
218
207
817
2055
98
959
570
352
3327
3768
1973
499
1670
2579
2426
1300
397
66
480
5302
3381
254
1258
1630
1987
408
2308
170
1654
139
370
466
1327
1580
804
2185
1282
312
2610
1026
134
724
1323
1228
2628
456
1279
8162
3778
2809
2705
763
110
6062
210
61
2015
1315
2178
6230
1068
5539
1360
169
18
1410
233
1969
2814
3454
2032
4016
1703
274
1886
3013
3557
2551
129
643
1557
1402
1041
325
1877
107
99
1086
1896
954
1456
806
3648
4273
2171
5299
36
1541
1710
5090
550
3580
5057
1544
1861
253
1432
388
2542
838
1325
76
3000
67
1388
531
4114
2026
965
2782
685
7541
240
1327
2865
3072
5382
1201
1703
962
246
1510
1249
4080
5304
1303
2580
457
606
1902
1823
5924
5928
1967
1654
767
4470
681
1470
1658
939
5237
545
1287
312
3361
281
237
1643
346
4187
839
15817
1635
8345
1605
1055
388
2025
2275
1996
10
229
2797
1915
2084
1959
2565
896
759
1199
4502
1705
5643
900
398
3350
2114
279
802
1837
2495
2337
1823
1846
1493
216
1783
533
882
1098
2995
998
1838
2989
2780
910
2257
1180
4354
707
1550
3686
3868
1361
701
330
2534
411
6347
1436
472
452
2909
373
1041
2001
6225
357
610
2829
6563
2946
1124
503
625
544
2932
4012
2915
141
7801
7118
1117
370
941
2552
2139
557
1848
459
1850
209
1102
1670
1914
1054
5972
889
5952
1020
4807
3381
1505
3694
1097
2455
1171
5222
600
6641
2272
290
2794
1967
2448
5754
276
889
5728
164
1279
3971
3023
439
2186
141
3454
2168
418
92
1076
857
716
275
3255
416
562
147
6566
17
4691
4857
3560
60
2044
3175
7078
1406
1362
1502
601
1502
5648
1639
3356
1632
4750
6415
7599
1671
590
746
1976
327
403
1848
371
1983
941
1556
760
2810
536
4331
2426
1519
1504
1223
18
2150
333
47
1774
368
1542
1023
1011
515
379
2277
1595
4038
263
5807
358
840
368
3323
2362
168
1024
992
2926
1826
1782
2313
4746
1182
896
2599
1215
2948
2162
1311
260
10183
624
1187
4503
1647
284
2533
2689
2195
1872
2596
4415
768
1251
4665
7562
5296
843
1472
532
707
2255
2505
8507
488
5892
3107
3811
3251
920
2415
2996
4326
294
3575
2181
2215
2454
1311
4033
10572
443
1099
3203
136
82
1391
1175
2109
2246
1668
215
1267
2539
242
1121
1392
381
6641
7396
4754
22
1751
692
666
484
2359
181
8209
887
412
1285
1127
5727
5891
14240
4804
844
764
2849
993
4912
998
1746
782
445
3627
10133
2953
1533
2609
1025
1583
2951
4015
905
1667
901
2431
200
4042
898
95
760
1709
1988
2737
8001
5179
336
591
1675
5812
1200
8182
902
173
2129
1830
2723
2511
2578
7919
531
1045
4976
249
6935
644
285
980
3335
3370
3664
547
5169
747
1604
4327
1979
1257
2602
10
214
427
1337
1172
2761
1155
411
2232
1160
63
1253
39
9677
2182
4016
2076
6039
1502
2244
2994
3624
1118
312
1804
441
3110
331
1954
12404
1523
442
392
3926
1379
5972
3200
2279
1237
4671
937
158
1061
19
2033
117
2009
1701
2130
583
1837
2748
245
513
877
2718
1244
1704
11028
3304
1412
57
1910
8802
191
2952
830
1929
984
4651
1797
4357
951
3945
3024
178
812
2665
4094
1794
2448
4486
1546
1611
259
4928
3266
596
1992
1225
872
305
404
3895
1387
1996
2045
3327
3491
5943
815
1368
201
282
4405
147
162
1620
5581
896
793
690
3457
2374
473
3917
4374
527
628
4483
1540
307
2966
1050
4099
263
3009
2322
3889
2336
1132
2924
170
1067
3757
632
5993
3975
3312
1091
3357
711
2159
1550
5414
765
5310
2878
145
590
2463
2534
356
1916
288
2193
3393
1496
1075
3532
544
870
3284
4130
3211
415
3104
3489
1369
1359
3088
243
4638
1571
73
1060
81
779
4154
2113
3354
130
3936
2851
280
125
1643
324
918
4209
441
7363
138
4173
610
806
4436
2294
1167
782
710
4912
388
1120
780
1554
895
1391
1305
796
245
864
7358
1824
1465
636
822
684
2757
114
2256
5903
1549
1859
1293
3901
1921
1514
357
1376
2796
3619
4129
620
256
238
1117
2067
52
2670
656
793
3288
133
1699
766
10470
2675
802
1007
851
963
779
1212
6160
49
946
221
2191
958
642
349
4008
1270
348
2790
1434
370
39
218
1309
825
2307
3394
5826
1413
1261
1655
570
2564
2813
1469
1135
4981
1798
645
843
875
339
1215
6258
161
39
158
289
1895
4682
353
1009
3
366
1020
4636
41
1150
350
552
1954
1392
163
1261
404
708
668
493
282
882
7815
9646
2801
1757
2497
1231
388
650
230
1059
7575
4288
26
1356
2982
9859
3798
919
576
91
3538
842
3333
2721
359
445
1937
94
3527
7271
1276
290
6530
8224
12368
1673
7903
2272
4766
593
4744
659
253
6291
3452
382
6724
1666
1790
864
2068
1566
427
3093
1169
2126
734
1544
1245
328
501
2817
2397
650
2253
8621
1024
2861
2536
4147
1955
1655
1216
4122
2564
1014
1157
3404
100
1684
562
2345
3142
739
1141
2099
1966
49
1391
6101
1022
4840
4334
5155
3515
2695
2101
612
3288
1662
39
1577
4091
1326
1740
740
901
394
557
1457
1785
3512
1183
7319
4231
353
3508
1920
4344
1926
271
1622
1602
467
1111
779
177
613
229
2571
4231
4125
1021
2432
68
1495
1625
1557
878
6873
2703
2353
2076
5536
72
89
2982
171
147
1365
3156
1553
4677
2414
4221
697
3488
848
853
1117
2791
1534
491
159
2181
1868
1891
8114
59
2152
5383
200
3509
2186
7279
385
4478
943
2833
4159
3406
3707
60
7298
1458
3267
716
1080
1982
410
962
1157
9388
4022
2458
752
4688
591
7887
1577
1482
5312
1796
4725
1736
330
1154
2298
2296
1068
332
3104
1137
1521
11810
4799
367
3364
466
2041
1029
858
1285
731
522
190
859
856
23
2359
2078
724
111
3695
2252
3178
211
4013
457
2570
346
70
3426
3081
1586
1456
3659
1021
649
2518
1142
1131
342
42
7294
5085
800
53
1200
1328
945
1636
851
192
119
796
539
4115
1171
209
3593
2504
863
492
49
1085
4493
3507
959
4205
14357
325
6857
3532
5064
137
474
64
4340
669
1836
2132
2008
1980
277
1427
202
9053
2100
448
96
8156
3490
260
267
194
1332
1615
1727
4676
878
8065
1943
185
585
946
5223
7367
733
1073
2281
1114
5566
1611
1222
212
2273
3453
10049
1386
253
128
1477
1334
3593
3277
4783
190
3049
6867
91
123
8982
577
1694
342
386
3707
2668
1816
1461
5640
382
69
498
1870
1539
6537
2350
5978
94
500
1504
8303
1740
1369
27
3515
593
236
1712
1308
4579
4916
1759
14435
781
9636
2095
527
1418
1049
1512
2190
5182
6748
1080
556
339
1865
323
659
5031
738
3211
1273
1510
6971
1052
8256
1273
1537
1034
1709
3168
13
184
2955
752
1918
3017
406
1415
960
5709
3551
1506
1735
735
2265
382
5808
631
4712
3474
646
5419
5827
2620
1922
3006
1870
436
773
8086
4617
1285
2075
2591
1525
2838
2857
391
1987
1730
2016
2639
453
4190
5508
959
185
986
2542
2735
125
3240
2173
4260
135
1059
1917
605
3301
990
1038
5647
1576
1431
3919
2701
5112
170
2930
4069
119
1596
761
2940
2863
1174
6412
317
4286
940
444
1622
219
1702
3656
5444
2758
1652
4165
1621
718
1038
1623
1432
5877
1935
30
623
826
3819
2818
1381
596
2167
4226
1575
2752
1677
3281
158
273
1341
960
2578
3825
203
6248
656
6983
5605
1773
3886
3765
836
947
580
2406
9444
2112
2007
759
238
308
4304
2713
826
1045
1050
203
2170
6632
150
664
446
5774
1794
511
1194
1072
3635
1061
1167
733
144
723
964
843
1589
5513
3005
285
1489
1576
5233
343
5359
2761
3808
203
1754
970
2311
3043
33
1024
489
1116
597
2846
628
406
1348
10121
5285
1487
1571
6642
1870
9995
945
1072
227
887
518
920
2160
324
749
901
1369
3674
2728
431
74
3998
4141
3553
800
4321
489
3103
484
1571
467
674
3273
715
520
4023
552
819
793
414
3319
1287
3606
968
329
2900
9449
3693
1224
7147
1203
783
294
854
1049
766
1189
5468
1266
801
2192
1894
2686
5039
86
515
2256
850
3494
2058
2059
615
2871
2363
6628
5654
1053
2479
162
2606
1618
3158
362
2937
2496
1383
1095
560
1924
1764
4483
7031
4903
810
635
1039
527
2434
1533
404
1438
84
990
1721
630
2071
788
5505
3128
76
2884
1610
3640
953
1260
5704
619
2234
253
2507
4246
391
2152
124
406
4050
699
85
142
1110
1962
1491
672
531
2262
170
18
3488
1491
128
476
740
6569
4713
773
888
2401
3018
158
4264
475
334
1018
629
81
941
67
2084
72
987
1422
5142
91
251
6434
529
1272
311
90
2616
3674
213
1856
1167
791
90
1054
1169
421
2338
631
444
1832
2067
4919
113
523
50
5075
201
3574
601
118
2247
52
5042
2480
712
1966
4221
2684
954
4853
337
474
1374
1632
5864
2835
1403
71
906
5085
1324
161
6623
1030
350
2660
3896
186
1198
393
4861
44
1831
367
1187
611
448
2744
2763
285
3025
689
281
1373
2266
1899
4153
611
514
723
1933
800
62
1460
382
663
1297
661
3239
8604
6103
12504
482
464
2783
4252
7143
196
668
4341
1383
5099
1606
3546
4357
2280
347
465
10233
2226
2340
610
2093
2436
4183
901
196
2950
235
8074
1898
7544
1161
3298
2024
2262
1577
10011
1290
237
5203
1180
2360
3270
1386
53
360
7080
2222
1347
2120
5644
1907
213
525
4992
3173
12693
5210
4241
5221
1044
112
1203
3054
1053
506
6046
1739
250
3171
563
5977
2855
6262
205
1699
137
3295
4317
859
8449
1699
2783
11247
429
1563
939
2530
775
1475
1792
307
1653
270
4460
1115
1488
791
1889
1200
5
993
6592
1828
4130
1235
1720
7241
465
4210
467
500
4001
382
3235
775
1247
3810
2373
2734
5290
574
993
8356
4344
3934
2009
3219
16
1687
1211
1565
9207
1756
4497
786
240
874
4
5662
2609
616
6922
43
1855
1689
1933
3536
1628
13399
290
1419
5923
1352
1323
477
4226
2239
2127
761
1475
6637
5143
2019
3624
3534
5205
2037
1078
1103
1246
10868
1452
1925
6422
2577
433
5613
3177
10587
1029
3613
3309
3642
6931
97
2298
1058
1780
410
2864
2262
4252
471
2805
595
387
2057
1038
5112
1166
71
254
4610
647
60
365
485
1187
968
86
1510
895
3563
3438
909
1699
5
2687
1721
572
1420
6031
530
2269
3190
1305
1008
2395
1618
346
686
1721
1820
2989
4831
49
964
585
310
1598
319
872
33
246
73
3343
664
582
1916
5864
377
901
342
1732
515
4683
379
1281
2692
1783
15
660
865
1687
8020
7824
27
1951
657
1551
4801
2572
3407
3018
3959
530
262
1203
2318
2408
1006
2256
2546
5157
774
469
1009
292
3315
1466
2683
1852
603
640
2768
1560
895
1689
511
906
4073
3604
816
1475
407
5716
662
539
539
1723
1578
4365
1813
540
772
2108
640
910
848
1612
2490
1197
562
1699
698
11
114
76
5420
1970
575
919
234
1211
2966
362
4768
1627
122
160
1053
98
2571
1281
13180
1317
835
125
628
9459
871
193
1311
925
491
1747
682
4608
1044
4413
617
1315
1142
72
1945
84
2107
2548
1205
931
397
253
769
263
6893
4601
56
2755
3064
5195
279
1783
631
867
421
1263
129
606
761
1406
4522
351
2186
971
2936
1149
364
2248
832
1687
1637
5252
428
6766
1076
792
3148
2465
4394
1216
3534
2115
288
4693
381
2402
5902
3985
2171
1427
455
157
858
2565
1609
1298
5553
299
2736
1907
5624
4638
596
10086
1090
341
513
9482
3358
581
17
1822
3300
239
150
1395
4254
10200
2897
240
1661
334
540
1971
762
2495
771
1397
3445
14
244
378
1602
1255
623
3692
1697
2561
2919
1048
992
552
560
4661
4632
142
120
247
5032
1410
123
820
2753
1303
1569
267
1836
913
1534
1452
2400
2154
192
597
224
4478
3006
1788
1513
1890
3442
962
602
6998
2418
1213
944
5552
2593
7321
106
185
7870
1074
1507
723
1558
2124
283
128
640
209
1665
992
2099
549
1780
5125
603
4233
6452
1525
2359
3825
3428
3
538
2254
1540
2421
553
2519
403
1169
3
153
126
617
3589
1803
177
1465
2
1435
4607
3963
1409
2267
10722
455
241
205
3538
645
1793
1369
221
3303
4919
2205
3239
2761
1403
749
55
170
941
1587
194
4837
204
376
9440
567
6052
933
930
2257
868
2205
1689
1810
2186
1138
3297
2957
472
4895
3356
2632
435
2301
432
985
4494
5592
3427
2933
3259
868
3563
644
2763
1245
2877
2013
294
338
2109
835
139
5044
2184
1568
245
4237
2959
1749
17
3493
112
929
1537
302
7901
80
10541
4870
3411
5937
404
1349
613
1934
1564
1936
3900
1540
2096
690
1557
1175
2021
633
11547
2151
2596
164
922
276
642
2076
287
4065
2326
126
1064
757
181
2233
2863
4468
243
3221
692
3991
1578
3083
1074
1506
844
2303
451
3084
1703
949
3328
2803
710
3719
2541
1505
185
1606
321
3781
2477
4655
4060
1798
173
2388
2135
330
1712
172
2468
3655
1824
632
3498
723
187
461
3905
1095
1619
596
1865
4190
492
8257
841
1407
371
888
5530
1223
1120
7049
4599
380
2009
624
924
904
5715
3052
2038
2979
1590
1205
1721
907
3372
704
280
1237
4227
1881
64
2779
416
2648
5500
8937
2389
882
2891
9
742
2054
293
3039
1754
6663
1462
1707
2935
13738
928
1044
1494
238
7837
692
865
259
1063
1837
2313
7201
1854
6972
1326
2394
4762
1774
2839
985
5209
2128
177
6742
32
4631
6796
3546
79
1767
4882
441
3075
600
620
2902
419
1992
695
1325
86
705
2772
3432
2718
9873
542
2453
854
82
4625
1620
465
1071
2701
788
1335
610
1104
338
133
996
371
618
532
3149
1486
2077
1380
3597
1248
619
5015
1206
2098
32
5005
5691
443
1525
127
829
1558
1713
309
321
1331
130
3278
3150
4970
1771
1315
1323
478
2061
4287
130
248
1236
4539
1494
1450
2355
1609
368
4405
2343
4503
713
9405
5334
1163
712
871
3604
5896
1833
2335
672
1309
118
22
1760
261
839
115
4499
174
324
2268
779
3313
500
446
534
1048
12887
144
1679
6103
6157
3253
606
187
3342
562
1911
6743
2315
5561
2353
3305
37
798
1572
1945
483
786
3839
3066
2812
2930
2867
2436
250
1657
1861
934
1122
3194
3861
2620
14997
5920
192
723
480
1953
1729
1091
2190
291
1169
1433
2852
2646
2063
321
872
4872
412
2174
644
933
1985
4650
5107
1604
2981
3740
1189
501
1123
66
6533
397
2342
41
1668
4571
500
5873
109
7919
477
2874
47
973
2805
8476
951
1373
1896
1361
7001
251
1946
830
2167
3213
4104
189
69
1046
1404
4468
327
3712
1991
4541
2008
5126
4864
280
4235
626
2827
470
812
612
2161
1987
2582
4350
1794
802
3980
3274
68
4020
5967
716
687
1394
5192
3536
547
139
2575
8544
1366
1922
3401
334
1778
6312
6166
1670
2898
6344
2211
1805
1533
464
4700
1337
3066
827
949
698
4122
472
2051
1872
160
3568
862
1955
2022
853
214
3817
3136
1311
665
1494
1686
7178
2275
1523
626
1605
5156
4072
109
240
4469
301
1364
296
56
6624
1100
6914
422
3536
1781
7
5265
1050
932
207
3014
1127
367
11485
4094
973
1218
1108
6770
721
1940
3352
87
741
3898
2862
1134
1312
859
139
1923
6849
447
4001
1409
2655
330
1739
63
1789
1423
2246
1054
4170
536
2093
125
1737
8815
2319
1545
911
2164
4785
1528
5005
4326
1882
6886
7371
1870
5894
1835
1829
623
1412
175
488
2732
258
635
2686
752
1131
3074
1508
2907
2620
390
2402
233
1588
468
1617
1621
2287
82
1395
2680
508
4658
856
396
992
2247
2962
148
2559
37
37
3393
483
5333
1129
2561
519
1205
374
1267
5447
1740
7157
4654
468
45
538
2260
28
15840
107
640
558
7228
1349
3238
862
3921
1752
1111
202
2165
505
1940
520
1220
1271
1134
1084
3852
1201
229
2906
1360
850
361
1186
700
440
134
1514
1879
2750
2314
898
3953
2005
1744
4287
1802
2799
147
56
2317
441
1858
1722
1489
978
1995
1550
6991
2133
3992
2500
1032
1922
6214
197
853
1343
2622
1240
33
3568
1389
464
818
2823
1128
7683
2198
251
4455
3677
192
7783
687
147
4457
1855
6566
3338
125
645
183
106
772
1537
608
2125
3150
4061
1829
2192
110
5044
1729
2355
605
1628
440
1168
2670
6
2768
440
2112
4385
1005
743
227
4152
10599
1597
1136
4714
4853
1455
523
2262
5376
1142
6750
2153
1529
2058
80
3194
721
5380
523
11908
866
1951
588
503
3777
1414
3466
1693
2520
492
2512
6745
3761
3456
89
3908
584
2347
4281
1909
1243
2619
4389
3752
10352
174
2612
351
556
872
3076
706
1095
3446
138
756
4750
750
393
1481
1658
153
2596
6811
4525
1450
734
956
7094
101
328
574
3684
504
1688
925
3997
4581
87
469
523
955
821
805
3894
934
1854
4218
317
1833
4454
1347
2421
1070
396
3249
841
3357
3565
2238
815
638
531
341
2350
66
2073
651
2887
767
76
218
1496
8227
2773
128
4568
2329
3132
3016
2727
959
787
301
4587
4380
3519
4524
436
10844
2231
2216
1155
1007
634
7439
734
3131
580
2948
173
2259
588
1260
1361
179
5124
1006
1977
2222
1053
1096
2856
3996
377
1039
1205
238
3523
1945
3171
4050
1820
466
764
7307
3238
4516
1761
9
102
310
23
880
973
277
303
3038
1769
733
760
311
3512
912
2265
744
2435
1434
942
12924
966
1124
943
2175
572
1280
57
1652
4597
543
998
183
807
3239
2880
150
385
465
28
813
577
1459
2096
4864
430
227
2238
8616
1441
1342
5983
2050
9114
3982
303
1286
948
6158
293
305
871
39
3234
536
1275
2684
2258
1896
3568
62
188
462
3772
95
5
362
6286
2266
10542
53
706
2973
2922
258
2150
4390
5389
1486
2338
695
256
27
3011
640
438
5326
1872
1189
1967
1237
1268
3963
1436
1105
1295
313
461
2617
5035
2351
1424
614
3835
833
2655
1746
5049
2011
226
2247
4516
429
765
1749
2527
1042
1241
964
1822
831
3116
5236
1874
3722
3690
2207
3535
1097
1449
6963
4830
1113
629
2162
1362
497
5088
4426
3656
1424
1192
2653
5023
5501
1262
2675
177
37
131
4337
1790
4783
1296
1161
1178
792
5001
1881
2267
2576
208
1030
1441
8020
1295
1013
4062
2648
14439
1695
4926
2311
452
1837
1699
470
2076
2121
503
2219
524
3023
2568
227
2224
2885
1764
1457
307
1413
241
2063
421
4057
2760
128
3912
1124
731
218
727
403
1895
731
673
290
55
987
5772
670
385
3006
6205
447
2864
2606
2709
1262
1221
206
505
942
1129
8457
654
988
1447
3982
1847
2170
833
274
2002
187
4034
969
1818
2752
1332
1090
8443
335
868
1920
496
1169
4050
3365
153
452
7541
3482
83
26
226
5834
5740
676
202
174
6119
3045
3328
411
891
1927
294
965
1942
3211
236
1338
3346
2294
2200
7800
411
1996
281
4851
586
1252
1618
574
385
4207
1250
3589
5395
729
1155
1878
882
3507
1002
6550
6078
1966
417
2146
193
968
219
2011
801
4788
3112
591
916
2299
451
372
1424
1611
2563
3907
4122
10437
678
1616
2152
713
2334
6281
5566
2963
8292
136
236
551
5075
662
1853
1011
1544
1354
3384
1124
5368
218
2627
3709
4318
3915
646
2519
3229
3336
3521
2150
293
3567
3743
848
576
5384
682
1321
893
133
633
2060
822
3242
1581
1983
472
3063
1448
9599
1079
1390
2680
4456
579
2253
2061
1021
2739
332
1468
3871
168
377
220
272
2145
415
3071
2015
2427
3964
2708
416
1458
2267
737
406
2139
823
6432
681
4568
80
1605
1310
1186
674
712
4938
2969
4613
4830
1604
2450
1083
1832
1608
1821
3080
249
1659
114
5179
471
888
361
947
1431
726
5225
425
213
246
425
2409
1014
1447
399
201
625
195
2994
400
454
216
1983
2038
12846
447
1693
1493
391
4577
502
3839
8793
4053
255
1598
1080
5730
3720
2525
598
546
3645
1155
287
2564
5796
2551
1763
488
1146
1040
1263
1469
5118
31
4312
2933
2264
1394
4083
793
2218
9702
140
1935
787
6136
1674
2479
2328
6133
28
1079
5729
2613
4479
697
1083
378
1563
443
1592
9776
500
2585
635
1579
11104
1017
1334
1305
10888
2567
2535
260
411
792
1743
71
5370
7501
1526
1314
441
2204
4725
1433
1339
1558
3298
1219
3126
3116
477
129
167
110
67
3787
1938
2846
2223
5819
1052
39
1202
238
15319
4259
3330
2409
5952
1773
3643
472
253
2352
2924
5752
5073
75
34
2960
785
280
871
572
8084
4488
2319
1123
106
3679
3029
2787
220
3728
1629
408
1121
1107
2276
495
2468
2605
2600
190
1665
365
3398
1470
1401
292
2912
3943
2755
459
309
1677
647
7806
841
2891
413
312
1095
479
462
793
8902
2494
434
45
950
188
5192
1791
517
4167
5064
7223
245
885
1232
712
2889
13247
507
1131
690
269
1034
3597
1548
7212
4845
1041
1594
4089
4555
1889
2038
3569
4057
1251
41
683
210
1966
690
12584
839
425
8022
2841
481
5027
548
2560
1183
2683
4017
96
3021
4559
23
1768
282
1003
425
2326
40
328
2907
1148
1412
3249
240
97
1366
54
690
2673
7616
327
1957
1108
5944
1349
3417
936
100
1294
4935
3942
322
1607
348
356
853
1356
187
68
2158
4595
2553
141
1351
937
405
732
8885
7717
3017
1732
2289
331
1374
1540
82
4488
1497
2057
764
3165
3
57
768
2064
148
1253
253
5001
7322
487
53
4
682
322
2971
1383
1527
5192
132
1417
11859
5973
896
1670
551
996
5308
523
3519
2599
978
648
586
4554
1381
54
2442
2070
1941
2081
351
861
3197
585
1853
131
3107
2306
154
2368
7455
506
1457
1532
936
177
1309
10601
150
4093
3354
145
2048
1225
7468
848
255
3082
2448
4239
2378
1844
201
1434
733
4288
1249
878
558
2516
2725
854
1500
4256
289
227
2057
442
2561
943
3876
4480
5664
408
870
3724
9810
1727
1443
2414
1548
4207
1315
1615
852
2930
491
593
4938
831
316
3886
2770
1172
1098
1496
2904
2067
300
3743
96
1326
2598
1264
2665
296
2893
1288
851
1120
547
1749
1085
1296
864
2751
2663
2939
559
212
1626
1512
1736
3928
580
1341
1816
258
517
6355
1081
843
263
2292
3596
49
67
9446
2661
534
1805
1363
1653
1808
633
288
628
1785
8146
9233
2098
3118
4985
829
2769
1914
159
221
837
2824
1282
5578
1140
70
1936
632
1789
3442
279
158
625
4410
4208
1258
3107
2081
264
2698
2644
135
2482
1967
1106
1186
818
1377
1999
1258
314
1850
247
481
1535
4139
542
112
3664
632
836
2952
813
318
1911
2909
4657
3202
930
5518
1389
1003
7117
4540
2328
1387
212
4263
1508
553
593
3374
137
21
5267
246
1424
1540
63
4100
2678
50
8984
5470
6169
347
374
1891
346
2092
1939
452
1361
8
434
1242
2304
1477
965
136
655
3068
1181
1190
371
618
1679
845
189
6745
6723
3731
1889
3939
1042
195
555
4293
2461
1086
3569
2098
2263
1609
826
67
2510
6386
1705
4780
1678
903
5187
4803
182
1663
1014
2636
1558
2937
4516
1665
151
5321
284
215
2375
728
3830
1829
838
687
245
1389
2610
3616
930
396
4628
4346
2135
1580
1825
6779
3569
1705
7840
649
409
228
1375
1753
1069
18
2203
1990
1273
939
1407
126
840
401
1498
4190
383
6016
1139
730
40
1933
1972
771
2052
187
265
776
2954
1980
49
1476
1551
41
10245
3227
1061
600
2787
636
2697
3005
1745
5185
3710
823
3770
5309
1096
14881
358
2120
4138
2313
3036
2778
3604
4810
2769
455
30
446
3246
1251
11
2153
4185
2053
4514
1450
404
4664
2838
2551
13170
70
70
710
121
50
3170
556
2794
6267
463
1507
949
2463
1895
614
3452
327
4099
701
1984
2092
8199
383
1743
1881
1738
473
6012
570
5403
3263
3574
1403
794
510
210
6766
870
810
4074
4299
3155
3848
865
5319
953
1733
415
3380
4910
949
4832
203
2425
1095
6297
5611
209
1526
868
4511
1203
1765
1473
700
2959
5113
1724
9092
56
851
169
1975
1860
69
2889
836
2290
658
845
6651
4622
1373
3214
2413
827
68
759
1841
21
3216
3990
34
2049
1006
2329
4673
2879
2884
1132
484
491
2933
3351
6980
258
43
1144
1607
408
1702
1669
29
2802
279
1392
3079
1829
2479
2289
284
2797
3539
171
3131
451
384
5797
665
1141
231
6223
3301
1397
1984
2087
600
322
2775
713
183
661
1760
3376
4541
3317
4637
2906
5867
303
7444
408
2434
564
692
259
1679
3618
2794
854
5914
1644
1526
5008
131
742
525
1869
1471
973
1233
1012
4459
2391
761
6531
3395
2986
10452
793
3951
1846
19
1483
5599
1143
461
814
2857
7402
2080
1017
1224
299
1158
1563
3357
1678
3163
37
1465
325
1285
2757
6304
170
1660
703
61
2870
1273
3809
454
1034
937
3170
39
2095
73
4337
1066
4719
939
809
2518
900
2567
5191
1186
7127
489
1737
1259
4005
5879
2893
57
2843
2932
898
1542
1146
2327
848
2110
3706
806
16287
1130
875
575
448
1770
441
4655
3239
5540
40
861
2796
891
861
1915
143
2887
117
551
2386
1310
4688
1195
1415
794
1006
1716
5815
4418
6029
2582
1542
98
747
191
1557
4656
1298
559
957
671
4529
301
342
4846
1323
2793
2591
2581
1015
2180
11217
1253
1036
2784
1687
482
613
5673
1616
1361
2692
999
338
2889
1751
138
9215
1900
1648
3997
2590
587
18
5331
778
3187
2943
126
3213
6810
1170
4157
1560
464
759
70
1749
5647
124
1011
2697
3910
299
2517
7703
25
379
1212
721
3827
2047
1979
314
2548
2083
1417
2850
81
569
585
1046
4045
2389
1516
1114
9
485
3273
505
1863
2568
3970
121
3731
312
931
2300
437
58
92
756
286
3359
2296
3667
4292
873
608
1607
1997
400
2287
2303
3715
8874
5183
443
642
1020
762
3353
2549
7897
3218
11278
4173
837
3994
135
57
1337
282
315
1114
40
899
6786
1952
1911
3210
2442
1729
1545
484
302
1423
28
2689
367
539
4626
3091
117
3802
2342
3241
1287
1523
529
1368
691
1090
3447
1450
1776
3084
2919
1904
5371
329
1929
661
3673
1749
505
3243
218
1754
3359
386
44
708
2727
1651
1408
995
2401
4845
868
3381
688
759
5078
961
1291
533
896
767
347
1093
2310
484
934
6208
1661
1344
1436
63
3472
804
1277
1569
252
7604
1653
5945
2279
290
358
890
979
2851
123
295
956
7802
2602
473
4398
2297
580
941
3781
3046
1295
1685
510
1020
777
3
4843
485
453
8909
4259
1131
1041
753
261
6268
383
1645
2028
1299
506
1214
3654
1993
76
122
29
1641
8986
2048
292
2321
620
2862
57
2062
516
433
752
141
2503
9370
5262
986
327
1085
231
3151
375
3281
1192
1963
2265
4250
3215
2837
1001
1998
40
3513
2964
6881
1338
3179
527
1234
4187
810
736
608
1125
1577
3057
202
925
1632
2104
515
1879
3273
2404
873
1789
91
1817
481
3339
359
823
308
3548
6336
6191
1430
1282
12030
2571
736
14092
3733
1703
995
1437
1692
3160
1339
356
565
346
395
4199
8094
2109
419
8273
1754
1584
254
3256
527
3511
1301
385
375
1485
2110
378
298
716
2037
649
2934
2335
3547
3939
143
820
3937
379
1260
1592
760
1146
1487
899
708
563
297
153
781
2666
13565
376
423
3251
837
3366
2679
2276
1246
820
3207
1456
780
1523
3884
1468
1615
13057
991
5694
818
6162
153
3658
2828
3871
1741
2890
6817
2280
721
665
4052
3004
1389
2573
7878
477
4160
222
1849
81
3714
160
480
519
1462
2703
122
1908
1481
585
3861
6801
1488
2109
999
8386
2340
841
291
1945
338
778
1024
1249
1194
524
544
68
3157
180
2317
2635
2168
4129
1454
124
1583
2382
3917
940
2628
2776
1050
2891
523
5320
2917
3278
403
2004
2641
22
1106
2533
2564
2662
1630
2273
367
242
1469
2345
6495
1012
231
155
509
5212
6141
3580
6364
261
154
165
588
190
1737
1220
2975
90
1004
817
14
2822
1433
2834
202
2420
1987
120
4582
2752
3053
604
1857
1048
3248
358
151
243
1684
431
7036
177
950
640
2267
4471
2386
1081
114
1773
1052
2556
409
4
3320
1722
3687
1582
1206
3600
1122
3963
4186
1111
3437
1001
1526
1650
4323
856
2804
4130
1798
4822
1121
449
1481
1318
1392
2457
2622
3345
718
1380
4708
964
405
7765
4686
258
1448
660
2105
588
497
480
1139
5303
5673
1682
386
3329
1573
687
4879
1721
6426
484
1236
308
611
6025
222
1541
3989
2321
616
434
1175
238
1713
2233
782
2387
1507
2070
631
1993
3965
174
2212
2705
4380
61
18
2574
3030
1646
339
1237
10285
192
1232
4451
2052
652
249
1299
1429
752
835
4113
54
4331
1535
690
780
313
3971
2602
2560
3975
6331
4709
4788
2674
508
4268
350
3205
3173
2675
8547
6050
1189
1928
231
3104
993
1982
1429
284
1536
3131
1040
5546
195
2495
2968
2279
623
780
1852
383
1696
4987
570
2153
414
5699
2691
7341
344
3661
514
3706
2720
195
2480
154
1377
1271
1428
597
2606
2974
59
144
7684
719
4931
1351
2035
14
178
2317
1724
6580
7112
1859
570
63
1929
576
1904
5120
4556
634
247
363
2543
3511
3366
2332
5854
347
874
462
3123
25
45
4595
970
259
4259
1583
2237
4434
1989
2576
773
5474
2426
488
4737
4259
1087
3110
439
2766
815
148
1606
34
14356
4522
1297
2882
3968
256
84
2158
1355
5751
524
312
73
853
1062
3051
1374
10
1805
304
1749
563
2617
5284
76
2315
1084
579
4510
1075
174
4555
401
1109
925
1277
375
566
710
2113
198
3000
636
2295
5107
2618
253
2910
832
150
305
963
5877
4746
1285
1026
9712
453
2158
1019
1522
3900
525
2757
3996
362
149
1747
1588
42
1314
3523
4501
920
295
5260
5398
3871
390
4303
2029
2758
5042
843
463
1437
656
1825
1999
588
1854
4428
1914
930
8842
292
8749
2124
328
3562
1463
5613
371
1647
648
772
9705
855
4901
210
1697
996
898
1227
947
5
1067
5155
432
1043
933
1078
1079
1320
198
10
2400
580
2011
131
1910
3449
6621
1084
410
4370
1122
4865
570
5229
1019
1682
4161
160
1905
1350
2396
2867
2049
202
1688
2593
1528
475
2830
3420
311
142
98
256
438
2433
1215
6033
1597
297
6722
230
195
4004
2307
859
3330
154
2107
3984
747
2748
649
295
1564
4155
9557
197
103
69
1141
187
674
707
283
1510
3582
2378
2273
1391
250
89
3932
1682
75
470
3488
780
1046
131
1899
833
3210
5254
3460
2296
2278
80
483
1215
3654
110
3669
3311
8772
3203
2743
1042
3826
92
2535
920
4761
1436
2926
1546
1509
107
1621
2836
1049
479
256
1919
1686
553
2353
5468
499
1052
1217
3456
1512
3092
1379
888
372
1782
10170
4174
103
2246
94
3205
1587
2121
7161
2242
1600
2127
273
1701
2673
4682
1244
3108
366
271
1013
267
874
85
30
1362
1253
3545
946
784
1891
2608
1228
1703
1251
1869
749
1408
6350
178
2614
2134
32
1599
1069
4742
1287
77
1926
2089
5022
325
6082
3144
1584
1286
188
3917
3734
2429
96
535
244
5526
2129
571
2672
1845
587
5564
3422
102
3234
999
2705
2455
921
1343
5957
320
6694
3875
488
7688
7183
1224
106
98
920
523
183
2849
597
1688
2804
362
698
1121
1826
513
3017
115
8770
1431
728
4061
666
2209
3408
7138
2569
5882
1169
2242
2250
1378
518
14445
3982
951
2896
1623
1115
2744
2003
950
1128
17
769
5678
3373
640
3910
559
593
1057
1355
465
247
749
970
724
1002
1154
65
3079
1166
2794
396
2532
3010
5695
3
771
319
8955
1717
47
1411
339
4537
490
10782
1325
3189
636
4306
3882
764
2782
946
2140
5911
2095
1914
918
1416
5593
497
3947
3523
107
138
640
949
600
2465
946
1420
937
1107
140
2611
205
2708
618
634
1567
944
2488
4148
447
962
1547
2522
1868
6795
3582
1591
607
292
3108
3325
4821
1268
1378
456
265
435
2552
4260
696
4814
312
945
1594
5952
3626
1389
3996
712
32
1294
1919
1823
1222
873
94
1248
1127
3563
4469
1340
434
109
1812
1919
787
5526
2175
1483
2180
1691
1479
3564
902
1533
5098
643
2304
116
3049
4212
815
1725
1979
1010
875
4847
2537
287
3626
1246
4758
192
1103
4310
207
778
1216
1390
2302
1780
557
769
1230
1815
2869
1174
1849
1636
277
1291
9220
1802
3208
3012
8244
1139
641
49
300
598
1577
104
961
649
2319
80
909
1455
519
439
2490
1587
810
1286
332
1061
653
4910
2344
757
3474
2680
3889
626
47
1978
235
832
281
191
2420
1106
3289
3483
7624
1641
439
6173
1224
4810
843
1417
575
1708
3922
471
5128
784
2067
758
1343
9560
900
3437
1055
2078
1335
2945
1821
2280
1955
4851
430
2189
3469
1131
873
1307
2340
3554
1180
3265
5101
120
1644
5490
1736
731
4901
4152
451
2039
1077
735
4341
1139
2646
5941
1640
1460
7718
868
3947
7375
569
1103
188
483
1839
1533
1523
832
252
2188
4201
1557
4396
413
382
714
711
2845
2711
253
823
5223
5832
32
1434
1594
863
918
1755
1129
1593
562
333
3359
541
2030
937
3884
3556
3361
1235
3002
5731
1239
2552
1230
1120
1098
7759
3422
9608
1583
799
2593
3383
83
1872
3272
1453
3471
1162
471
7541
3032
1566
558
743
2629
777
1357
992
4379
4198
4596
4481
214
1228
406
1183
2219
3520
1421
1346
1738
1182
2722
8366
1347
4596
1716
1778
652
2402
925
2303
435
372
3001
3628
4504
2268
3439
9
1226
404
324
863
606
759
720
822
1403
331
871
1513
687
1286
1863
77
701
1009
3987
192
6409
887
5300
5798
1885
1810
9733
520
741
817
3345
637
746
610
353
1692
1539
2935
545
92
1042
12
1839
5945
1850
277
1052
2264
1323
3768
394
259
688
422
6608
7948
2818
1331
494
1857
16737
838
1025
1168
858
1136
839
5164
442
245
2742
2301
4883
88
128
1158
1283
3694
3084
734
93
6980
2583
3293
1068
892
4843
917
2094
1137
3596
855
3692
3572
1612
3174
1470
1328
5302
202
2245
4373
1326
754
762
2783
311
303
462
1263
3182
1958
2197
7569
2640
310
777
3083
289
1999
1357
1860
428
628
5240
4154
184
1659
187
785
4718
1182
1070
286
4261
1144
1101
297
1029
1613
1704
2010
1282
2314
14
6467
4766
2975
1228
159
2670
15
142
4411
13
545
368
2104
335
103
3803
635
1183
876
736
1008
2301
1402
3411
1650
10685
370
1181
518
1006
1584
1757
3058
2171
5539
1123
531
2867
666
3371
401
458
900
927
7
2120
5169
1268
1653
5602
234
3492
1916
152
1687
1905
415
314
1182
2356
287
2210
1719
1487
600
636
736
1089
2198
5962
406
2790
212
1590
3321
569
455
5144
2968
6
5696
2572
74
4182
482
1363
3413
9124
314
822
9715
6
693
342
333
1687
2375
2188
241
1163
77
155
652
8768
2676
4240
1801
1131
2697
1469
1357
2288
6733
224
282
1310
5733
895
282
2520
2453
1143
996
544
7487
2823
639
236
9298
1772
309
1488
2074
576
3570
4278
624
40
1134
1502
22
3630
2613
1073
2565
2874
5237
865
4803
1286
6556
1720
2116
2369
1222
301
401
197
326
1886
1775
596
4615
2341
4619
2523
2626
4005
406
985
1631
725
3483
1496
1540
4097
61
153
653
2166
3789
4933
5152
1904
7422
1416
2001
1459
1219
6804
2
3571
2009
528
1073
1331
4256
563
578
543
6818
232
923
1029
2697
1600
343
2118
161
1635
1579
786
7005
1092
676
516
2746
4013
599
54
2653
3407
729
6585
1245
1304
41
1470
2589
232
1057
2336
1281
1085
2816
5552
3505
1501
2584
1840
4001
5652
1400
337
3601
297
608
2476
253
3467
114
244
3187
599
3303
1299
2096
321
2967
13
1976
1057
2819
3113
1470
1444
5144
601
3874
12776
3032
1374
1681
548
767
990
1317
6939
4326
175
1499
1911
1845
602
442
2538
4079
590
4354
266
1230
1704
2480
610
1154
2920
3008
3021
2047
2706
3376
1626
3315
841
1569
150
3094
29
7011
526
4789
4287
993
3181
4055
1737
4123
440
3590
828
452
5337
3274
377
1167
2983
1099
7153
52
899
1482
2476
1167
37
3598
261
3375
697
725
3613
2653
4005
2810
788
737
94
355
110
2333
5234
870
2408
506
407
5674
2649
2536
755
683
2087
1403
2041
1479
1386
2914
