166
204
394
488
919
1734
1961
2297
2154
2569
4265
4560
3218
5982
5793
5484
6747
7312
2831
7889
7875
7841
8846
8750
3200
9295
2720
10573
11167
1891
17996
3286
12229
1301
4816
12839
13445
13316
4640
1743
15132
13356
23247
2604
692
3921
16665
16879
17273
721
158
10815
17945
18001
15015
3771
1875
10487
5663
1767
10101
7810
15482
19679
14659
13935
20362
22990
5459
17642
14278
6632
2588
24137
5504
2815
900
2260
7040
11903
13344
151
12056
28904
9750
6415
11765
17139
3940
8636
13672
3068
20220
9754
14363
31605
26378
2779
30169
10522
4261
16769
34584
17928
3085
1096
34595
17492
4433
2003
5288
3626
30303
713
4426
14698
9356
13883
32141
10493
22480
5559
6229
9831
12680
2007
20193
42128
22300
3436
44225
13099
15718
43731
402
1078
24754
46423
8830
2796
10682
22243
28751
10053
12646
25844
25947
5997
13258
1887
5126
10035
17652
6118
2361
582
716
18316
49045
18197
3973
829
12985
15920
6177
314
14630
18367
13180
4734
11130
7139
7948
11641
30631
2507
4924
8750
22968
29471
3839
3556
122
7202
3759
12835
31406
21665
3185
37118
3662
5626
4525
43747
4349
8617
52520
15480
5880
9715
2145
717
747
9717
27545
15010
25953
5265
17402
3506
6757
3030
8289
5842
4777
44381
10370
20448
4311
5039
6026
6494
9360
3551
4605
14233
14396
24112
7575
37715
18888
5648
9898
17169
16487
4234
34071
51786
37844
22141
44211
4760
17060
755
48732
664
6191
28550
5346
4355
11760
15859
30603
9835
25712
55108
4106
3854
4463
2397
18257
34255
5972
916
5173
10959
921
1079
12828
636
325
6809
904
28289
7571
39891
3646
27457
17146
18614
28847
5590
13482
4025
1256
25348
7756
40618
18383
19130
8627
14136
38323
8634
26101
30793
25845
11864
5034
11136
16183
9377
2302
3446
27384
3248
10437
2219
15609
24168
6354
1728
10262
2091
9982
11130
11968
8042
3284
20572
1361
7322
2321
16791
11935
10906
31103
19621
6799
4820
13739
2375
45398
35851
890
2252
19276
20298
4440
39855
13316
18618
14740
4950
5011
21079
3388
10726
27526
4815
20442
5733
18241
26055
12138
868
2062
27856
11562
13602
66372
4498
1962
13567
30970
19980
5844
11231
19236
3199
4573
10883
4401
1208
578
20644
19949
12890
3264
2508
2717
3716
3744
11973
17217
1437
8148
4528
10506
12110
12696
17793
7272
3844
24059
15488
27685
846
16176
6933
3142
17561
9476
3946
7482
24642
6010
6296
9346
3052
5915
6541
15871
379
19962
25221
11367
652
1331
1056
11381
9912
7597
47153
6830
1437
219
21406
14312
25982
1542
1885
6006
1793
25883
22436
22705
18132
16081
8744
5884
9479
17659
15808
36216
9311
10970
10897
4416
1330
5603
2192
5443
2395
6217
14039
8917
5578
6074
55530
8580
10308
110
19459
2577
17730
26674
36577
4023
19949
433
7804
15089
23281
207
21875
22269
7096
46992
13037
22865
1249
2879
29309
13298
19021
16880
35468
3829
6966
6193
1773
25447
9069
5175
75
3823
37266
10682
2075
3652
9328
14133
20124
1218
23622
11889
3527
12535
25509
3154
45986
15128
413
25231
5712
6952
2898
12295
71985
1281
8733
8192
3428
2636
4921
3293
14021
22235
16388
20997
1312
866
22440
10858
5343
3781
7761
2831
15268
27565
9353
14505
4279
3812
6808
6253
15365
23379
11832
4141
2007
25401
24604
5486
41768
36266
10790
938
1817
9375
13000
2713
25498
15166
6151
41946
7583
17470
2002
5562
5918
574
1117
9876
30420
8612
36289
51962
26166
6411
379
6318
34073
3648
9261
1666
11245
11148
27081
1467
7196
2271
1470
30294
432
7628
1482
5394
251
17775
2032
14053
28102
23565
10838
36052
6417
12739
19600
6766
5296
41092
5841
1944
9017
23629
10226
25613
943
1439
1093
29312
2974
7533
817
25013
657
12269
6963
27140
8193
4533
21987
19335
19157
9599
12870
47205
816
3530
16666
15544
1782
7046
1114
990
23402
19555
5162
32284
447
23448
14400
32427
26279
4776
32910
8612
1094
27536
11468
52772
12861
14994
20343
11919
51710
14798
5655
9813
6632
3959
204
11583
29817
26194
709
18592
4255
17963
209
9061
6477
37627
18178
1654
15257
1133
11769
771
43901
3653
19126
152
18388
8936
5967
7708
13240
21628
1833
19944
572
6258
14297
479
7803
26772
1105
3099
1608
12730
8622
6148
5950
24018
14091
3248
6586
5259
4965
12685
26043
46395
12316
38871
21527
19143
12298
12996
11563
8333
5787
6141
5828
1009
21688
14957
920
1869
26813
3470
22701
28395
29302
3008
27310
3031
46473
9216
6932
32735
25319
35760
5754
20578
5014
2097
16452
8082
1419
6026
12513
5108
10630
18424
7224
41456
21550
8720
26822
7252
911
8307
12916
9887
1422
4425
42667
1639
4887
4147
592
5342
7578
3604
1235
1990
6534
8517
5343
9473
3528
9800
11564
7347
795
3712
31803
11107
35097
20748
16971
3692
13811
4208
6283
2782
9251
693
5549
11138
65161
7162
9923
32319
30370
30445
20126
352
922
9115
11096
26801
91
2497
14721
5470
41687
7000
6309
2172
10242
37129
6624
29054
11734
11436
3301
7610
10649
11609
598
31517
878
4877
26341
6792
11087
20567
2180
7360
12648
17787
14596
6076
34137
14362
10495
5215
13609
21768
5907
1216
2768
6045
7128
4088
14948
1161
1781
23778
503
2710
1081
30109
1844
6716
1058
5563
5950
12626
4668
21430
8800
23928
372
27561
2790
23887
10138
1171
15016
30342
15255
166
19007
7902
2579
830
11432
18691
871
32480
804
4413
6856
2351
339
332
13769
17826
11803
21
595
5796
10890
24244
25256
10384
3184
29986
24173
4108
7009
3883
3902
36417
8536
27153
7282
9786
4927
2905
16934
9783
24801
6402
10964
1049
15730
13840
1890
5855
2508
8421
19996
5600
6547
25749
3128
3021
8763
5198
3190
24650
42777
20210
466
16992
6561
3263
4393
5561
2941
1117
12094
9204
15647
7583
6972
14755
32370
12132
534
6501
6982
5255
5975
9698
10267
7431
34194
20660
1878
1368
16253
73249
47929
27465
12802
12451
4426
751
31805
17194
36731
2926
15121
27229
16333
5629
19777
59
6569
9595
10279
4480
4603
6740
31730
2521
11888
65269
650
514
5472
18470
34931
4311
5656
7702
3129
8520
5049
16092
4922
2183
7014
4725
23485
15312
17951
1524
1604
3539
9948
1375
4985
16652
2068
10177
8331
1086
4671
24178
4926
6953
10349
1335
8231
2313
222
560
18424
185
7338
458
12507
5458
7541
24768
11589
767
11999
18158
1254
11215
516
10152
17070
22804
5045
14083
35598
1788
964
12844
17611
21836
5838
2097
6692
4924
25340
2954
5910
4322
39938
6266
30658
18953
159
18923
10818
35961
6277
4510
3991
2779
1795
5087
1094
7198
487
39940
2144
4628
39692
1373
3866
15985
4273
23750
7275
20135
41511
3483
16069
17983
4935
3812
9848
5309
7374
9843
9047
11999
8281
7232
15678
7097
12824
4526
8102
4442
9046
1604
21451
36859
13977
10021
40738
2041
5860
13850
6700
20881
3268
44864
2342
8435
89229
48782
15406
56166
26262
7088
4035
17721
7822
1161
12697
8186
60084
1376
762
1398
15876
10319
5815
1435
729
23867
45067
18126
837
9896
1794
19842
19878
23655
4988
13373
5721
3545
24586
6574
19676
10271
3999
13886
11417
5320
24634
6449
18442
3875
8397
12080
32792
21916
10491
276
22323
8996
25323
19030
18909
2448
34435
86
8594
12758
1077
31442
4639
11063
3688
11519
2620
2627
6232
3559
16465
4946
4259
12407
11354
3745
34292
2369
2946
15815
9026
2747
252
1048
4571
12390
28535
25662
24163
26395
11209
1977
2446
9814
1982
10955
2430
7288
25755
9959
21944
3001
2226
16608
12512
1668
14578
10685
6452
21768
7639
26200
684
2831
29757
70466
8900
2108
50945
26522
21507
6169
24443
8122
13841
6006
16919
66
13295
2539
2928
25705
2756
4175
12072
4094
1110
5096
3657
5818
34231
15839
24063
8697
32144
19270
857
12502
16793
4360
15296
8826
7828
26288
3375
32469
4564
10117
22465
106
1553
17339
2140
35938
7984
3506
590
19697
4465
3928
30775
6070
1120
11919
1763
8324
7071
617
10372
13453
4191
2328
21530
29353
42298
6104
10324
4107
31412
4266
9382
19641
10521
1758
5769
671
14103
19621
28484
6915
11261
9661
228
534
3471
9570
27854
10978
11848
20403
5184
2116
15629
2556
16512
8626
36388
1695
9829
4402
70579
9271
16204
23694
38263
12971
11538
617
872
8037
24793
4482
19811
15682
25687
11483
407
24906
23677
19528
6477
24315
291
15507
5557
16616
8763
5272
8864
15432
6365
5523
70716
12181
82526
17108
5138
25147
3246
11692
8617
2670
383
10891
20772
25714
14737
22431
11123
23199
2097
13604
57055
18809
12810
43925
2994
9768
6931
8183
6895
10196
21543
2632
8856
4600
1844
31608
7941
3383
14662
673
957
2502
11155
11844
9958
1618
2518
32438
8676
4981
6118
29014
114
18645
1007
2177
9256
8086
2482
21004
4557
8902
5099
5185
13537
22362
12264
54675
8216
2996
10321
13508
27774
6030
10474
2036
6813
4252
10979
281
4182
9088
46042
12480
13619
40522
27419
4584
4815
9943
2486
19275
11732
26300
4182
1462
13136
7479
48172
9314
30080
18340
7267
11190
5241
10778
4812
8693
23312
1681
2479
2279
6087
150
11192
40536
33796
371
1656
6344
23928
1861
4107
18743
12508
680
7668
4050
13662
11696
5670
2636
22035
2843
7655
13890
2521
16137
30478
6570
26429
12308
8444
5794
15790
3323
4826
17544
14763
40164
3831
1169
43831
344
23453
6291
2277
3848
11146
16324
4264
4699
581
6193
9351
13396
21489
16320
5528
4148
8555
1441
17426
54731
18185
3836
10858
5161
10084
27325
7282
4228
597
37715
11065
12627
22520
3416
19702
1574
39516
42317
9601
2452
4856
13393
5670
2298
2760
5429
12281
10438
14840
23418
22777
4279
545
24163
14682
14982
3642
14737
4082
11579
48469
2890
8427
3585
6486
10755
7771
7538
13487
11926
20759
6954
23950
34863
55031
9103
10086
4696
22729
2018
17695
6671
3141
55442
2694
30359
7497
17758
2765
1025
3038
2409
26580
3884
2693
1035
3981
811
9552
9690
12925
1860
2972
5323
7422
4019
8772
28570
31565
11526
7116
8245
10272
15306
5845
4311
15559
1896
5569
17767
17264
27623
18221
6369
9208
49832
8637
15890
6600
6998
3493
996
1496
20389
1496
90
34867
127
2726
20851
2562
15956
2914
315
88
33076
2680
3880
4217
29713
2483
6491
3557
1518
4412
150
7263
5007
8957
15795
104
34055
38303
1012
36812
14010
15810
36211
25006
35480
8494
3621
37190
3067
6799
27980
19651
4540
4078
3888
23430
1065
17223
15409
15187
347
3640
3711
2364
5260
7762
30538
6490
8852
27585
1355
25115
4334
4197
3567
13926
13910
2547
2780
4760
24040
37989
1050
11606
23883
9769
62409
4405
10470
1110
16612
20353
1496
31860
8269
24053
19740
57308
2157
1788
30932
1745
8766
2683
24175
13950
4865
6853
7279
1346
48103
4830
4583
19571
17618
13751
9048
41161
12172
3465
11461
26424
60258
9511
6973
13243
4977
2902
58398
15207
15692
38681
2929
2675
21248
8320
4882
3101
8159
1624
35659
2783
4400
38307
9036
2017
417
28319
10959
34279
10663
5115
941
8312
5940
21055
13328
6425
8649
5586
20931
9364
8778
13256
52174
11690
37839
549
33969
22823
12417
3844
9798
6248
11934
17170
12096
7038
35482
26769
12762
5016
6024
6364
3721
30354
11982
15792
6747
3787
6165
27040
21607
3300
6319
2755
21589
24670
3455
42229
32107
6244
34597
3829
20769
8485
22056
19006
44883
11978
3082
15206
3194
5513
29263
10846
6333
6698
5243
26165
5025
6594
2843
10194
15609
14656
5410
28140
29127
6605
6597
8877
4599
4236
11127
12858
4295
11607
13333
2472
1235
14581
11104
22423
14290
13516
21850
11148
7872
27144
16683
12815
21952
29337
11089
12621
1118
4770
2365
6202
14199
3287
2303
242
634
3182
4334
9996
36718
2231
12703
80
295
3685
9523
7550
297
24312
652
6842
261
60565
26117
32784
14382
26902
18583
352
2303
12739
3965
2792
10644
18143
37773
25860
70010
15621
361
11880
1626
16762
10965
6454
6469
9809
6330
18490
59
9847
12158
19610
3287
51608
536
20791
2465
1224
71276
11777
2216
358
14679
1756
9382
1668
10197
1087
1555
4549
12446
13661
6334
34122
17201
12303
1917
11463
2006
741
32418
8658
34264
1871
1413
5944
620
75562
12202
33910
7862
97
13085
1297
24400
1356
5662
17615
23824
7121
4703
12056
8824
1578
2142
704
16622
2186
25285
37
25446
6589
21533
3661
1361
28058
19206
33224
12673
9829
3583
25682
1837
6539
15587
10593
23839
20749
4548
14556
5372
7517
22318
11820
12940
2080
821
33031
651
26079
7032
6642
31531
20942
20593
9182
127
8711
15911
10521
29117
11083
6788
21492
7132
47166
617
2443
20270
1904
10993
48829
20180
14678
23816
36468
1159
15392
14348
5544
1024
30395
1388
7790
8220
46571
2911
2649
20315
16234
15300
15218
6782
6889
21421
2140
6503
24741
17164
7651
4028
8031
788
6587
1115
7507
3765
22638
31577
367
1254
2041
4075
738
1801
8114
3260
2388
1004
15942
11305
4081
3927
7453
13901
21900
4456
11686
12517
24556
5206
5110
8407
9012
11431
68463
11160
21448
24656
8816
9582
3963
2683
13685
2134
4751
5342
41273
69856
13945
4013
2353
32184
13844
7552
2141
6176
16802
32190
5515
13730
400
21142
533
9624
7666
40237
49675
22585
12212
438
525
41957
24810
3897
22087
3484
14479
1932
11430
2149
21346
8405
10267
19531
4437
9291
32745
13040
23473
3476
13462
16681
6798
14874
10957
5571
8966
30055
20380
1287
46827
43269
26086
737
10485
9265
4179
12083
10977
12905
11600
13399
26411
12574
7135
2307
7745
5041
3197
25617
3145
2562
4545
13887
7401
6853
311
525
749
31938
17385
4547
30402
2549
459
33710
27476
8274
3422
2434
7684
2327
3951
20709
4940
53811
12941
19888
2973
5321
30626
3820
6463
21475
4032
9107
14250
2615
9175
20043
2179
50636
16040
338
16540
14769
43948
10084
426
20181
12835
47040
44177
171
1146
6898
978
28911
1437
59
4308
16162
25969
49935
7172
3377
42019
1254
2168
2779
22823
14019
5478
4461
3974
8653
48285
3094
16140
2840
9524
17185
6113
13781
6721
6744
35363
2541
75
532
9391
2667
6893
10558
579
21712
64163
725
43542
10096
3712
7860
22309
154
9355
5064
8790
36403
5542
8788
1851
1311
12286
4685
7285
20684
11805
1666
10105
6511
10215
4405
21213
18476
8784
15689
1953
13170
22905
516
496
9410
13017
887
11592
9221
18174
46028
2893
1843
21950
53687
34914
4867
16898
2147
3197
29425
12055
326
21669
5332
4423
8967
9439
3734
6543
10008
5233
23095
1793
7189
8316
31113
7563
21061
4617
4719
9337
4959
1403
89132
10989
17534
10018
8153
28121
5414
23132
11488
9302
20775
1109
3852
13342
13319
21126
7965
19386
4640
9092
2497
13416
27011
28904
1467
2146
3409
2498
1739
3419
3930
17999
8032
14304
974
4006
48811
5544
8142
1542
14307
2507
1872
5902
7097
1339
5136
3393
3680
15277
2250
18348
41886
5443
4358
7223
10285
39774
37489
1437
4107
54847
18212
58458
26766
21600
7020
28867
10242
9565
16112
8467
780
1142
4566
6652
6483
1098
59084
24565
55600
7557
64565
33177
36632
6333
8976
3822
11081
43308
1332
63
24932
4071
1413
26908
28131
4392
16339
6238
925
4243
37025
10600
1987
13325
26925
13263
42088
3112
99
3415
6798
2019
45951
1216
10525
1594
24042
77
3318
149
177
13089
6144
7451
40405
34882
7496
34874
72600
33485
10222
2761
5570
2229
30066
25643
9819
37128
12576
1422
606
16462
3955
1263
11952
9509
1387
6909
5915
4441
11585
13146
3117
3692
5202
37535
48078
11934
2371
14626
7128
527
5107
4082
13081
35902
24416
21132
19864
11496
39785
14135
1603
4658
3466
5267
29826
723
4339
6108
80
26588
582
1559
37404
16800
9926
20654
7206
7931
50166
1702
11895
15868
31448
26560
19512
1710
8644
25594
4692
17651
4818
4308
8704
9960
2578
13805
48503
142
11654
8865
6438
8246
5919
1804
34910
18956
17094
31552
15991
835
6610
3164
10798
11715
26488
1110
2662
15515
7007
9048
13046
6468
10567
9293
2145
10592
41508
8121
12988
29920
72219
46404
7856
255
12766
3168
4729
10941
22808
19762
40131
893
4632
7766
13114
2333
4526
5073
35384
22124
1606
14264
340
5356
28294
1363
772
14611
9200
9164
4505
7410
20616
13639
4750
12898
1576
27087
3314
1104
33084
2332
1806
9007
7777
33240
1272
1718
81820
750
16321
6587
8588
5353
5802
13470
47991
4078
1603
30285
19832
3244
7127
22398
17246
16128
4837
3188
23202
14592
18484
24146
771
5073
5780
5261
2936
1361
4985
13081
12966
899
1128
22135
4121
7472
12097
1859
46592
9598
15857
5035
9664
5864
22602
28981
37787
2938
5132
18529
19445
19304
13200
33300
19318
7875
292
22890
20106
424
5041
20761
3664
7055
7090
5079
12324
10071
14252
35824
18583
5301
1383
21214
865
1102
7969
12019
5900
12564
13552
4408
8695
2933
15983
9302
10457
4550
3020
796
18889
3895
3905
5593
2934
2446
431
10686
20144
3322
5622
19448
6105
49685
11777
608
79413
871
972
16377
13911
2396
75098
2239
1016
7748
4175
20443
10001
24940
8047
4017
4227
3188
7512
879
11982
49438
30195
2744
7545
13756
12395
3362
11831
5301
25372
7011
22886
684
6584
2081
25430
14469
10692
16223
5758
8122
5424
7084
8378
42610
14043
7461
6506
3033
3992
5923
17215
19806
7445
35893
3268
25681
2219
5540
3755
852
9170
4797
23294
1739
3495
6476
6796
14560
21109
112
363
1216
22309
14915
9223
10507
12071
2040
13559
4074
3185
45299
32608
12286
27044
23102
9743
3672
5137
1142
18419
4741
3742
4301
16467
21725
7001
6618
10547
20966
42275
1859
30371
4981
23895
27958
9922
9004
13924
29617
20714
6980
2990
16590
8346
32313
1267
3152
21279
24903
16468
14013
13995
11353
7329
25567
6404
10594
18520
5856
13231
1743
14862
1739
12036
1453
8217
18157
86719
27585
7159
5738
11823
10175
17481
30978
8802
3962
9006
10131
23496
6562
918
8604
18143
577
7492
21983
13743
9594
7255
29976
12479
1100
564
10056
65733
4036
3191
94415
4662
19319
4066
5109
7518
3502
33411
848
5650
2867
24595
3296
14419
35748
2062
904
4681
28466
6737
2175
13417
7109
1287
5482
2728
32806
14577
4106
12781
11643
8191
3697
12344
457
20412
9635
2098
1428
7735
47170
5350
10988
6796
47395
17147
4959
9217
17770
23188
11337
6301
713
21230
12189
22536
16773
19076
5499
10819
18869
11446
14808
5843
1356
2073
6851
6300
4032
25164
27819
3847
15377
12951
57556
7183
1974
11649
3203
4289
3438
7633
8239
8072
13818
16592
3020
4661
17447
3478
11027
3834
1088
2936
47514
14988
32170
10552
19391
13297
10578
21252
6641
6354
11734
18344
47410
11811
3180
5747
14492
20904
3491
66932
7611
4422
7992
13905
10714
4302
16072
15605
1266
24166
14394
12580
2624
28400
2073
1213
7409
14495
3890
4593
3586
9937
5688
2796
13292
10633
40902
14921
40531
8272
19949
17461
2744
11120
10307
8783
500
36086
3041
13375
35130
11923
953
29994
8056
33217
17386
6204
8689
11861
23865
14607
3346
3921
10483
13734
491
12217
12292
18330
35675
7313
737
13523
34435
28278
17658
30973
7297
12016
14944
18002
3083
6030
3340
3161
724
2172
26684
57157
10215
522
19007
9597
3034
3141
2959
10720
3970
15381
14107
5376
5702
10168
34389
10820
7040
3069
2676
3327
25787
6179
10449
9078
672
2281
17851
7163
1223
40909
26231
14223
103874
12312
1809
13798
6701
7753
13686
4078
22494
715
21190
15670
1738
1605
24991
4850
14090
133
7630
31156
2807
14899
5912
16256
19696
4628
16751
13397
8716
337
19374
24775
11117
19794
46015
12584
159
3164
28239
5629
23516
7029
8493
5716
2560
965
620
8330
35507
12043
27519
534
6718
4835
16438
2619
3348
17115
4492
5903
8832
376
14280
6487
16170
3926
29362
4109
958
16406
8646
8453
6214
25839
291
8534
8423
5046
11941
4182
2763
10318
7086
18013
8242
6967
7994
3496
36259
9768
13485
8380
13639
1395
3297
1282
10366
16040
19317
12055
18929
20036
15066
3098
10534
6604
2270
50689
5749
34911
6637
16058
1662
2426
19312
12452
38646
9773
12289
4001
14362
6307
1541
16091
2467
18249
3257
4869
6280
19522
1369
10395
8988
18
5100
18794
24112
15605
7589
26739
9294
17142
3475
15181
4397
2200
22512
4104
5642
1437
4973
7351
20663
7191
5534
22711
25578
2684
11981
440
14884
12935
2370
1693
3471
6165
2037
20567
9640
14609
23088
16892
9597
7033
6310
23015
21747
4735
20308
7665
30229
1642
5021
6201
19238
21401
1955
13589
9259
2851
4374
3686
8737
37757
5425
27805
788
22475
4469
15464
2870
711
27266
2531
3741
23852
12198
46684
1314
13187
7081
12958
17738
5000
11826
18309
9249
18386
646
1892
2738
500
13026
5223
3920
6968
4508
26821
9979
16628
340
7027
25299
428
13829
3742
44556
4595
8590
25975
5749
25931
31485
2323
9282
23897
1788
1861
2391
484
2186
5937
24170
30918
2351
26415
45352
3232
22520
13307
4082
11966
1183
11454
3639
4629
13334
24774
17650
73227
40635
10535
1409
205
34056
27460
10364
1174
6401
18525
3354
7429
23388
782
20032
16145
26789
981
1642
2022
5570
28359
1332
1052
1399
7969
695
17990
3239
52365
29231
23278
1426
22801
39479
6055
19551
14795
3310
6210
1009
21851
22465
1612
3515
6204
39170
7008
2405
5833
1389
1982
19160
21029
17222
2522
5649
30492
86196
2654
194
21345
5390
6500
793
4260
20018
18544
2033
15003
697
9271
20141
4606
3999
14624
178
16338
31647
28058
29374
21517
970
969
12683
13903
5054
1136
961
17438
1958
3668
687
3652
1476
19755
13415
7204
3680
16241
32183
11794
33435
21158
3838
13701
1441
15635
234
5562
15454
7118
6960
22250
24758
1871
41029
18325
2771
10767
12525
9775
3407
6892
5788
13025
22040
7413
409
4867
14397
23653
30248
4272
8018
38745
2101
12795
3737
888
3152
10229
12270
27838
40453
6233
13468
315
22814
10771
12366
13915
1549
11163
8606
39986
37489
31144
11452
34929
31381
7850
14759
405
109
3366
23621
767
17828
3872
24742
34917
1775
5120
15012
457
53921
4527
3615
12071
4805
11646
1950
8181
5487
13148
4293
12491
22574
3394
1212
45205
785
391
1039
34537
2521
32304
11904
3357
10171
1824
6123
6504
19675
11873
6909
15453
21448
5792
21609
7357
45
82738
3720
3510
39677
12350
1419
1684
6878
19487
3881
1264
33785
3701
388
21909
4832
6842
4945
2458
369
2169
22128
5294
29380
4186
255
35561
3234
5463
2936
23253
38863
5873
1610
10358
18309
8773
3527
5970
3612
27539
3779
159
17713
13157
12780
6636
13556
36354
6987
2428
1585
4396
3239
3186
3401
9325
9359
7863
6191
1966
9765
4081
27187
944
7828
13172
9605
14664
10969
3470
45336
18358
13321
4972
16254
1437
27952
24369
685
3462
2784
9843
8331
7707
9682
5268
6465
3810
15439
1401
22826
12002
1852
8935
1065
26974
5081
9561
20393
11862
9738
4029
4445
8377
28263
22584
3690
15981
23190
12103
4376
320
8487
9832
6051
7038
20281
15028
13012
1101
3829
10651
34266
844
5047
24995
6948
23026
25361
38032
16941
33732
5584
45093
1402
13398
9280
36587
22761
7106
23748
8225
9551
3914
9738
9216
8466
16529
430
3375
2849
3788
6117
5184
20727
12384
9554
8762
13
1144
40473
18402
31959
15626
3356
8964
27727
35553
13999
2272
1773
2013
29834
6212
4795
6205
4368
2454
24594
26443
99790
6247
8688
5980
32835
8778
16704
19251
10187
6393
10482
6286
19037
3675
4022
16095
6900
4057
44453
220
15860
2779
7753
5662
1372
13098
3538
20485
29897
4910
10033
2421
7376
2902
5288
3755
69923
23756
8883
31607
21922
10777
2683
2866
9285
9743
6250
14757
12455
27919
794
30880
4140
4771
154
9852
14527
10289
3817
4354
4810
20854
1850
16351
6332
4029
22819
12331
7072
12403
33711
566
15399
19918
1016
10135
5358
2371
10977
14834
8175
38360
16252
36641
18371
2653
2534
4606
604
2254
11613
6170
6058
1215
11059
5246
608
10249
15884
5640
14987
24960
47806
76397
1833
14665
3282
9005
18320
11731
3772
2954
23197
1250
324
6935
8242
13357
1706
19814
182
9731
11040
15605
18868
13143
35452
19142
22132
262
10712
4977
8273
13034
2694
2290
3156
44115
6262
12388
157
9718
3076
15890
10126
5654
6129
18649
11733
509
25325
699
1703
34240
6381
5535
11276
30276
1354
9648
30075
9980
11408
8801
8398
133
16292
184
6563
16252
25821
7590
5628
2447
6563
124
6888
4376
11450
4329
19327
547
8717
6502
27999
9554
3067
19559
25853
25508
39860
2296
5296
3256
11787
34878
16094
5315
1900
3806
1131
14996
37315
11748
43728
8486
1806
422
22863
1825
21027
10503
14279
32252
11445
15086
18302
5028
2595
41773
19485
1786
19654
34680
7901
3369
238
14776
16359
14018
21397
1272
9346
5920
13358
3291
3561
7964
10000
2729
11530
5083
11311
39164
28601
82
32505
40258
3769
33842
12168
2247
5286
9
5878
1011
26853
32603
6384
23342
3709
1373
8129
1652
11272
8699
11933
3514
23725
830
27507
35975
17955
29478
27628
6923
29663
18593
865
15947
8156
3854
11168
2043
17906
30119
9019
5289
8880
6045
11844
6550
9543
6031
9324
23945
2967
4604
35995
3736
694
32484
10140
4485
38297
1251
8241
1426
6162
17356
3108
41452
3127
8874
4150
39781
10169
5540
1362
2754
17330
4567
15080
3365
26812
845
33732
12264
1549
11923
30076
4514
2722
8259
13659
17779
12889
16431
10269
13516
22523
17972
4216
39850
18353
3424
30882
13209
7828
23249
23790
32586
12027
7032
2352
7031
560
10966
541
3407
5652
17815
17907
5439
14761
4973
58026
29136
16460
7950
25810
893
899
7046
3650
45936
7255
7154
15873
633
6822
6859
17749
4193
24882
32007
4476
17154
43257
24711
6951
6230
34610
15361
3404
27449
16933
33506
10583
15665
2129
7499
1695
15991
2670
25014
14084
1696
3745
31385
8215
54864
12837
3465
964
14747
2843
5044
27211
14023
1253
7599
10218
5719
22974
50122
11349
7024
25501
11007
22407
12017
12993
3469
9142
35460
6567
10162
15667
25087
32214
2484
21674
25751
14280
7422
14136
2324
10236
24999
6076
1011
5294
8937
8063
21675
9050
1089
16634
37701
6971
24186
1307
23667
2570
21690
9962
9026
20107
2893
16487
11465
3906
5250
26444
16189
11122
12386
30331
1608
5491
21206
2408
926
820
19
36748
5643
728
9819
814
28102
25843
3262
12322
8237
13278
13621
3948
9209
35620
584
3989
8604
10026
38990
8018
25801
721
10453
8910
7023
12214
437
23824
10941
4954
22322
7644
2944
7767
577
21924
18915
1213
10881
16316
12165
21766
1583
7647
66
1213
314
19252
2498
26087
385
1646
24630
8685
8680
17213
20584
32904
9254
11895
19074
1422
21075
14798
2587
1129
5637
20447
594
915
17888
33570
2533
10899
21970
5791
2004
25342
42706
3703
2633
2990
4720
936
8645
5130
30185
890
13815
18416
25093
25931
1941
5145
16782
20998
10508
13633
16429
28833
2787
47003
2500
4234
7020
7787
16190
13565
4591
16712
9333
19721
8966
1709
18223
6017
15639
12183
12018
7141
11637
9502
3819
17535
2088
4740
9371
5336
16812
8367
439
24407
18838
1944
39445
23371
7435
4282
6681
3614
5262
5965
11860
15829
21274
53577
1245
7523
36796
314
10146
3617
145
29980
22872
10119
6597
1515
50717
25915
3664
16176
8149
24008
509
74045
8983
22402
20175
1533
18324
1974
13800
6119
41852
520
18439
2454
9494
13425
19606
1580
21222
1807
8210
5628
31921
2944
22000
18152
4197
5505
2145
1428
56598
3096
5422
34586
22857
23303
8708
10123
1609
9037
19427
26789
22129
2343
7379
690
8437
46146
25359
6090
5109
10125
4284
55454
10153
1114
5804
10402
36284
9671
6846
26421
29740
6591
5682
2747
16327
8736
14390
10622
19507
30223
18315
3288
5723
11862
52787
26322
3677
47959
2819
8112
8771
11634
4741
1166
20428
16093
14143
10309
25492
14259
7173
3360
43256
9942
11142
1745
3858
35191
4067
6985
2143
6488
1590
32611
20532
1632
763
6031
44
7912
2058
2494
3684
4787
4206
3515
5977
15950
9983
2196
22890
6285
14596
3719
6484
9407
11545
12717
44645
1814
4509
25079
5526
21304
2518
18074
14223
9425
2450
4608
5475
1551
3853
5285
10050
16338
12677
25738
32422
1068
2493
9188
14760
21822
5967
265
28346
3022
46596
23983
32950
19848
34891
23009
61
1601
21832
3588
13572
30233
10372
2344
1794
4076
2894
6457
9794
29968
5781
2379
8243
350
16185
6771
1946
1956
4375
11207
6756
784
7935
7960
18056
18400
5020
5044
4652
16371
13264
7103
541
5412
4109
14149
7273
4461
4018
7485
4878
30222
7115
5830
4725
8258
17
5916
2358
14480
14316
30371
13524
1771
4995
19167
17825
7795
5295
40256
50544
5609
3490
8428
1631
3297
13024
16020
8415
21276
5396
14489
12410
23426
24299
9533
8556
11996
10271
8356
15113
7519
3257
4025
7943
16359
3025
3407
2855
2161
8488
5310
603
409
350
15767
1323
4592
9135
3265
67664
19972
6697
4284
15903
7673
35099
15752
3377
30382
24929
5036
4101
21190
22776
2349
65572
46355
14954
13562
1364
707
8532
30796
1724
6731
8313
268
11989
5289
6105
16151
1816
6386
17849
317
3447
10849
263
6002
1096
3443
5807
10751
3683
11482
1789
8826
8539
38864
45784
8290
13799
95900
58721
15923
2959
4610
6141
573
1417
8018
4943
6795
97
10236
666
15988
1230
6614
22819
27776
7078
4876
5581
1710
8816
3491
773
3052
10
3774
14914
5865
5702
19697
6744
8256
8775
13203
15962
17238
4113
19709
3874
2425
8785
7853
3212
7116
12635
14839
1004
53939
6369
26457
33660
603
7169
1981
4358
18121
39145
2319
3334
8578
16234
1726
5108
24957
30141
21699
27392
6653
150
8345
3912
3881
1159
21830
13726
35477
174
451
11668
18263
5600
29032
2828
359
3361
3679
47642
1269
3047
18335
10335
8844
20466
33180
5724
11756
3797
22091
25645
11021
153
25571
2432
11091
2853
1739
5019
16556
26040
5968
43899
15854
5935
3670
385
9917
22220
24471
21953
24763
11735
27926
151
5933
38870
4814
4930
14111
12398
21588
6141
3254
42274
8160
1760
1989
19905
1104
15748
15986
2493
609
8669
13813
12390
27381
1332
7447
56149
3237
33833
61
3946
9110
9836
1862
22156
952
3480
2642
24274
4376
7057
12703
887
2875
12335
88451
8898
6202
25984
1777
3020
71785
34112
10813
3721
607
9639
32926
12415
27947
109
56218
20519
29857
1255
6315
4293
28511
7712
12221
27601
13500
53265
2437
26542
46733
4419
19748
7955
62
12852
26713
22831
9169
16848
1175
4908
3357
24499
26493
3227
23453
1144
17245
4755
25018
10375
19342
6846
4431
28920
3788
20143
16027
9212
24008
28674
31781
2404
13087
1998
10709
47360
2974
1015
20604
9728
52487
35888
6637
4668
1683
3897
12807
27965
23192
3198
45703
12595
24322
6516
31932
6451
14937
3801
1895
15367
32502
1252
1060
19363
2263
4658
11492
1866
819
11719
2107
15548
20156
4506
22682
4312
1723
26894
74656
10067
6811
4058
50744
6925
11892
5997
8551
395
6410
3942
12963
1520
159
32601
10407
2774
16281
34809
15861
28017
6375
4560
23697
32719
13744
11849
3494
25574
5761
11
16249
80
1193
6341
12043
2131
226
2762
8704
1515
9433
12686
6497
21656
12862
1888
54288
11863
1111
221
2160
16006
8625
1120
8418
71910
13782
16265
4441
1037
8310
12268
7247
5648
2002
5281
8497
761
7107
23873
4235
7275
896
3595
10036
20854
32289
5509
32125
7871
26302
676
12707
11696
471
2122
5356
15667
4709
37975
9304
9325
22983
9548
5916
22505
14413
2279
7596
51112
21330
3184
7114
8394
1298
4928
35925
10588
28037
14872
2858
11083
13038
18367
8228
522
2774
9025
4176
5149
9470
5410
2783
1972
3779
2540
9330
2709
19870
3044
7887
3328
1930
10928
7425
14658
4291
36586
6231
17077
16418
8431
11068
693
2483
33126
1639
40063
5752
1601
7467
8526
5307
2285
34500
12057
8283
7341
2538
45733
14333
229
11423
22684
22188
23796
1097
1991
9204
285
5294
23398
2360
17776
19101
4233
12192
1168
6910
1144
20968
974
7805
1817
24621
6481
7922
19836
35514
6024
47660
3884
14378
7007
8173
27389
109687
9783
12993
6464
5567
382
4993
22938
2696
50188
242
14067
34
31355
7650
5945
7922
5038
5134
41584
3490
22747
9598
61200
18779
3984
4521
3107
22039
602
39086
3433
22549
13766
33352
5212
1066
23277
13988
4361
18376
21931
2243
1632
9891
4578
29945
14721
26626
13949
2724
1605
4305
13911
4659
6779
29060
51645
7834
8502
17845
13670
957
5746
30892
141
4245
5411
2714
8195
14304
7786
9863
6580
3001
4416
6909
15811
3490
1867
39780
27581
1925
42057
17579
3511
32799
3610
801
289
8265
1672
33007
40257
42236
1984
607
226
13352
687
4676
2601
4020
7812
31083
2581
7640
40426
20028
14006
128
78003
6634
12711
10021
6610
15897
7547
7035
13683
21899
24482
18096
11297
37625
8045
3993
40370
2214
8254
5148
26040
4181
4663
3869
7022
15116
21272
15403
4271
46622
47365
27002
33183
38793
14907
5404
4839
2546
14166
602
14793
14046
13268
18237
5691
428
3305
15879
28013
10720
13234
24308
17683
34930
37715
18644
5538
11814
7213
4260
17114
52434
7659
11358
15559
8021
27672
44204
10651
14126
8099
14684
9069
1588
49808
3345
25451
9464
35838
14779
19055
81
2781
14555
68578
46993
30744
13238
10063
23395
11207
31798
106
5574
97185
4960
12016
15944
22800
36816
429
5389
9874
43779
6547
40593
2540
22780
28039
15119
6653
3873
14171
6261
23999
3269
31938
425
8046
3047
207
42994
11148
5087
37513
2305
6507
6509
74
29267
3966
12703
22531
25486
6102
12962
34420
4835
2439
60179
2268
5986
1355
17643
46866
9110
1996
1697
10847
3417
13322
6777
972
718
4724
6655
4224
2857
445
27863
4817
12788
773
14200
2766
16114
10039
7194
16
40134
290
1451
14898
5804
10122
6360
12528
2947
42549
3653
36946
4501
1071
2734
10154
1693
4551
6352
2585
12276
24532
5600
12907
6477
441
11015
4849
9947
1171
43950
7368
24378
12002
5097
33898
26459
24973
22548
4231
7251
40085
13151
6033
28572
31755
6057
3912
14179
26588
14916
4066
10262
2203
10156
7350
4301
19759
2734
6726
5146
5322
32942
3867
37
25072
26867
3336
3933
8038
17517
3278
12368
10800
38132
9775
32109
8738
201
13440
24541
2902
7527
18349
22149
4106
8321
25512
4163
6961
30787
44671
23784
2291
18264
8108
4598
30381
44001
2687
15662
5349
17885
3798
13115
3562
14476
4826
12537
2395
9814
2115
3195
2510
280
1372
21180
1471
14795
1106
6274
4979
2189
4
9366
5882
12687
4066
6752
10700
4913
1997
962
20668
5072
6324
3344
19424
1267
19684
3281
3072
35837
2962
12837
9634
651
2485
6600
932
41066
5618
2974
28724
15885
6445
16977
10685
26846
2338
3967
7445
7075
11185
24429
10283
5827
25723
4108
13266
5353
1692
18049
5353
24284
4623
7908
18096
19433
2884
17496
16283
1335
13497
17735
5113
9686
21386
6412
22027
6513
4285
6443
63495
2202
20475
2054
38263
39063
26416
25445
2111
8543
1006
7096
20363
5055
13121
3269
13077
28181
9362
4470
1655
19589
16263
8390
6651
5634
671
5649
71640
7262
1894
7930
16292
15014
5547
750
37301
2398
4495
21875
3170
6749
388
26656
18100
19155
12738
1519
5925
10312
44009
27272
5040
25242
15653
1608
15932
4261
743
9974
10422
4343
23920
15793
2624
14930
6335
196
6792
1866
483
21393
6138
10917
13309
12895
7389
10247
2054
11788
5660
3761
2062
22455
14508
41623
11313
36121
58205
3695
38311
1922
10308
15948
5206
38601
29508
6046
5320
2172
6088
13635
40
17210
7208
15453
8588
14828
2466
3391
26428
4835
1729
30604
3974
22877
12800
5380
3589
7562
4130
4415
5406
74458
14244
7765
15607
49852
753
33323
8055
1910
10134
5132
13643
5250
8913
1316
8892
22687
8030
16762
16441
5281
175
18438
21569
2884
319
3721
1359
30271
1456
51354
853
7486
113
57725
243
3231
32261
16034
808
2093
7730
10013
12302
20012
52013
4351
19364
1803
9118
1478
11160
15895
2624
2061
15482
3845
6935
3552
20445
6473
15926
7271
3752
23029
1589
12139
4061
3897
2668
7357
1163
7089
3143
9488
44442
1777
1616
36309
26698
12222
26928
21672
40124
10408
544
1688
5115
3911
11076
10540
5345
10296
501
68
10139
14698
10104
586
6283
8995
30866
12540
6736
2170
6349
23600
4205
1665
494
10064
6380
14297
5691
548
68
2138
7081
4223
12995
1520
10364
20589
4469
10332
8909
9844
2229
15631
5214
67181
2227
4454
28753
5856
13174
7058
6743
12902
18584
22036
13805
2067
28047
1950
12515
4803
5636
16199
2961
10628
1276
6597
37660
24028
19891
7958
8562
48495
37489
4516
7567
4196
9141
15040
3379
13246
8456
1017
11240
6809
11664
5376
10668
13881
95
18411
7063
7713
29567
5243
27786
3513
55082
38069
34707
13392
13714
42152
1383
7177
14984
3606
37457
37
4633
38715
16618
14218
2495
5553
1096
3435
5224
1051
22049
15444
30321
1712
815
1312
3762
3916
27729
20876
4981
10484
10408
4412
2762
35942
4036
6760
21450
4123
1462
1065
171
32739
22799
3111
10323
13201
550
32289
180
3194
24061
2300
238
14656
14846
3286
30364
47868
4375
2324
5136
11823
17506
61730
14580
63977
30
6678
18370
11102
2620
14762
1074
14329
27064
8629
8733
1550
1862
4473
38955
6810
1367
11844
2463
49851
3176
15004
28748
3074
9219
17339
11893
3238
12058
1736
4445
7825
3135
18292
23403
16295
27494
42436
6277
1217
19487
8835
25653
2137
8275
10320
41982
8777
5939
2689
9107
2096
24481
1614
17030
1494
3543
1899
16807
290
56582
404
17982
17706
5082
10102
5923
9054
9286
3909
57321
5004
32486
10195
7015
13190
37535
4026
9919
5918
31950
5897
14269
133
14079
24533
15208
33221
39614
9381
40814
1852
24399
12339
5026
5175
7646
5691
1113
6417
15391
3484
11916
6612
3470
15947
5138
1922
16402
10263
6746
6054
561
9525
47041
13685
58880
16078
6956
25212
15881
6943
222
19362
3936
5057
11249
42589
22900
16273
32506
1734
8802
1245
11271
37571
4019
2162
1067
9727
35043
16604
10622
7244
27422
4518
28815
20920
32653
5420
8021
305
5454
723
46542
7902
7132
3467
7008
24864
5558
917
820
2084
1872
18737
11817
2329
7902
1899
41491
19864
8128
997
4097
1758
1328
13706
14500
21151
1826
10309
23391
19996
15666
10230
18712
5218
15546
4869
22671
2729
6578
6774
2842
4474
21485
6964
24798
21229
6169
1433
392
12433
14446
13280
17897
11261
4726
6159
6197
11202
1165
1268
28757
6753
8177
2896
20734
3326
11483
2290
19203
1240
18044
1675
4823
11354
21747
16214
353
17149
41427
4829
10823
24576
11674
19457
6761
17153
5160
3857
11233
908
3754
24832
2151
46695
30681
11128
18101
29745
902
2185
60131
12459
16454
4949
1172
32741
11228
8870
11432
8778
2975
22452
9123
241
7245
5310
506
16636
2497
1094
1140
5263
10416
2945
16293
16801
18489
1420
3492
5203
16594
1551
23871
17752
15331
4665
11753
2545
6120
1795
28650
16014
13454
6709
3538
1215
4764
3804
4993
415
26597
3527
3438
38
11830
37594
22153
10286
21238
25885
3043
8603
14334
1055
15753
479
906
8508
6948
36181
2333
330
5969
19739
4393
3446
18882
13391
2238
56887
7166
17913
18992
9784
6714
17604
12199
79
12629
6358
10208
11748
3406
23576
11614
2355
13756
14980
774
6653
11041
14673
22621
11769
12123
725
138
1827
22855
14343
1475
1003
29330
9683
12129
8478
5896
8737
2551
15062
6361
20994
31949
14412
12520
7832
3010
2064
25998
2658
3882
5609
596
2466
39297
15724
16168
6236
20137
593
8697
15602
1969
1168
8339
7150
15650
22292
5774
13725
22415
5648
12054
20119
32841
17293
14388
9131
23472
33862
4486
3843
6216
38429
8929
13188
11975
30831
5547
5020
7898
10432
3078
43390
399
48465
17545
4049
19005
33943
2108
29265
307
5453
23651
11382
41200
48729
13736
11651
25056
31774
1759
7193
9234
5316
1568
35667
228
22645
4802
9144
9938
7905
23274
2433
4153
14788
20226
838
9694
2841
2820
2363
20013
58455
3145
8903
29111
9586
113
1732
7096
24926
13595
24161
11533
14501
11493
1007
897
10747
311
31549
9096
5165
79098
12637
764
5956
7759
5388
6025
28337
4530
13448
6440
6248
18258
5868
26297
9351
8586
25434
11941
4819
11242
30989
5053
6294
17352
16880
8855
25402
3068
25320
8371
10178
16064
8040
8130
66345
47019
6490
720
23855
2354
18044
16299
33597
891
9239
11407
11916
910
1815
3990
18981
12044
1926
10217
10115
727
2130
30855
3636
29915
10908
4208
3549
9023
9360
9596
1476
15237
18586
14229
18523
21722
827
390
1730
2141
10680
6999
4977
20947
15669
3840
22108
4444
3322
1863
16116
1252
2690
2824
10764
37183
11640
9729
20270
10060
7431
12417
11439
8562
5497
12838
2607
8099
20679
6361
4967
362
11104
17773
15902
22414
782
466
7986
362
20324
33698
4329
14238
950
3707
4115
5568
2955
41586
8704
1918
16382
3321
15821
2210
63192
2462
17405
27523
2381
2787
12714
8432
19458
4202
3821
3906
9212
2700
4006
1130
2204
2318
10108
32677
48084
9067
2146
886
10204
21275
14614
10261
9469
4116
2622
7771
32804
38
10465
8213
28259
9700
27706
9995
11801
40974
8465
61578
3884
11556
32138
3760
860
5397
10872
18160
35487
8261
473
20126
1480
17539
9467
16082
6016
48259
6508
6853
871
9714
345
13736
8996
8707
8749
13052
8752
5031
11249
53576
97683
11778
4135
6216
1324
5757
5336
12411
15536
6887
5615
1301
29201
8519
24762
8599
8866
5436
2877
49845
19952
668
9208
8089
12507
909
19345
5897
10958
10132
15629
2202
19250
2045
4172
3245
2913
30238
20632
16107
26421
21543
1121
15831
2503
22376
2299
27533
3121
10440
39492
6585
19648
32877
6846
6601
14545
16631
28029
5403
11647
2181
10611
6297
2607
9457
1250
27317
6924
18805
14668
59
238
746
7774
11534
7264
1337
733
13471
27887
4352
6200
20928
11401
15116
4414
18306
2664
20531
3501
18720
19050
13173
921
13201
5281
12672
16756
7790
19740
6880
4610
18025
35575
12777
381
6123
23956
6318
6552
2737
8090
18846
78232
9491
608
2565
5846
274
23550
2478
31579
8769
18456
6345
16026
11834
953
12150
6698
475
2488
2409
10229
7393
40
25847
3335
3602
7846
1420
32823
2732
9018
779
4095
13550
7029
10466
11181
13242
19833
25271
6273
264
8879
15981
3787
1136
12477
3076
31225
6258
8029
15909
7731
2468
6154
441
1219
9871
4831
5156
3011
9106
4531
11679
3688
1628
15659
19015
16719
17645
75499
26849
7106
6214
6707
51168
2970
11931
11452
12711
12511
14473
14381
1719
11818
23885
4107
93
5201
8290
33862
7188
2165
2285
7881
10840
437
12004
3839
11833
18087
327
19975
7861
15637
2708
23972
3718
40730
6747
4791
11516
78482
2881
4701
28713
10299
841
2560
19673
6641
21692
10158
25840
4389
3793
6629
414
16637
5432
5039
18377
589
20832
5538
19683
6013
2682
14577
1138
626
3837
3157
14380
3309
10811
914
45538
2322
17216
19377
9011
97387
22696
3619
1235
8383
18249
13746
6804
433
10806
442
8931
9490
2190
504
11133
31883
73
1593
13552
3061
12828
4211
3817
4676
5455
560
4155
17925
4390
5486
11588
805
60358
6495
440
9038
1236
24186
19387
546
2767
2851
2653
41552
2970
20523
45563
2208
12500
13553
13474
1187
25384
898
4100
13193
16605
9475
3007
14870
8251
18199
13155
912
65
11678
19311
7749
10905
10431
3832
7747
2454
13549
6841
13121
12426
3316
1056
17754
2115
4250
13797
10616
7201
6603
14325
7057
9615
15459
22422
370
12087
5884
1561
12471
181
547
21850
1578
2634
10600
4237
3679
1914
8063
7583
4991
13673
15131
19870
7078
2018
5813
3787
5690
17884
34232
2181
1350
14199
22948
32654
3019
45732
12998
11989
4087
5691
6683
22246
34516
13997
3783
6190
35583
33602
4984
11657
5516
28673
4882
8287
18395
23369
1367
15983
5376
91085
24923
24142
16879
18859
6652
2600
12703
7049
1119
4312
1984
2236
27792
11929
5913
9832
6931
7666
1506
3098
15815
18225
29809
5210
1429
6688
39148
2123
6973
8873
14623
601
6388
3140
12584
23335
4793
7752
17498
306
28827
19938
3822
5356
7743
1000
6345
30741
4018
8871
8572
9602
9068
5588
1045
4448
12372
4424
4766
8949
14453
8670
26584
12310
19368
10917
10420
14842
941
90
14858
8517
1097
34044
15801
26514
2360
28851
20989
4106
1907
15093
3790
1736
10884
17605
8836
5189
15785
29789
12946
31905
9933
27453
15763
5911
20341
9332
7516
22762
15036
24133
36179
3708
11236
15353
20391
9656
4613
6382
494
33565
427
4613
5925
1539
2690
1933
1902
13709
561
2458
14952
1152
13376
4609
6535
2455
3574
2298
4144
15956
10737
14727
5603
2680
25777
8245
1128
2342
28574
2482
5186
8945
18300
13110
5809
8538
2988
65894
54437
12027
9905
71843
19557
35807
4109
7176
7881
9376
18686
15070
3347
11323
3647
8814
23073
3976
9526
5515
15706
37365
34120
17086
1404
26342
697
16431
10744
228
45728
5689
42923
28801
17468
3896
33617
1432
7910
22920
2631
9802
15534
1817
5138
14706
3681
7963
17774
18829
26847
3834
5124
3518
3151
3643
5192
20219
29311
10327
24244
8870
1970
1913
186
799
5667
22370
13685
12520
26292
19415
20971
3834
6344
10938
20379
3102
4043
20778
28877
1640
3846
17752
43759
3538
8119
15465
4044
15992
6610
11029
2242
67349
701
5813
750
4454
3649
16716
23661
10581
3349
13250
31805
25643
6130
724
12056
2013
8110
24531
3820
1720
16718
17850
3625
3303
68549
40806
10087
17063
2561
6955
12401
320
7793
70574
1659
29809
58114
10186
34384
35318
302
3344
8599
50605
6964
6790
17913
7363
16761
20383
8606
8777
3358
26734
12418
9271
4448
7156
5043
6699
14701
663
7887
4527
28867
5158
12032
12480
14193
70833
19430
4802
10410
8181
2034
7836
12747
1375
7930
418
14646
3016
3295
5708
17535
2050
24542
1659
1168
845
699
63000
15876
6307
2742
3778
76
8148
2502
30310
2350
20445
9697
16927
28479
25617
27694
1374
10076
19525
7598
7119
2303
11100
20973
5587
10809
5292
14902
2833
7587
16166
8172
21441
3644
14420
9204
26386
10359
25053
33012
5738
24250
22042
18738
8975
5943
2366
3324
14291
1857
3190
4125
555
3351
11759
6893
32153
1679
9977
24327
5820
18857
7123
4776
24445
63
14689
19748
7894
7872
17637
6337
21571
28389
13790
975
15560
8160
31316
4269
27196
26049
23531
16083
292
4687
8223
11073
5181
81703
3360
2938
2978
5290
54343
3878
24669
411
6704
7840
18485
777
4936
10550
3039
47644
9961
39430
2159
3127
8741
7131
12628
12613
8272
19642
6130
399
8291
15017
7981
17704
1155
711
4923
8762
11517
14270
5917
3134
13812
38637
21324
182
1718
15315
2825
5312
10753
68346
5205
15446
3738
4603
1294
3189
65717
23328
12518
6611
11124
1680
30113
1444
4141
27448
2531
3393
13668
3675
8040
9842
16287
8949
3757
9152
12554
22120
1512
15613
13532
4996
2239
23
7265
1580
5289
3001
17040
53790
11186
24824
23801
12330
13158
19664
16702
25494
6731
5119
8215
28256
9191
4363
4679
24568
14172
6523
3129
14181
25566
26581
28108
19201
4940
10591
5031
14814
26081
283
4452
11852
7410
25729
12569
6923
5247
3148
7549
10174
3901
12004
50646
9867
24561
30719
1487
7835
20717
3501
101
2432
14260
24518
68205
19194
11966
4396
3989
6442
1189
23916
28809
20824
355
5125
18856
15308
1568
5975
6765
1622
5628
13325
3125
28849
31402
1833
2742
5793
3545
11778
24338
18493
4454
7004
3780
33264
17135
1891
16420
7155
43932
22057
1169
26064
21359
10550
4704
51
5687
10873
3761
26356
2114
11099
8650
18579
34133
57906
9858
16710
6552
1784
4423
54093
59715
12811
5221
3802
16579
28389
28081
5996
11088
1597
24078
3148
8399
13342
10630
10126
16767
8864
10644
19516
11796
2929
9196
5181
16179
900
5566
29326
309
5813
805
13391
18387
7053
2476
44897
15533
19241
2027
17270
20411
10312
13910
23104
67195
36907
2618
7158
7937
14946
10900
3932
16906
13527
2654
10321
19776
35
11940
3058
21096
585
488
17347
23755
1690
15090
70861
84782
14586
790
4367
60016
654
27108
4456
8988
1705
9178
34541
10473
3590
15240
3704
461
17986
23429
7375
12118
8896
3727
3607
14508
9372
6727
9722
2721
14717
17047
7405
7391
1014
15855
10225
20062
8523
1947
67938
24263
6448
14168
4227
12527
549
11161
7597
86113
3313
6268
2889
544
4623
3221
16892
9752
6551
36187
2987
3453
19482
35182
29610
3953
28080
11762
5516
3362
7966
11546
1022
10179
996
15810
8677
30469
672
3275
6780
7500
4613
4515
175
11380
6129
20210
5708
4319
3531
3378
19426
27
20100
15862
11803
15832
7663
30748
5751
3295
1891
3058
35537
339
19695
29111
2537
35219
12551
29691
37345
6815
8554
2991
510
5230
21967
41495
12658
29768
1642
5605
31610
7525
4386
12422
4199
10408
3835
4581
3490
52237
20738
4555
14748
2106
21502
2333
2627
9306
670
5552
12033
13282
3984
14062
18278
5062
3400
34244
5158
12388
1933
27264
4741
15881
5005
2525
8457
104
21531
6898
5142
7196
17117
24768
25585
28772
9827
35781
12600
17303
56567
36306
5978
2962
9310
3756
3480
7704
1794
717
16479
8741
1021
365
5039
8857
9022
1869
37758
1241
1133
6288
11206
2014
6376
1592
389
2787
4213
16
16458
43380
33998
38536
1257
21028
25035
12523
1021
3732
55730
4778
7392
8642
8345
13821
764
17963
30692
5472
29362
17879
826
54186
24537
3884
7153
3253
18609
32011
9884
7165
5626
5455
5661
15303
42463
12763
17160
27295
21224
592
733
31861
21834
21378
1288
14244
15402
4877
13227
20196
16230
26479
28027
2382
15818
23970
759
4207
5470
3869
12234
1312
7747
3693
793
1948
4425
1664
21028
153
7034
3865
23797
19000
15520
22743
2544
8047
890
4063
20466
11248
3382
38925
1405
9320
19949
60405
2767
13918
21549
15690
3091
44148
54268
10157
5916
5339
1703
7374
1112
7170
16376
19571
15849
10190
1441
6811
24917
7045
2636
7555
8560
6281
1784
12886
3431
12972
20438
34444
3054
5721
1297
1781
8451
21043
363
16808
40871
7128
7267
2895
7709
4588
3911
762
17014
13368
7052
8390
81728
43451
2844
6612
10520
13199
15755
5570
3178
25501
77850
6125
6236
16328
14636
14786
8682
16381
49
7107
13812
5991
18143
25401
8693
13998
3501
17018
10396
4993
13926
21517
3353
5905
9285
35198
4963
1182
12525
15969
16084
6829
895
4273
495
5041
11745
26450
1277
4923
8630
837
734
2765
16960
2279
28377
5518
9530
48505
38214
9125
2686
15569
26412
12457
10664
16977
3162
1557
27218
37946
2572
4406
12058
12157
23684
15724
42867
25317
21659
1545
8938
737
33715
18342
17920
13867
4085
13451
7671
3596
11397
36389
11533
30901
5189
4353
13370
1566
966
4960
11455
21073
3821
1878
5187
4172
27083
9218
501
15845
2718
16313
3906
4948
10576
2803
6676
108
10808
21619
23081
17239
55862
23445
20524
3004
27154
6431
2566
29438
22678
15950
32109
23414
19585
19833
20233
3739
13386
2696
28694
6092
11789
14390
10866
9778
12533
1698
13504
15598
1894
3811
23628
191
14444
16198
8232
8064
10575
9024
1695
841
4588
9833
2548
1780
3720
10616
44050
2170
4984
4722
81
11060
12999
6828
17658
77
16023
2079
14618
24253
11492
24169
18927
15850
32876
2318
559
2065
25196
20152
3261
3408
7007
19368
4557
7407
23409
13555
7623
17345
13129
1356
6613
12496
268
19064
8196
1161
1613
36553
7341
14576
8119
4834
2768
42341
3757
19936
6279
4738
51241
13085
6096
19477
12276
51959
4469
34411
5911
4916
206
3482
13584
20142
60943
17680
10165
31013
2646
22161
1163
2776
5674
21117
1453
25338
1873
126
18222
13716
22562
4630
1380
1816
840
5284
4269
8111
8317
353
3583
15282
10097
6227
23788
5231
17560
11426
509
44041
10275
5214
11144
3301
1425
23416
5850
27501
1588
20223
9187
15616
781
14699
647
10191
30340
37288
9722
15525
6817
29789
20458
21503
7669
10867
11823
4420
8998
29059
12217
16051
12076
22708
6258
511
7564
988
1277
10994
5941
7954
59196
16763
86
4859
18179
11992
34803
6042
25508
2227
29801
23907
13047
2090
3778
5020
37983
38404
9415
16037
20445
17723
11699
1847
48714
15166
26999
1118
26169
42850
33114
21654
3305
6016
419
15421
10617
15551
3163
56584
149
5614
1702
26446
16567
16577
521
7490
7292
12899
28178
5553
15650
2961
16035
1132
27166
16164
9172
706
26444
2260
27685
6607
193
262
11612
6385
26107
40287
3246
2097
20945
15473
50537
7858
15817
33041
3935
40571
29210
10930
130
32291
2175
3436
13262
411
6929
17355
7553
4680
38121
16064
4653
10841
19666
27211
4915
5031
8732
38247
12539
14806
9057
15655
7261
23966
9088
14651
25480
8032
6639
6908
7832
44119
3721
8347
19900
4381
1317
18982
12549
6018
7049
12455
14621
26197
743
5585
18052
10617
15699
36400
6531
38562
682
16478
2661
22767
6591
1782
477
17833
6210
5302
12481
2030
7130
9378
83243
462
1524
19530
9216
7379
7408
12262
32549
1284
2126
23975
7370
42522
9705
24633
11779
14343
8330
14454
16606
18827
10987
30165
5689
12584
75
18652
4182
17170
4109
8955
21614
37349
4222
2691
4063
17434
1264
3043
68787
15099
6337
19418
26870
6557
16639
21
4158
61699
38993
2037
1330
25228
8624
13255
35627
3356
16988
18481
1234
21896
2749
9396
3331
13113
673
9146
31883
1091
6944
9729
5129
4713
24684
4675
22823
2934
30660
18179
30105
15059
10211
1500
1655
6797
1427
10939
6436
14968
9610
16150
3373
1657
5811
1486
5543
7508
6714
23787
569
11017
4122
10880
7683
15034
53021
31487
17637
7762
3381
5687
12156
13804
379
1940
11483
11733
10264
1023
70285
17373
16354
23114
5665
4867
1586
15584
16365
13219
18899
18623
4624
5010
3937
35072
13110
3360
8639
27845
3126
6888
1844
24493
880
29984
18611
6095
5441
16181
1376
4441
10176
13914
4514
7952
7273
1065
42632
3344
17121
17805
24390
25535
852
14157
10953
3333
5710
28784
2078
11648
2060
26410
13896
36965
8892
6039
31403
29708
24527
24664
43377
22776
2703
1737
4334
12156
4630
22545
10976
24446
4778
30090
42623
9217
8120
12945
2993
5288
12890
9311
7442
1302
918
1831
7859
5186
15332
12296
10481
6046
3616
33427
41699
3269
13179
7443
13383
10259
2452
1975
3966
16601
21495
1280
8402
4311
6749
10925
9106
314
30851
2653
8281
2478
21280
68674
6397
9751
115
4306
3811
10855
16690
17618
3101
3160
451
12459
2261
8271
375
5936
14376
13854
27890
27343
8589
5119
8519
4679
5785
18881
10361
19715
7201
20116
739
15267
31079
8473
23032
3193
10086
25759
13201
9082
35733
29369
11167
21377
8803
3426
2759
6609
27362
21293
46619
20262
10649
2271
1281
3494
5775
6916
1215
6312
1652
240
33403
16403
11893
11461
9747
20899
17710
44726
6656
708
29180
6381
9687
2003
6392
8348
14992
9565
12475
29378
21334
2445
6984
351
6668
5889
29337
560
4257
29578
7048
1336
1934
8714
1228
1144
15333
6485
36398
27301
17488
6556
16180
3911
22454
24902
13833
3273
20741
9681
12524
11225
15684
26099
46711
5824
58899
20407
7344
35783
10501
7877
1006
5128
1662
17256
55039
16994
278
13292
24727
1664
26562
19410
618
9969
3553
7994
13605
459
4517
51029
53120
14684
2687
16645
30078
4301
9459
250
28990
756
755
2079
44562
35015
15473
4229
10955
34395
17415
30774
374
1198
54191
14628
10064
5475
15680
5926
2920
12208
6362
2920
15035
16126
125
4448
3291
6678
4648
31355
19717
5499
87612
1760
24703
12680
8225
3150
2145
9097
9870
12465
12310
44315
48216
12004
7800
18
3498
30959
4481
3705
29563
9214
21452
18841
8906
9699
3282
9092
3946
3166
8
10024
10286
7183
5339
17407
40475
3556
1981
2974
31016
14385
4975
7089
4768
12901
1526
12419
2033
22138
16500
4585
24061
42950
10223
12430
11413
28972
19603
24642
17288
21067
3674
6114
50703
11678
7410
9283
4999
10752
32466
9912
772
6155
53405
12788
4291
14232
11919
98085
16220
1682
1178
4777
3996
31502
8303
6173
7919
580
2599
3189
18137
16301
2793
8990
733
19232
6204
50579
3535
4491
29346
5039
21608
9778
9966
3867
2104
13080
3068
30091
9158
2884
1210
68135
1524
126
10966
2265
14017
3527
18792
6872
17176
5448
17697
958
7794
21446
33974
13049
5850
13477
8497
19143
37394
45493
21266
1492
2673
8320
2446
7854
30484
1617
7502
9121
698
5469
877
14740
18957
3445
15023
1206
50
11053
1406
51053
4181
15839
193
14163
1570
31864
14783
8045
7150
1868
11292
2507
8303
12303
8501
18041
4545
3447
29503
34511
4865
21380
2951
18126
9303
1754
11893
10006
8040
7966
8941
12483
2720
8237
1368
1505
14697
16718
21219
3539
10969
9096
1935
1280
22832
21087
19395
38492
1890
1908
2324
29630
1354
1830
12261
7194
7412
816
16049
2116
3265
2235
12999
11940
16801
3269
87
6884
9467
12068
4091
20551
90993
2822
4607
3269
3073
3598
10018
18708
17609
6395
5753
388
5209
422
1481
14442
7915
2874
9170
1155
2123
3527
50606
40182
9631
10843
8102
11577
45032
19020
24253
18314
7660
12235
687
8496
219
27657
12245
5840
18443
26230
4252
19642
6875
40753
13442
6698
7981
3246
5868
2603
29367
1802
14013
23583
7466
29252
15793
314
9787
39194
14392
8164
6467
1358
12033
38016
29945
12759
4861
8006
140
23499
46159
8147
4656
344
6083
19761
15375
14496
1714
7418
15236
1059
45
17049
15061
44239
15086
18755
13820
1954
32198
1367
3256
5100
11119
12820
34029
2129
3464
7603
11680
15996
6904
1510
7013
36610
2175
15553
390
2333
10745
3825
29543
28835
3887
21395
13298
10609
22225
1023
11160
30090
6028
15276
4112
21805
2928
14330
348
20171
9427
5868
4029
3100
1631
16212
27060
22511
13211
6542
12712
4919
946
5394
10740
12016
41927
7633
610
5762
3532
13230
653
4907
5518
4124
5871
38900
10685
3392
1434
27565
1721
10847
8099
24516
1717
122
1789
19524
7108
7372
961
39944
6293
23213
22734
17544
6996
8728
3268
7899
10858
14645
4452
20402
45760
26671
10589
32583
6260
7827
5383
10831
2620
907
1721
7901
33581
18004
4447
14033
10237
34340
8389
48164
3322
34561
546
15853
1936
61336
15869
11357
34125
3514
10742
4066
4171
38004
7566
1976
3222
3351
51023
6271
5976
25236
10088
1174
13688
13135
10902
2339
19
2985
8664
1719
17920
8880
21843
21026
23693
35220
790
291
11618
33208
1305
34890
6327
71678
1215
2544
10352
23838
4924
4122
19502
11808
8043
4567
4484
4026
18642
11665
418
2428
7702
28972
1225
8704
14641
14143
62030
2764
878
3438
3050
12308
14654
20044
20507
1729
5746
8926
7192
7361
29963
916
10409
11001
4058
21909
8736
2375
32434
3661
18610
16278
17088
913
3150
8606
70
23156
36856
21758
8114
15628
934
31133
502
19745
9819
9286
8282
12292
15846
9836
21601
22169
37203
6959
7558
27618
8852
3850
6196
1184
13392
1500
12967
53384
24898
3123
7058
7094
1807
12365
40194
20205
3526
406
10810
4620
2217
2258
6209
10239
5874
20017
7713
2415
3991
2140
21923
1227
5790
15528
700
7986
17775
16644
12680
24309
27156
16960
32970
17524
4498
13317
121
3706
3553
51108
25220
3880
21602
17290
5658
9516
23381
6484
10690
1992
9895
2319
3032
28376
18255
68969
10689
2330
1907
14613
20600
7945
4600
644
3355
13209
5291
12051
9315
3300
18860
45098
3029
13311
24922
2488
18070
1116
4653
1689
16177
37678
15194
2115
31552
1146
19894
12803
30448
35787
25747
9188
23104
9298
7016
55226
2087
873
1507
3421
5950
24601
3929
8918
8520
19635
21747
6486
10027
3675
3472
8577
1856
5143
9414
30640
28712
24645
19571
32859
23657
4580
31297
18660
14560
18276
19232
15732
8954
2947
16771
7121
5580
5512
23964
46082
15388
8636
8260
3127
1823
6583
737
5182
5645
26820
3043
13460
1652
8919
7771
6213
48064
6487
151
10485
16573
2689
52385
32623
4473
7828
11166
11293
21618
46994
17927
28834
24162
963
5063
13757
5321
10450
16208
5235
4878
6653
5808
2755
643
816
4381
3696
1719
67
2297
15630
33662
