1287
3638
1409
13474
19238
25332
36561
43500
41757
34741
52674
62924
88367
56600
121982
3375
93051
61988
123017
1458
3062
2125
1143
61368
14179
8107
1880
48389
21062
118470
74463
37461
15371
32675
194861
3615
153814
47435
8527
62619
25221
58749
46770
3533
23666
108225
7923
6085
26573
81428
89372
87820
37736
678
32910
9196
37853
42555
4418
9879
25594
10792
69475
82003
126445
31085
134166
7133
20451
7797
64807
64067
17221
223
74596
56980
40862
68104
10341
9012
15819
84223
76270
16419
69409
69586
20754
97469
13326
114314
88197
22277
29221
3406
2915
732
40809
6060
22267
14345
16607
150306
66509
204831
1592
8261
126767
9899
60737
39310
30477
9477
11547
49600
12308
8290
34065
58823
9239
40377
34336
19207
95944
62616
102349
12907
19833
61937
16848
147585
8719
14785
6
49031
34609
1235
13643
23772
6392
20074
15711
627
86807
26577
24031
104289
29940
17561
39640
3840
91959
3353
105007
65103
53326
25025
29962
108130
3457
130717
10958
39913
40412
9398
134181
66676
44242
68962
60042
23888
186635
91143
35450
30358
76584
27985
149006
83972
51108
24957
48192
153973
89336
11336
86440
560
85978
105962
11411
5569
24756
25391
10756
34543
43874
24608
8196
8538
94366
10141
15496
2175
32845
19217
5998
96183
53224
9054
31945
1475
83391
3927
23078
28822
32462
62104
39875
15242
35920
60514
47664
39866
53809
36592
36503
32021
117784
26927
8922
87113
767
68
149126
42797
14533
18376
142845
4464
42076
23967
35602
4236
107671
49704
17361
90554
32338
46410
12901
271301
26384
29908
28404
142082
38699
55537
15772
16284
4040
34312
14270
67584
6700
39868
8459
9073
36059
8200
1772
37564
78151
43482
45718
31824
45191
31954
47469
1898
27892
1381
22145
55385
44721
13729
69476
18815
18489
8346
6129
41721
18133
27915
52120
6526
13219
31213
356
30625
171432
112842
50433
92240
114709
41748
25040
5663
35745
11403
24337
57148
15472
39288
18989
9880
48803
5639
137102
25243
61074
49453
37776
68196
53823
15421
4535
15047
40307
28083
9362
259555
86902
22183
36941
18587
162287
89198
106418
74267
58989
47384
6079
18310
47790
7015
31183
2808
6207
27562
42734
26665
82495
152081
110325
242037
1071
49814
4136
90696
34223
35398
27879
79252
9185
40658
75057
21104
57533
3664
25907
140008
1146
20682
15064
32815
274579
21399
104556
2053
16763
71761
18256
263917
2969
10757
28489
161328
71174
22532
172092
46011
28006
23954
23135
5916
72832
22804
14366
57372
30087
28789
30307
1193
23573
29727
4179
56276
43249
5468
6460
31526
74229
65820
24188
1966
20387
23107
767
32138
11747
4510
21192
42713
131312
97987
41145
165718
126643
33609
60361
9222
42808
1076
163382
15261
138756
102585
161444
82100
29512
112856
41573
23622
7632
26305
1270
341165
38107
70173
61323
37668
5259
41639
23773
55577
39790
41930
23269
52691
9566
86280
6729
7270
7574
46258
12492
1076
41837
17155
86181
43969
73772
97175
65238
54105
104640
9687
9007
36999
53625
104291
38441
13490
60874
52864
26119
73614
14199
57935
16179
15953
196765
109351
53099
15974
6776
48426
9887
6414
51868
11591
95500
31049
123306
57782
111336
46216
60304
20108
11853
713
10325
4093
47773
12858
1055
55022
2648
20083
10608
26241
5470
211632
30912
43023
28435
3126
69829
39919
24667
15304
43173
16978
7096
81516
21678
6032
23485
24336
76702
110396
145
31705
2491
62154
118595
2802
15919
19452
24566
43715
44011
2306
31562
5818
24830
15806
27534
37356
14382
85742
5668
84111
47390
72346
28486
24480
4093
39883
30800
17738
1400
12860
2416
10518
364
95861
12817
27939
90519
207257
96756
103244
17056
27967
35574
55293
13738
2850
14778
12561
4319
29608
93252
89889
154306
34637
20925
62217
25356
18452
127662
65615
6923
58480
71245
18249
42283
7365
16787
2172
8334
5235
59265
149106
11380
63696
636
13440
28988
13502
36196
56490
9873
24282
137219
5065
73819
10472
38893
8004
17737
61746
146352
73394
26110
36298
22227
35596
3835
13253
4532
59014
41662
26658
153583
92644
7036
12130
5941
64337
2610
36558
16246
3660
40501
8856
5465
42011
6133
15790
66145
17975
25864
124170
3263
27637
83956
14156
12617
44122
21821
47213
68577
19245
32483
18283
49577
51706
40403
72436
67649
81722
2262
10992
5836
108334
4257
47165
4576
2903
37753
54673
16374
53278
29318
127962
2509
41331
178354
54452
43575
16656
16161
111149
9691
3818
121017
37271
40952
103568
12774
10586
46453
8713
51574
59670
21638
35757
32425
51762
28422
30156
112256
36265
40489
20056
18264
25987
18598
45831
28247
12135
46008
13359
8310
22607
48122
39681
47814
11888
56399
129155
12719
59038
44523
14926
46975
68798
98750
58409
116903
61124
41765
4639
26432
6871
20310
3758
7992
28360
62590
192591
1200
84686
9737
97699
41423
34449
77761
10220
22552
26856
79900
1942
45105
6083
13914
12940
6378
17895
8590
4533
3273
292216
16898
77786
20128
62115
171418
5936
36624
14890
26032
81543
64077
55097
31686
62617
10058
21076
40417
54583
272929
19903
23400
9771
43501
23019
19983
55244
27560
9955
100074
3820
9798
16693
79745
19299
19433
46401
71276
15689
46407
62472
67467
13709
143903
39313
83116
138165
62574
3998
19808
102453
13399
58719
37603
26635
37968
22871
19239
92868
61876
12843
4535
16297
38623
1516
958
37030
58148
34387
18052
43281
87089
81484
22684
48515
12547
90457
170433
170456
63316
118171
104105
16420
30183
77509
90956
33568
12959
11944
86399
23836
60775
18682
75400
53148
49274
3609
11803
33691
85977
25498
15404
2123
10413
49429
764
4088
83411
11434
1732
6058
188390
144932
59213
4695
48516
146173
8051
63610
85817
152954
12532
53176
12904
18383
48731
769
2244
28553
105636
20225
2133
9548
86
191360
46302
8417
25082
18264
75495
10839
52209
75144
1413
9353
43586
13631
97125
18175
35387
89232
10189
14432
31641
16649
162569
13035
23840
86859
107686
33538
118492
4289
60919
50190
96279
11274
28861
17365
78499
5062
44402
30404
18495
7024
7688
36372
76327
226302
54200
68400
72730
111468
2720
10957
5774
25544
7825
115264
15360
40193
15929
15314
8566
44480
3171
158291
47944
84228
146508
77710
826
25873
29801
1174
1883
29127
76762
61004
213486
63682
28847
47344
15984
26882
60609
68380
