129
434
644
1465
554
1237
190
1255
357
1855
66
874
639
3071
1049
620
2019
648
2473
1453
574
203
2559
5005
1506
380
2154
723
4336
5869
4178
1358
1808
172
1085
852
2111
5246
317
1796
1150
1668
201
2957
2999
103
2114
6163
53
3332
1917
433
982
2196
171
730
2531
623
1670
2900
1434
1655
120
2558
418
379
1305
1151
722
351
952
3730
782
3128
1264
7915
166
683
291
602
1307
1334
1250
639
405
2412
2777
303
545
59
1642
1889
4627
960
851
1067
1068
2801
1220
1420
283
4744
1550
501
595
179
1622
2833
1191
1001
1295
4792
1063
173
485
817
2803
94
3956
2586
3714
1331
5485
1756
707
1621
986
6591
40
269
104
552
3135
9050
2018
615
1152
1267
562
624
700
148
1863
4032
674
1013
602
1627
1399
1275
32
596
210
7253
2472
4144
3383
3995
1012
573
757
966
2810
1790
2271
129
8
219
71
2016
2599
1335
398
375
304
1148
1533
940
1308
368
2695
3561
2301
5339
111
881
1793
1342
87
661
3416
529
4008
1823
1785
769
796
628
931
72
45
789
2273
773
546
2345
807
116
721
208
631
2038
107
3025
3227
3121
827
2269
3197
151
1559
161
985
388
882
2025
216
2493
2986
1042
94
509
1310
417
5153
1359
1339
1825
303
48
3978
468
342
1152
1599
493
1753
78
3135
701
298
136
1283
2769
351
556
1183
1868
3541
1614
1250
782
1031
564
1806
707
744
311
871
1645
4189
832
3140
1578
901
1270
836
2799
914
55
2429
2431
862
873
7805
1008
1080
2729
1800
208
995
1180
1140
239
921
384
297
588
576
762
1266
6310
2726
848
1529
3557
3133
233
52
899
938
1301
2857
866
642
557
721
10356
164
3123
3999
545
2231
731
1825
3854
88
3328
1460
5102
2699
3142
157
1786
349
165
2143
1473
231
558
1960
1552
101
133
543
3562
500
1988
6034
2011
3214
4139
712
7
1383
416
1985
1244
1061
661
4650
672
573
1110
666
1442
2534
193
4975
314
101
2666
112
176
98
1001
172
194
2102
744
599
524
761
5769
3630
742
3795
1400
3065
24
545
6973
1189
4
1349
958
2012
513
192
1290
1255
26
638
539
3340
880
599
3671
5304
2153
462
3730
1920
1682
196
1658
970
406
3071
1403
695
932
578
1414
680
345
710
434
298
968
304
2265
446
460
355
506
3224
987
1213
1520
156
1755
527
3146
1328
1929
478
2052
1117
1035
585
1100
608
5815
2286
2830
274
604
2176
1894
122
1174
5168
2
1176
1577
567
142
289
643
4804
554
1200
1134
1496
4577
2209
3399
1202
662
2554
4350
23
477
979
1893
1745
1602
18
1535
1781
2450
2055
4079
2597
945
885
755
188
1034
1481
819
38
92
602
844
5325
493
416
1012
110
2612
1023
2752
2997
3192
1321
5248
3405
1065
905
5556
258
5365
32
633
249
53
686
2843
2087
259
43
65
624
5448
520
1065
1041
851
742
192
2662
7033
3066
366
388
1517
927
1118
394
3461
4108
1151
224
1617
5022
792
4106
1598
177
362
128
5669
19
3019
3691
1677
3809
36
18
1874
341
3811
767
179
126
3637
382
422
3131
910
1750
2805
364
246
2310
1718
237
579
3229
43
3467
177
159
2567
2627
1421
4131
217
862
1985
905
1208
1692
4537
1066
13
1304
2161
597
955
1719
4973
555
906
6866
246
1847
495
5353
606
3465
1159
2784
1093
2451
1059
1409
497
306
735
107
639
1850
2251
179
1450
5704
2032
1907
1825
215
2607
1984
2825
3571
3505
1816
1955
1566
40
1675
1958
1177
904
1444
5603
3327
3826
218
849
1585
56
288
1093
141
548
994
1964
643
2746
40
1988
2458
2436
689
1128
2602
5629
246
483
135
2728
1770
3213
722
2941
2474
3581
2217
3408
9541
2180
34
1692
2966
600
1784
1229
99
703
295
1422
653
842
795
2889
3749
1651
1575
842
97
649
10
1849
339
95
3256
3501
2715
384
1967
112
327
4
4326
2045
931
2446
404
601
3227
4377
84
109
856
5431
1698
2161
77
1699
1352
4786
2471
854
1652
290
89
2815
2140
3457
2641
726
429
3730
1175
2114
272
382
581
3607
3185
1496
285
273
2740
1506
703
66
885
2081
75
873
1661
2778
3609
62
65
2800
688
487
171
2
1443
66
5989
2935
4302
114
987
3598
241
2755
278
4128
3507
1105
122
1344
1241
1002
809
2089
13
1615
692
4260
108
1158
1518
1040
3173
1273
1022
834
457
1741
617
271
2075
601
2291
16
6
1532
2121
5
2022
2150
670
122
407
844
1199
5649
2705
3181
1240
2381
417
2501
774
735
1123
160
3891
811
1215
4002
40
4555
166
1249
269
6484
879
333
1846
4183
102
1837
1101
133
1069
1578
918
2994
128
1931
315
5534
2281
1091
2136
1942
2001
395
267
687
705
972
190
231
105
506
2771
2015
2987
67
5225
431
1437
30
282
964
957
1482
2910
224
4766
188
342
74
4081
223
429
4272
831
2733
27
466
1134
3962
226
1608
5153
1252
91
580
1688
1676
788
147
3017
832
487
57
4
3927
2077
861
1494
2863
2964
263
2488
592
3991
914
4
391
594
129
2272
392
246
441
606
678
2992
1489
119
2729
392
1039
2028
1185
127
4199
2068
871
350
912
1270
987
2622
575
291
912
3543
1152
5473
466
184
3328
2857
3234
267
703
15
5157
1369
2563
911
1236
1987
983
76
1860
36
354
1524
541
3787
4615
253
564
141
1379
611
230
1039
748
1395
1900
575
263
356
212
2455
772
5185
3265
1847
4363
372
2002
718
595
402
1590
6086
799
648
707
1445
1053
890
5447
2354
805
3446
2686
1292
581
288
2728
1584
2291
225
593
310
138
2802
5800
10
424
6250
3445
2600
775
4628
4850
3259
1054
1314
1818
2514
499
1221
2541
30
1104
423
2640
582
74
237
1804
389
1186
117
2241
2909
1648
5103
502
1096
889
42
1401
2279
2985
135
131
2875
381
169
2844
2189
446
3061
1014
457
1449
4830
553
401
5052
2271
762
521
332
480
149
1495
109
3765
1987
66
1834
415
3683
155
1463
898
451
712
1766
480
518
2339
3097
1004
1189
75
1985
2262
3525
3469
803
823
1719
1
1365
542
116
4196
406
126
729
344
1229
1341
2799
1566
80
1235
1710
23
899
3731
2139
402
1086
999
1837
511
1265
218
664
1173
3594
519
1603
293
159
107
100
2010
232
207
4322
739
1745
807
3737
2883
7666
30
1057
1856
1544
1925
4159
708
984
3312
174
1163
4515
1404
1241
5001
4688
927
1297
4318
3142
181
104
4478
9
495
84
1145
863
2747
1273
358
712
1523
3538
1271
139
14
862
6107
739
530
3044
2234
282
57
5
1734
1611
2238
1109
227
129
475
215
1190
2047
186
591
192
884
985
2168
719
584
281
545
4931
4811
2027
326
200
206
267
8674
207
3712
2426
608
1471
8160
1514
409
66
1078
507
4144
274
4938
178
1324
645
402
7276
4273
902
711
1181
595
1655
969
803
2509
1610
1068
114
1232
203
911
1329
542
406
2809
2153
861
2645
1648
420
59
1885
2203
246
1882
1960
6
1567
479
677
2553
3744
2874
846
2955
658
18
556
1483
3265
7
2249
3854
8592
19
4451
602
248
1681
81
358
2567
1133
2510
1161
1863
1765
389
1778
1182
250
3408
226
982
3630
976
2995
3385
965
688
1489
4141
990
1683
224
1754
915
2533
2113
6199
3972
250
3236
3299
956
854
71
1876
698
480
3052
502
433
2954
3848
1713
112
991
1095
66
1307
2067
1220
3427
1303
3320
521
1691
5513
1599
6772
1289
487
5341
292
1977
200
3692
375
1346
1850
189
2691
855
6132
1191
2320
269
5312
627
3802
1234
6764
574
1514
245
93
1342
1084
1135
1369
1374
724
96
3890
2600
592
3754
124
6194
807
1330
2905
1341
207
1633
433
1058
178
181
2780
352
3254
1002
1116
1074
39
1817
663
3735
263
573
367
915
862
253
2825
90
2327
1491
1479
1906
495
2829
4299
291
281
268
3420
188
2342
656
524
2011
4891
2794
1457
5844
3259
46
1738
2384
1873
1759
737
442
565
1585
1161
2383
4133
4513
4459
506
1095
739
716
2909
2477
7014
391
877
155
71
1557
1161
968
272
1818
1046
3546
1285
1084
2174
2221
706
413
186
2356
317
3069
125
451
1122
2241
3296
941
402
2769
506
446
1088
1790
1592
6
1536
1556
2839
1459
33
2768
736
2356
177
477
6179
1165
1390
3341
787
154
1761
3354
384
1518
2074
1235
1892
3114
792
875
421
1994
884
528
1294
873
1900
61
933
219
1229
2369
1067
315
2581
544
138
779
988
1731
3178
4925
2056
3235
2345
3042
884
837
1129
1825
1061
2043
1615
4761
4456
660
1920
1438
584
469
1550
102
3206
9784
469
4296
334
3187
765
26
156
105
4559
10944
2493
2820
1090
285
254
1173
1113
31
94
5784
110
570
980
6978
1377
1103
4400
877
820
7595
356
1339
4467
6700
234
889
381
642
2852
259
5224
1233
173
320
1610
772
310
334
4279
3024
2004
1066
3372
3907
387
90
525
85
3909
185
1245
1678
1057
1251
2460
1566
1354
1279
1451
1130
2095
211
5356
1173
811
663
1417
935
224
30
3142
1286
2752
22
1136
179
4006
5385
1206
2178
1619
841
5732
1052
711
234
1515
293
2570
1680
1161
4461
2584
61
1243
75
2979
778
829
398
1432
2116
15
920
2502
3399
2409
989
7749
989
176
227
664
949
5215
4380
2134
3645
229
1650
25
2730
272
281
734
2248
4605
2750
178
191
108
3606
466
71
4474
1329
58
2496
721
4150
2667
335
655
52
3337
1071
1874
4910
1023
1941
4538
492
1162
542
1536
1983
1099
2245
1222
804
97
1737
1965
2166
1273
1729
1032
3809
2469
555
1367
298
615
2698
1504
213
3103
2189
3567
2089
2805
1261
1199
6135
473
3395
430
1477
1467
1677
1738
1755
180
1303
2817
674
872
358
1709
1596
2208
1605
1724
497
466
3161
485
2155
2068
3237
4791
117
65
354
149
840
588
1921
566
579
1496
2866
1344
357
434
1710
371
2279
583
377
643
247
28
4930
379
670
1409
1097
1655
4142
1823
3513
1845
863
1422
1510
260
2823
2528
2283
2509
610
2041
438
1684
57
2682
499
1191
695
6966
204
502
603
2060
1138
437
478
2360
2527
68
1577
2534
372
51
2353
313
2942
2912
2588
358
332
988
4688
716
291
4167
385
2027
1044
1229
377
2652
832
1141
964
1636
82
4390
1589
337
4755
666
1076
2444
2255
39
3436
1846
1092
802
3203
750
606
387
22
613
33
625
579
2738
141
2506
600
1090
3114
664
529
208
284
157
132
537
1341
160
238
357
399
554
2256
5
577
1102
1757
8
729
702
1756
89
522
3023
1777
94
993
2172
3348
1698
25
516
194
1867
3165
1645
717
2342
1155
2009
609
506
847
747
2903
178
3360
206
1384
707
1303
872
1102
364
1402
761
61
398
4378
1647
870
1239
3026
2632
3056
51
1039
4
386
1779
5833
769
540
900
1036
2332
5055
526
1197
2709
221
7434
2607
186
1933
1745
6994
1042
1069
427
2055
2747
3098
377
168
732
1297
954
733
101
644
3330
1568
403
5
343
1783
497
3740
410
960
1858
987
1849
4550
3043
6157
1593
165
2479
895
81
2000
1113
527
335
871
2836
320
177
1969
391
2124
2431
718
2650
140
9771
16
2026
1499
2393
2040
584
4634
1934
1190
3053
852
37
2633
267
395
289
1383
5665
2930
2051
3261
1663
1480
629
798
5371
187
2003
424
2353
21
2334
2170
780
3750
1583
2892
836
232
565
520
367
2576
2218
110
1251
453
2264
889
418
3971
200
468
400
14
187
3306
680
5389
634
12
1147
2112
308
1430
3149
1107
866
4216
4781
1301
2743
1223
1621
579
1217
586
5082
1291
810
37
181
4189
2396
584
2658
3998
3399
7729
76
3910
105
283
739
3636
2217
935
626
1939
678
5076
339
786
302
311
1712
744
886
1031
1746
767
1398
748
1330
1668
490
169
1745
686
1234
432
818
608
877
3752
1410
91
1756
2858
2311
2298
1238
993
1629
2766
702
1088
390
2758
1518
1384
849
1156
315
2637
711
172
5328
991
3811
379
15
1149
64
41
255
927
658
1392
1617
40
1595
1765
3559
1919
61
851
3992
663
6223
860
2382
2079
37
829
309
644
3126
1937
696
2174
1682
2098
1327
504
2130
5009
2282
57
318
445
274
748
507
4599
3005
84
2620
3430
4200
1949
1375
1927
790
5715
1209
632
2295
3612
637
825
3725
1380
1540
3636
1924
2991
334
451
2879
406
128
1142
239
423
940
1028
124
917
2487
1308
1673
3542
78
116
638
2517
692
1998
3220
769
2899
347
965
1165
119
572
2968
7413
535
252
92
111
1043
398
224
5334
382
916
569
399
12
368
1847
1454
3883
5638
1741
2530
5166
838
1584
1064
1810
839
3
81
1178
3609
462
273
2947
3021
3345
942
898
767
2533
744
1416
391
864
33
4445
862
1595
1892
654
779
517
1198
611
537
1436
777
1950
1185
1449
1023
1533
702
1608
83
1287
2813
2354
2651
559
3460
1670
1287
2429
524
2006
1646
1353
615
1712
35
86
861
3844
73
1124
1635
447
1728
9169
1439
170
524
4316
1902
789
1569
310
1558
869
1391
1393
886
289
3032
3637
4683
448
1487
4137
245
860
1816
465
4077
3106
4019
200
630
2106
3746
207
1078
891
4002
335
262
1416
386
1345
1199
49
263
1964
736
137
426
351
60
298
1889
460
1100
123
2181
792
352
3857
7459
996
1975
1430
3173
705
3482
656
4613
58
661
3868
219
1254
1629
535
480
2148
1030
66
523
1629
36
1602
697
122
1141
338
1306
4174
3035
223
438
2445
5963
1995
5310
1964
39
1118
2988
488
521
1296
257
1644
486
4725
579
270
5426
2367
576
1740
1152
689
472
1283
129
1622
5
251
1093
1074
391
1636
5333
405
1276
3459
2861
487
468
3905
2246
228
800
8
3095
410
1603
189
507
1240
2337
373
4822
364
23
1866
165
80
1562
1809
77
247
232
430
946
2328
1118
156
3904
518
2706
1912
1815
203
1658
1529
3798
563
2879
1592
3313
882
577
487
3
2700
3031
1620
275
1034
2947
2696
563
563
659
281
347
580
1255
1659
2281
2253
7151
932
1049
490
1830
705
989
3212
1184
305
15
1308
701
6
1489
1105
287
4742
612
2334
3364
2256
1279
3199
939
1356
2257
1059
2510
1654
689
5436
186
755
2558
422
1860
5464
962
1163
1795
154
351
369
1144
2540
368
57
637
266
1171
517
1596
1313
1998
1729
128
2646
2996
1750
1181
1087
1831
3407
1277
1083
676
1489
52
1530
129
3707
537
1864
8
1133
275
235
1188
479
849
445
1080
1352
186
7474
64
1489
2225
1096
2097
984
215
158
726
1175
5003
1969
203
2896
1180
1525
1563
272
2239
1208
189
187
4111
1149
512
410
4464
670
2082
599
3045
567
2201
52
85
481
312
207
47
957
1396
2912
1036
2809
374
259
2722
369
854
316
3087
3624
3835
730
1301
4819
88
3079
1269
1113
410
213
2421
2779
3499
206
3616
6238
497
878
2658
399
1832
124
1719
366
5462
271
2442
1012
1421
9
209
256
3099
5161
1359
270
9239
254
780
1458
138
931
2141
1591
1036
103
6402
3737
1356
3208
875
1463
311
6811
946
390
3274
3648
199
6349
2429
3474
931
492
5892
3169
1172
1047
10
1042
781
2478
84
271
1383
323
1201
5439
1460
333
3514
1480
362
1596
97
2406
1521
4018
3488
281
2565
2246
1118
458
138
1111
2615
1252
2031
458
1895
1240
854
2550
3704
400
103
407
896
5285
233
961
1225
2242
7
636
87
4720
2106
3495
1151
903
2661
586
2539
469
1547
254
1645
48
276
998
136
2634
2809
2394
645
52
3535
2318
2122
419
851
3889
2608
2009
208
3545
2805
2501
1298
2218
463
641
1507
8431
56
770
1420
2522
2065
274
164
1504
1002
1746
386
1247
413
3142
2511
992
199
3515
2527
1221
2796
556
2925
155
2346
321
1756
3929
2865
1385
1611
2576
627
1382
2258
571
121
1173
1035
1614
1336
6939
363
2478
897
586
278
789
1679
153
3578
1505
1081
58
1020
806
3942
1494
2013
63
1152
775
766
53
387
493
718
3309
5157
7023
6
4246
1030
705
509
198
2306
113
541
2278
1835
1023
2159
412
1306
1957
4417
577
1289
3371
3307
783
1713
1543
468
556
4718
679
2630
1422
585
1280
3698
67
653
786
43
302
1267
1985
5015
1988
300
2817
864
353
3121
152
1504
26
328
349
181
217
1847
483
430
606
2737
4472
567
1353
59
439
747
913
68
5828
1647
942
4136
373
2538
3700
1101
2010
3446
6028
1003
821
2872
82
111
132
2603
91
258
5550
4531
188
373
235
691
811
626
92
524
2707
2204
368
1087
809
2874
4312
2555
253
1843
56
2043
360
2413
279
1371
136
609
23
585
2155
2080
2351
4067
1625
2439
2017
476
2624
1218
744
646
1629
3425
1832
3
2361
1532
1458
67
3720
326
842
2351
28
3267
2974
304
6846
609
213
227
3465
924
347
142
4889
1393
2941
1013
2232
3038
1225
1465
454
925
1961
1370
341
555
850
1200
1132
1416
1084
28
1977
483
3325
1503
85
106
4481
632
1127
1506
541
2696
870
558
65
1398
675
693
1900
303
362
201
2035
1759
662
4178
700
390
478
4815
6463
1122
1374
2083
42
1215
3696
2578
107
99
1191
7032
2827
2760
1355
441
2748
823
359
1230
3065
1059
61
51
2071
465
408
359
145
285
2945
284
109
1737
4066
3246
741
1234
2357
640
1774
1545
766
1706
1
2024
2605
893
2717
502
1421
1296
1663
142
1978
313
653
12
927
1295
282
3326
951
1636
209
376
2329
4145
862
1076
2421
454
927
845
2305
3039
6181
2401
780
421
353
1489
1034
1459
2490
3592
566
2371
983
2232
552
177
920
1058
1319
464
6636
1501
1119
3225
1396
1178
46
1518
929
1560
214
363
1952
564
1324
1193
6065
179
773
4604
2885
227
852
3108
369
3452
1224
183
1645
4230
1826
985
57
2795
1480
345
2537
1608
235
1601
972
1110
1821
674
1646
490
64
35
2792
4375
5413
161
1616
232
378
399
244
914
82
1084
1984
96
996
1067
381
1579
833
337
2982
186
1848
2139
1698
1008
82
1568
368
5472
1391
114
4789
238
209
295
1886
153
2331
9
1133
1345
1336
972
260
1062
36
1727
798
3014
1259
4531
671
244
237
1328
687
436
2005
1290
669
1053
508
975
1780
282
1901
5379
2768
33
556
2715
2819
1562
413
310
502
588
218
3814
2990
1454
4387
3361
274
288
1498
288
301
334
367
152
492
105
1391
1250
969
1464
185
1631
1044
5678
3489
37
596
1289
3173
4642
616
1369
3033
3381
1087
1026
409
803
4888
1742
1027
164
1479
869
3016
1570
2480
76
1063
3123
68
524
2147
691
1901
2843
72
2097
2726
551
336
182
638
1448
336
544
1852
3912
1547
2028
1810
591
1711
1901
5131
2013
4550
460
5954
125
316
2022
758
1197
1779
3193
314
4289
553
4
664
2164
4458
310
3526
2753
824
1472
1172
3134
2057
1980
407
374
127
1068
4625
1630
3058
6607
1081
1500
2438
325
2414
33
640
820
2000
7734
209
2309
1703
1695
2109
509
424
192
245
91
120
1127
1097
164
2439
64
82
1376
1305
794
9415
295
1091
4461
1819
2033
2052
1930
1205
5538
1137
597
1854
358
96
339
717
206
83
80
1803
2275
126
4764
2512
3287
764
2948
2740
1922
760
3250
2312
262
506
1874
168
3147
2522
338
3590
1992
1338
52
5970
720
4716
129
352
930
3067
172
1183
209
4810
352
8511
2491
2169
4987
4248
6181
1745
1410
7233
73
736
393
3630
2821
488
948
186
1122
1280
942
2236
3608
12
5132
3323
1181
2409
1219
3518
2672
1755
797
2368
1862
2686
1325
2451
397
1037
1478
1353
1124
1310
402
348
208
5448
222
1416
944
192
1341
706
1648
2525
5659
30
779
959
591
883
265
2520
526
1278
1017
3588
160
2187
3486
14
1809
561
3373
363
961
969
355
4903
399
2420
3787
224
1508
3983
3429
4258
1708
734
4662
434
836
6585
2994
8
565
86
597
740
1174
1768
3615
2092
878
6072
178
249
1633
3812
234
3670
5972
2840
1543
1192
1060
89
5097
23
468
4281
1503
1896
10
254
1033
6
382
2767
5439
1780
607
1849
1733
2199
42
34
1429
80
3241
364
2345
2251
678
192
18
3467
769
1038
3251
2105
400
317
701
785
1133
3004
3107
1291
730
117
685
1506
322
92
862
68
105
1346
829
5550
1840
1031
789
1593
946
1851
1103
2741
864
35
2195
1619
646
170
579
4011
2866
574
1215
1290
2885
131
916
1421
928
98
1590
3392
991
955
999
511
156
2466
2061
137
853
4727
216
1744
1162
749
3306
1490
148
1032
950
3549
2624
425
1756
1011
4639
1284
2603
1407
1162
520
485
455
417
1658
275
2199
158
676
89
1465
590
1872
473
209
852
7238
2862
4099
563
484
7083
52
1135
199
213
1260
647
3
641
272
856
353
377
866
143
4152
206
1775
562
3011
1644
40
4051
2331
5248
635
349
1231
686
312
1074
634
1191
949
2261
2764
113
2363
1156
1514
1021
1675
1286
2539
297
1358
1317
319
2296
1812
190
471
1529
2540
5358
1938
1102
2969
147
1242
2596
7621
4378
2622
3653
3781
1143
698
295
1499
303
233
833
12
1184
1549
477
1692
3314
168
784
6935
248
2472
3313
1278
1026
305
1613
233
3027
556
439
733
251
267
952
2458
588
576
6516
23
931
1923
2040
833
4183
336
2788
2764
2205
1286
213
69
25
1017
1597
3858
3551
7375
51
472
425
2088
1326
263
1584
2542
1340
508
340
112
478
2560
1298
1027
4
1966
266
428
1294
293
200
2600
219
2155
1606
2213
1168
982
860
1819
853
595
748
2183
1271
1731
338
4171
2911
3571
2624
1323
4048
905
9
789
2032
324
1090
3747
253
1822
2651
1316
4090
2040
1478
371
66
15
1665
6020
4695
2991
134
258
2962
668
121
140
1122
6806
1789
811
495
368
681
1743
437
1235
3901
2910
1038
11
1043
3561
4997
1694
3425
612
6448
1041
845
4061
1087
465
429
563
562
338
75
788
3651
4317
2565
2095
160
132
3080
173
717
1024
384
99
3191
978
1634
803
163
1024
5379
348
128
391
1422
40
169
10241
2018
739
1127
5346
447
42
2081
2418
8459
423
1956
729
1283
3454
853
258
2592
1146
1486
3131
336
2093
1587
924
3180
51
1216
1418
136
1793
1611
4507
80
384
4144
937
1417
6354
1086
332
450
886
216
1998
194
1803
1064
1174
4888
414
1870
6451
75
613
450
3602
2589
2781
1684
43
2389
1647
510
350
1036
331
2056
599
943
2615
1840
446
1323
4852
466
213
10485
248
634
800
707
109
1651
1006
1787
812
1656
4605
886
485
191
891
2060
1495
1818
3725
218
804
2222
5561
395
1048
1274
2013
704
1591
1194
2182
1094
6465
2890
3714
299
996
3751
1472
505
3254
2540
4396
1610
4917
23
1041
6829
6365
3201
576
65
283
325
6390
134
1044
3380
453
203
349
657
1285
2267
1689
311
1571
684
1059
3323
2863
8691
468
1237
3
621
438
6786
675
1144
1634
1451
2116
1262
1867
1068
869
1454
83
470
601
460
623
1111
350
62
128
488
166
2388
105
1394
6443
319
494
3754
283
1281
65
3111
553
202
213
1274
1934
1059
2983
676
3724
1676
257
414
5189
546
3141
135
467
472
810
4174
754
3332
1557
2357
7139
3860
826
1491
768
936
517
1876
748
311
2307
1234
2251
1710
789
1924
1117
1575
1512
2596
298
1363
4084
2460
597
5
1033
5469
2276
558
541
863
534
41
624
2648
2169
1204
5843
775
580
282
547
866
526
355
984
62
714
2542
607
2277
671
868
1149
796
153
82
691
14
6704
94
980
24
3059
804
33
504
4177
462
209
3740
729
110
2753
1930
988
349
2761
2969
1751
869
1869
1717
3873
671
703
886
433
908
972
51
2941
4126
1113
412
2591
2254
2726
174
192
660
368
244
1095
1147
189
2002
1585
386
1932
282
1132
2487
448
3056
319
655
740
4521
2543
468
2617
1154
394
6083
453
463
3804
1373
86
67
732
1430
7
1575
346
5631
4288
2995
1052
725
2837
954
1847
151
2593
1261
2570
444
4789
537
2885
1285
22
1810
3636
2277
279
3410
940
425
15
3072
555
1423
2609
1543
1773
35
1387
794
2445
556
2976
1441
689
1184
694
1409
1639
3528
744
1543
1414
741
1339
642
3508
662
300
1255
615
3380
669
46
1221
407
15
423
3654
142
2422
1358
3431
772
4146
1145
203
2266
1295
4666
1601
897
1966
1031
836
309
4388
4477
5152
3809
3257
6683
708
3236
7249
2053
594
1395
1864
926
3529
1156
1359
3792
3437
1537
105
544
2892
8299
2617
317
184
172
1935
471
1886
222
1719
638
1241
2902
1467
1527
86
3819
334
3566
1563
703
46
901
4
853
947
1254
1823
2007
412
2204
3104
167
1643
3801
704
3145
65
1088
1243
8326
3448
3023
3138
385
886
3215
572
38
24
702
795
321
1913
1845
869
383
345
5311
2265
2550
1212
1316
1870
379
951
387
1221
5688
3860
169
1922
67
483
1211
928
442
1066
820
1764
3032
1158
4603
2076
3482
605
940
6753
3680
4173
1117
26
8
3388
367
4997
2114
1185
2469
2337
1317
358
2167
417
2153
202
1862
1542
1096
1655
1051
866
44
620
1164
34
2102
1937
5031
496
3735
2387
2050
2502
2578
280
1908
290
2982
2009
545
1643
1357
2581
314
3759
484
2552
1539
1724
2685
343
2965
667
153
1854
1673
877
31
2694
1192
1125
1021
1242
1777
315
875
3264
1874
731
152
550
74
2202
94
492
1548
60
562
436
1103
3123
819
302
764
2007
1929
43
4622
540
625
1078
215
2566
4048
1445
2045
1717
675
4075
314
4253
1241
22
1890
279
356
267
218
3422
1218
1317
1203
908
460
1465
396
2044
4665
439
119
1743
1147
2317
984
581
179
1189
1160
1996
7305
293
114
1414
6865
5467
1001
1235
1011
1063
1616
94
3500
2654
733
1003
3294
5673
990
6209
121
137
512
71
923
2667
630
1879
3462
2939
539
324
1329
475
1073
3310
1922
31
6739
331
1725
1022
3947
463
3604
520
713
1666
874
2550
1343
2473
2823
1214
645
747
1134
2008
3025
2802
339
206
1110
420
2523
2422
7901
187
224
2504
2406
1515
3869
933
2384
1630
2927
1069
834
1534
170
39
2886
1130
1211
3210
319
2694
253
1299
1282
1762
1317
3734
5029
6146
1072
1251
15
2502
320
389
1324
3505
1396
1948
216
467
171
3517
1342
2505
1333
15
1787
3928
485
3305
1840
1262
174
2564
2637
3897
391
224
1805
1601
228
377
2040
140
1959
1693
448
176
746
1937
173
643
240
371
273
599
181
423
485
2562
2108
293
134
78
402
348
1342
2223
751
742
1838
2302
241
419
1691
4105
842
486
803
617
1193
150
292
2252
2070
1479
3903
1235
682
887
2209
751
1315
1054
1247
48
1116
952
720
3444
33
2379
2567
579
146
1229
4948
2547
2102
426
3228
4
1305
1168
918
467
140
1087
2965
407
525
453
292
2214
84
53
129
1087
1165
849
1593
736
1174
210
1987
265
967
8239
1886
398
1896
528
1554
1620
35
769
1494
15
49
49
73
163
370
281
446
152
138
196
622
579
188
397
534
117
531
756
828
235
571
854
313
611
829
152
2096
229
1442
715
284
702
885
85
322
459
396
48
678
312
646
474
325
44
1714
279
54
7
95
894
1138
95
271
84
911
1494
1885
699
153
246
427
613
848
993
209
300
610
1046
37
1432
572
367
56
203
35
20
479
44
185
163
716
474
209
440
4
45
598
127
254
223
5
176
671
406
962
808
1865
145
697
492
163
351
1006
1453
212
40
454
1278
35
1697
235
981
1784
1510
489
8
486
583
21
235
231
44
1
83
72
839
150
84
1904
303
874
281
22
363
104
703
181
835
127
10
191
129
99
803
38
182
594
255
419
243
667
1278
13
110
645
241
1078
719
167
743
473
1479
830
1321
96
251
1087
504
14
109
769
579
880
962
467
388
1066
155
546
244
33
208
964
63
631
189
37
660
600
3
1549
375
299
1195
1216
769
604
525
316
520
830
309
15
793
550
222
153
107
102
1450
264
392
1118
35
447
443
997
937
693
445
128
527
685
487
241
218
427
4
53
200
304
547
93
77
610
729
224
381
431
541
122
754
1359
1202
148
722
506
1083
4
352
1870
1388
581
700
686
16
543
123
415
145
89
1788
1072
93
385
234
332
1319
43
340
196
252
1417
75
19
135
44
101
272
545
67
1077
407
20
116
245
1092
961
519
894
689
297
276
2736
47
27
366
1017
75
91
553
9
535
197
65
297
84
18
399
685
49
531
824
151
435
484
534
195
121
325
109
711
503
382
470
26
384
2535
319
142
580
199
383
611
262
153
1236
396
298
19
527
861
200
179
410
217
307
246
8
576
303
124
298
1395
145
340
478
373
673
3
462
290
1239
430
132
179
1524
652
558
264
32
443
56
749
96
619
287
243
1423
75
174
462
116
1043
834
315
354
151
617
126
24
22
299
790
95
6
1209
776
216
1909
624
169
426
351
125
27
910
85
197
153
845
416
381
901
809
53
204
140
1784
188
252
166
283
28
815
321
347
30
368
421
52
94
306
1014
825
411
265
2289
2
390
587
237
89
403
43
652
434
964
505
161
472
1239
1869
139
704
887
226
987
95
1393
721
716
1372
122
367
831
273
918
124
695
227
83
564
130
14
1614
375
70
510
636
257
58
85
1459
151
630
312
1577
472
336
195
848
153
606
61
209
1071
356
2905
247
146
1073
51
410
883
17
1427
642
269
879
1175
156
123
536
366
236
28
88
1531
138
145
27
51
82
12
1604
695
655
100
93
465
1403
638
87
67
206
176
60
1138
560
719
49
40
87
6
462
235
1048
596
207
969
451
1188
619
176
701
1672
333
1104
751
78
203
79
581
238
2035
443
75
356
794
222
386
1158
770
195
341
305
1100
1590
134
130
1402
256
742
74
1079
971
240
354
99
1567
178
72
447
826
348
135
377
136
705
246
1048
272
272
117
78
124
742
18
1179
278
198
119
789
1191
627
1088
223
378
159
196
263
294
13
1499
399
285
922
1643
1188
2443
49
222
749
1674
38
232
224
708
304
371
399
164
891
194
788
94
650
24
3101
223
611
809
299
129
221
301
118
85
292
350
918
1470
129
132
6
677
182
36
28
419
118
2065
98
34
175
1460
409
414
201
187
808
647
1832
28
2290
375
754
590
171
1731
1688
70
398
239
594
1667
441
136
243
1818
743
63
154
112
88
451
191
235
566
437
263
978
246
187
1086
90
406
477
1225
146
1699
272
624
581
32
784
736
55
58
234
73
866
280
1112
955
584
81
371
73
487
540
326
3
511
75
375
176
850
451
385
651
487
674
1666
3252
742
83
181
64
1475
620
1679
79
342
11
96
682
175
767
361
184
138
81
327
714
43
792
1043
101
138
118
197
110
841
1300
303
180
75
310
43
99
462
187
257
720
195
33
840
1193
1037
384
4
710
217
274
1016
243
283
716
2
704
39
33
484
466
344
286
1285
65
744
950
412
343
190
29
191
662
1505
276
449
1226
253
42
186
228
159
78
36
270
102
1182
147
273
713
2008
176
308
325
64
550
779
1094
492
20
280
1030
33
8
263
413
292
1016
137
984
12
363
568
577
265
614
391
817
516
119
215
351
158
695
456
254
112
14
129
296
1370
135
5
1448
143
133
296
291
787
1799
991
622
958
2274
195
340
61
453
226
308
692
160
981
829
234
957
185
1652
947
562
122
104
528
1042
751
39
2540
299
339
409
323
64
200
693
949
869
31
1551
674
1043
236
231
463
60
205
88
139
253
13
993
966
374
288
70
1108
342
20
148
35
275
94
1670
18
255
3
397
1341
911
351
437
56
788
1
108
416
140
410
119
209
669
1425
61
621
302
37
1862
124
662
84
126
520
201
570
190
88
19
591
1071
501
298
558
70
1233
760
1142
187
117
113
183
1007
542
224
214
574
815
317
4113
341
83
811
19
212
26
717
257
104
129
1466
31
406
50
268
1504
837
126
213
2
207
55
368
742
48
127
1019
450
266
577
481
1741
1334
864
7
413
395
54
410
1509
624
360
172
311
543
817
141
354
1679
286
926
158
33
480
192
1737
433
936
367
869
187
620
604
680
198
122
303
388
50
1651
336
805
149
152
1429
101
192
1031
788
260
1973
24
925
130
68
385
1289
744
64
1792
125
134
624
71
461
948
291
811
1112
462
961
29
444
184
188
231
72
648
102
899
709
4
168
75
282
305
67
1243
663
58
161
947
61
253
211
1044
2
21
918
877
998
1149
346
920
385
155
204
85
226
753
1006
1
538
385
1025
357
69
149
237
223
113
494
99
1519
72
150
219
482
61
397
891
47
1960
815
360
83
270
378
282
87
822
376
158
329
84
2262
411
72
10
293
111
30
729
7
2069
159
787
271
363
959
240
1103
967
387
163
320
308
1078
1385
459
1054
73
150
41
784
141
1118
432
163
613
1024
627
393
344
3898
621
1009
318
1608
169
52
362
763
177
295
559
351
506
500
73
166
126
521
18
1035
992
271
168
526
1663
452
65
359
567
26
400
339
1141
278
389
2519
1136
669
736
12
262
106
587
572
592
193
706
541
990
121
497
992
721
13
127
159
924
1184
923
82
129
1662
280
390
170
1174
382
226
840
149
77
187
1401
422
136
1159
127
133
530
473
210
615
76
284
606
196
112
342
86
62
107
940
599
273
307
733
249
1143
728
1069
741
89
2013
71
89
555
654
384
18
106
989
340
95
229
364
702
200
69
1080
652
177
96
1513
582
655
866
564
137
364
1473
285
736
244
607
388
859
193
1101
278
1032
213
109
125
500
169
189
748
186
270
383
1304
753
1007
237
866
1323
162
457
711
169
911
270
601
122
96
644
562
481
1357
523
535
154
28
377
110
33
501
31
111
354
542
994
73
857
29
253
151
621
139
227
460
510
422
582
1025
105
336
239
491
51
157
286
410
4
108
204
659
926
5
274
145
845
832
440
312
693
158
699
329
242
285
492
531
462
2816
725
401
429
522
580
96
1771
537
633
1680
92
1020
45
383
60
1606
442
914
1174
405
349
748
51
519
40
1840
509
23
129
394
443
410
125
613
70
391
1160
1126
520
962
85
81
64
210
628
892
715
98
392
187
219
645
551
445
192
1277
644
624
322
1065
855
39
65
501
77
891
484
850
746
40
187
248
1068
354
96
613
266
190
290
1858
270
975
721
605
343
201
1056
39
802
180
221
42
510
150
146
128
622
69
648
47
516
668
265
510
1885
136
738
58
80
389
544
473
30
741
16
328
982
1380
450
565
7
559
637
187
1209
12
271
79
51
16
747
514
112
11
1
208
102
751
301
257
21
832
95
106
33
851
779
82
50
231
1896
26
964
97
468
435
568
1033
774
160
262
583
167
8
256
1617
48
3
654
75
883
253
91
1014
483
398
217
349
15
210
223
266
549
395
127
661
255
35
204
551
182
125
212
471
109
686
7
1383
39
261
534
2071
300
363
1481
335
923
232
1088
1267
800
246
59
746
623
187
1090
619
47
57
416
87
300
59
248
978
232
18
403
197
238
649
379
79
1436
257
23
161
109
280
491
949
788
301
152
82
12
74
486
326
555
101
146
75
733
163
136
122
978
1401
186
490
340
1061
362
316
322
83
287
3340
285
71
191
1085
488
5
416
235
412
2473
251
442
1025
212
1182
325
508
388
728
516
267
37
871
549
781
362
635
384
98
2073
203
141
6
38
220
611
952
1323
739
242
195
12
67
760
354
715
18
49
440
486
108
216
637
433
148
143
281
1313
312
815
23
822
507
352
205
1481
300
248
29
1079
373
582
157
353
461
127
106
839
745
887
1048
234
1236
453
830
1350
66
770
1619
969
1895
56
15
87
70
442
24
425
295
449
713
1704
360
403
604
242
867
104
281
4
152
700
600
264
453
70
1022
748
106
240
920
110
845
172
579
668
233
247
921
1047
95
392
243
159
675
1900
671
179
430
64
123
358
411
7
158
366
746
39
227
85
725
1268
97
595
169
565
835
696
69
123
701
569
56
270
254
1179
891
260
548
69
297
621
764
109
1640
237
413
412
1270
892
989
1183
58
404
143
49
371
382
876
6
1
1896
428
263
30
118
1329
311
158
115
27
744
522
177
179
127
8
277
493
182
124
18
401
2515
309
1224
139
400
2942
672
554
131
43
1899
876
588
18
654
1449
194
243
55
291
86
437
904
1186
980
1241
133
114
528
2607
400
944
331
133
218
1550
773
166
118
722
313
1582
27
185
2325
211
1723
487
217
136
817
364
458
101
409
33
746
800
368
1237
1001
323
229
145
2069
915
54
943
224
316
639
676
208
167
391
868
10
185
830
999
13
242
493
1139
366
122
671
789
2475
462
176
1036
26
214
34
32
757
214
1124
217
110
1113
13
1790
97
1250
1159
592
1491
287
1465
57
122
339
166
92
62
206
444
508
731
1116
223
484
1012
580
780
95
456
486
654
995
96
567
73
1095
275
425
371
179
71
13
135
43
957
41
218
566
32
765
821
18
998
44
82
866
1039
505
211
144
380
270
317
1252
196
762
410
103
488
1820
301
1414
667
21
133
44
375
1291
132
562
322
765
672
535
621
263
197
361
116
14
590
488
626
272
538
323
537
1216
387
170
670
1440
100
41
323
2296
175
596
68
280
33
825
1443
729
402
1936
135
1621
250
435
220
850
208
56
627
400
170
569
1334
520
558
290
969
227
309
371
313
262
586
1314
500
90
391
925
111
239
11
58
426
500
427
629
55
245
924
27
427
49
228
215
43
3144
157
1075
120
22
71
587
69
4
49
111
554
59
33
83
17
942
185
791
75
140
199
1209
51
190
161
1359
901
104
240
167
151
1406
620
2
534
133
30
759
366
292
13
1097
898
657
633
148
793
34
411
450
750
592
888
522
347
194
81
1229
387
799
52
710
48
4037
199
12
591
221
115
584
456
807
550
141
598
1926
630
202
1277
290
554
317
779
1022
167
393
472
176
365
427
586
1715
918
743
370
98
52
317
656
541
376
1960
413
382
82
669
173
295
203
1332
185
25
515
420
89
1405
779
40
688
962
135
477
4603
2205
2359
1503
735
308
561
589
37
282
924
1044
342
900
1414
72
88
84
191
4
570
1101
272
657
332
2112
505
755
392
169
554
1609
1732
156
1382
481
254
343
298
126
810
623
1072
102
2773
375
586
633
507
27
891
545
513
443
235
20
32
361
74
585
625
1270
372
442
73
9
17
352
38
242
500
257
635
403
265
624
194
2071
256
432
441
316
120
2268
136
461
541
380
119
18
687
35
224
3
93
1340
77
600
304
844
1440
172
275
729
677
28
1157
559
74
502
221
161
643
38
158
44
739
177
779
263
290
225
387
152
145
74
981
359
996
585
190
325
482
30
1100
1367
219
37
310
161
162
250
829
550
799
407
222
550
456
634
1448
407
306
38
1247
600
64
77
2845
1545
1163
204
533
1526
1287
791
338
332
346
253
10
621
391
52
157
65
77
210
922
152
14
144
505
297
259
41
274
1625
464
1183
278
1320
1008
268
103
19
1206
721
1593
827
1281
264
821
103
184
244
1002
740
144
131
411
561
934
697
487
262
229
79
379
232
173
615
313
180
37
477
1
436
751
351
278
148
365
271
493
1078
194
1242
393
546
393
160
758
42
255
574
1169
351
148
481
150
222
218
27
295
457
154
261
1369
294
18
553
25
578
423
331
83
766
492
225
464
430
982
95
4
136
22
962
8
579
370
505
351
93
256
37
738
433
141
562
508
936
320
1779
578
2667
665
567
506
193
63
50
76
490
173
373
557
516
723
241
420
504
20
776
789
551
15
628
451
1869
1529
202
134
507
133
332
382
11
271
538
639
747
826
661
1012
199
151
615
215
26
795
1713
46
152
1759
64
563
36
271
618
1393
937
897
1742
73
1869
1893
585
195
439
48
196
470
34
748
364
2358
819
1549
168
192
1006
243
160
27
326
254
1129
88
862
194
380
5
394
215
75
1165
1710
10
724
1427
7
19
493
248
358
167
439
798
897
101
510
284
116
429
456
1114
129
675
62
8
1338
1471
134
1355
413
13
314
164
1186
243
303
1156
232
487
145
243
265
38
180
285
2513
195
306
27
111
569
237
1042
111
714
308
658
57
51
200
294
376
155
182
536
998
408
502
451
45
243
374
550
16
375
37
2219
295
897
1591
144
151
86
283
18
423
165
1663
637
541
1901
300
805
911
301
99
84
123
349
179
154
1468
643
55
133
320
83
880
291
1326
325
101
140
726
2
54
349
1037
318
243
484
1437
856
580
192
901
159
28
726
883
260
82
1270
371
93
768
409
497
808
888
4
745
687
245
97
160
724
1318
486
449
967
109
94
356
151
449
767
175
10
434
1049
22
512
531
29
523
4
852
15
350
617
357
429
42
115
303
64
107
113
714
1547
216
511
144
971
1404
401
355
320
1597
88
32
263
94
513
242
545
67
245
327
859
100
79
191
353
277
325
646
985
24
83
12
13
558
1421
60
295
249
1129
81
563
134
60
642
157
1199
96
309
530
6
1141
411
1113
41
62
1216
69
272
655
233
1268
701
56
101
1131
847
50
840
72
74
1200
485
183
377
350
179
328
382
1936
46
461
1068
1029
421
498
138
169
33
73
381
1771
828
1050
129
405
143
57
292
87
426
47
272
473
442
84
49
214
10
429
300
16
851
221
58
398
825
457
232
217
1132
498
2
959
755
42
818
730
110
214
151
924
396
624
43
479
193
197
285
335
126
275
76
203
740
191
203
1
3
665
1335
312
1729
440
156
624
244
42
166
766
52
473
276
201
327
129
306
790
44
875
302
30
36
333
1195
3
413
57
1401
119
67
246
131
928
1596
360
438
1697
1035
526
43
784
546
851
453
350
857
790
29
1047
503
1535
723
549
425
283
1788
297
1176
874
668
1128
420
202
25
760
480
629
112
742
819
242
112
151
1528
22
123
422
103
509
36
50
718
498
989
265
264
234
1246
368
1067
739
157
743
194
206
862
1612
460
89
339
679
148
1013
59
258
451
698
106
1407
1623
285
56
23
786
604
84
53
1985
1074
1073
284
1227
112
839
232
117
92
168
515
799
400
2
69
312
718
878
79
113
876
442
88
189
1101
495
212
20
205
340
71
468
53
21
1102
57
966
106
645
14
396
553
28
193
231
98
874
632
94
166
91
135
14
186
101
383
1079
191
419
317
372
871
220
471
666
1164
436
739
46
1179
288
1897
717
483
516
32
1313
190
21
284
618
978
576
37
334
990
493
251
280
612
111
410
944
527
346
965
181
124
291
1430
473
128
1346
20
351
200
190
57
460
172
607
103
765
107
3565
363
388
259
1
45
11
156
1248
43
720
104
271
171
317
1460
592
961
307
339
1096
917
127
342
774
1435
317
46
611
295
172
324
823
390
32
715
1
104
113
46
232
169
440
244
200
1486
636
1660
127
214
688
718
237
227
166
1839
1078
111
1306
357
82
298
678
14
359
139
94
216
668
1268
237
526
564
133
337
114
437
324
344
1464
189
605
252
39
252
414
382
112
815
10
1021
92
711
13
561
147
960
960
340
379
617
115
950
368
142
58
586
374
179
368
64
282
1255
365
389
281
16
1185
82
675
2272
613
213
252
280
408
499
845
1122
233
1747
346
798
581
1592
28
115
383
410
1034
157
1114
82
311
529
179
178
778
208
659
813
174
853
1538
691
1621
1057
113
69
721
386
121
668
355
45
413
813
570
1198
185
11
114
597
207
5
552
96
656
48
361
515
335
564
547
394
269
112
241
890
585
62
60
848
823
1146
552
435
163
956
1125
226
146
295
42
632
745
175
156
322
1984
115
27
39
332
1331
326
760
215
123
334
59
570
187
308
1134
6
109
120
1245
364
249
235
263
1256
692
84
150
17
413
278
405
33
11
213
21
324
193
734
233
331
1695
103
1015
668
574
392
1218
170
541
54
461
181
50
1158
647
295
130
137
245
95
849
138
425
190
110
42
265
958
523
260
319
146
93
1775
132
16
338
247
905
793
539
523
225
145
160
261
1263
214
682
14
132
586
46
734
309
499
1419
1287
402
15
77
429
1159
763
50
392
303
45
183
52
1366
1057
664
105
865
113
1186
173
254
143
408
1713
246
651
172
46
94
321
216
494
304
122
295
420
62
174
189
321
559
111
126
870
836
394
24
71
99
468
627
573
369
844
168
480
215
614
536
98
33
383
665
124
939
331
792
470
144
375
319
24
341
478
227
130
727
170
4
1118
44
3382
602
141
340
84
454
998
818
1602
1682
49
463
207
238
1725
167
1805
34
487
132
304
68
927
744
179
164
443
43
641
1229
356
38
599
874
656
1341
74
259
1000
449
287
376
308
331
63
74
347
71
28
571
108
51
2036
1348
1478
61
311
1369
457
407
288
60
660
575
846
243
375
244
405
43
145
223
669
721
174
336
1022
69
95
1781
255
212
32
76
43
130
78
921
2259
541
174
918
467
433
18
542
371
277
1284
917
218
122
103
526
300
58
476
328
93
596
712
1444
46
858
130
754
184
129
508
841
57
869
665
175
206
8
1365
253
960
1545
203
223
992
106
24
129
904
54
559
458
243
95
74
29
173
25
26
833
200
730
812
95
804
568
1487
662
1106
911
906
80
673
291
408
11
60
520
116
1294
1453
407
462
218
887
42
16
457
250
209
1268
607
679
72
493
285
152
479
782
16
501
1571
506
480
633
1949
65
237
593
361
1062
451
234
232
1291
2
1504
162
30
364
318
837
593
326
356
234
29
123
197
929
1120
43
42
921
177
631
437
697
1754
109
27
460
661
178
556
164
225
452
289
440
777
994
336
713
480
173
222
296
398
145
234
469
154
35
51
186
175
148
802
160
97
224
451
126
604
231
828
202
633
825
987
311
519
166
455
289
960
242
186
125
98
1059
33
377
219
517
228
1006
978
2275
148
649
672
14
581
379
836
856
784
851
492
465
162
1163
255
301
362
206
660
342
758
895
451
173
1547
40
554
47
121
1533
497
87
1742
133
795
318
85
215
110
359
18
911
47
52
637
24
3071
89
97
53
102
82
472
28
757
1080
625
214
41
378
735
1647
64
281
646
533
275
31
244
977
71
34
66
324
349
232
34
1126
564
96
430
64
100
611
417
378
425
25
794
1068
1753
446
632
122
177
133
53
706
226
35
200
85
529
1089
776
127
215
664
860
584
457
80
82
306
153
733
766
145
859
569
920
265
572
215
388
487
849
847
57
524
17
192
350
80
289
171
87
1012
17
1053
29
600
91
1154
247
255
177
527
570
248
135
69
304
124
407
407
718
133
2400
562
191
371
230
107
487
491
82
1062
2448
152
188
28
617
481
180
705
277
523
153
80
371
1624
650
2580
701
73
413
455
1381
467
186
356
190
332
541
13
127
505
538
62
481
378
367
1237
1379
940
1170
116
935
67
81
215
485
5
37
151
328
688
10
239
186
404
161
37
192
446
36
833
7
415
108
76
180
581
1026
1224
399
296
830
433
1393
407
517
78
31
799
1005
14
605
455
248
146
281
207
182
40
293
101
566
1759
417
854
56
361
770
2080
144
399
846
247
748
904
184
148
331
54
214
821
310
91
649
777
440
348
262
31
589
294
788
494
741
232
173
1535
293
173
754
587
529
195
101
172
82
72
84
446
1791
824
86
271
182
98
765
380
65
349
14
32
296
84
17
132
112
721
200
381
40
67
750
1324
204
243
68
405
22
295
7
1095
447
280
31
237
317
51
867
327
199
762
226
177
41
412
706
312
193
117
1122
281
327
625
887
159
437
68
213
169
585
342
444
436
1124
104
216
1457
151
266
173
847
462
14
951
561
286
514
1006
207
184
114
533
428
81
847
698
1726
410
335
156
301
485
1150
182
362
438
27
101
290
4
816
573
364
243
112
414
80
1092
181
363
548
342
40
64
246
284
58
804
157
191
22
32
560
148
2214
177
238
618
204
275
1082
390
2459
457
446
212
174
240
217
1104
510
180
160
81
211
246
46
17
775
18
509
273
315
958
1798
590
99
1314
831
164
130
1263
513
166
5
370
385
27
308
476
280
380
695
148
337
64
213
765
214
244
367
541
615
1002
2451
67
103
268
479
47
2019
247
75
549
65
1300
559
415
31
4
169
201
233
610
242
450
545
194
485
1316
449
84
6
123
635
60
535
28
63
1236
64
2497
260
269
26
783
1004
355
166
254
243
1006
106
226
155
901
307
408
336
1504
61
608
16
97
49
11
2640
764
196
382
842
386
312
1072
400
336
46
165
363
393
909
294
515
211
1235
27
753
48
893
86
397
267
36
421
1498
264
246
1727
1344
509
448
266
972
257
936
294
1206
240
1076
681
382
367
194
294
91
884
240
103
248
293
59
145
432
284
629
258
350
1365
271
251
172
433
646
668
40
881
117
236
620
678
82
82
1566
168
16
178
815
188
572
361
251
245
692
166
2065
24
868
278
323
628
357
190
145
181
29
566
326
184
362
508
154
479
178
129
137
116
1115
33
1580
34
151
71
957
8
222
1323
1117
117
234
178
138
89
288
254
400
361
32
307
1556
1319
162
498
1459
1327
310
237
151
920
205
894
175
430
59
574
147
485
40
13
98
74
505
112
190
1327
593
374
585
272
73
40
705
236
1763
463
119
142
249
1670
24
23
74
687
127
27
65
342
335
192
436
720
557
93
1439
260
358
778
597
183
1121
707
223
249
439
97
79
632
979
869
856
177
101
359
672
177
332
926
960
719
158
706
36
83
136
189
961
27
155
936
906
940
839
218
457
716
285
331
239
77
523
241
239
2415
77
64
545
1807
1399
62
225
38
743
1
562
109
13
1035
1647
501
70
486
351
111
871
16
386
287
553
1586
822
18
363
308
408
74
178
680
157
1028
127
176
810
153
838
416
22
330
72
91
245
458
1
1530
29
642
245
436
155
1132
20
213
378
259
308
53
271
386
230
216
459
22
127
158
515
71
158
349
818
1343
240
661
260
1779
369
38
42
335
307
930
49
228
21
392
1022
61
131
85
708
176
22
134
733
131
616
478
412
1343
125
78
319
1452
479
123
404
1056
38
178
318
16
326
2466
389
314
124
98
1170
869
232
1277
295
131
239
111
110
212
204
900
172
16
699
747
1825
1012
89
651
135
241
26
184
794
746
22
1631
111
50
989
676
182
160
804
817
237
331
359
162
351
285
125
376
1109
8
61
713
258
336
84
325
34
303
281
210
304
943
365
966
239
386
345
26
642
264
97
440
481
136
1
179
344
17
186
197
186
416
522
88
152
834
304
38
73
111
26
371
25
483
460
830
485
1247
123
722
254
362
305
393
63
122
367
704
1211
295
50
488
813
222
238
11
119
647
184
57
80
11
430
370
165
38
203
127
139
960
10
702
1344
189
37
353
133
1297
835
203
364
135
820
190
356
16
318
236
