81
337
325
17
195
85
832
61
7
675
110
439
322
1732
592
844
654
58
1701
322
429
300
212
428
2031
1517
222
480
1336
350
580
1049
275
168
891
1146
1016
92
357
7
1
24
1412
304
65
85
2281
21
1282
1329
33
1007
2524
1256
685
891
1713
669
606
218
297
1050
700
1011
248
1429
721
229
6
702
302
348
2452
103
662
1229
261
514
1025
344
292
71
124
1282
2242
34
218
16
1298
158
671
166
1552
96
1557
531
1602
1004
380
977
243
134
164
173
206
280
155
1651
126
1138
112
1392
295
423
979
137
182
2617
639
1889
447
1107
1636
970
484
1418
206
74
39
382
233
464
377
1009
561
167
520
1930
643
396
62
214
638
3110
1193
68
585
441
492
2121
540
142
92
264
813
664
1192
1168
666
274
47
536
1579
2135
265
277
78
1308
739
730
37
69
164
31
1820
471
43
387
58
987
62
1496
58
1227
2380
1787
1243
768
559
1379
358
2048
2576
103
2310
351
638
820
168
124
337
1155
192
501
90
631
131
974
510
270
919
546
926
1103
298
2467
184
668
16
378
322
268
722
183
1482
649
709
958
116
686
521
108
2066
47
78
1396
951
2062
330
562
503
904
72
748
253
2534
1922
41
268
1287
1119
1013
709
185
256
445
328
1636
908
44
188
1220
65
974
19
71
337
719
2388
85
13
2634
1755
1108
4440
3383
2499
1082
774
607
1016
780
735
878
4582
797
749
781
483
1946
134
262
2009
132
918
543
506
751
165
268
326
696
1141
245
95
126
218
1185
370
1521
149
658
203
406
20
66
816
320
84
2601
1389
2180
854
230
102
747
157
305
83
772
1337
1073
687
282
917
202
753
984
1208
167
1195
964
197
163
153
223
116
421
59
80
95
86
760
871
965
686
795
1302
342
121
488
544
34
345
219
942
285
102
151
186
796
679
14
1195
1331
1303
868
1125
468
72
70
22
27
128
1457
877
709
1004
632
504
186
101
4587
654
1033
115
508
398
957
1003
861
9
753
175
1584
311
2803
885
1557
423
389
596
154
63
638
1214
471
114
446
404
1541
241
1653
971
1950
2133
799
132
328
245
1485
930
401
116
299
508
112
77
574
1582
31
842
681
1071
180
595
575
458
473
111
317
95
2435
422
715
634
317
1748
453
239
18
136
256
791
2228
2479
658
208
649
540
153
1115
905
458
16
347
1189
231
1105
1663
204
490
7
270
1095
249
1040
2097
1033
1024
364
167
1850
407
1064
621
1548
602
818
729
11
547
221
449
140
528
41
91
2325
296
853
780
80
3828
221
369
17
1808
1254
234
458
268
408
638
480
132
2232
1026
388
160
1074
248
369
579
465
50
350
961
490
691
163
952
37
1085
1311
767
2024
1328
316
186
113
767
1211
1133
572
1532
2277
2127
596
1092
10
1722
1787
436
745
1172
1389
18
93
330
459
74
138
250
639
182
110
55
1775
1507
92
1067
1517
642
291
57
34
525
511
366
1156
95
240
92
532
516
1225
584
609
259
566
822
299
100
10
2089
1297
45
1807
1639
202
938
555
127
1383
1878
4590
336
1040
1925
2357
113
779
573
46
1197
1273
749
1301
419
111
585
823
835
86
139
752
1915
1089
1111
127
540
1057
2078
20
555
719
2764
1685
839
2014
1202
882
595
161
829
13
128
156
239
238
2661
71
953
226
550
90
2164
131
285
551
404
1086
503
2271
1150
393
2088
760
330
571
85
346
1521
180
1718
1129
919
1231
856
1003
328
1284
308
227
190
427
256
1118
719
248
2256
1954
62
728
3
555
455
9
268
1888
15
1008
257
892
804
463
933
1309
60
12
210
101
1005
1081
264
932
586
327
368
1520
1583
517
553
2007
1541
860
589
60
136
2580
84
1384
2777
515
3683
543
123
519
52
754
2123
202
273
859
114
178
1662
3106
152
5
1369
650
432
813
2388
325
294
330
480
15
554
167
69
1067
721
219
522
77
179
616
575
220
121
1254
192
153
350
782
2397
1258
1445
530
488
1334
186
915
570
986
444
384
1443
816
455
143
735
359
1270
464
637
194
464
160
446
645
94
882
141
1793
146
402
870
316
1349
275
524
1530
812
354
221
973
1000
629
202
1227
281
5
164
893
1516
8
253
506
907
347
59
1174
508
535
964
425
135
1462
1151
833
702
914
1627
273
432
1081
445
820
629
2326
1961
504
20
2805
1493
838
1961
426
990
424
15
452
612
68
160
360
464
62
1115
214
1524
1508
64
3
664
1316
13
4
603
1363
492
326
629
419
318
1642
642
142
3666
18
18
240
444
13
1939
1483
58
1258
1008
537
189
908
1114
593
136
222
36
109
937
251
401
1152
454
1
1021
38
358
152
435
161
575
1183
39
498
395
486
1288
164
98
652
551
221
697
657
511
578
24
1728
958
111
1157
217
1324
270
108
968
475
1010
322
527
153
382
4
302
183
273
1088
796
658
1592
889
484
407
1083
1
278
57
42
293
92
451
1620
234
594
1081
516
497
223
1960
128
950
89
518
653
360
1134
1032
1235
141
485
63
522
373
1603
322
242
311
2934
629
3426
1114
471
336
101
1444
200
597
163
237
311
129
898
814
169
629
917
684
512
574
140
1481
132
1317
6
485
775
42
3382
988
1470
444
99
540
424
8
125
467
296
1605
570
261
76
323
652
151
1040
1346
779
1773
125
123
2229
94
289
1322
1303
1248
46
965
786
9
629
1212
311
1078
547
1087
31
119
179
277
587
271
358
582
1684
720
463
1369
535
181
236
2183
554
737
364
484
668
1342
167
83
420
259
1264
181
223
2797
1640
1372
1344
2459
655
776
135
926
818
308
673
201
1005
89
70
355
397
802
506
71
181
148
1901
553
415
740
2840
114
91
1189
87
604
803
126
543
4367
1985
2
344
440
186
1598
1415
1495
32
628
1231
319
566
407
2486
487
1132
333
284
171
643
2174
121
180
607
149
2084
291
654
561
100
150
353
689
182
319
524
2437
1048
981
2170
26
579
548
228
1050
400
1054
338
1811
1947
647
490
1725
18
1379
112
472
335
381
2
275
141
48
3369
227
66
357
331
2020
65
371
25
310
277
1099
1126
113
846
1352
112
29
572
205
904
87
678
583
97
383
500
443
1260
639
102
57
108
1415
1791
2186
1533
4
353
232
450
151
21
142
582
1534
237
332
799
650
1229
294
1232
204
1959
361
638
881
255
132
954
385
711
600
1179
566
193
724
589
381
1233
257
1312
1473
3947
8
233
946
1283
162
1194
948
24
153
346
590
151
1250
1816
247
402
178
155
1550
1172
229
709
1243
8
61
501
1319
84
299
116
815
1431
1412
115
453
316
446
2862
534
207
2284
338
674
1049
419
949
142
496
63
90
480
256
383
1890
585
598
113
548
137
2120
1151
106
1137
220
625
1595
10
1556
346
1343
1057
574
539
313
151
746
419
873
868
570
342
586
114
831
422
134
474
1406
1074
375
331
660
37
747
2587
438
1797
179
190
503
312
545
257
35
388
575
198
100
509
246
702
169
162
434
1464
284
89
604
1586
1761
955
1637
756
1096
223
1644
24
103
193
29
423
401
1276
737
117
12
849
507
232
119
2727
289
1181
158
905
1073
623
199
2783
144
1393
1934
3575
601
449
2295
241
729
314
596
160
339
239
505
1497
559
284
306
822
444
648
974
82
301
320
207
82
1405
795
1220
18
1163
131
916
282
873
836
838
295
1272
182
1380
517
908
1323
21
599
13
246
972
303
1368
2728
638
228
1246
349
2277
390
172
662
1186
1744
366
1628
109
1076
71
22
1309
2575
332
1596
538
634
735
567
81
775
1406
47
2456
24
597
639
1143
1634
1014
384
1126
1003
1786
679
490
377
820
403
97
425
244
86
253
218
403
253
74
12
1734
1143
33
345
672
511
365
1691
45
114
530
67
354
710
1040
32
225
520
779
1248
742
1699
312
186
582
1150
597
1204
711
103
170
670
245
300
848
337
203
1586
545
233
274
137
350
678
983
423
484
1073
497
351
146
228
1119
1608
3331
386
53
1095
119
165
23
365
24
1019
1114
572
486
240
1008
103
1018
1420
619
2748
1206
814
723
448
321
229
490
151
1251
72
251
1529
2002
1775
146
521
253
1972
556
997
170
59
401
98
961
209
2396
98
425
170
3
1245
317
237
151
294
562
728
385
1349
181
169
3320
761
3007
577
81
662
834
252
346
1350
1097
106
58
1341
1473
2134
28
725
1047
127
166
386
250
626
48
1496
10
562
302
2
1598
788
53
1153
2241
359
1218
646
87
64
463
1242
568
711
291
917
316
477
123
258
370
41
547
273
125
512
1483
495
157
56
460
176
294
135
419
697
693
774
261
1014
731
867
545
234
755
407
218
14
184
33
1102
77
93
128
39
1027
555
38
1413
37
464
105
159
496
63
1560
769
767
642
1119
1407
515
340
848
1116
498
1246
343
122
484
1429
757
162
1344
1800
2003
832
14
324
485
554
16
2376
2242
1442
1337
79
741
397
80
2540
930
1318
601
643
156
715
426
222
44
1083
1206
661
759
135
976
266
861
96
141
971
812
131
122
509
417
613
1168
899
866
1436
447
140
437
3005
1196
840
1427
2614
650
8
218
1330
159
823
128
692
144
1736
319
96
401
114
1124
1508
329
194
204
184
420
355
1927
42
1367
922
98
195
282
314
4
413
312
330
498
139
1561
358
1871
916
407
2633
50
208
409
282
1945
319
1292
214
600
354
420
989
259
917
70
4829
152
26
265
479
532
1058
838
404
122
353
1364
507
368
713
399
286
74
560
932
290
98
1468
195
434
1756
235
807
140
406
385
586
797
272
708
457
256
424
54
1703
854
348
1060
920
398
395
140
1133
655
1114
1861
1314
175
176
1526
145
189
99
1820
706
348
37
1441
1350
724
1468
92
308
713
1209
269
1073
245
236
7
13
283
55
1092
605
356
270
596
202
126
317
3076
593
1151
109
1166
119
73
535
824
1825
1198
170
1054
1307
814
125
3322
1153
2404
92
732
27
282
771
1292
177
2533
273
567
109
625
775
230
993
1071
3021
712
1037
335
1249
307
804
1002
364
118
1657
261
726
149
1596
254
521
338
2531
200
561
1018
310
1023
1369
756
1165
536
726
700
788
834
2007
61
1136
1670
559
104
342
302
617
121
156
215
342
1212
1906
228
74
252
384
1252
1205
598
2561
392
320
355
97
1069
2545
956
119
474
790
105
26
367
4457
1652
253
260
573
1182
301
89
586
248
1093
1595
1458
174
624
133
194
279
2531
167
2750
148
1209
619
156
40
1187
125
89
139
1107
518
648
761
760
286
1358
71
222
854
797
152
1636
205
1775
334
356
175
1717
84
1787
313
93
1031
1625
48
583
125
652
383
1052
92
877
3080
745
369
863
48
437
419
22
212
221
344
993
217
104
629
1424
399
20
1254
121
54
604
65
803
268
571
116
30
78
731
702
15
5
348
1277
744
563
288
64
1792
56
1502
896
102
280
603
184
622
2020
123
534
341
312
265
774
1023
538
2254
252
550
1406
215
470
155
192
143
614
1765
295
599
2443
1192
260
419
847
957
355
376
374
9
1183
822
372
616
329
1091
863
153
252
1334
677
148
337
2802
1244
52
406
155
686
374
3493
888
533
832
479
54
455
46
1679
891
1958
3817
1837
348
628
327
177
2751
389
398
1137
541
1552
482
241
621
2545
681
424
1204
376
865
357
454
521
68
1851
1233
284
379
1943
81
472
1098
535
198
153
72
919
1345
111
933
21
1071
407
1303
1440
1711
571
817
636
183
891
1045
820
196
421
464
1974
1016
104
171
1317
1464
366
335
1077
160
345
119
842
726
1730
109
242
125
1370
844
105
1280
921
441
905
1505
166
573
101
706
789
1472
130
513
1430
170
238
117
172
68
2692
707
793
333
231
435
235
105
2325
428
286
1311
433
178
97
52
528
442
559
2120
266
1689
280
591
63
536
22
1558
731
1029
687
261
329
423
512
1079
102
390
2265
671
1209
239
1691
11
265
762
476
10
119
471
176
125
29
607
112
2839
236
968
673
29
378
219
125
239
2544
147
1322
28
1162
1077
452
1176
242
6
403
1180
1747
738
723
4
645
515
1909
374
701
291
412
1642
625
773
623
451
229
100
134
881
82
2584
245
1218
1573
457
484
538
772
808
287
4
1477
633
1172
303
666
568
1203
465
490
165
52
2244
857
3283
350
1356
625
12
1313
2033
1186
498
1028
146
1136
1887
3
57
257
587
1087
1182
88
1051
1815
1812
2076
656
1810
860
638
525
307
1534
444
153
256
694
739
535
31
333
1417
156
402
304
314
2701
1672
1285
442
101
1674
26
870
1489
625
300
560
1251
1131
730
2532
29
81
71
424
127
450
271
1303
617
3722
555
164
173
68
237
1380
2957
357
1081
193
207
94
267
174
1902
1081
812
476
200
1099
637
420
54
626
746
524
260
252
2627
259
809
2680
685
1000
1948
1099
433
40
2238
631
1024
1802
136
350
456
236
1814
75
1726
706
154
1037
1054
78
566
400
342
1314
935
811
838
35
597
15
841
1669
1380
2837
2397
203
3540
168
181
317
309
248
56
684
341
963
639
1335
229
434
1235
280
792
1572
146
60
499
239
538
194
510
403
96
55
265
1325
1789
263
116
964
410
512
724
1409
382
1765
710
28
408
719
1430
254
560
3
297
3548
1082
327
2
95
418
195
208
561
218
5
609
484
477
2713
11
617
55
357
74
373
1215
759
7
501
157
2461
1797
996
965
1276
1212
808
51
608
1346
182
1592
928
88
1239
264
349
215
1110
327
498
296
94
197
339
243
57
1120
481
645
203
276
744
824
272
174
836
338
1722
10
1198
8
152
228
2506
947
21
382
541
2109
2248
852
777
307
792
1278
32
82
1556
210
565
597
215
338
262
1661
1409
4039
1836
370
241
672
538
1290
1243
414
538
53
639
194
728
3056
1900
145
925
844
115
1395
253
203
261
1367
271
122
777
580
198
86
48
408
1557
3
273
1404
952
732
92
165
736
315
1011
783
353
2001
704
2
379
67
1409
209
427
808
1261
73
1470
2096
491
478
1016
132
253
501
3100
250
1192
1732
940
591
289
3039
483
309
1296
290
1518
258
161
1438
274
161
388
415
203
489
369
1949
79
779
1736
63
1138
2233
424
542
201
2561
252
112
766
1255
2700
2254
282
513
15
780
321
740
503
932
2498
256
241
113
1323
480
298
265
941
508
528
22
670
1621
235
45
77
215
222
899
23
2396
508
935
1459
193
34
177
70
707
300
2686
275
6
329
233
290
992
2035
847
220
381
1106
245
252
270
1088
299
107
1740
340
428
1315
368
1153
840
156
190
1750
618
2
464
985
322
709
622
187
313
208
1120
618
144
1109
1812
162
1625
252
579
1728
220
506
1292
207
110
1669
254
2575
113
375
165
13
639
122
10
389
16
147
225
116
508
467
291
288
59
143
994
507
291
553
122
501
304
826
574
231
799
929
779
449
268
1394
230
974
114
40
644
304
878
400
57
135
454
135
232
212
229
740
1438
806
1131
799
971
378
655
1402
1088
498
439
67
1127
493
3036
710
85
773
1148
674
2400
633
117
764
1051
17
366
1421
1
470
1
757
260
323
144
1017
510
154
157
458
565
296
264
13
796
1717
798
91
10
852
933
249
107
556
784
1232
208
676
1476
1381
485
218
769
37
2101
1808
72
428
100
221
216
269
9
1892
216
503
201
126
49
1098
49
477
496
234
204
594
35
296
633
1610
430
170
744
38
70
916
445
187
545
1541
381
334
607
725
68
487
1122
116
22
536
10
244
376
1268
604
3472
738
226
951
922
1748
204
409
423
734
1137
2314
281
1127
102
2173
1413
28
576
1172
117
111
1023
792
1459
184
139
590
539
70
681
189
1980
371
297
90
1783
357
877
836
2145
304
265
784
122
2083
3541
110
896
623
2590
2859
946
180
134
4
266
1025
3095
2530
1255
516
253
395
483
895
1837
101
8
572
721
26
446
39
158
350
435
968
417
165
528
1755
709
628
775
572
679
60
974
251
96
738
102
39
11
250
74
287
982
1899
336
107
269
514
91
496
196
1624
460
928
1320
1365
691
850
378
464
129
3617
1289
625
1348
629
844
255
151
532
964
53
2595
369
789
1500
389
495
350
154
487
22
109
203
256
168
1007
376
504
1097
623
206
428
6
1593
523
280
1666
476
991
126
107
20
145
77
1233
2922
1419
878
560
370
2839
1435
220
1058
285
506
1050
299
1908
309
59
176
202
1074
200
643
1220
68
831
1022
153
3113
272
993
942
639
1783
230
785
958
97
658
961
427
1467
931
712
286
1606
137
1045
1370
328
493
440
1450
109
1407
1872
192
3784
2659
900
3383
369
682
1177
1157
380
705
147
1109
656
142
1026
943
757
123
640
117
1690
829
81
6
1476
25
351
146
118
1342
927
148
604
145
557
2621
412
420
597
231
159
948
1275
314
131
393
58
18
515
384
241
257
220
1151
558
3242
994
453
43
461
299
356
2295
1225
966
606
626
268
1037
379
2280
3551
983
263
191
365
82
461
423
801
1274
407
904
1942
86
121
545
437
904
420
170
146
605
278
539
732
139
1506
426
1482
337
1127
593
590
155
928
483
176
2130
1127
613
1337
957
1408
903
188
28
569
191
56
258
1168
440
257
661
172
1271
988
540
273
339
674
1439
429
48
68
2187
267
836
18
395
639
1251
1469
121
759
444
299
1001
866
17
1526
538
1678
1749
1868
625
351
229
454
1592
242
827
594
1911
975
813
1131
346
308
168
2272
72
766
735
783
57
325
1642
1198
101
313
548
765
508
420
1767
248
399
218
565
735
412
830
564
332
1039
1265
1176
1552
751
2065
471
215
407
245
1119
1502
316
1784
173
44
1171
473
2452
115
299
1556
374
529
181
481
197
1246
641
240
549
805
7
580
107
414
627
457
926
34
384
472
546
112
238
1385
784
360
2362
26
339
3105
460
739
616
2524
1883
500
131
897
588
1107
82
675
332
3992
276
16
1227
503
361
533
89
1363
185
1694
1184
384
256
93
1155
815
178
76
177
12
325
1234
258
338
1311
312
685
1889
1257
512
90
140
441
377
1221
523
1585
990
306
1334
7
51
572
93
40
597
643
244
175
796
785
545
658
57
1222
1614
703
1111
250
912
967
1148
1502
410
413
41
340
945
1089
204
62
558
780
1004
560
79
395
597
1023
586
216
746
924
79
166
27
544
1801
52
256
497
755
652
71
257
1022
623
1136
149
15
489
91
714
510
220
1021
211
1146
1541
548
1031
134
203
1339
683
1863
337
2199
327
1560
1079
126
218
470
586
246
822
183
603
130
799
41
237
247
1127
590
698
343
678
793
217
388
226
864
877
496
22
353
624
765
1815
101
252
246
1311
1327
417
318
1385
1428
297
9
313
653
683
1431
403
1662
669
171
496
3123
152
294
1835
737
233
575
222
1948
62
381
338
384
563
45
256
2036
99
933
300
463
165
67
704
98
398
579
35
274
628
1016
306
1091
651
450
657
26
827
74
405
84
1560
78
1021
3237
2077
1450
1244
371
828
1093
242
521
58
943
283
341
308
52
577
494
188
420
73
557
141
1005
469
55
530
395
87
27
235
819
1044
571
69
1131
368
401
59
2250
62
436
323
1330
318
791
793
272
713
60
1425
243
152
787
555
577
611
210
1785
864
695
1447
509
189
242
270
1522
510
852
1624
297
1208
1302
235
1487
741
619
327
465
1493
12
366
614
1208
333
28
283
185
195
350
2641
842
356
742
1136
871
464
2037
241
1677
832
439
1942
687
106
325
758
349
274
3198
71
130
1779
68
26
331
1258
551
1597
156
180
383
678
523
56
2081
244
897
544
586
394
196
164
207
2318
1325
438
682
367
18
366
418
85
365
684
2243
505
539
1257
300
859
9
354
1540
736
539
805
731
115
212
85
702
469
317
25
605
32
258
257
813
253
1124
213
150
1242
18
537
3096
898
660
948
76
794
95
786
1470
329
288
1668
138
2424
518
720
443
606
615
75
1373
1382
152
902
18
627
116
1070
280
224
53
350
882
214
239
1556
207
2036
2528
153
129
840
410
468
827
507
223
163
700
982
1192
3721
942
2565
1034
502
112
347
175
51
629
1203
1613
890
629
521
100
2501
1340
1462
365
1478
1639
29
1013
142
1096
1705
141
514
1286
97
1368
164
3
216
905
464
1825
27
697
38
133
482
196
599
413
726
348
1239
171
102
559
2419
1758
329
2924
46
544
305
630
1562
355
35
325
251
1477
100
807
407
414
319
3278
264
1268
1324
25
1246
444
11
644
957
299
635
774
282
59
1581
682
226
147
1266
899
566
61
1988
37
587
98
98
1901
19
528
55
971
1162
162
763
2785
780
1495
2118
922
2945
1672
535
1372
371
535
998
1186
118
812
1707
21
744
227
292
692
180
350
359
1002
87
1978
422
729
718
29
52
261
945
218
2149
951
6
445
312
895
2091
1420
384
504
2262
1812
70
152
278
331
98
481
1881
79
1017
2421
1604
2044
28
239
247
642
363
1173
869
125
677
2829
359
99
541
289
25
529
10
452
851
636
1371
485
260
648
46
850
76
178
268
975
2363
1158
88
352
26
672
597
250
1293
104
906
1673
139
1
645
181
48
133
989
190
1211
187
316
371
354
188
489
778
391
960
677
358
264
204
346
338
734
2300
18
1147
1124
1703
787
59
198
1942
470
383
24
189
145
682
129
308
389
1379
1057
852
1799
98
350
749
33
309
2047
1414
335
308
465
780
935
571
435
247
1880
24
541
113
508
453
1056
286
958
162
262
804
594
668
136
352
646
38
79
631
2004
4091
545
720
3107
1683
2101
816
196
519
201
640
274
464
203
473
995
585
10
381
800
461
783
514
2931
1036
16
147
939
165
836
11
267
1048
284
594
1005
213
947
524
730
336
456
395
3668
244
139
20
284
69
758
781
13
470
456
2035
16
674
1103
292
4650
29
68
30
208
222
51
1430
542
664
101
2749
3263
83
252
9
285
202
639
538
329
266
469
165
1735
622
946
269
64
282
734
693
1573
991
1349
291
1364
574
486
1353
1960
140
4199
189
785
340
48
1149
1293
172
148
835
1188
265
449
978
567
407
491
399
97
1391
1876
270
488
876
687
1271
1235
781
297
857
388
1143
118
201
365
2693
465
702
1366
571
1148
1342
553
223
1948
2601
1086
904
138
426
729
702
1551
1494
464
1604
31
491
371
1011
381
124
101
2023
301
170
30
417
98
714
15
695
695
103
353
2492
1248
272
400
1723
149
42
211
89
95
1330
74
1146
112
366
157
30
1098
583
234
1042
933
386
2648
218
226
92
433
63
319
1423
321
24
1900
489
668
1542
49
1709
1243
251
59
398
1627
418
1223
619
8
118
95
995
610
483
765
823
826
73
559
633
2120
1995
24
587
357
2077
624
988
235
769
798
156
687
1300
400
1288
325
814
890
1764
52
470
313
172
207
181
1308
157
322
789
497
728
1057
1626
2211
579
3956
2028
32
1709
383
856
122
425
1030
133
1686
266
1339
405
47
2994
1367
2643
448
79
423
773
318
133
940
451
62
1428
1183
57
601
147
511
82
976
1063
407
726
504
54
78
52
541
981
376
432
1733
626
195
73
431
1996
198
491
1186
52
115
87
787
583
292
180
84
595
2163
486
351
165
54
743
29
228
129
58
556
552
1331
1663
498
467
591
3576
592
452
760
294
58
909
765
488
40
239
310
1258
1683
82
592
68
228
107
604
457
1426
370
211
353
2
257
1495
1048
1540
232
190
220
887
2159
238
106
6
1199
1415
188
857
629
352
1255
489
361
96
252
448
1343
211
481
282
182
696
91
18
2896
848
710
5
322
2016
469
617
1059
327
198
1908
1252
1649
892
205
10
1979
57
232
11
657
50
58
47
1094
423
1908
93
227
2712
30
353
72
779
51
775
258
1588
13
453
506
205
927
773
468
244
1740
575
2260
567
548
1004
1075
59
3718
431
351
118
518
1231
57
1171
227
460
51
2796
621
77
694
888
93
180
821
566
454
86
4401
104
144
1828
52
710
1828
781
896
585
333
672
228
1642
982
53
222
1623
2126
103
13
441
1422
3711
559
14
554
250
238
413
597
917
394
706
362
868
2286
124
961
328
736
676
861
181
53
129
567
1
395
1043
234
809
259
1808
555
772
423
567
1287
960
2234
134
558
702
1565
595
46
143
1496
205
2208
62
3030
628
1122
439
31
434
294
929
1777
325
934
23
12
913
1427
749
1880
509
1137
434
217
577
3287
2628
1379
522
1165
1241
806
379
507
238
258
1653
991
2015
43
292
278
914
231
1402
395
482
541
296
735
207
1051
556
1186
628
687
346
228
184
268
936
324
1364
192
2441
840
1288
252
257
475
623
33
267
2
732
2753
89
1087
712
401
128
4179
2556
1513
283
1348
450
546
999
854
1917
176
1855
514
945
370
163
431
276
286
100
1021
404
1484
37
14
618
1062
213
436
905
754
793
254
806
2104
179
1228
90
29
150
168
601
613
195
436
246
871
1055
41
470
751
226
318
333
136
410
69
1194
1102
95
79
497
115
833
186
200
135
386
420
104
649
854
88
392
122
28
135
546
82
229
97
54
1038
604
211
292
452
1329
272
411
221
325
316
499
1357
140
519
1279
772
342
57
106
1192
15
162
4
15
423
47
244
130
340
1113
162
157
852
87
878
593
372
242
115
1030
711
89
84
909
46
2219
176
1418
837
119
17
620
1238
143
9
751
136
369
6
819
313
531
1096
360
295
265
113
11
335
562
167
573
568
171
99
1954
642
361
460
18
200
580
290
67
515
631
547
740
342
479
747
340
61
12
193
474
220
329
812
866
969
425
69
132
1288
67
1557
656
94
301
693
1554
898
466
540
54
219
789
43
251
233
900
66
894
176
461
186
888
386
352
328
713
119
1497
710
1734
482
500
229
314
89
82
606
1418
96
1570
24
934
1687
27
189
461
183
568
1682
683
8
218
557
131
496
1502
141
1179
103
455
219
746
446
1256
54
254
414
627
1432
317
931
1029
988
660
84
98
24
108
155
209
60
361
333
1152
232
57
922
48
1907
110
810
385
1032
361
189
218
828
125
57
260
311
338
142
1573
107
1297
790
131
934
83
427
323
208
247
154
46
274
866
274
1987
210
55
371
18
58
65
254
45
675
18
1245
83
870
204
222
53
136
407
44
514
684
57
349
490
682
219
124
56
365
578
566
344
743
424
229
803
2543
162
219
693
598
26
862
556
587
26
254
98
348
542
209
473
279
141
425
470
781
201
161
501
1736
1319
474
1308
328
272
249
54
579
384
143
95
186
235
81
777
67
469
33
133
283
98
295
550
1639
193
6
588
357
1138
268
138
111
154
91
108
446
431
52
61
92
260
203
833
177
766
141
86
1002
683
40
11
28
103
870
293
80
563
124
23
33
270
675
457
262
785
66
319
122
1293
343
547
325
1596
711
73
358
354
54
36
119
9
746
1385
43
125
8
10
229
1317
169
468
831
116
828
491
96
256
347
478
430
1097
127
385
1352
548
182
1132
72
455
44
643
345
89
152
1429
173
700
297
1
742
67
557
159
45
235
472
486
11
1023
245
123
841
287
446
1037
271
808
176
123
511
319
341
480
459
630
707
785
222
103
508
544
220
163
375
549
97
339
554
349
639
191
188
1212
27
345
165
97
1165
1707
80
177
47
11
222
244
657
440
175
1275
140
50
68
195
134
306
241
408
204
536
813
872
164
67
13
321
174
77
59
82
2711
503
458
414
231
233
219
315
1246
229
310
447
20
179
365
145
748
820
2597
169
166
328
932
156
20
863
71
797
1142
32
479
939
322
567
682
71
655
74
405
114
43
670
333
646
718
173
286
217
572
372
444
4
768
1152
170
119
1332
354
69
178
193
76
1595
353
487
2
179
499
1863
24
325
557
89
331
83
560
193
344
1097
604
287
95
818
191
624
681
2020
781
1154
369
19
736
540
540
25
345
637
383
1290
369
371
29
483
48
251
78
181
310
415
1359
1160
950
372
374
98
903
231
938
149
176
465
166
361
826
1
304
360
898
144
539
384
27
563
152
144
60
2173
715
1415
100
3
213
43
123
32
341
352
1319
303
300
1047
169
159
15
656
35
91
1086
346
572
1162
890
84
132
87
129
494
636
985
690
294
76
704
519
276
1131
76
752
70
666
894
1288
147
116
920
70
288
332
96
9
7
445
19
435
218
725
144
52
134
786
162
162
507
409
433
316
1189
135
461
31
277
47
395
106
523
2345
590
338
1642
1149
543
957
9
431
761
192
59
37
458
780
246
348
261
2937
104
524
227
525
146
337
206
50
311
1505
43
183
78
358
173
622
687
597
107
377
326
9
540
88
374
390
311
26
597
16
109
92
435
446
53
778
167
90
432
499
516
290
525
989
553
1151
656
357
727
184
302
19
679
1000
84
161
138
1082
415
417
1435
156
393
300
1526
1263
150
478
28
768
346
234
566
314
572
237
399
92
399
7
53
173
171
112
411
2
212
232
458
398
1454
1059
1198
941
234
120
105
601
321
1102
405
1259
307
463
263
3
460
195
826
355
36
116
538
50
919
160
203
47
116
220
20
273
395
100
137
387
172
175
612
818
500
124
20
1304
670
23
291
22
361
305
368
1050
104
1048
1756
319
107
260
12
38
35
524
396
373
388
1407
530
36
911
933
407
109
418
303
289
1291
149
280
917
569
257
559
470
962
367
172
330
254
559
49
545
295
975
252
15
703
395
1942
886
38
66
257
470
155
15
182
796
30
115
1183
335
13
479
733
213
211
363
66
44
696
303
85
18
475
108
245
275
29
417
155
266
789
4
326
31
624
327
110
174
601
635
136
1181
542
300
676
773
403
229
248
1012
245
72
419
666
108
122
889
852
17
1628
80
1136
167
544
230
173
1307
560
186
225
33
1303
507
176
1712
121
936
352
539
647
410
1155
1257
345
16
343
691
136
715
857
1424
161
439
518
261
487
755
300
781
1098
273
242
1005
904
1429
125
722
699
28
19
80
394
41
1928
2369
636
232
91
160
138
1
28
57
70
114
2288
196
391
1095
394
244
330
1982
89
963
81
1174
387
63
573
78
1271
1443
404
228
37
585
1005
559
543
376
148
44
515
299
376
26
322
147
1031
469
126
257
849
348
143
100
622
502
473
158
227
1209
399
276
249
301
89
333
802
48
841
980
758
748
1544
677
339
265
456
887
202
55
1025
198
341
1
917
943
372
1592
273
808
1555
947
811
1243
827
319
164
146
42
929
242
671
254
2
2284
230
360
616
357
52
730
18
69
351
314
342
1417
40
223
285
258
1033
1295
9
966
757
372
289
1148
139
85
12
63
57
477
790
315
7
945
386
1827
371
206
243
668
738
420
281
350
274
2254
381
145
505
892
471
174
579
426
55
25
224
62
79
104
596
51
417
1173
475
121
397
125
2249
140
714
251
125
567
98
400
822
725
74
1
1413
189
433
228
95
556
50
226
131
541
571
131
347
154
416
1154
35
72
116
326
1631
67
183
99
3055
148
1231
344
268
200
270
176
576
1247
197
174
312
913
250
463
503
193
192
47
310
103
689
732
65
782
88
230
1323
892
12
1239
336
131
1008
873
377
1056
434
55
727
586
551
1958
650
409
35
326
956
333
124
130
194
500
121
300
253
575
698
427
366
1063
228
272
429
174
1124
600
452
405
11
1065
236
652
198
60
79
675
136
138
43
842
664
572
344
1008
265
925
738
711
323
481
756
219
122
1249
746
348
461
445
10
341
988
1181
29
11
519
1475
795
244
383
813
962
420
103
1281
520
10
1861
69
702
2555
200
610
312
242
1562
82
196
5
291
715
298
89
999
2200
88
674
486
97
469
91
292
288
2180
818
30
1960
120
64
244
1
663
456
997
39
116
65
123
1306
897
721
590
192
182
101
286
255
1070
140
181
104
904
367
287
652
726
462
211
546
304
69
112
1103
1898
155
86
265
548
71
1722
197
999
87
447
74
275
203
33
485
310
1195
271
918
795
72
417
1118
624
570
97
475
1186
722
739
391
178
194
137
247
211
281
307
7
25
616
338
830
93
10
444
300
296
684
1146
31
82
52
398
542
1004
314
140
678
175
316
1
298
369
36
189
131
1088
925
382
164
1054
1116
194
356
1487
606
538
785
633
125
803
66
17
355
116
651
582
774
125
115
981
652
63
281
157
80
136
208
431
585
227
60
1686
707
200
135
518
783
106
517
1154
35
632
620
301
225
1735
1670
1125
833
393
104
894
94
373
86
219
739
465
530
283
339
263
77
3252
313
64
9
393
763
130
290
1142
702
126
254
320
322
104
701
30
350
1083
129
288
545
408
837
144
227
303
70
245
13
128
363
557
688
50
262
335
211
542
731
217
267
465
346
186
1582
134
74
110
494
1041
222
159
85
848
901
282
279
618
424
964
667
450
135
937
819
506
473
45
246
552
270
262
422
9
471
1475
132
1095
636
43
204
9
80
590
819
33
55
766
52
238
535
267
34
845
565
1318
952
344
576
105
734
384
730
24
72
723
630
305
106
112
866
624
72
403
184
254
88
204
147
144
8
302
76
198
2213
488
631
426
488
80
85
148
1035
388
155
607
89
1709
289
911
139
321
1573
136
328
178
105
826
100
1146
323
320
170
468
509
232
612
535
1152
198
121
363
1181
51
568
301
204
637
664
322
105
362
370
146
323
607
908
14
474
625
387
676
376
501
33
1695
981
30
756
478
1046
200
222
750
334
126
521
122
484
539
853
1048
408
236
101
329
156
81
1098
293
152
444
664
149
51
405
244
9
1104
138
427
1822
446
497
516
202
194
1342
76
245
505
81
77
26
3
470
430
532
36
884
744
145
343
7
1119
212
19
788
103
60
12
438
163
916
692
99
272
64
1905
116
436
736
531
804
49
875
53
333
299
205
143
959
109
1024
23
802
591
458
144
109
218
250
341
1154
228
919
1960
379
360
881
361
103
231
666
226
127
220
56
259
72
549
453
39
459
431
521
639
389
420
864
186
679
777
712
230
188
116
109
20
463
19
600
286
379
1054
288
208
435
259
49
68
845
686
3
298
1069
319
182
566
193
1066
49
146
952
98
33
871
22
294
1146
254
413
61
755
11
426
1152
929
285
149
135
269
224
1024
274
3379
1032
388
66
681
709
87
398
29
81
1252
190
212
86
501
166
1053
272
376
288
483
103
1059
115
315
143
791
289
470
418
364
135
306
1189
922
52
51
115
586
472
274
362
2101
1069
282
1215
932
229
818
35
612
246
1462
14
355
333
443
166
237
696
878
240
267
393
148
430
840
463
327
250
306
138
166
84
287
239
159
133
30
823
262
87
473
107
135
659
11
262
128
182
57
79
165
281
1405
1421
1392
425
1799
280
343
1139
525
175
106
1229
771
508
208
1136
847
945
2
788
18
342
323
613
480
96
786
122
202
308
4
106
1419
241
30
1380
1406
643
749
496
642
422
799
109
121
109
1
1074
716
351
1233
181
7
708
924
500
770
216
401
49
56
385
484
219
432
2
297
966
42
1451
20
103
54
814
21
303
209
800
141
548
345
530
560
9
172
169
575
1167
32
387
634
2617
46
76
945
691
435
374
433
86
35
338
46
1987
813
282
26
1100
49
268
724
298
390
1013
281
419
720
1177
1346
297
278
48
258
552
587
83
436
632
239
270
379
253
50
171
919
480
200
335
176
874
110
579
4
1124
83
466
1051
7
260
845
93
146
780
255
627
99
976
3
490
193
288
22
177
376
1441
16
12
1503
236
49
1704
212
32
565
43
4
366
200
464
308
440
538
165
570
613
1105
354
348
239
384
557
346
107
194
288
493
615
1171
230
62
580
895
412
474
369
3
264
1594
668
76
572
21
305
322
204
58
531
20
365
238
421
261
24
541
413
619
67
84
347
540
352
39
1397
980
60
198
321
279
3590
30
30
2008
521
28
400
106
771
386
74
212
373
144
207
547
278
545
1523
319
141
1101
335
1035
253
107
866
1075
243
462
1169
1291
85
687
255
761
407
61
59
1158
51
2171
210
76
66
195
24
1633
352
949
24
329
809
3470
289
49
1337
507
271
438
199
278
458
848
185
846
32
19
985
659
441
151
1172
1423
1034
1761
695
2005
175
1300
386
1174
454
360
538
69
421
34
222
57
2564
555
188
1249
651
53
33
327
37
1122
378
143
663
696
28
825
298
382
4
529
605
700
1791
268
43
173
55
44
552
320
144
472
382
76
91
1055
441
743
358
361
67
1029
289
145
263
1083
2070
338
88
1085
246
660
1701
286
413
1049
140
741
884
229
160
951
670
121
94
1374
263
876
73
231
702
143
160
808
45
469
232
737
506
158
481
186
583
105
1578
283
178
221
7
21
571
203
840
498
261
259
217
480
546
819
254
575
1301
490
300
569
1216
2
741
43
326
303
300
30
138
1076
299
946
738
450
670
585
23
548
198
500
419
196
388
219
464
706
440
1219
612
324
202
600
716
525
204
691
1209
375
79
623
539
132
593
113
49
41
869
1409
422
1212
1046
478
87
1161
115
331
278
415
2137
836
28
62
321
32
9
131
1808
224
27
705
276
185
200
1048
116
39
914
68
1134
887
119
154
259
58
208
316
950
145
536
436
141
29
131
640
542
149
452
114
686
100
267
148
313
374
609
118
891
890
2135
68
44
789
128
522
29
235
405
1064
572
282
513
38
182
129
817
181
440
507
610
474
743
2229
134
1143
505
511
334
8
462
560
217
836
925
186
13
111
243
249
372
335
240
430
776
440
257
2
149
63
273
297
687
1177
926
160
769
375
714
45
240
131
149
1078
422
99
412
136
9
385
378
161
650
713
408
309
7
831
449
1824
45
528
197
239
724
237
77
170
197
142
430
185
228
242
563
131
38
714
59
1077
198
59
1084
173
541
516
190
86
896
175
162
32
80
1543
137
232
421
145
144
470
1012
1063
70
717
519
329
1235
849
251
1525
157
1933
730
1712
200
98
454
1011
153
437
1300
601
1223
817
246
255
576
80
1388
412
740
160
70
222
1458
394
216
63
969
254
286
574
61
1080
826
88
442
285
382
99
94
250
156
169
73
1142
501
739
373
112
275
1222
853
327
1230
723
68
292
88
88
46
566
119
781
63
65
388
464
219
133
314
479
287
391
262
144
704
176
2109
502
365
80
197
365
182
1019
1073
1767
596
14
70
32
702
756
39
176
456
78
458
323
24
117
190
187
952
2085
52
2466
22
335
1135
692
702
846
320
41
137
704
10
152
57
740
356
300
1385
53
16
1428
308
641
296
95
317
14
1
923
749
1135
232
205
740
418
1285
927
955
674
102
42
1399
959
1056
412
331
437
761
81
267
556
182
271
260
1308
539
715
317
277
23
21
491
379
400
1085
112
50
1028
787
95
448
297
215
467
137
403
1385
2
742
477
594
7
282
46
16
830
981
361
473
111
60
488
21
637
399
606
228
54
97
39
374
148
1514
860
118
80
466
10
112
316
1218
420
85
263
415
514
139
768
1404
783
595
183
1118
1269
1243
252
267
616
774
260
375
1177
490
588
554
450
680
868
114
101
17
983
685
960
91
915
720
144
137
52
983
1395
543
778
102
32
1081
366
104
631
129
75
132
70
266
1121
772
103
214
479
121
218
352
1187
243
610
99
547
283
1303
49
637
624
579
82
41
360
426
168
483
881
1374
737
220
375
1142
758
1300
47
103
33
73
263
495
164
1766
696
107
1351
325
142
631
95
421
1220
474
52
232
122
94
749
434
147
812
160
130
326
141
228
227
82
776
372
535
226
189
861
243
268
548
69
233
999
144
819
498
1405
136
627
229
249
57
433
87
28
258
1145
827
58
39
67
272
1168
795
69
839
1572
62
354
1547
166
608
115
382
68
203
80
673
356
2697
327
247
19
386
823
1786
2
845
225
24
2081
1068
579
693
865
524
29
833
147
256
1696
18
1076
695
308
91
52
1271
403
2370
565
82
489
834
225
516
954
590
255
244
205
41
746
157
254
116
109
704
697
28
58
323
1376
623
29
46
216
692
142
86
3169
708
500
1099
1062
44
1214
513
228
800
234
342
42
1564
201
434
318
66
992
546
923
68
32
442
452
731
1027
199
840
98
76
63
417
335
338
655
246
794
920
45
74
190
1446
711
73
576
250
207
498
211
220
87
881
29
1111
704
247
655
301
208
1056
27
1866
174
1958
17
659
179
56
289
61
1892
308
432
7
165
358
5
536
352
260
499
277
114
72
876
79
280
133
1273
28
113
296
84
110
793
2017
168
1
262
58
772
629
107
173
496
318
922
85
105
445
969
470
237
1383
129
509
61
1316
37
358
506
217
33
859
564
506
115
357
236
188
1092
453
258
87
1354
379
534
418
341
1101
309
415
1340
330
1010
397
590
363
14
339
850
236
8
332
1738
36
363
1220
309
117
1068
17
411
178
369
2
998
106
213
400
93
633
722
320
704
100
605
52
288
373
778
130
124
91
321
668
101
535
1057
122
176
82
897
1335
112
217
489
481
390
850
961
979
357
161
104
233
1083
1175
236
107
294
578
130
536
54
172
431
364
110
749
587
460
405
1483
269
396
629
54
1480
230
736
437
76
935
1934
193
93
676
293
2631
226
326
223
226
459
678
1177
809
227
43
567
104
26
93
310
937
1925
121
25
65
695
195
189
787
559
1372
131
380
348
98
619
388
663
305
586
380
883
1022
1348
246
665
140
685
583
302
101
599
68
1938
177
1004
1280
553
147
50
421
370
1199
167
373
1133
270
526
116
86
215
863
230
189
109
149
1209
31
424
14
405
16
230
1021
1397
625
997
421
860
122
24
54
6
739
2699
424
352
290
241
663
1400
250
232
245
2
858
130
412
815
512
793
158
212
1119
435
458
234
238
571
407
1031
280
175
143
949
323
721
148
1321
651
1108
48
232
183
125
541
247
126
579
363
121
1581
302
105
331
1663
269
145
9
224
534
1111
203
255
100
1710
1002
324
899
182
144
1604
99
318
135
1623
240
10
967
26
76
238
600
125
72
49
99
1434
316
383
1230
1683
1586
74
1116
53
302
52
215
1178
877
110
145
1346
381
1032
508
53
433
144
298
47
94
142
70
176
138
42
170
290
143
593
145
122
405
799
290
1402
292
877
245
421
524
91
78
35
523
26
387
104
144
375
15
193
55
348
1101
522
527
476
293
147
1867
119
415
151
287
1109
204
1457
150
11
359
649
115
757
203
26
637
31
38
122
336
171
572
782
145
460
181
229
81
379
135
1360
225
904
830
427
1215
197
715
2088
192
294
1170
21
396
455
338
158
229
51
519
460
471
342
205
249
59
1194
40
471
1104
499
165
301
681
160
152
1216
13
616
996
550
98
199
83
835
1152
204
406
88
921
350
204
326
1032
196
466
84
342
365
138
548
1432
253
15
135
608
287
973
90
437
351
199
116
526
144
1552
112
658
292
11
527
1014
21
283
576
1090
898
149
71
573
558
835
236
686
4
418
460
250
1020
796
1211
396
51
31
1629
1749
1615
32
658
3
2010
429
209
176
967
957
207
574
226
686
26
219
81
767
153
137
10
1014
144
1776
338
1246
1416
261
162
461
3
24
116
11
186
1108
661
399
443
37
260
13
430
201
161
696
183
312
87
1162
970
30
403
787
101
99
389
57
2479
185
383
202
1526
20
1169
19
877
311
1282
491
380
930
434
206
33
15
1470
181
775
82
786
64
699
185
519
914
825
111
21
5
1264
1057
480
305
6
37
879
1118
990
587
58
312
1046
17
341
311
849
1130
513
407
422
362
1043
178
213
107
1043
50
68
813
640
111
222
338
567
273
4
171
2187
631
157
216
664
21
765
414
150
840
1862
1168
784
207
29
1028
779
167
21
216
401
389
1081
776
885
389
155
60
28
181
1815
220
486
2329
821
198
1328
272
152
1120
224
181
40
107
83
1557
1134
654
891
450
23
247
913
655
776
322
257
404
67
464
362
517
127
592
646
699
540
321
28
1173
538
24
553
1449
883
841
213
347
691
410
161
1513
30
748
155
220
351
79
29
1506
3952
241
91
1425
387
827
9
164
296
342
9
154
726
432
44
1769
317
1153
1086
560
1025
452
91
91
169
305
456
244
208
7
405
255
433
567
329
2
789
479
66
308
437
60
5
346
1041
407
695
394
644
290
160
1333
149
155
733
721
241
436
822
626
179
53
498
52
470
221
110
386
899
864
219
1206
84
621
120
101
27
1009
381
1
228
751
230
124
92
60
606
1218
424
445
302
66
41
149
1506
364
667
136
1202
1077
293
137
306
535
290
588
544
143
19
155
718
228
92
18
832
731
630
196
292
148
192
524
674
350
262
1677
2130
227
481
548
86
286
234
594
348
2614
6
469
123
584
6
591
371
1317
80
103
113
842
2287
307
284
66
158
306
85
86
487
952
549
992
158
361
542
240
58
693
516
29
18
931
72
1007
1215
448
680
152
701
289
51
723
1140
1150
662
193
246
44
387
81
913
46
113
504
262
1145
8
184
489
2090
1578
118
55
22
748
2269
175
132
301
287
165
763
1296
52
25
1015
188
286
1344
62
11
743
116
102
204
80
529
254
350
877
151
811
191
381
248
137
700
60
403
270
326
958
678
59
20
279
406
230
885
921
400
32
351
371
207
1638
569
673
165
65
340
791
530
151
88
159
519
43
119
118
1658
586
768
11
75
310
96
10
895
250
282
288
3
394
195
1170
295
1813
909
113
785
1342
83
36
261
162
167
1759
887
44
838
32
354
345
575
1
572
405
336
185
659
115
69
1756
88
563
2082
588
299
2310
226
1409
346
779
371
689
538
929
66
286
304
465
350
41
606
374
344
119
600
247
1760
2493
951
92
652
616
303
523
521
286
561
67
775
1290
754
147
209
337
124
177
1442
122
28
990
446
1345
779
706
1224
866
420
356
111
109
258
258
281
90
543
25
712
1171
80
413
385
388
1067
216
14
21
239
175
297
1522
23
231
106
1235
235
516
163
68
85
354
713
872
410
668
334
9
378
407
261
401
380
669
132
1652
439
97
78
556
44
746
124
3195
680
497
227
335
1825
372
43
304
444
288
19
412
1007
30
1545
125
612
283
760
558
74
97
517
122
118
712
158
34
327
471
664
33
1090
226
74
29
312
100
188
302
165
83
1
1804
841
343
478
876
1086
82
219
1947
498
416
524
405
140
830
88
274
127
482
321
1125
965
155
1093
146
314
247
1544
372
720
199
43
183
490
25
1516
39
1287
280
912
495
15
111
444
1314
110
318
55
966
1565
779
321
17
562
231
547
733
694
431
323
454
522
194
300
234
241
77
174
561
6
41
20
562
55
523
92
740
210
892
414
563
159
22
527
442
1043
27
597
429
47
286
843
190
1199
640
1033
665
367
170
89
702
400
328
477
179
1209
653
534
199
776
134
224
119
762
2
873
1053
286
882
162
648
439
797
611
407
494
91
650
224
2720
280
920
152
50
17
673
57
495
851
327
530
279
83
28
1266
1038
500
952
410
114
817
148
175
419
186
72
253
709
184
667
430
305
623
289
67
731
160
311
553
1412
458
255
3197
327
976
289
197
501
199
938
492
515
67
143
50
22
65
60
93
558
343
1256
744
227
241
218
1236
646
1103
37
12
505
55
2910
215
25
921
766
46
96
213
574
15
478
60
396
643
2206
465
17
45
556
88
101
605
226
984
451
929
565
239
878
1390
353
379
453
284
143
176
525
52
232
307
90
476
1507
329
815
160
330
379
754
221
199
928
311
252
951
25
1366
756
359
1209
31
182
1241
184
88
188
1078
77
139
107
913
130
369
944
210
30
144
737
2325
390
274
303
685
73
209
159
157
180
13
118
880
240
601
100
763
98
478
11
250
39
363
866
337
1019
156
468
245
113
496
43
141
301
228
1420
55
307
454
330
594
1158
266
1218
45
154
570
158
1288
29
363
988
340
95
45
1066
278
283
917
158
239
208
278
393
369
43
101
986
222
122
21
1827
249
232
901
291
7
7
383
1016
39
379
391
71
2015
220
18
118
464
1037
582
136
1288
44
414
41
430
293
116
415
342
954
398
219
973
791
146
525
552
957
177
387
294
47
40
23
48
333
356
476
3
232
104
379
487
708
363
688
60
440
79
90
33
160
774
320
109
988
2366
2548
174
118
1688
1068
326
611
347
122
304
800
239
18
1482
56
821
714
1112
324
330
433
17
401
200
299
1462
74
1356
507
181
24
156
305
484
628
56
366
152
185
16
1268
1477
203
242
283
69
434
244
994
117
486
61
3
521
527
251
94
531
124
636
1239
842
2108
359
1012
59
141
303
504
606
520
126
1242
261
50
730
15
105
614
362
728
1672
1016
191
812
143
155
60
33
678
295
1205
323
470
9
317
1634
452
367
200
826
270
