699
3592
10733
12697
2138
23595
35551
37058
11003
26425
7617
9240
31042
14570
6084
27720
55902
26907
7712
13533
40153
57060
11570
39770
15809
4346
27814
522
4779
11298
6726
2490
13805
76391
48132
23998
10116
16018
1480
119838
9753
6165
43315
15309
15494
9164
3037
31822
48553
34241
2243
32828
19656
5621
3498
42822
3149
13183
109065
29809
11368
51057
28156
52329
30801
2877
21778
21842
11916
44545
36188
28301
11746
2647
8
19744
30064
40494
12901
8129
29775
44490
4586
16489
470
12358
8496
20032
5883
1902
538
4706
2462
12918
30684
38699
39682
350
1557
8998
9053
50324
59334
8751
2387
5433
6766
4517
11517
2915
22350
4257
19309
14101
89989
30919
43872
8756
16119
63488
8608
23060
18229
15336
19961
15897
16814
56091
12357
48971
19465
10370
16918
354
38963
21090
1342
13022
25916
78372
20122
34452
2157
18532
34732
35439
4495
27876
22860
6243
69641
4567
34529
25242
38244
25185
7324
21913
15522
12471
15754
5450
25086
47007
8527
38211
22336
21149
19787
13149
9937
62111
22082
18173
62250
25526
14003
5299
17391
9393
44385
14167
13758
21963
16528
33384
6495
27688
70643
5987
7510
66564
23046
17383
25075
70486
5148
49552
2853
12489
20733
5684
7151
10505
13885
70808
205
17986
4442
33914
107999
11505
14419
39364
9912
1103
19708
13015
10439
6274
5302
20394
14235
66725
24309
5117
28599
483
13382
34528
8951
24360
38580
7369
13683
4447
12623
9749
39152
11900
9152
24556
16306
871
23140
13261
21250
18611
15083
12246
81090
99835
6160
30475
6677
19078
24174
4631
6863
19383
1100
17073
11271
22865
8019
21563
3814
15738
27369
12911
63229
6267
8246
29674
2055
49753
21251
14112
6476
6787
31309
8024
35846
80798
11118
26207
6556
20432
58637
26114
17167
16090
1590
18032
17161
35513
7606
1451
19423
484
22583
67697
5477
2621
960
34368
7385
18574
128036
14096
3834
54317
70922
14742
486
53050
9287
20740
23206
877
1113
2491
1647
15061
19897
63527
9819
28994
1406
23617
12955
12358
27369
6577
13446
11740
2829
33427
7202
5606
9576
32880
33426
15808
3186
6278
13232
6416
21281
15328
1155
3211
60155
10893
24881
4106
5957
7769
4710
29544
25459
5775
28904
28376
4915
23743
9235
2866
10862
69716
1617
22605
15544
22166
109320
66990
2284
4155
1151
18917
6986
12010
33279
1295
33809
42398
8956
4373
7041
21896
3880
12499
3567
62647
2193
50188
12731
12819
1713
14873
10458
35307
41284
660
9806
2319
49004
26013
7311
9101
3637
24957
31560
1350
14542
12168
23205
94096
73190
18725
26074
12356
1298
14468
26955
43859
2150
23868
1754
61314
3012
6091
24927
8698
4106
20964
72245
48170
28347
35392
5422
50327
79532
27817
7985
20274
2344
2972
15157
156799
29702
66140
3471
25986
26289
53885
4163
32585
65933
44708
4132
5880
433
6131
52193
26314
30701
44064
15927
4545
91547
25216
898
21225
14505
8880
2141
8773
8595
50791
1407
11586
6711
61616
27948
22207
16175
22717
10092
118721
51833
111725
14442
42744
3361
2389
53080
25508
7000
36153
877
6642
51909
16017
4095
10979
18075
21252
10038
1606
56236
34623
36861
34756
4842
38148
8000
84790
87798
34144
33015
3781
29784
5902
19202
20708
82818
26828
6913
31769
5503
24568
1297
37443
12137
408
14203
13532
4302
21346
75239
3169
12063
3961
3898
2303
23447
41238
2816
32901
7778
42302
1033
9433
32817
24879
23914
27285
23503
7685
22629
125005
26854
19650
15635
22754
4931
4064
19840
11336
51326
33667
12663
76261
2742
57162
18284
17491
28635
3869
5946
7943
6687
36497
43800
31611
18027
22153
20188
3825
1552
1782
306
36629
3508
14996
11538
19325
21286
8186
4653
6670
792
73
15262
21832
3529
33974
5244
15224
22
7443
2665
15795
56425
17042
34359
3032
860
45165
6433
43541
30058
6043
56721
1456
5202
21236
2968
22534
26493
6220
14918
18559
26379
34095
6560
3930
12328
32127
5145
10181
19137
23521
6811
9740
5452
64177
20761
41061
69429
1528
49683
83661
35870
7711
649
16985
27346
4243
14279
4106
1747
9150
38890
4718
18251
2511
11190
24781
2237
17251
4640
33932
53755
11701
92563
18173
11830
3472
5324
4016
13479
10995
13661
12254
2158
8715
31096
9486
59493
26953
40333
19435
4306
128589
1330
13495
11420
3439
37956
23829
173
5941
1883
30143
482
39063
60432
27422
25438
37055
43035
7754
5693
748
1641
5924
26611
26390
4780
26852
93759
12426
57785
49805
6336
1390
24230
4389
8845
113311
8043
4157
19211
24762
37797
24452
8504
8829
48030
15091
2368
19781
76091
83339
70964
3301
24514
13812
49415
14221
43966
7309
22097
4062
16191
2494
19675
3319
20077
22443
26212
18656
8938
54796
10798
1854
34260
18769
5940
25307
73214
37134
17789
49976
834
15109
1981
19468
16090
6988
27895
32
4051
28549
12791
13112
1616
14022
39821
84953
10555
45591
2793
24939
90548
8554
2469
9046
21451
29432
33466
19729
5060
8017
103209
25905
23586
14626
65280
9866
21929
18597
44533
23215
72291
4117
38677
38654
29929
15152
7785
11628
28746
13679
3755
57324
8844
24875
7515
12344
15133
6544
19610
16951
32608
3508
5894
763
26411
20710
21396
98624
3318
28595
9229
1439
9194
1336
27982
29669
15599
27462
23726
1559
26563
61322
8479
2217
8829
18349
17531
20870
6917
2716
249
86755
18871
41228
1810
38186
5391
2306
46138
4550
50796
9062
77387
22048
19413
487
4915
5384
37750
15731
57180
11365
48770
33231
62676
560
2570
8626
11063
53481
2624
11992
38645
7132
1019
11806
22117
2148
22543
6641
7983
6923
41494
9238
6329
32442
22042
39603
6171
12144
29018
5720
5533
37192
6908
8993
20122
9604
124467
30617
14072
12500
78262
21249
24980
17405
3074
28941
20662
16086
8038
4869
52112
34369
7521
25232
8234
41162
25868
22933
20235
25246
12709
73449
19119
5222
64402
52767
74882
4369
11023
13683
11528
24974
20296
30275
23247
10035
37811
14113
37527
63361
1074
6444
435
8056
14806
5213
25615
20000
15610
8194
11632
15070
14711
9913
7463
62462
48991
18127
1093
27639
2888
22471
42818
1066
8206
20570
14683
34606
12794
36747
24763
41883
4372
19853
7977
80538
8536
19377
4298
2097
21400
44701
3366
2231
15847
2312
212
16406
29057
34632
60058
18561
15744
6836
16239
11090
4638
19863
52428
44019
16649
37393
17890
57146
8579
26267
42310
23191
19676
76067
14392
8574
7744
5732
31105
5340
15944
20106
1149
33924
26098
20119
36058
10700
16774
68949
25371
3681
10989
23092
8825
3732
2638
22523
25479
2561
21140
5328
3304
8951
6370
31311
29625
33636
23914
34778
40218
21150
13872
7771
48183
7910
7895
4884
3396
324
7471
27887
16991
15218
20766
7888
9398
44113
2255
49778
48583
5823
59729
1858
1179
30403
43148
21715
16905
16242
59701
28194
12339
1720
11861
15615
90
10004
20441
3364
34916
517
5097
8533
8941
31316
25058
27596
21724
4281
1468
28912
11911
27729
195
24223
14587
42666
36341
12111
1378
20132
77981
16584
4246
2217
23811
643
9487
254
3087
32607
37803
194
76427
5131
9245
2647
11297
6967
18078
2873
671
51332
43229
5985
18241
41394
223
31579
32162
14443
39922
19408
14356
101773
13070
7238
22875
60893
14876
8639
13499
1428
14356
10342
15750
2409
9061
21747
13542
12690
14207
3463
16294
41483
27616
17850
15543
32973
10256
33756
9157
3033
46900
39746
4849
35296
46338
49248
22435
20354
443
5868
26338
22419
3060
5323
43493
11476
11512
19024
437
7486
3946
936
17544
29222
5269
8297
4200
255
8191
29419
5098
7797
11383
11516
3164
36715
7724
41228
13714
96328
7461
19109
8183
147358
52574
8139
3751
19006
16341
3066
36302
39072
65581
20824
16683
1063
1880
490
4051
18933
3487
27974
693
19742
5376
105
10241
3658
29859
3805
15527
11482
33516
10030
41182
14541
17935
21696
8594
7275
11384
17155
40753
7478
9806
8386
40010
61950
28076
2874
5510
7244
3120
82069
20211
1115
4569
8720
9073
21285
13628
7143
79936
13547
61414
51239
94492
20586
12318
26507
43975
20832
18293
39333
49737
15821
11899
6010
27158
25940
6916
4784
18935
4246
5294
25458
10426
29080
567
19562
30634
5356
15470
38271
32194
9713
27797
15947
34555
21604
23114
26278
42517
20540
26329
15612
21023
7926
8253
32863
26604
32659
2161
30458
44915
48346
3546
2953
464
13269
19794
13360
24070
55996
2119
1593
14776
47843
2095
44956
2461
17381
7852
2286
44922
884
30972
6791
7007
11290
8318
6652
53945
12463
23411
7267
23928
2859
13591
22528
766
5181
16650
21506
4580
34925
6905
36602
7044
61068
3106
3150
8151
27749
730
83988
15790
4399
21905
42372
20147
17299
10868
7052
21780
12881
37959
86071
14476
15638
12437
8710
7553
62771
61927
52575
27692
27058
43322
21751
1474
6935
17942
21663
4043
5042
16056
10590
6078
21943
8250
22934
25611
1770
31808
4283
2980
31244
18577
21810
2630
386
3561
73115
6449
43888
20359
61215
1360
65055
50591
30115
9887
21225
8329
30657
1003
27932
87623
24558
1056
663
44441
25026
6843
2118
6115
10418
30684
11594
27510
21232
13539
14957
46179
7708
9565
12079
3048
12476
37791
12442
24701
5526
19762
36360
7295
37586
37437
51409
14372
10604
23525
1956
57937
19834
24432
109162
57215
4827
6517
35211
48628
22213
19339
59534
40159
15859
7053
13207
31601
9679
1686
59611
6550
28389
27938
19974
22494
75161
20405
20944
18633
24909
72339
32191
2230
19059
3673
1774
5859
26443
44734
21735
7321
15861
1050
5661
5916
4102
58850
4498
1464
7473
28808
5513
8536
11248
366
9592
38880
14428
3591
25171
17
28784
79434
28254
23619
6619
84067
20144
32513
91846
26471
1761
13661
8249
76859
12225
3867
19225
25927
35310
33915
4578
4377
30043
9161
2955
15802
9736
425
41857
4711
8764
3989
11698
5706
8182
3327
906
58235
5350
1271
68610
5414
1564
52843
3195
24323
6265
25880
14470
37677
22114
7782
17559
5675
41064
3961
41711
14573
1229
8303
43069
5375
79497
22307
1165
27037
13178
13076
734
12624
18692
22811
98559
36919
14028
14377
16422
25905
6245
74276
212
11681
4102
24985
2723
5072
9938
44446
6637
6784
39515
33540
53481
2118
70994
717
600
1940
11685
6272
34972
5120
34562
18594
32428
38567
3424
15842
7001
6524
219
51082
4306
2125
26937
17574
6787
6041
1070
253
76403
42676
875
5033
8157
7431
9809
8110
11402
5961
33406
20759
28533
44076
15656
9562
10791
17461
39490
10668
915
31854
13409
31301
20155
71414
4892
52162
19451
36722
33214
16988
9505
14266
5056
45977
43558
12030
10336
11800
4933
10207
31099
31297
103542
14382
57293
2345
9525
768
9746
10212
26031
21059
6847
3623
16425
17273
3211
30184
16713
25070
18413
6128
13285
7541
4637
42087
23306
498
466
6650
36340
7829
4230
6328
13551
28195
18238
474
94684
23906
19336
5122
1725
29321
36537
24991
12478
11515
776
29144
6833
5474
41518
72385
28818
19896
18245
4892
6756
49170
11867
16562
19497
43704
25551
9825
292
7189
12697
12394
10676
48961
53331
42407
17722
23366
21136
24175
7513
89757
1419
20714
1640
6845
8542
11724
34049
33544
9094
11869
14045
3774
5922
2466
3393
29068
5466
7754
2937
5358
3269
10759
1716
111422
3
41300
53557
38721
113
14582
19517
8545
1594
23614
13621
8513
33
64635
78871
22954
28999
1153
22371
5395
1940
7103
11733
25524
2688
1343
2803
1108
26755
1514
23582
35677
1778
21173
5677
3793
11523
12877
96090
55993
8571
47468
4707
10811
12391
21540
9832
26915
47027
19210
16779
18553
10629
23462
2137
13201
6931
5615
6013
1600
6
9258
15158
14705
26571
1
11455
22593
25292
916
36333
3168
18086
21650
12584
54585
4412
1986
3414
6862
8152
9825
10100
7493
6325
1937
9791
12304
40811
12365
5016
2214
23634
8208
4005
5597
34204
43615
6401
5774
17974
3735
37865
5926
17559
10610
6473
9244
41366
49435
81580
75194
27613
23615
15830
496
16875
1274
476
9954
40697
28758
34254
1485
15265
9440
9174
89391
623
12326
29730
561
25
12143
4626
1112
13066
17718
20057
928
20025
132886
37695
14495
6840
46149
1518
11703
3704
24443
25493
32784
15357
5376
17879
1358
7189
5564
69
53517
24313
11414
24012
5720
9717
24406
11949
21590
41770
25598
11655
22990
42356
81919
9921
40039
22740
17860
8551
1184
22924
8913
10743
62303
11645
25308
3672
11285
36734
10967
18704
8652
42840
27375
889
6602
6479
52034
34319
45472
43106
12586
123244
2702
31596
6163
69820
1866
46122
5438
3714
34988
2567
13158
22778
4286
23187
4810
4196
5542
6596
40889
8333
3657
28428
10944
867
8437
8912
7467
44722
13877
33346
28271
15520
8649
7040
17612
13284
20819
1876
3143
73943
26424
24118
76782
1595
156
27339
7616
255
16326
42031
3234
1975
7994
22736
18347
3299
26179
2778
27164
32909
1267
1494
14151
990
7729
24043
14585
11601
1764
16138
4117
7499
2474
4199
15255
22878
9651
31715
8853
4214
13288
3672
40147
22052
54568
14044
28927
2023
10434
4119
40463
9159
15235
9583
3484
7203
1200
6341
20897
2394
17673
16001
27751
47213
5482
10693
29269
3061
23452
27966
19020
69633
2974
28080
2233
51082
11922
16506
596
97465
33569
9022
23029
29993
61180
13645
36245
40359
25417
5151
11241
39843
15745
13636
3862
52032
21076
12437
11460
1297
1954
35822
6835
61323
4623
23485
29874
11193
12110
44127
9041
37424
34992
16554
9938
27152
7776
21182
8903
467
6545
14938
29171
15110
1816
18074
1448
593
86969
11348
14367
29152
17394
11958
4423
1465
18435
14386
50638
28949
7879
453
23307
25616
1169
37514
10976
13548
653
12780
3531
16277
106047
7450
116205
11906
29700
28160
13202
37208
17395
80266
29142
33144
530
24367
4922
5547
30937
51479
13932
24534
16053
32786
80252
29190
3963
18880
8369
16095
327
12422
3399
13773
19405
43227
2761
10515
59298
6614
34710
5230
38087
20406
47750
59446
81835
13097
54582
13267
12938
29776
866
15743
76775
70862
3160
263
2832
6649
4007
3685
82052
2348
10064
24518
21610
13797
87902
19657
1977
17808
20274
7185
4407
39529
48319
5696
30940
15182
12493
538
7642
932
23550
12350
6949
15779
7649
25322
30434
12138
39744
99202
39125
10970
7500
10605
14136
56072
101755
8265
78598
7334
41890
12589
3406
9353
884
270
63765
20526
22958
45255
20268
3234
10202
11036
2816
18040
6588
18645
3624
25197
18096
22347
8440
49924
20639
19544
20659
20590
24825
16586
9514
9327
7151
31404
3339
2646
25213
22609
4446
21703
18317
1442
9143
6449
42533
7020
32477
671
14181
11151
3766
15436
12191
17303
27255
11513
32034
17346
20166
8321
20545
4194
4193
20608
42791
7283
27941
3381
1535
20402
9484
38133
5159
9190
4071
42836
8484
26243
4374
2297
7667
35511
29197
201
4452
26281
20906
701
46708
28419
9986
3139
774
241
24340
12948
17646
7892
15449
6516
83053
30107
18970
26416
68450
14391
63018
5994
26944
34731
66999
30712
18464
39404
18790
926
16117
57476
23554
8637
19169
9637
52492
7426
10384
11910
39448
68626
43846
7427
46176
3790
12558
14049
16956
9809
4002
31976
6903
30618
5732
15153
2001
21535
26981
5723
14476
4746
15953
4492
106667
11954
31602
1981
17858
10791
18207
1753
7620
20698
2350
29493
18760
32048
7564
6640
4622
4532
17670
8157
12151
31720
5689
43648
3425
6903
8982
29209
5937
29793
38772
10026
3011
4805
6547
19489
19773
2853
7932
1343
37799
308
16374
895
18175
12235
5492
16698
25663
11635
11498
41227
16848
3408
16434
22302
8895
1778
23245
15420
4380
22575
21261
9096
32088
8383
12975
33305
20392
7412
56348
6792
6144
72667
7809
36936
14178
8961
73312
14959
38708
1892
3173
10172
29382
9516
28749
11417
6346
871
1439
21872
13290
31618
394
11315
23779
17204
13860
16088
20268
26731
9252
19849
10983
18767
359
17146
8100
1612
44382
5022
7957
21131
99870
22389
2546
10193
5494
64855
3408
25364
2408
83933
29016
18400
706
18376
22863
6903
21210
89088
5199
7656
491
1049
6483
25263
1596
9009
15244
15848
14742
6541
48578
20100
19883
22950
17859
108920
29182
21486
39580
58376
14233
2617
53578
6232
16808
5710
36112
3864
143252
21713
23592
73698
14346
28747
28792
16372
8238
36556
24520
5587
1545
58972
38973
3595
4440
21476
16209
2206
60122
43457
19312
14295
54120
2723
46107
21879
11469
7635
8573
52586
15289
48911
1799
16204
56746
318
10417
40740
19046
43036
5170
6617
19252
31281
7297
35759
4719
8207
3444
19215
12620
16067
50805
1104
31720
8842
1567
7460
33814
14013
38375
7567
35985
4785
921
9442
10908
84080
55594
32214
32431
29958
3507
14001
43024
40435
34334
22875
5295
21588
3572
3056
17488
23942
19375
3668
11729
5158
3953
3842
5548
77337
16846
7182
24272
37865
7876
10998
104376
58092
6037
22979
24627
11601
13294
30376
276
26394
67531
25992
3659
8637
57763
66359
25391
11181
21124
8186
4126
32742
21746
32067
22127
44878
19890
23030
2361
10443
11618
11322
81301
17048
19226
28326
20759
7221
49846
289
39142
13367
38086
11156
8859
13854
11889
3716
5923
15704
10195
19557
22041
11854
13150
6048
15893
7299
12786
1718
1339
57766
11316
21023
18633
32732
23859
11264
16008
33135
1613
77254
2184
8444
18683
3384
13781
45489
3048
7749
2564
19149
18017
15434
1309
373
32859
8330
4669
6478
21385
19067
63832
62601
4905
7910
6364
28694
13962
21856
104410
4148
457
68333
8486
5899
62190
31480
86351
19560
15809
37046
27203
11743
7855
3220
13473
22132
9306
54161
1836
20726
15056
10165
31902
52425
9002
6049
18871
10589
41293
877
35356
23018
8115
3036
39900
2660
17067
21988
5585
30013
27667
798
39401
48200
62749
32999
62357
6630
3786
14915
14183
3612
2548
26523
43553
785
8061
16362
7079
1421
27947
14146
6089
28609
6171
3342
22799
5219
4879
19992
16491
25828
11193
92
9047
22683
8379
16989
52681
29028
79039
400
5317
12120
10862
2595
56503
4026
55715
3860
2912
212
25911
14616
20736
41800
7041
3518
9867
29462
46722
30987
63836
20135
16187
22800
36624
35032
45599
4568
5816
4800
56209
6380
13089
29040
5174
1785
21236
22719
6756
913
1615
26384
64961
26160
24593
13583
37333
21135
20197
13088
7948
33297
5343
49508
100129
20439
18114
10291
42441
18776
5143
10341
13090
4536
47379
21475
8293
1202
9036
18054
16814
37879
55674
45786
1322
44020
6150
27379
100579
25793
15362
26880
25266
25135
2741
15221
35733
30215
21662
3664
12172
18158
10007
40412
2721
49187
16782
31041
17221
15742
23881
3408
26834
26451
1299
3949
30657
1336
4164
23296
322
104
223
78544
92330
7903
3030
9647
2158
32451
352
38131
632
60554
15717
1433
14226
114
73521
27401
2751
31956
15285
2994
91527
44167
3457
40353
9286
6004
10386
34382
46409
21839
15317
11613
14557
42754
8473
36367
19502
4631
69253
26064
16177
28772
75197
9240
1394
4889
9477
13758
32862
12681
2528
6545
19078
5628
5893
15016
143727
33712
17848
17023
48868
49021
11139
11738
23363
23213
19874
3305
15128
9942
17941
65385
22928
15789
24796
17936
12988
12420
18733
615
25743
928
17096
19999
32270
4312
7341
8031
15586
51987
27425
14443
12401
8351
5365
562
35653
31073
8464
29337
28556
10589
32335
85254
17759
5978
24415
8096
32072
23760
42695
42773
3048
21666
70848
48529
5153
15306
5333
29732
93282
4583
3720
13449
28455
2219
12284
2680
29478
9285
58984
882
66075
8004
32499
3792
16876
36048
45720
25427
52596
723
9817
22619
11031
15714
28816
19294
17151
148
9819
1147
15657
46309
17804
27439
7516
13807
48248
5301
20277
36786
30306
5180
16130
2322
2961
27325
11383
6363
6242
59215
649
3738
4544
36591
38993
14058
14035
15031
9105
2107
1091
21358
10768
80181
52730
24460
29997
15372
18520
23819
34875
22833
10072
14213
22292
23228
3407
15265
3888
11059
5628
19009
63065
8704
781
7656
18926
48081
48312
11657
881
41436
9386
20761
11524
64407
5282
13465
2772
17995
29888
11526
11925
8501
50210
24564
20406
1819
7869
2142
1873
73983
14287
16238
20326
2319
2204
8809
3046
19857
27696
43957
12095
6504
23824
6847
35736
39212
368
10402
10033
1621
3357
11665
54362
7495
3907
69109
31225
23974
19879
22509
44728
50291
27683
18091
48914
20331
77358
30572
52889
13460
31505
37140
21224
16196
9095
40792
9100
4790
17692
19617
5174
2797
5196
2372
30936
14373
9801
15086
77905
20362
5266
7804
32756
32951
15161
1770
15532
13951
98279
4688
12438
87026
36296
2670
128311
3162
2272
5900
3635
20079
24312
12748
58188
20511
2187
35846
5833
1909
24883
345
3250
30068
38698
14905
32745
12240
484
955
17850
20259
22122
8660
10641
19731
1144
3338
5390
1494
25443
1412
19337
10555
9892
12575
90786
36848
3021
33013
11518
497
73801
4590
13235
9688
457
233
20643
29998
4668
56563
7216
3381
46940
20823
44341
23971
30777
7277
6078
14953
32465
6772
14769
4641
5615
23387
24843
10372
27160
5505
12358
10977
240
23510
46665
6928
40182
29906
14400
11213
5896
6056
12124
27400
27196
29462
38126
1104
23531
24466
54133
4845
13973
3785
13428
37564
20165
5264
121668
44798
13264
15819
40628
1549
6478
9384
8524
3259
19245
9632
31012
50904
53835
7427
27096
24597
21453
50640
23845
10201
30733
2785
49597
33708
11356
9951
43678
17757
66833
1560
27685
8374
27996
16588
13841
5034
33164
25906
1506
53561
192
14246
45412
5839
18671
59686
19152
40492
15800
37119
8419
6349
27310
14225
30701
32813
8578
20960
127
47319
25788
57321
3069
2007
20893
14539
41835
1360
5778
10022
7213
16125
16116
91299
11190
85797
18569
12388
7545
10191
15803
5739
10659
8044
7869
11073
4473
116293
8118
40380
4897
17526
24441
93281
28034
18699
4882
4799
22594
5634
24516
89364
19028
2266
43109
10020
14657
51353
6661
21777
644
65633
6810
25098
47646
1108
5629
7430
17754
21642
4818
4155
15343
441
11788
3666
13255
62262
28491
7643
21565
2212
29621
56241
27502
3183
2205
9110
14690
1535
42598
390
17718
5636
13028
15553
15418
32544
7733
1032
15728
3225
24082
23201
10163
8903
5416
46419
18190
1074
8931
44424
48096
18163
14988
28886
816
20813
28290
6933
14054
27322
25521
15176
16007
94867
3714
23715
962
8554
26407
5143
7396
63472
25945
52837
1395
784
9016
12737
14532
9247
17391
18924
25472
124237
38593
326
44760
3668
10793
1020
9557
9011
38736
2346
27123
4309
63926
6005
5432
79487
5153
497
58555
6239
53063
29255
36207
43915
8154
2843
18593
8705
8068
3635
3974
18887
69182
27148
22481
14310
27854
11750
4777
972
28412
23247
39942
1911
2632
43082
5297
14661
110653
18513
1244
21236
1131
3779
28041
27285
108660
8004
5411
28497
11159
7438
2529
9654
37958
41023
60046
24834
17032
7703
5250
7992
68816
26175
32103
27058
88947
18935
8498
95894
12468
2588
30454
23414
27925
7900
7193
1890
97283
48069
14406
218
22570
5069
6777
42274
7451
14799
4795
12790
1148
10047
4540
4723
33480
82075
8547
487
42908
31961
6968
2459
21060
35606
2248
562
322
15324
13687
9210
9021
5392
4167
44186
2917
13586
37492
15299
10005
78691
21891
9623
4959
14520
26306
20467
16367
45012
9153
15926
16233
49666
5626
17581
31789
3496
16521
1188
21961
606
37557
15773
28974
12945
17197
28403
36712
624
11200
12071
11736
53076
13799
25440
36692
5932
7302
36099
12254
11215
4170
4163
5507
13967
2321
7467
12185
38153
19614
9535
1122
16492
379
7793
19185
56799
31604
17025
9681
33088
65329
76069
1155
3551
120838
9238
33257
21516
2058
6889
14042
12288
1787
3565
22681
19580
6034
27494
19816
53353
18943
18611
22173
8202
12195
38535
21690
4393
8639
7884
16657
17804
12122
1015
16044
27182
5082
33910
24898
7177
51462
64
27428
47497
61493
47424
35488
12462
5139
10370
39606
21345
6718
13776
3886
393
12751
1479
7634
3282
49141
13606
20849
1872
2125
32630
10639
103027
29880
43799
35372
44932
16291
3184
27713
9285
19856
1092
20092
58143
6403
1960
14809
9793
4540
7570
22988
38038
9949
17790
43595
7745
4075
52469
3857
3616
2765
3223
2348
23743
11001
36646
24463
16697
6272
12644
1742
56835
26119
7975
16246
72148
8844
30579
1125
50810
15782
976
4660
23816
2898
11287
44579
49096
18366
5179
940
72566
56458
718
35465
8937
15711
2541
4593
21098
2412
46623
23247
57806
22340
11831
77324
48698
13293
21970
65489
2309
50731
13323
13171
28546
51643
3091
35913
2891
5999
37557
14170
13966
37454
1419
2803
39110
5406
683
8139
22564
61191
8908
17875
8751
26911
18
28675
8703
36433
10771
1868
16145
12748
6747
12261
6861
5239
5928
1105
1078
16288
8650
3306
11646
49011
1397
1920
566
13093
7395
16118
4428
77096
17479
25346
2342
9492
3052
5092
23970
14882
33821
4249
2748
67687
8027
2392
53045
37350
40676
28886
9220
6583
5966
88066
9611
25497
51963
1768
10053
2889
11947
28449
22786
77353
99760
12473
8719
4191
5103
4190
235
40388
23697
588
11692
33232
8157
1570
4835
8424
3686
46340
23193
3773
7293
20732
18142
8338
2377
73
9994
24645
6773
6730
114872
20036
33
29184
4130
36004
8084
10208
6502
37907
65150
51359
3133
20052
16683
3683
13594
22839
14357
22826
17075
14470
1627
4643
19624
18638
1685
50206
3185
456
42893
32201
23594
9899
10496
10920
6350
15503
8582
9242
2041
10429
46382
3137
795
9475
4766
34218
4371
18938
27231
4215
9266
21671
11019
13690
21543
19802
10637
25470
9680
76052
11055
39144
8597
17860
82
689
12248
29612
29149
71509
31547
76358
17128
22328
11079
1679
13809
41792
4051
5699
21792
63016
66750
17359
17055
81302
6608
14075
6786
38594
21119
2752
9962
9590
65429
52642
830
12308
19639
18324
35731
47124
547
12908
9094
47005
5586
81051
20733
5597
4839
2709
3386
14784
13260
4274
1111
5370
35888
8771
864
29756
950
16143
8376
24105
3561
70092
4518
3676
44962
10099
21198
4465
2832
1738
2803
14250
16878
1260
4883
10358
1893
34477
21760
17002
39108
67021
7836
229
4966
13459
71747
5533
64360
128669
3919
2427
3027
12215
3199
51913
6156
12685
2417
5230
3738
18956
44019
4380
55413
17174
64716
4618
15303
116507
19357
4843
436
81662
46555
2623
57971
29516
19045
7559
14572
11690
56074
17343
2462
22869
68108
6624
21059
6152
41716
55545
33148
4736
863
25933
28980
12509
64084
1171
35863
19573
12848
8933
4941
4818
62058
5128
12161
16441
26347
7901
19351
16523
29068
9639
31990
9486
12202
11114
6390
3709
4680
57149
4477
11905
25037
5958
14609
3971
14621
14821
21431
4679
3081
1478
26926
3450
8562
4996
5895
18165
15461
8605
13358
28284
6415
48023
30293
48466
42322
8304
5063
1087
11388
7869
12904
12612
26196
7994
47476
18720
14444
35410
8041
24957
6185
19579
11479
10318
53261
54226
50763
1331
5857
13334
18923
16958
21843
12859
20062
9699
3766
10862
6365
31047
4471
39053
37936
27124
22231
31100
156593
2083
81206
17278
10946
95188
17214
23908
4664
68215
10575
5417
7251
21292
14428
251
10111
7010
51112
52229
48380
4559
4582
6130
40305
56700
23000
837
86046
15649
525
19781
16369
21732
26342
38667
40737
8351
15550
19206
22703
1687
17149
2383
3734
3784
12016
32918
2171
2480
3620
31742
21213
8041
407
36600
15533
27342
16286
6134
7197
86219
16577
71570
7039
5309
8552
52528
15588
15353
47286
59888
83485
32604
33033
284
25355
5207
19419
12304
8723
23162
23939
12702
5489
2990
16788
1694
5069
2771
3836
7791
30538
8111
72291
28966
40190
18532
3794
14345
31676
12652
21219
29626
6589
3146
1306
7040
20536
35160
3239
5629
42050
13754
1186
15852
37062
54990
6191
56904
90898
6815
12139
11519
6324
15213
41248
33563
11024
11179
50689
27022
52453
111658
37223
11672
43906
5044
966
5273
40350
4050
26262
18355
62302
5000
45996
25392
12381
3565
3308
36749
22582
25527
9974
24603
64979
3851
20062
49503
14500
28426
7207
17154
2572
25822
20486
13754
15263
200
20378
19872
29377
6877
45158
1808
15849
42870
13855
10190
15280
37625
117
15489
44665
7997
70578
5596
111642
10812
20283
1672
25838
14856
5127
2741
6815
4458
21493
10623
20312
37661
27581
20890
1051
1580
11060
677
11282
28365
35264
3241
480
35402
5185
8701
16038
183
11033
9924
83439
26972
22801
21061
57547
17153
242
6820
7229
10212
20271
56965
44665
6947
21879
26758
6956
9475
14390
7163
43790
17911
6949
21283
55113
26897
7255
19247
7199
112725
7056
2706
17318
11067
13881
5648
16422
15157
86544
1854
657
4989
19173
71258
36613
42301
49668
17695
17585
789
2932
3014
1477
10849
39812
11788
5109
11633
1
8956
3245
43141
10142
7062
9037
15258
31275
1749
2066
13604
84807
42188
26209
20444
2772
39233
30348
3839
45463
26979
14119
15895
14091
24871
17868
8439
25448
17183
13112
11066
47483
3791
3083
5370
14500
21613
59723
20106
32800
68424
42064
3119
15520
27446
31620
30005
5053
19812
33846
5328
29471
54686
11252
21421
2812
46263
40152
45515
18893
12471
3057
10284
4104
47601
2571
56461
1341
371
43403
18005
41709
10642
20495
41705
32497
9351
12783
11821
18091
42001
7673
19434
9508
7280
205
26846
11331
5507
3680
18485
8754
23330
6142
10575
26924
40003
7088
27383
8034
899
21149
15901
50208
10329
4920
3041
21731
9220
8814
10871
18046
38249
23842
8109
44721
2249
8485
23992
13119
11006
9899
12078
36427
33584
25986
46528
734
102
53737
6569
40495
50884
15512
4041
11279
16140
53675
16318
10703
20870
4803
9699
31645
12682
10940
2602
2391
71993
55646
25509
32165
21190
328
1445
19198
25617
68107
11229
25480
10814
43740
4660
43255
5008
8234
5646
613
4672
7264
28487
16264
9725
10563
9222
30533
14552
3137
5167
35427
3782
11110
3985
9986
24151
78458
10959
22859
22630
13059
3050
20114
20537
58219
8620
17359
1142
11156
1566
257
19500
21733
37017
59561
40796
2320
4703
46056
30632
4647
13573
28262
5147
8429
34633
21214
5446
13494
5919
41073
45929
12244
34714
7499
37309
229
5483
24412
1222
44487
6278
1991
17587
29239
18151
7190
29524
29851
27160
37678
28736
13627
22983
10926
7324
24481
3471
5798
14068
21427
5736
24087
44310
2508
32191
46300
53352
40601
5654
24327
16831
29157
18496
16482
11523
2596
37906
16004
80741
46131
16398
10758
15446
27792
36492
21889
17418
16770
27996
12847
46817
33829
14642
2693
113853
9399
2628
44910
12962
36524
33589
3561
25665
17200
3371
56831
4586
23096
958
1026
29195
14681
25268
24292
6271
33481
51304
37808
853
19502
1560
3131
6078
25867
23837
28815
3153
33799
55324
28580
5877
15411
6
477
579
1282
1276
959
531
430
2000
1272
436
496
2222
536
689
687
805
813
1345
1410
2806
4665
2944
16
3195
404
1030
73
1234
1078
3552
716
5
784
1637
1038
398
63
2054
727
2366
774
4298
40
2528
1546
741
250
1710
1005
2632
1809
359
2428
602
1037
258
2766
2237
646
3642
2947
1061
1894
1082
1288
1480
939
6431
285
6716
769
1757
1180
5126
359
1132
739
1581
1590
10
2103
386
513
937
2124
3349
4297
1246
2171
59
3590
813
823
402
720
411
682
4554
853
2321
3185
798
364
2920
917
1751
659
2551
566
680
1940
1199
2348
1036
92
495
6488
4510
3586
2640
2621
1291
6150
140
3532
3319
2883
563
2996
2649
2499
946
255
580
1360
4087
430
4214
220
3933
704
25
11227
2071
1436
769
1076
2021
151
370
1003
3187
1162
962
535
3082
2414
2038
5123
808
2767
1646
5
243
308
554
87
860
1391
412
3487
403
519
580
97
3218
561
21
4174
2356
1554
1219
608
574
2235
32
1621
380
2002
1735
1261
1481
4327
657
953
3605
420
1850
55
790
1742
221
381
81
509
2372
680
1784
128
54
1008
1189
3276
56
944
1897
9614
567
1637
427
223
7164
417
1941
2673
4958
282
3140
3651
3594
553
3526
2380
17
5521
4325
112
3581
974
948
2720
6116
422
1441
905
1041
3888
2970
1479
506
1288
477
3
572
1977
479
236
1871
875
410
1290
829
35
4456
690
3159
572
8262
1884
1309
1510
741
954
1254
2609
720
431
1602
3368
91
595
128
55
248
1791
426
10195
1427
943
1535
316
212
217
172
1112
434
785
2276
2075
716
435
208
2129
472
994
1329
1899
475
941
95
670
67
1980
678
1829
358
347
1288
1442
72
24
2455
2984
2579
341
1384
544
2750
2109
1020
744
1625
1140
1157
3147
1490
2564
195
714
1829
784
79
14
1066
2179
3085
1130
3321
1713
996
3133
1595
3142
1613
197
2610
57
448
695
286
2263
427
226
4322
781
4228
140
1411
1003
3769
828
371
3856
1090
1916
1244
60
4684
31
4473
893
2450
2332
1131
1311
1543
404
1001
141
4506
880
422
2155
1166
3670
1062
1597
3765
90
3663
2518
1898
871
573
2528
3360
775
1657
2316
1105
2675
2491
477
683
2892
872
3578
1943
1185
1007
817
752
2581
2661
341
1005
295
1613
4810
49
1507
4528
920
108
453
97
58
1515
2120
1003
632
1133
2657
3289
152
3165
1503
1521
271
440
674
2151
366
2040
301
646
2527
4991
2457
1839
4079
1161
388
580
541
1086
463
681
1936
859
1125
168
3280
1238
3476
2368
145
149
292
8021
3129
954
1364
7728
585
1026
7447
712
423
2255
2986
1674
693
787
5
382
1889
1016
997
902
447
34
215
937
1516
2409
2425
2302
326
1593
771
4284
871
1479
2885
1334
285
3774
2463
1032
587
1680
2648
3720
3291
1441
1577
89
2015
850
606
3646
608
2474
239
724
131
322
619
3185
1537
3509
5420
1070
240
1864
1360
1346
39
126
2546
2292
1236
1107
1663
250
1284
1236
3637
2566
30
355
5461
1827
282
1197
1187
190
1264
2450
644
1425
210
919
1857
73
1900
1751
1654
280
30
529
1089
1027
4324
35
128
1966
1585
2068
106
1633
625
809
2172
315
56
1489
55
510
160
489
917
258
2614
740
572
12827
1145
291
4600
1207
52
756
1177
816
3284
13
2716
2556
1587
2239
675
1230
142
3044
1066
560
2182
375
405
442
2770
2500
6208
2962
154
559
971
2314
2128
291
861
939
872
3096
2639
706
5081
1081
261
8119
1898
3155
400
668
2957
213
1197
2998
1689
97
117
7786
1570
3355
182
34
729
1860
4076
2736
2082
430
3766
287
2477
3189
1528
1598
805
5579
1518
802
261
2089
5466
4123
7698
2435
28
1726
105
65
2734
2611
924
708
1615
818
2337
310
529
676
3274
646
2375
78
895
233
193
2319
67
730
3047
792
1404
1209
262
2131
2142
1627
3119
526
2746
502
1354
149
2944
52
946
1597
662
950
490
1254
3869
614
1840
440
4346
1782
2078
889
1619
287
2814
428
157
2385
530
568
799
8381
1618
2085
3813
2423
1551
2152
743
262
3105
259
866
2561
3048
6416
1353
2273
1092
364
411
1670
835
645
1862
2504
2117
3616
2856
54
369
354
644
901
190
1444
1097
110
11683
2310
748
233
2093
1070
1872
2401
76
396
2622
786
2212
226
1279
729
577
4503
2900
598
884
4430
6340
2
3018
75
827
3209
2817
1211
305
1229
1570
2141
3822
1989
5838
10850
1836
856
2027
4
3859
71
4037
1801
957
962
573
1138
3575
481
2370
342
321
430
1021
690
166
2741
90
132
705
5009
613
366
188
4155
2360
522
665
976
1348
62
116
1090
1397
474
1647
1134
6843
1544
436
101
1229
4431
2570
2521
4002
1641
579
2362
92
592
870
3715
169
120
3955
198
826
829
453
1342
1892
1340
518
367
1447
1516
2313
640
4707
625
4128
143
446
515
41
2405
2684
2000
3695
245
2237
3988
2941
297
1247
228
2474
5628
2001
2641
2018
165
1096
4250
555
31
3505
945
6199
4990
283
1113
4713
633
585
176
4665
11
1460
1516
3329
189
2343
180
4813
1749
1451
113
2452
2667
1021
1093
529
1152
3285
63
2626
7326
472
1455
251
96
10101
1843
176
1777
6214
2696
2920
1115
1287
533
869
1301
1021
6310
665
338
243
3937
1101
3333
1551
1957
2331
480
1531
3697
470
1328
833
18
1433
205
330
1594
158
2277
4965
7536
435
1548
866
777
937
2381
1808
289
6127
3527
1087
240
1871
3013
1093
78
3813
119
1293
1382
1764
1012
321
1985
2521
1333
52
3197
926
1728
88
136
1453
290
209
1707
1930
246
3107
527
3623
335
809
39
2483
1272
2810
1374
1066
51
2969
2063
586
359
3412
6717
419
1828
802
3804
2366
546
4261
1779
2587
1184
1599
1210
636
82
144
1625
426
619
193
5632
1363
1497
4175
135
376
129
3068
2949
221
4275
653
5314
196
1126
2717
665
1716
1888
339
2120
1391
636
127
3000
1180
30
49
4034
2815
995
3131
984
1056
183
3307
225
744
676
1768
3885
209
2627
1684
1544
1737
1165
1989
491
223
4840
512
1629
449
668
718
1411
1343
78
531
642
592
987
158
160
1342
249
9740
3350
428
1452
266
222
1775
38
23
2481
407
463
37
1052
2015
584
3801
902
457
4601
2385
534
3592
1494
4258
1413
3146
300
197
3232
5650
968
2545
192
7936
233
710
3757
291
1600
98
3047
3706
1651
355
1998
497
3521
4145
733
560
1866
713
2699
3618
816
522
27
388
433
2090
4524
694
3158
2429
1512
84
1477
1267
63
34
1390
1870
1471
787
300
3427
2078
2755
783
612
92
8417
1862
82
4206
539
2241
2834
3252
161
1145
1906
2618
970
586
2758
147
3533
1952
693
1556
2581
2874
416
1522
64
1398
719
530
2197
430
1908
3534
374
2346
2384
330
1716
1942
269
1906
2112
1640
4796
874
160
44
81
2373
334
993
985
1124
4108
216
671
2060
165
861
2379
790
301
345
2514
1023
443
322
420
296
955
2086
402
55
1435
4075
379
1657
1268
4859
1648
5259
1949
959
266
2523
561
461
2384
476
1306
991
2214
3878
171
184
1745
909
1577
2198
980
1526
362
21
4109
115
1302
2262
493
1653
3960
781
2021
1206
1801
347
2746
774
3145
168
183
171
384
2503
947
601
1413
327
2764
1287
732
841
442
826
413
6115
568
233
462
603
1219
6994
813
6647
6388
3236
1382
1256
12
34
839
1024
54
2458
787
466
151
44
711
1276
578
666
1808
930
361
609
1212
1325
646
1240
4362
4049
2275
2023
1392
1416
921
2605
2606
4502
210
1489
1130
294
2123
211
986
204
404
5649
356
2643
1424
2484
3032
1562
74
866
1279
424
553
7261
910
237
879
161
1355
2368
773
3557
1003
1104
1887
145
537
6080
391
744
216
791
759
2811
983
1640
689
2679
1094
153
2432
45
1537
2031
988
2100
1257
3313
1188
707
223
2920
2349
1629
836
1533
1325
528
463
2322
1203
3074
1519
6247
1008
769
957
1194
923
1464
82
1795
3146
441
1334
431
2402
1783
221
67
2137
2483
508
2530
2981
2169
13
778
252
382
582
5616
99
2812
3390
409
5610
497
1713
1656
1323
638
906
196
3777
658
1918
462
2554
729
3251
1578
60
1977
1053
1462
4439
985
3670
2225
1015
418
1749
535
226
11128
201
694
4408
36
5472
2844
1874
728
4708
1070
675
203
2042
1463
1972
611
3881
1046
6788
1200
1143
2863
4480
707
441
241
1199
1906
231
74
6218
76
13
1402
5305
2868
1822
3222
245
5661
496
150
702
1168
200
1377
1540
816
6449
6452
836
2758
2787
1931
52
1956
1255
909
1575
494
1479
694
4605
413
1270
1377
102
348
1107
5304
1756
893
616
445
44
420
2375
1879
709
436
640
76
1465
1631
268
224
1271
329
4411
1586
550
959
378
12
784
174
1097
497
275
1186
3557
1489
777
920
1532
99
1299
350
142
5387
7206
564
894
1843
372
1064
380
1212
244
26
1891
1406
462
3131
241
1
889
871
6856
1774
280
1656
1913
114
76
1285
1134
5905
2771
3560
2347
21240
4593
333
322
349
1275
3388
153
2299
2281
891
1813
809
91
426
3228
1139
4491
640
280
6611
758
628
1078
230
612
1267
146
2971
2872
439
1429
736
1106
1303
2269
4221
2797
364
657
991
1388
596
2398
1460
2250
351
1275
183
154
1527
1128
600
449
848
476
1484
391
5489
1734
1666
1249
5284
388
801
730
2316
85
3260
1847
550
51
824
82
1471
2634
1673
456
722
3586
1689
779
2382
61
841
1514
673
318
187
109
1967
1226
1473
1011
418
665
1059
816
83
1424
2443
853
908
177
5465
1501
2750
3400
744
285
3692
5506
426
2582
1212
4651
1523
690
195
21
1800
789
655
435
643
653
694
688
371
1328
2364
2071
3563
881
2441
1054
6521
663
780
1915
2889
2728
3440
1671
1196
3920
1427
2939
907
2813
282
1362
201
1512
219
620
336
577
3885
1619
1037
6604
3984
1930
943
1027
835
517
2968
945
3198
276
2390
4313
843
5159
1194
684
120
1022
1836
2115
66
1784
2163
235
848
132
299
1732
2258
728
4346
43
1017
950
1351
3116
2718
812
1154
4419
3094
2160
1587
3208
944
1511
298
2979
2174
1988
1074
7995
983
375
18
1127
2113
1941
699
1434
115
2377
3600
1150
353
3770
353
3376
1476
1186
671
545
3022
2381
1880
9556
243
47
883
271
5364
2803
1748
223
1991
3249
1167
1397
363
29
574
2547
1274
2151
1522
480
3751
2346
976
2452
3890
494
1121
1763
70
311
213
576
791
260
2763
2886
1197
419
1434
838
1863
675
3243
716
1258
4912
377
1760
5928
343
86
585
2904
487
2998
861
1183
2410
337
999
612
580
2151
779
1861
95
2167
1621
716
5403
3241
1159
3818
129
174
822
357
392
1370
2559
1016
392
3324
7832
725
3574
653
530
1829
108
2288
1820
3126
3456
1066
4532
1630
2211
821
227
782
4519
2071
5577
583
3379
23
1865
2710
1093
2733
1204
1398
773
356
4628
1499
1263
5479
459
3036
943
1357
2034
1735
1383
1681
254
910
1165
2274
2901
589
1063
316
3401
2452
1074
1525
373
2325
476
123
263
2861
3829
1368
3734
2179
3945
1709
286
569
3058
542
164
435
299
172
384
79
3752
144
1266
5372
8236
2272
6576
3224
474
2217
1650
1037
600
2144
1896
1940
3090
1001
524
843
544
796
1086
659
726
2824
1157
12560
2938
1172
841
2349
358
250
2664
376
364
946
464
721
575
3587
2460
2735
587
650
1258
4086
1588
203
1836
4942
2840
1936
1845
4209
1004
1
2366
1414
1630
250
1038
1691
1341
1556
1175
1865
106
457
841
2040
183
819
383
895
2440
2837
774
765
1755
3526
1558
2278
412
2514
1402
1033
1389
4403
266
23
1074
7564
2154
3257
4271
596
481
3907
1868
2102
331
2338
527
1542
1450
2273
166
1772
5347
1209
1854
199
2206
1563
2056
284
1114
1150
382
776
1564
91
503
32
2512
1208
3140
513
1602
429
433
1082
240
1553
2022
2802
811
1221
1763
740
5209
1648
5080
903
779
246
1905
2427
1288
7201
949
253
1793
966
781
2986
1660
188
1522
524
3764
237
7055
383
3907
3073
2215
3872
5395
205
3333
94
2835
81
2311
1266
661
978
1997
548
2834
988
882
4230
4781
681
3030
833
262
7261
746
1810
456
3933
64
1841
1592
1659
1939
322
2661
667
131
533
2009
84
418
600
201
1836
1420
933
692
1651
2425
889
5081
285
5095
2058
103
905
3379
92
6955
2998
4823
2097
4719
1116
207
1081
1288
1148
680
871
1248
2020
2619
1232
480
1710
1422
4971
1088
5804
1024
2380
2147
1243
85
2693
30
188
2906
537
1073
1098
963
375
3981
501
349
387
1100
153
259
2571
2612
160
261
501
300
1142
693
398
1172
2268
494
2340
1529
1015
41
419
5
231
1298
1833
346
726
4702
246
141
153
1461
9276
4253
834
1007
342
1994
1755
2666
397
2122
692
847
2739
1516
157
1584
409
2509
394
2443
955
7135
833
794
215
709
685
3602
625
1393
561
26
866
484
289
956
237
2965
1135
1072
2152
4486
951
2925
663
1305
1054
89
1891
2276
1169
630
1358
3543
457
1266
271
935
271
325
516
1541
5
1819
303
95
1428
3092
4529
1597
766
179
4559
686
5581
331
3171
3024
2689
3731
220
1974
1047
741
845
5134
229
616
1758
478
1414
1063
1765
1058
1601
201
1
4083
790
435
920
1748
868
52
1754
41
419
1041
4860
1183
1645
3082
6016
1291
261
2025
654
600
48
1713
2625
7
1155
1204
2404
7381
245
313
300
467
932
3045
1419
1297
3782
402
5368
774
2319
840
957
224
3302
23
1246
1040
548
518
1486
2895
535
4281
1412
920
1592
1120
2438
496
416
1343
27
5468
1360
1245
4617
3608
2855
79
544
29
103
12
126
1582
909
164
410
1277
240
1982
876
2044
1484
111
1770
794
1370
964
3146
1784
819
1326
12
817
738
938
952
779
2404
265
3868
317
1278
231
4402
153
4579
132
7788
1699
95
354
387
234
5456
4492
401
6206
412
1197
24
882
2214
1651
1252
2240
3885
277
745
1265
167
119
665
2127
433
76
1494
208
729
7679
1381
3286
210
1027
675
493
1560
474
708
1771
4275
6909
311
360
2999
30
1439
1585
5068
1500
1242
1591
4331
3896
546
2191
4628
293
546
979
1604
965
468
772
1186
4523
199
2914
549
39
2050
3239
2961
2064
461
486
2063
3582
1686
2991
980
1030
1433
2158
4062
686
1261
4857
1250
665
1009
3046
55
8641
1383
1307
615
1241
931
3117
958
1943
4721
501
802
5985
289
1249
1169
244
4735
307
1138
1999
2394
4233
467
484
3618
3266
2831
115
2919
1008
10672
3261
5317
502
24
1242
87
845
6494
166
5255
146
111
500
3327
2182
5944
396
1218
1104
178
8
3538
1155
1250
2859
5479
231
2273
1164
2
1678
1240
2014
888
5452
766
422
2426
871
2405
416
1908
1374
1096
1173
117
61
2096
8996
694
1406
154
6179
1280
309
247
5317
119
2291
2537
1688
1344
2698
2983
323
1471
1066
864
1237
525
3407
4373
552
1969
144
3080
2246
1465
1848
5671
2595
1763
374
373
1690
2516
397
528
3730
2801
885
2539
154
1443
6
3024
506
1058
100
1283
2856
2728
223
1986
887
362
348
389
1004
123
1473
2185
105
46
104
1457
801
944
5051
654
542
848
104
93
4066
953
622
356
3815
1008
600
1003
887
1163
1588
3015
661
4902
941
653
827
1180
2897
4598
356
613
5208
31
279
3111
673
1456
1151
4405
597
531
1876
535
4000
590
726
662
7806
1943
29
1905
5243
2439
671
5039
951
8445
147
185
630
403
93
1921
3325
1507
1337
213
1565
974
2099
1174
1750
72
496
1026
154
1288
1949
2854
686
2738
696
566
1771
1718
1058
2916
1562
927
2179
2534
2034
1903
513
238
92
1417
967
680
2184
734
363
313
2212
1704
646
3755
2487
121
2543
2028
1829
1678
1706
3200
522
2209
288
526
481
4202
1014
3954
3259
1325
2982
1364
654
548
1383
3629
1509
2562
571
2765
482
685
1274
833
320
3310
838
5138
2128
3206
821
1023
663
1385
1134
5015
840
331
520
2281
4
413
536
982
2084
50
743
183
733
21
1561
7564
2029
2036
1694
2667
491
211
99
4041
5
503
1077
936
361
96
4495
5706
1578
2765
1649
1646
2027
1883
365
423
1590
529
455
633
2874
3250
729
253
604
1276
2796
1646
53
5174
193
934
693
3065
190
571
100
1034
5538
378
2925
984
287
2389
475
1003
1542
1945
9
5280
2084
23
1716
1530
93
2748
2244
75
2095
1474
1563
2055
3878
1240
3897
801
3426
3333
1036
2205
688
2422
406
1608
1712
2440
81
2349
2521
482
422
363
510
153
733
3209
4230
720
1237
1505
5206
759
93
136
1466
78
672
764
385
2826
2396
573
1113
457
1911
3430
2421
444
2771
862
1262
149
2928
1989
10166
38
484
1287
31
1918
405
1231
2073
1833
3103
1045
24
732
1836
9050
23
1046
52
626
355
320
966
79
480
2662
837
125
6541
3547
143
546
1766
2319
1297
1010
575
1214
230
4204
3643
4055
441
998
862
641
1936
1720
567
324
2075
377
3833
109
846
229
1033
721
779
3130
1884
4732
3307
264
454
2473
875
2175
851
1754
320
774
1863
1353
3849
1345
2281
503
834
1343
2535
1076
6100
2366
465
409
1710
1354
1579
628
2590
224
4325
7336
463
614
1468
789
1295
919
419
240
894
187
824
2114
4813
11
328
862
1782
929
118
4781
396
549
1293
140
954
4045
2217
1377
1542
657
1321
3081
250
1719
1019
306
662
2074
3702
484
279
171
664
1349
2489
60
3166
1946
10
2687
616
29
415
1342
717
436
983
59
213
410
7112
278
2501
655
1539
193
1091
2382
4629
1505
1671
422
1583
1852
1542
504
868
1059
3301
642
1853
1112
736
1337
760
609
1433
28
283
916
1294
272
330
4264
789
119
3741
646
2416
418
29
2458
313
965
1002
6731
1564
1442
5418
1926
2413
4869
3664
5509
556
476
777
5668
2418
71
695
1106
862
3720
95
228
2846
3207
954
10
817
619
3610
497
1248
2476
1265
3284
3830
1377
715
220
39
2224
1191
1603
3964
937
19
524
721
2622
628
1928
835
938
15
2050
88
825
378
521
1033
426
8109
2889
801
533
277
302
3656
133
6128
965
1114
2914
42
1531
5603
278
268
241
743
484
396
211
1402
750
2357
2525
3023
413
782
1136
3534
5337
1259
1534
1198
1112
47
881
3771
2409
1731
1641
1605
22
7301
794
1842
919
2441
1301
1670
2868
1887
826
2591
1006
513
582
1206
389
96
499
4260
1781
158
892
833
72
4130
2172
1525
76
462
493
2314
1333
160
105
1244
1397
396
2813
1881
987
3478
580
1783
1472
66
1193
1219
518
1570
1632
3737
1294
493
2417
2820
2915
674
636
539
5948
700
906
1517
2061
2780
135
358
2140
1372
993
3305
604
3017
3407
256
1327
1869
1343
720
304
410
2716
123
3169
796
1911
3403
196
1642
522
5883
2610
1769
3168
1045
1707
1426
804
48
451
96
641
1485
4820
252
342
1282
2225
127
4804
290
2785
83
2775
967
168
2185
381
1898
117
3215
1401
12
7192
521
547
1832
5286
840
2380
3284
6545
450
2747
583
985
538
815
1367
33
2302
4005
1218
2434
4342
151
3769
2382
2048
1326
1033
718
978
712
758
2811
1448
2580
2388
4819
1286
1939
4747
886
7232
105
505
51
1620
432
2201
30
884
2150
2919
1411
1656
982
455
667
567
244
6472
585
160
1360
1955
784
3838
1112
776
2438
3851
236
749
1341
865
674
636
1790
502
236
302
1066
1206
111
1614
823
1920
89
1694
521
2876
2337
131
543
6643
2614
336
1732
2561
2461
14
2652
1220
11001
2005
1114
4504
2005
2251
770
2387
479
3059
4655
1567
592
245
1199
397
2110
179
847
1000
391
956
982
2416
1106
3603
3425
1263
560
1122
1577
884
773
1247
3911
1630
2763
476
218
2002
2242
1488
181
9920
1422
978
1379
196
2087
3396
1964
3075
1321
2973
1312
2932
4043
906
3089
50
633
1345
512
620
1129
2526
933
5677
1572
2401
337
2852
712
898
3814
492
2
1765
748
4016
770
1328
441
1291
559
1808
2726
297
1282
994
40
103
2597
422
3270
1504
225
888
127
620
1589
1159
1310
626
55
4680
514
356
702
6615
88
1602
2711
348
1392
5518
382
411
3585
761
6722
5345
753
2834
1043
1838
350
700
1765
3625
130
86
113
2014
2060
1769
7652
2408
11569
1998
28
4768
1277
1523
182
284
3104
2508
201
3001
856
2001
343
1222
169
490
2060
1415
4399
1897
3917
513
1492
75
308
223
2822
4632
3672
1928
2804
2868
454
140
28
1290
4193
1374
986
528
290
1477
339
643
1167
276
1096
124
854
1663
1003
4747
1015
651
6396
700
240
806
2879
192
1950
2018
1793
8275
24
606
10781
2005
1349
2055
1308
1136
2263
53
747
631
985
118
1691
5127
1132
361
10064
1466
567
3825
1789
4500
2914
998
1570
951
1490
503
712
2467
2194
328
1413
81
3081
2205
943
603
1973
347
534
137
295
621
674
840
481
658
622
1961
1750
1143
1077
330
2610
1004
280
867
976
881
2943
1390
1854
4741
2331
116
4685
1295
855
1614
686
2455
1664
870
229
2490
5031
101
409
2663
1768
105
6325
223
81
9409
4878
823
1045
732
552
198
258
3384
2345
1067
559
42
1121
404
116
821
5891
67
1111
1958
3326
3461
625
170
662
3039
803
3079
1806
296
703
4741
126
381
1979
3053
374
51
1426
5524
2935
269
616
488
1492
3080
729
2383
370
4274
361
3759
5378
634
146
6058
1354
200
2140
1034
1792
1174
1665
1610
6897
1256
4968
570
1416
251
2082
958
1330
1837
745
371
271
368
2464
729
3558
12
174
4295
1033
171
2582
2699
369
2755
629
1111
137
192
4056
2282
557
221
5757
925
1696
1362
568
1577
1893
1424
2010
1919
279
1361
1937
1741
1870
477
1808
121
461
3516
549
179
3279
855
2087
1601
126
49
316
676
2362
1149
312
4546
566
2522
3082
2008
541
2558
1221
5247
1252
357
951
1304
2226
2117
578
4523
1341
1468
1493
919
1020
290
741
921
213
440
892
836
72
1612
725
350
248
7364
463
52
325
837
26
1
553
105
2386
786
2770
2886
430
155
411
1244
2097
1300
1305
938
3234
460
831
244
643
142
1648
661
1160
874
2184
1339
5793
2556
1764
328
122
4350
1432
1575
125
523
189
145
1112
599
5
1539
6803
200
65
1464
700
1038
166
899
1702
2130
83
2421
1630
321
1047
291
988
110
141
219
1311
2734
877
280
7000
4002
4625
792
667
262
3289
508
248
3613
2959
1165
4521
1559
2437
2804
147
2395
110
3773
2905
565
1104
920
2032
1922
1197
1429
1485
1712
3163
1125
768
1925
572
373
1999
1566
2594
1908
2394
62
583
293
2089
158
1338
344
677
713
155
852
926
3456
1921
1484
4529
43
415
7901
2745
2531
79
275
451
46
3204
20
2183
421
615
992
353
138
1475
3179
492
676
407
1714
3307
8723
694
170
1565
453
1652
614
740
519
765
2008
385
787
2140
7830
278
1711
1489
415
301
1698
6674
5049
596
1151
1197
1638
3430
3425
2763
2373
948
2432
1093
3173
104
2225
1794
1965
938
6567
526
5872
276
1489
1916
137
24
800
1692
575
1009
2269
154
3365
578
725
1988
1233
1874
546
477
428
1991
3190
705
689
708
1342
1098
2702
3640
922
2479
1540
1850
804
20
851
423
361
3216
776
4966
5254
5782
480
376
245
602
1032
333
502
1595
15
423
2627
174
1132
1232
755
194
102
919
402
3688
449
230
3215
440
1506
3677
988
242
7970
700
43
5335
81
1966
140
2075
1191
1259
553
1147
2077
215
2523
884
764
1923
863
2439
4687
1031
511
2201
1006
206
734
1350
1074
208
288
290
2410
441
1685
351
1563
160
3241
617
3090
1471
645
5514
591
805
572
3277
411
4632
742
2287
1901
1411
335
2973
1436
1331
2509
940
304
1870
178
1168
1013
144
3477
13
494
1510
1190
1327
3850
1522
1473
1673
495
6987
60
275
979
1224
742
2151
507
1932
279
386
1140
430
5019
918
790
1604
1278
1182
2651
375
536
1475
473
5153
321
1992
187
1126
2567
3120
125
805
552
2968
147
375
343
473
62
1963
25
1044
351
1607
1167
1498
96
156
873
3099
424
847
1041
2579
1287
891
2729
3302
1166
3736
850
68
702
2191
548
4855
1751
48
1478
537
663
375
478
1468
90
1737
191
367
763
1380
2422
1474
839
878
1168
649
185
56
180
1064
1138
4742
3086
2148
7248
111
1102
2571
49
184
847
992
1
222
2357
137
834
3345
1444
362
2075
1135
809
373
1010
997
1523
2576
3641
4898
3269
415
319
1031
2237
12
730
732
1125
897
224
947
821
311
2815
166
6677
1317
27
167
4880
651
3923
1840
463
406
27
87
629
1609
1304
1064
201
1120
1465
1449
511
203
647
1657
9619
263
918
2399
1324
2504
1824
588
3399
2859
1336
2194
708
1855
2557
4651
2399
1496
871
268
168
1443
773
686
355
1192
5825
1340
437
4694
1310
923
1476
2365
226
201
2612
175
1070
418
794
79
1390
963
899
2685
3051
983
282
1482
840
1700
56
1133
3
889
2182
494
2697
151
5309
276
7780
2631
264
618
3190
1895
1524
4096
3418
510
1729
191
451
1568
1812
1272
1246
1604
234
2060
667
126
65
633
1360
2251
599
1398
318
499
2049
1288
3003
1217
641
305
496
139
1293
1473
4962
483
5090
8761
2790
2875
409
158
1167
665
5337
699
349
792
728
467
4956
122
899
290
1220
724
1727
4693
1766
475
1054
1745
1395
181
456
461
2790
1763
478
691
755
1664
3691
440
2754
577
55
139
1324
1340
1349
458
1425
459
579
3160
277
1519
479
4559
1028
2845
93
4290
1762
348
9
3320
2083
710
182
247
102
2326
6794
1358
1634
4168
826
1667
490
2898
1702
3710
2880
1460
582
1158
1672
4094
1220
3278
2776
1069
1040
583
4183
806
1996
461
814
171
2419
1192
303
1892
2584
1466
1764
2841
476
3608
850
1881
568
1809
971
2727
1142
8260
1380
2497
2250
1561
865
1417
1665
38
280
6224
425
1136
1719
401
43
1359
2207
384
1609
553
1377
178
3911
4384
3772
1240
1612
1429
701
821
5766
865
880
1310
3083
556
653
72
213
56
492
1131
1895
589
2102
379
318
2369
1596
345
2099
1510
422
921
1165
2332
2087
2624
513
148
551
1170
72
540
26
471
1226
58
610
196
42
2134
2488
1725
323
767
34
2484
2700
937
2902
1844
2347
420
1073
152
1838
2943
2504
1474
514
1503
624
2245
1429
2413
1991
768
314
352
4881
1621
1809
981
2192
3213
1356
582
599
1243
3531
411
4246
945
615
1375
2934
2521
5958
3935
2412
367
1515
1249
2597
75
241
804
892
1405
4261
436
1063
475
869
2313
752
1616
367
2926
1000
2792
1538
1837
1570
1259
2362
2525
1658
581
95
2086
2608
751
2701
95
839
4209
4517
1010
804
877
1041
687
397
6101
1184
393
635
2502
1138
1126
111
1452
939
