5854700
3946100
1024800
1062000
1036600
1034600
1030200
1229200
1352100
1259900
1207600
1277100
1207600
1286500
1273600
1260200
1232900
1253800
878900
652200
618200
605500
604600
606000
606800
606800
607300
652200
619200
651300
615900
625600
613600
617000
607100
604900
606200
638600
610400
610700
612500
614400
605500
608600
607900
526000
521600
520500
521700
523500
551000
529000
517400
528500
528400
528700
523500
527800
511700
513300
514100
513900
528500
520900
523200
521100
532000
521900
529400
513600
514100
512200
526000
513700
511000
513700
515400
513600
524300
516700
514900
513600
513800
534700
521700
517900
517300
518300
518900
522900
521700
521100
512600
526500
531300
522500
519700
531000
532000
514600
523600
555600
518000
526000
518700
541500
515400
511700
518400
519000
517300
516400
515600
514600
515200
524600
514400
544200
526200
526900
511200
535100
523900
525800
513000
1044300
518300
514400
513500
515600
530000
520900
518500
518400
519000
519800
518400
517300
518600
522800
527800
513900
518400
519600
522600
520600
518000
516000
514000
526700
520100
519700
518500
521900
521500
517900
519900
520200
522900
520100
512700
512400
518800
524700
521100
519000
518600
518500
520400
520400
518100
520400
520800
518600
521100
521000
522600
518900
520100
518500
528100
521400
517500
521700
517600
519400
516600
521900
517400
521200
521700
519700
521400
520100
518100
519800
515900
516700
550000
524700
523100
520000
519200
520300
520200
515000
514300
515800
527400
518500
518600
519100
519600
519800
521800
522100
515900
519000
517600
514800
530600
516100
513600
514000
513200
517000
518900
517200
513600
516000
517400
525500
517700
515800
517400
515900
516600
517800
519100
516000
514000
519600
520000
519400
519300
517600
517800
522400
520000
518600
519800
522700
518900
519200
516900
520900
521700
515300
525900
521200
519900
563900
520400
519900
518200
524700
516400
519300
514500
520300
516400
517100
513400
514800
515500
537400
514400
515100
513900
515500
514600
516400
553500
518700
521800
525000
515500
515300
516900
516300
514500
514100
520000
520100
517800
517800
526500
518400
514500
515700
519000
520000
519700
511400
517800
519300
520500
517200
518800
524400
520200
513700
517100
517900
539300
521600
512900
516000
515600
517100
513700
514900
516300
522300
516900
520600
521700
514900
514600
514600
515900
516500
518000
522100
517700
519700
520100
522200
516000
515600
516600
516500
515500
517100
538400
520300
517600
518700
523400
523400
519000
517900
519100
525100
517900
516300
519700
518000
518200
517600
516500
519200
520100
516300
518400
527700
521400
521100
518200
538700
520000
539700
517900
518400
516200
516100
515800
513000
513900
518800
524400
511700
514900
516900
523900
517300
518400
522900
524200
515800
517500
514100
516200
521900
514600
516700
514600
516700
525600
517600
521400
520700
519200
521400
522200
508200
524300
521500
515700
514200
542300
519100
526800
518200
517700
519500
520600
521000
517600
516200
517000
517300
513900
515000
518400
515200
515100
512900
515200
535000
514300
517000
515200
518700
514600
514500
516300
522400
517100
519000
513900
515400
515700
513500
513900
516300
523200
518500
518500
539400
525800
514500
525700
516700
519100
522200
517800
517500
522700
519600
520500
518300
520100
523900
525200
520300
519100
520100
541100
522300
520600
519300
521100
520300
519600
519900
519600
520300
522400
517200
512400
521100
519000
517200
527800
515500
514800
526700
520100
529800
519900
518300
518500
517400
519500
519800
518500
518100
518800
520000
519300
521100
518400
519100
514500
517800
517800
537300
520000
520000
518400
521500
519900
544100
523100
515800
516800
521000
517700
517700
519500
518500
518200
517500
519700
519500
548200
514600
514100
515500
547900
515200
522300
517900
519900
519000
517800
518600
519700
520000
527300
513900
517300
517200
513400
514100
549800
519500
520000
519100
516800
533700
520200
516900
521700
519400
519100
521800
519300
516900
520000
521300
518700
518100
511900
532300
514400
514600
518600
515000
515800
514700
517800
516300
520300
519100
518100
515400
517000
513700
516700
514100
515100
517400
521700
516400
518100
518800
525800
513600
516300
538000
520600
540100
517800
572900
525100
522400
520000
519600
515800
520300
520500
520800
519100
520700
521500
520400
522700
518600
519800
540700
513600
522600
520200
522300
519200
517100
518900
520100
520400
517800
522900
524800
517200
514700
513900
517200
514700
515400
538000
523600
536900
521000
520300
513500
513900
515700
517000
514000
513600
515500
520300
515400
515000
515600
515800
517800
514000
514900
516300
523400
513900
517200
517900
515000
514200
514700
511300
515800
518600
514000
516900
514900
518700
517300
518400
515600
530800
506300
496200
499200
496300
507700
502600
497900
499600
498700
496800
499100
499400
520500
496500
508100
500700
501500
496100
494800
496300
497300
503800
499400
504300
501600
501400
500900
502200
500900
501800
505700
497300
519500
498100
495900
497700
498600
497800
496000
496900
496100
499500
497100
496500
500600
498000
495300
496100
498400
501600
499100
499100
519100
503500
499000
501700
500600
501700
501000
500100
502100
499700
500100
501700
503900
505500
502500
503100
503800
502100
500900
498100
531300
501300
501500
500300
503000
500800
501600
503200
504400
498900
501200
498600
501600
502100
501900
502400
529200
498900
498400
498800
500300
502600
498200
496000
494300
509300
501000
501200
499100
504200
502700
494900
495700
497600
498800
496000
496200
502600
497700
499500
500700
501400
500200
500700
500700
506200
497700
496300
495600
497600
497700
499000
499200
497100
498100
500300
495800
498200
516200
504500
497600
498500
508100
504400
500300
498500
499800
504600
502300
501100
502300
500500
500700
498500
500700
503800
502500
499600
508300
505400
500700
500200
500800
504700
500300
500000
501400
501100
501700
501000
503300
499300
500800
498600
495300
505600
502500
500800
503400
512000
499200
492000
505800
501000
501400
501200
506900
496700
497100
497200
492200
491600
494500
492600
492300
494300
494000
495100
492800
490900
492400
509300
491900
503800
499300
502800
499800
499600
495900
494200
491900
496000
492600
492000
492300
491800
493600
503000
501900
513000
494400
492900
493200
526400
494100
502300
496500
496700
498700
492300
493000
497900
495700
495100
491900
494500
497800
491700
493200
513100
497100
492500
493800
494800
502300
492400
505200
497800
496900
499500
493900
492900
494200
501800
506000
497300
492300
494600
494700
514300
491300
493300
494200
496700
493000
494700
511100
495500
503500
497100
506200
502300
494300
501400
505400
495500
507100
499600
495000
506900
494200
492900
491600
504900
504700
493700
504800
579900
598600
601300
600500
590900
598900
591800
593500
599300
607700
597000
602400
598900
593400
590500
593100
592700
593100
589200
592700
592600
602900
601800
592400
588000
596400
592300
591300
595700
590500
594900
594800
585900
595900
595700
592100
590000
591400
590200
610100
599500
603000
607900
593700
592400
592800
590900
593400
591600
596800
593900
594800
592300
594800
591000
595200
551200
498000
500300
500300
497800
497300
492500
493200
516500
495100
494300
493200
496300
494300
493900
494000
494000
494800
492900
492700
493500
506000
492700
495400
497800
499200
492700
493200
512800
492700
490600
496100
493600
494100
493000
508900
505600
502000
491500
497100
495300
494100
491300
495300
506800
500200
496800
492700
519800
496400
492500
492200
493100
492900
492800
492200
496700
493000
493500
493800
494300
492800
490400
493100
529400
491100
497300
498400
519300
493000
492700
493200
496000
491900
493500
494300
495400
495600
497100
497500
495400
493500
490300
493500
503300
492600
495700
497900
514800
495400
499200
496700
493100
495400
494400
496300
494900
491600
491900
494200
497400
495300
491600
492800
493700
492800
509200
499800
515000
505300
498300
497400
494000
492700
492600
495300
495500
490200
492600
496300
490800
493500
496200
500400
498200
488500
489600
504200
534600
498400
494400
501000
492800
490200
490600
492100
491000
490200
489900
490500
489400
489000
489900
499900
493400
492100
497800
510500
511400
498200
495800
498400
497100
494000
492600
497800
492800
489300
490300
490100
489900
490200
493600
493800
492600
488100
489300
490100
492700
491700
506400
500800
504900
497800
502700
495900
492600
493500
499300
497100
494800
495900
495400
493900
488800
491700
499200
493400
493000
506500
515000
504800
499900
500400
504800
490300
491000
489000
492900
495200
491800
494500
496700
494100
491900
497800
491500
490800
487900
506000
491300
485500
487800
507200
501500
501800
497500
504100
500200
489700
488600
490500
491100
488800
488600
491800
497200
487000
487900
504600
487600
485700
482200
563100
527100
500000
502000
505800
496500
481300
493400
487600
487000
482600
486600
492800
481300
481600
482500
500200
484100
482400
483600
490900
484900
485600
505300
502200
502100
496300
494100
484500
485200
482200
488900
486900
487100
490100
484300
482600
482600
483100
482900
482800
482000
483400
509900
481100
502000
502800
508000
496200
483800
485100
485200
485300
485300
484000
483600
483300
502900
484600
480500
481900
484400
483100
484800
481200
558500
582900
597800
596900
598000
597900
611300
607500
593900
580200
575800
577800
592300
590300
594000
582500
574600
582100
574400
602500
593900
597900
600700
578600
576600
580400
577900
580300
609500
580600
578900
581400
578400
582400
581800
579500
577700
579500
707300
604500
594500
599100
600300
596500
584400
589200
609200
584100
576400
581200
579200
588500
586700
589100
579100
591200
586900
602400
592600
590500
577500
577900
576800
581900
579500
576600
577100
579400
577300
578300
573100
578400
576100
577600
575500
482100
496000
499500
496000
496100
491100
483700
482300
482000
484800
485300
485500
486600
484000
483000
481700
483700
485200
483200
481700
482900
483800
484400
499300
501300
500200
501500
489900
508500
500500
494300
495800
497700
501000
491300
489300
493600
499100
499600
482800
491000
495700
492500
605200
499200
503300
499900
510200
493500
492900
497000
492200
488700
491300
497900
493800
496100
490400
500000
494400
497500
496600
494500
498300
489300
498700
498300
497000
497800
495800
498300
496500
496300
494700
494400
493300
494300
494100
494500
493600
488900
490900
488100
489300
491200
514600
504200
500900
499300
503100
504600
487600
489400
493300
491100
489700
491700
495900
496200
493200
493500
492900
495400
496000
494800
488800
492900
489200
525100
502200
505600
493400
492900
493800
496700
492700
493800
499800
489800
490200
490900
491000
491400
489100
490200
497400
493300
495000
510100
493300
496000
498700
507700
505000
489400
488700
490900
494300
488900
493700
494900
491500
497300
493200
499500
490500
488900
490400
509900
494800
500100
501000
506100
492500
496900
498900
492400
494400
493300
490100
493200
491000
487800
502500
495700
492200
492100
495400
492800
490600
504700
500700
496400
496100
500700
504200
498500
493700
491800
504200
506500
492000
494700
493800
499200
486400
488900
491600
500800
492600
498000
509500
498900
500500
497200
497900
489400
488900
488400
489800
488900
493000
489500
494100
491800
487500
492800
487700
485600
489700
491500
489900
487900
492600
507000
502100
500000
506300
499000
500700
488500
506000
496600
502800
490400
491300
504800
491100
493400
508100
500600
493200
491600
492000
505900
498700
503000
502600
501500
505000
488600
488000
490800
488800
490300
494000
495000
492500
490800
507100
490600
488900
490600
491800
498900
494000
497600
507700
496100
495400
502100
500200
489000
490000
489500
490400
488600
492500
489600
508100
487300
491800
491800
493900
490000
488800
496900
488700
500200
497300
493400
488900
487000
491700
489900
496200
491700
492200
495700
499600
487200
490400
491300
490600
491800
491900
490700
496200
497300
503000
497600
502700
501900
494000
499200
490800
488600
490800
491100
491100
494200
490900
487800
488500
491200
491600
488100
491500
487600
506600
503300
504400
501300
500700
504300
493500
491600
490500
495400
493600
514600
499800
488600
493400
489900
491600
488100
490800
490100
489200
491500
507200
501200
500600
501600
498000
493500
499400
498800
492100
497300
495200
499700
488300
496600
494100
501300
497900
497000
501400
489700
490000
498400
498800
499600
501400
498300
496300
495700
499000
497500
492600
492200
489900
491800
491400
490100
488900
487100
488700
488300
495400
493200
493000
507000
502600
501600
499300
502600
488100
494600
489000
489900
490700
497900
492600
492200
494100
497400
492200
491200
490100
492800
489300
504500
512700
500200
496200
499300
501700
498500
500400
495700
500900
488900
491300
490100
491000
492000
489600
491800
499400
494600
492400
493200
491900
502400
505100
500600
505000
495100
498800
493500
494300
493800
494100
495400
491500
492200
493700
499800
488200
489400
489100
492900
488900
490600
491300
511700
502500
499500
502300
501600
505200
489900
491100
493800
498300
492600
504700
502500
495000
495200
494900
490900
508800
496200
490200
497200
492600
506300
504800
506400
501700
501600
494400
495300
493600
497500
496300
500400
487800
491400
491200
486500
490300
490000
489000
497500
491900
511400
517900
494400
496800
497300
500200
502200
492000
496800
494700
493600
492200
492600
495200
494800
494700
494500
496500
497000
488500
507700
489000
487300
504300
502800
498100
506600
498800
493100
492900
494400
498000
492900
489600
497700
496000
497900
499200
497000
494600
512500
494000
493200
494500
503300
492500
497000
497000
509900
501100
487700
491300
499600
492800
492100
494700
494300
498500
493500
492800
489600
487300
491600
492200
491500
497100
735800
497200
497700
508300
508700
500500
489100
492900
492000
490000
492300
499900
492400
491700
501900
498500
491200
496700
498700
488300
489100
497600
492300
503500
502000
503100
497500
496500
492900
491500
498100
499900
491100
489700
491200
490700
489700
496700
497500
487900
490600
489300
488500
499000
501500
502200
499700
499400
490400
490000
491000
488700
492200
489600
488700
507500
488400
489700
489700
490900
490600
489400
489200
492000
498300
488200
500500
503400
502500
499900
496400
494300
499200
488800
490000
506400
490700
488400
489100
493400
497500
499900
495000
492700
500800
499800
504500
492400
497900
497300
500400
501000
498400
488000
489400
512300
495600
493900
496600
493200
492500
493500
492800
489600
489100
489800
492600
490300
503800
503100
501700
504000
501400
500400
490800
494200
489200
489300
490500
490300
489400
491200
493500
496900
497500
494200
491500
488700
488600
505100
489300
497400
504200
501100
490100
498500
495800
493300
494600
598900
596900
588700
585100
597500
592100
590700
602500
586700
603900
605600
598800
596200
586200
588300
598900
590000
591600
596200
593400
599000
594100
587100
589900
587900
587900
600400
600500
601900
586700
590300
591800
595200
594700
589100
587400
585700
591300
590700
584600
586900
585700
591200
596900
600000
603000
602200
606700
612400
587700
587100
584900
588800
596200
599600
587700
591700
585900
588300
584400
585900
585300
540800
496000
503000
498600
529800
502400
501200
497900
493400
494500
499700
489600
490900
491200
489000
490100
493800
495900
498600
492100
494100
494600
489300
499800
517600
499500
502200
497700
494700
494100
494900
494300
490400
502000
498400
490500
494400
493200
495600
494300
489400
487400
489500
515700
511900
501000
495600
498400
498100
498600
489600
490800
489000
490100
496500
495800
491800
495000
497900
492700
497600
499900
494700
491100
503200
491700
496600
506400
496400
501300
491600
491900
496200
499200
492000
490400
488700
489400
490000
490700
490600
490000
490000
488600
500300
519000
517600
494300
500600
498700
498200
495300
501100
491300
497800
491900
489900
497100
494800
488100
496900
500900
491100
489500
487900
494700
509900
489900
502600
495500
497500
495100
500800
493300
493100
500500
492600
490800
491600
488100
489100
491000
491300
497700
491400
517100
488300
489700
507400
490700
497300
497500
498300
498600
489400
498100
501500
489900
488100
498400
494000
492600
490200
490200
489800
509900
488900
488500
492800
498400
496500
488500
496000
497900
497500
489400
490100
491200
489000
489600
491800
490600
488500
490000
490700
488800
490000
490900
489900
488200
489900
500600
489600
498700
506500
501700
501600
500100
492300
494200
490800
489000
490400
491100
490200
497400
509900
494500
492100
497100
489900
489900
489800
490400
491200
498600
496500
501000
492400
496000
490700
488500
491200
493200
497700
492700
519900
493000
490100
490100
491100
488100
489500
494300
505700
492600
505800
497800
498300
493400
497800
490900
487800
487600
489000
492200
508700
489200
497900
497200
492100
490100
489600
487400
486300
489100
495800
490200
500400
500800
506800
493000
490300
490300
491500
493300
488100
489100
490000
489100
488700
492100
490100
490000
488600
490900
491100
490700
503100
500700
497800
498200
497900
506000
496200
490000
488400
491600
491500
491800
488000
512600
494000
500300
507000
502300
503700
490600
490100
521500
488000
490700
487500
491200
490700
488700
491500
491700
490600
489300
490400
491100
489200
492200
489900
497500
500300
497100
488800
495100
491300
489600
490600
491200
489300
489800
489400
490900
489100
498200
495600
495600
490200
489100
505700
490400
499600
505400
501100
521700
501000
498700
488500
493100
492900
489300
489500
489900
489900
494200
491800
494500
494900
488700
501200
488000
499800
499400
498900
496700
496900
491000
488900
488800
489000
489200
491000
490000
490500
489000
493300
489400
489000
489900
490900
491300
502200
494700
504900
498200
524100
504400
488400
489900
500300
494500
493100
494500
501700
490800
488900
489200
491100
492000
492600
492900
504400
514600
492900
498100
510000
501800
493100
495800
489800
490200
490000
492500
491100
489100
489800
490600
492400
488800
489600
490900
491200
491000
493100
522900
491800
499800
498100
502400
502400
489500
488600
492300
489900
488700
488600
491600
489400
489100
489700
489600
489500
488800
493300
489400
489200
499400
505100
502200
499900
496800
500200
490100
489300
489600
487800
489800
487900
491000
491600
490600
488500
490300
492200
491400
488800
507300
493200
490300
502700
497900
500400
488600
488800
498600
494000
493700
496100
489600
490500
489000
492100
491900
487600
488200
489300
508300
489600
491300
5270200
498400
496900
496400
496800
497700
507200
499600
499100
502200
528000
502000
501300
498700
3262900
632500
596900
596900
597500
596100
597700
594300
594200
596000
598000
5488900
502100
498300
496600
498400
499200
504500
500700
499600
501300
509200
495100
496500
6125200
678900
599000
596400
596300
596300
597600
595400
598100
608400
602700
2425100
934600
793900
612300
505300
500600
611900
506600
508400
495200
501300
503300
521200
497700
494900
496000
607500
605400
602000
596500
606000
600400
602600
596200
599600
601000
624900
598000
604300
598400
600000
599400
602200
599500
602400
601800
599800
601700
600400
601600
599400
601800
598400
598300
603900
503700
499200
3508300
3142100
1265000
504100
569400
601600
606600
601500
601700
596000
599300
601600
600100
610200
597200
597400
597000
595200
594600
597500
594100
595100
593900
595000
597300
519000
497600
504000
496900
496300
511900
504500
500900
500100
507100
497700
496900
499500
503300
5160400
526200
499700
495600
495000
501500
498200
496500
495800
505800
515700
495700
495000
495700
498000
498000
496200
495500
497700
500800
497800
650900
503500
502300
501300
507000
499400
498100
495500
496400
498600
508100
501000
503500
508200
500200
496900
497300
499000
5256700
504000
502700
505000
497200
501400
496600
496000
608500
656900
595200
606900
600500
601100
596600
593100
595800
596900
596900
597500
597500
595800
603300
600600
599300
602800
6754000
535600
497400
500600
502300
501500
501700
500400
503600
503600
516200
503900
1051200
969700
599800
602100
600000
602600
598400
598300
601500
604400
599100
648800
597300
605400
597200
598200
597100
599900
594600
595100
597600
601000
594700
600600
596400
596100
594500
597400
619200
606200
593900
634200
602300
599900
500300
497300
499500
497800
497100
494300
498000
498200
497200
497100
497000
499600
504900
499500
498000
501400
502500
501200
500200
501000
501400
501300
502200
500200
501100
501800
498600
500600
502500
499800
499600
498200
523200
501400
500600
499800
503600
507200
497000
496800
497300
501900
496600
499200
497800
497100
497900
497200
496100
498300
499100
498400
517300
498400
495900
497500
494700
496600
504300
501600
504600
501500
505800
496000
498600
513600
501000
499700
501700
508900
498100
497800
496200
509500
501800
498700
499500
500900
500700
501000
500300
580200
601400
602300
599600
599400
598800
601100
600400
599500
622800
601200
600100
599400
598200
606000
598500
599300
601500
600200
597500
602300
599800
601900
598000
599800
599100
599600
598100
598500
596300
595500
596800
604200
597500
599600
602900
603400
617500
598500
601900
597000
592400
593700
596400
625400
597900
602700
596200
598400
595700
605700
601700
599700
606800
598400
596400
601500
598200
598000
596800
609800
624100
595600
595500
593600
593400
594200
592400
599800
595300
592100
596300
599100
599700
583200
502600
500000
501900
502500
532600
502000
500000
501400
504600
499900
502000
502700
501800
499400
498900
501200
502800
500200
495700
514700
497800
496600
495900
498000
516100
499300
493900
498400
498300
496700
496200
496600
511200
503500
501100
503400
502400
499900
500100
506800
502800
496400
496300
501900
519800
500700
499700
501700
501400
500200
498300
500200
501300
499600
496200
498000
507900
500300
498300
500300
505600
502300
502500
505100
526400
497400
496200
495600
498300
497000
505500
502700
502200
504700
499400
495900
497100
494100
496300
495200
499900
496900
495500
517500
511400
506700
499500
500100
503400
501400
499700
502600
506000
497900
495800
495500
499300
500000
497400
496200
502100
501600
499700
497600
528900
498500
495900
497400
499700
498500
495800
496200
497900
499700
496800
497800
498600
499200
496200
501900
498200
496400
497700
499500
518500
525300
500400
498900
501000
502600
500400
499800
501000
498800
498600
501000
501600
504500
499400
498900
501200
509600
495700
496000
502800
500300
499800
500000
506500
501600
500400
500800
505500
498300
494800
505100
501700
504400
500000
494500
496800
497900
508100
498500
501500
501900
500300
497000
509200
501300
499900
499500
502600
501300
502100
499700
501200
506400
494200
496900
501000
497100
499100
497200
499900
497600
498300
496300
497900
505500
503800
499900
502700
501200
499000
499500
505000
501300
499800
503500
502000
503100
498100
495200
495100
500200
500100
499800
501500
499500
501900
501000
497200
498300
501600
496600
495900
499100
499900
495500
497000
498600
536300
499700
496900
497100
501600
500100
503100
505900
498100
497600
497200
499100
499400
495100
498100
498400
501200
497000
495700
497000
516700
495400
495600
500400
498700
497700
496900
498800
506600
500700
501400
527200
502500
495000
504000
501500
501200
500600
499600
504600
514300
498400
503400
500100
502800
499800
498500
505100
497400
497800
496800
496800
505700
500900
492200
497200
497200
502100
494500
493800
512000
504700
501600
501900
498900
497900
504300
500100
503300
498900
505100
495400
502200
491500
499700
504300
504400
501500
492900
493900
511500
493000
493100
493800
494100
492900
491900
494400
493500
495300
492500
494000
491300
493300
503400
490500
506800
499300
501700
494000
510300
492300
492800
493100
491100
495000
492600
494100
491700
493300
494000
494300
493400
491800
495600
501000
501100
503200
502200
505500
495400
503000
495300
495000
491300
493000
494000
494600
497300
493700
495700
494700
492000
492300
508400
493700
501200
496300
498400
493400
492900
492400
495600
495100
492700
491600
493400
492700
489400
492200
493700
493600
495800
493600
499800
492000
501600
501300
502300
503600
492300
509800
495100
494500
493000
493500
496100
493200
493500
494800
495700
492500
491800
493800
505300
491400
499900
501700
502700
504800
492500
513400
492600
493700
492900
497500
494000
493400
489400
495900
494800
492700
493000
494300
490600
495900
496500
502300
500400
502700
493500
497100
495400
496600
493000
494100
495000
493600
494100
495800
492200
492900
495100
494200
493200
493300
492800
499800
500200
499400
504000
504800
496600
500700
498500
493600
491900
496700
494800
494900
494700
494600
493500
494400
492900
492100
494500
501600
500400
500600
501500
518900
492700
493400
495300
494700
491500
493500
495600
496400
501300
504700
493400
494700
491900
493200
598600
495400
499100
500300
501200
529000
497300
492400
494100
493200
494600
493800
495800
493400
492300
494300
493600
494700
490800
493300
494000
496500
491500
503100
501600
520900
500400
493100
491800
494500
492500
493500
493900
493100
496000
493900
497500
494100
493800
493700
494500
492700
492600
500000
493800
502200
496600
497400
495800
492300
491500
493800
494100
491600
494200
494300
496600
493400
495300
495400
493600
493600
494500
492800
493100
490300
497900
497400
495500
500100
507500
493500
492700
492200
496600
499500
495500
492200
494100
493600
492200
492700
494100
492800
493100
493900
507900
493600
505500
496800
497700
497200
494000
494100
493600
491900
494000
494100
496300
492700
491400
491900
495500
492600
492900
493900
497400
493100
492100
503800
501500
501600
503200
501200
503400
507500
502200
496600
494700
490300
493900
495100
498700
493300
492800
495500
513200
492400
492900
504500
494600
502200
508400
502100
495700
492800
491900
495100
494600
495400
495000
493100
492700
492900
497000
494100
491500
492200
495900
497100
493600
493400
495200
499600
497200
498800
493600
497800
494000
493600
495800
494900
494800
491200
497900
494600
495800
506700
501500
498100
495500
499800
503400
504900
501700
505000
499600
498500
495600
492200
500900
498600
492900
504700
504900
495600
495100
492800
494300
493900
492000
492300
505300
494100
499900
501900
500800
498100
495300
491700
490800
495000
492300
492800
494200
495600
495500
501100
507600
494300
504700
499100
493900
502100
493000
494200
500700
498000
500300
490000
494900
501700
501800
503000
502400
494200
491700
492100
494300
493500
493100
496300
492800
493800
503800
515000
494800
501400
496600
500300
497900
493900
491600
495600
494700
492500
493500
497300
494800
493500
492500
493700
492700
493600
493800
495900
501000
490800
504900
502900
505500
499500
502900
493900
492700
493000
492900
496400
493200
494100
495200
494800
494400
492600
493800
493600
490000
492600
505900
493800
504900
506100
503000
502800
494100
492900
495500
511700
493400
493900
494600
492000
493700
493700
496300
493900
492000
489600
493000
537300
622600
502200
496400
497200
497900
498100
496600
495400
497900
497700
495800
497300
495000
498000
496600
504400
493600
496000
490600
492400
510100
493000
504100
509000
512000
493200
492100
491800
494600
494100
493300
492100
496300
494700
493300
494500
495200
494100
494000
493100
494100
492400
495300
504100
497900
496300
494500
534400
503000
498000
499800
503300
493000
493500
494600
493100
494200
494500
493800
490600
493600
492700
494900
511600
494300
496500
496700
519500
493100
492800
491000
496600
492500
495200
494100
494800
494500
492000
493100
495900
494600
492800
495200
504900
494800
507800
496500
510000
493600
491100
492600
495100
492900
493400
493600
493800
495100
494700
492300
494800
493700
494000
494100
495000
492700
495700
506500
500100
494800
492900
494100
494000
493400
495000
492900
494400
494100
492700
492900
495400
493100
492600
493800
495500
493200
492800
506900
514700
498500
498700
507000
493300
492500
495800
494700
493400
493200
491400
493700
496800
492100
493400
494000
492000
493600
492800
503700
514500
496200
502000
498900
498600
495200
496200
500600
497200
499000
496200
495200
497800
496500
495000
500200
497900
497000
497600
497500
531400
548700
508300
502900
500600
501100
501500
506700
498800
499100
497400
499500
499300
501200
502600
495800
497500
506600
501800
498700
500000
503100
538100
498000
499600
501000
502300
499800
500900
501600
501600
495500
496700
498600
504400
500800
501800
502400
501500
499400
499400
501000
499400
501600
501700
507800
497900
497200
494800
505600
503300
506600
495600
500800
498900
500200
495600
496400
497700
511400
501600
501900
505300
497600
498000
496900
499000
498100
497100
497800
494600
500700
496700
500700
2034600
500800
496700
509300
497900
495700
494700
506300
500400
499100
495200
499000
497400
496200
501000
501500
502800
500500
498800
500400
500300
500500
502500
522900
501000
495700
498900
499600
506800
502700
499600
524700
501700
500300
500200
507900
499000
495500
496600
504900
498000
497300
499200
515800
501200
499700
501400
501300
501400
496100
498700
497900
501800
507000
501700
521600
504100
498300
500700
499300
496300
496500
497700
498500
496600
495300
531300
498600
496400
498200
498200
497600
496100
497300
506100
519600
500900
508500
499800
499100
495700
495700
499000
497000
495800
497900
5271200
498800
498300
495500
499200
497200
495700
495400
501100
499500
500100
498200
496600
498000
496400
513300
834200
499900
501600
501400
508200
496200
497100
498100
498900
497100
496800
496400
596200
498400
496700
504800
500200
497600
498700
501500
501800
502900
500900
496200
501600
501900
499700
500300
504900
1077100
941400
598300
500600
498100
497600
506100
502600
501400
503200
495700
500800
498900
496300
498400
497400
498600
502100
504000
503000
501300
497600
495600
506300
502200
498600
497500
501300
502600
497400
500500
501300
503000
501600
499700
501600
501400
497700
507000
531900
5196700
671300
694500
678900
497400
503200
500200
502000
502000
499300
502900
502100
818900
3550000
582600
498700
498900
496000
496300
497500
497500
496200
496500
507700
514500
634300
499000
497400
498700
496600
496800
499100
502800
505300
500100
499300
501400
501400
500000
505200
496900
499300
496500
495800
497700
497500
499500
495100
496300
497400
498300
498800
498700
506100
502600
501700
502000
509100
886200
1241800
601100
602900
600200
602300
598400
591700
596200
593100
593500
600600
606500
601800
601800
606300
597500
501800
502300
501500
498700
499800
501500
502500
501400
502200
505900
522600
496700
497300
498500
508800
493500
502500
502600
502600
500900
499900
500600
502100
506000
500600
501300
502900
502200
501500
501700
529500
500300
496400
499200
501900
518100
500500
499400
500900
501800
499100
499400
502800
501300
500000
499400
500700
509300
497500
495400
529300
502300
499300
500900
499900
503400
500800
501800
497600
497900
508400
499900
500900
501900
507500
497500
495600
496600
506100
501000
526100
500200
502100
498800
501600
503600
499800
514000
498800
500400
496800
500200
496200
495700
501900
505400
500700
499800
500800
505000
496200
497900
510200
501300
497400
499000
508900
498600
497800
504800
500600
504000
501500
499600
497600
501100
500000
495900
496700
522300
499000
498400
496500
498300
496500
497600
495600
496800
499700
499600
496900
503900
501300
500100
501800
499900
501700
500700
500300
500600
501400
501500
499900
500800
502400
502700
494400
499300
503100
502300
499500
499400
500700
502000
498200
501000
500800
501600
498800
501000
500300
503300
500400
499900
502100
502300
501400
500100
502800
503500
496400
497800
522400
498200
507100
500500
502700
501700
499600
501500
505000
500100
508000
498700
500500
501800
503100
497600
499200
497500
498200
498900
497200
526700
506100
499900
500100
500200
524100
497700
499500
500100
501000
499000
504300
499200
499200
495500
496100
497700
504000
500000
501200
501000
508200
499300
502700
501700
528300
497600
496300
498900
497600
496000
494400
507000
502100
501000
500400
508900
498700
497000
497000
497700
497800
494600
496400
499400
536400
502200
499700
500600
497500
497500
504600
500300
504300
502300
499800
502500
501800
501800
500300
499800
502100
505100
497200
497800
499700
501000
496200
498700
501500
502500
502500
502000
500600
502500
502600
500500
504000
502000
504000
499000
503500
501000
507700
494000
503800
499200
499200
498600
496300
499600
498000
494500
495400
497500
495500
496000
496400
500600
497000
495000
494200
496400
499800
499000
497400
497800
500000
494500
495300
496600
508000
498000
501600
501800
502000
494800
499600
497800
498300
495800
496200
509300
503000
498300
501000
503100
512600
502700
500900
501200
501500
499600
497900
507300
500400
496300
496400
499200
497200
496700
499300
496200
501000
497500
496900
498200
498500
497000
497900
499100
506800
500800
502600
504900
499600
496200
497000
497700
497800
503900
497400
502000
501000
502900
502900
505900
499100
498000
498900
516400
496900
504100
502300
501200
501400
499700
495900
501700
509600
500400
502600
501900
502000
503200
498400
500200
510500
498700
496000
495200
656200
498300
507200
500700
500700
503300
497600
495300
498400
498200
496600
494800
497400
515300
495300
496300
500800
497400
495800
496500
501200
510600
500100
499300
504400
500100
501900
500100
501500
501500
499600
499900
501900
521500
501000
501200
499500
503700
501300
501000
500600
498400
502700
494700
496800
498100
497800
495600
498600
498200
499300
506200
500400
515300
506900
496900
496000
495600
508600
498700
501000
501600
500100
501200
499800
497300
497900
498700
495300
498800
498000
496400
496300
520500
500900
496700
500800
503200
502100
499700
503000
496800
498700
494100
497900
523900
512400
497100
496700
497300
508200
499600
499600
527600
500400
499200
499300
503800
501600
502300
500000
503600
500200
500600
501400
508400
506000
507200
504000
499900
501800
508100
497700
496700
498100
501200
500000
498100
499400
509000
501200
501200
505600
497000
495300
496300
495900
549100
498100
499200
500300
503000
534300
497700
493700
502800
502700
500100
500200
501900
497700
500000
497400
502100
501600
500500
499400
501500
527000
503200
500600
501400
502600
501700
501100
510100
496600
500000
496300
506600
500400
502700
502100
503500
499400
501900
502200
499900
502300
614900
502700
500000
501800
499800
501800
503000
500800
500700
501900
503600
500100
499500
502300
513600
492800
498400
502900
504500
496900
499300
517400
497100
506400
499800
502600
502400
504700
495900
498400
497700
494700
495000
497900
499600
496500
497300
498500
498000
497100
496900
522000
515100
494600
496900
497600
500300
497700
493900
500300
497700
496800
495500
498000
496500
496200
499900
498500
499400
497000
497000
516900
499200
506900
505300
505400
509700
498200
497200
504000
501000
522200
499700
501500
500900
501100
499200
495800
498200
497900
507000
501400
502300
501300
499500
500200
502100
501700
509300
499800
501200
510500
497800
507100
537700
502500
503100
501100
499500
499900
504600
508000
496000
497200
497200
577700
601900
600800
601400
599800
607800
595300
594200
595400
599200
601400
600200
603700
600900
602100
594600
597300
602100
611400
600000
608200
595900
593200
595600
603400
599700
610800
593700
594400
605600
603200
602600
602400
599900
600200
598900
598700
648400
501500
498400
498600
497000
496800
498000
498100
506000
502000
505900
528800
496600
495600
496600
501100
496300
496700
496900
496200
497400
495600
497800
498400
495300
496900
496700
498100
492600
491200
494500
510700
494000
491900
492700
493900
492500
496600
497000
491500
495100
493600
500600
494300
492000
498000
497400
510400
500300
500400
5735200
8935300
1045100
1043000
1042400
1031200
1033900
1294800
1336100
1424100
1189800
1124900
1111600
1135700
1126100
1115300
1166700
1149600
1217400
6561300
1076800
824000
523400
518500
519900
542500
515200
515800
562800
518300
518600
518400
516900
518600
523800
522300
616200
611000
614100
616300
626600
619100
626300
638100
615300
622600
618400
615900
612200
607800
612400
615000
623100
619100
622700
5114100
514500
517600
6648500
1351200
520500
518500
6899100
519100
518700
520100
518700
525300
517200
516400
517300
517800
519500
520900
516400
516500
518500
516800
517100
519700
517900
514900
528600
515600
520500
518900
516200
518900
1179700
1987900
736000
743000
620500
620100
619800
623300
616200
614200
621400
615300
619400
619100
611600
623500
616400
546100
515400
524900
517700
519200
519200
525600
515300
516300
533000
520200
530700
538400
523100
516200
514600
515300
515100
519500
516700
516400
515900
516700
518200
514200
515600
516000
516900
540800
512700
514400
519700
521100
514700
515900
519600
520300
515900
514600
516400
570000
518200
516000
516600
515600
517200
515000
511700
518700
523200
517200
515500
526500
520900
521300
512800
515900
517200
522400
521400
516600
541200
530600
516600
525800
514700
516800
533900
517500
514200
516200
528700
517300
527600
515700
515100
522700
522200
513900
515400
518700
524100
515000
516800
517900
517600
514900
527000
514500
528700
520600
511900
513800
529100
517500
513400
516100
524900
517500
526800
514000
529500
542600
522700
513400
526900
531100
528500
515500
519000
519400
520900
524000
524300
517000
515700
517400
516600
512200
522800
517700
515100
515700
538000
516300
520600
528500
516000
516200
520900
516000
514200
517100
527900
532200
523800
520800
514000
516000
514900
517900
524900
517200
514500
515600
517600
516000
516400
525700
515200
526700
516500
515500
510800
525000
516300
527100
515000
510900
523700
516100
515700
518700
532700
534100
514600
512900
516200
517100
514600
513900
519900
521700
515800
514400
515100
516600
518100
514500
514900
515700
516400
514700
516000
534300
558800
516300
519000
516200
528100
518000
515100
514400
527700
517600
526400
515000
517300
515400
520200
522500
515100
517400
541600
522800
516700
528300
522700
517500
515100
517000
516600
514500
525800
515600
527800
513400
516600
516700
516000
523200
511800
515800
544100
528700
515600
509700
577600
515200
521100
514300
516100
526900
515200
526400
514900
514500
533700
508300
514300
517800
515900
515400
525400
531300
520900
519500
515400
541400
515300
516600
515700
526100
527800
522000
518000
515300
516300
517900
515100
518300
516700
540300
527600
516200
511200
523300
518800
515200
515100
528400
517100
515600
515800
516800
521100
519200
515300
515300
525100
514000
525800
510000
516200
528100
515700
514700
512000
522500
512200
515500
515700
516300
516300
515700
513500
515300
520700
518500
514700
516200
534400
517200
514700
514400
518800
523200
514300
515300
546800
522400
516200
516300
514600
516300
516700
515900
512400
522700
515600
526600
517200
517500
517900
515000
514500
524700
521600
514900
513800
557600
516000
514000
515300
515900
527800
527200
515400
515800
531200
539100
514200
515600
516600
517500
513500
515500
515900
517200
515800
515200
535600
517200
517800
515500
514100
516400
516400
514200
514200
538100
516100
515200
514000
522600
523900
515300
514300
516600
526500
546100
514600
515000
527200
515800
519200
514100
515700
516700
528500
526300
515400
514900
517900
515000
526300
515900
518300
514900
513600
529100
530700
528100
514100
528100
528400
516700
515400
514300
537200
516500
516900
515500
516800
516600
514600
515300
515700
541200
520700
515800
517100
694900
516600
518200
515600
514200
516300
548200
514400
516900
516700
516200
515100
515100
516500
516200
526500
520600
510200
529200
516800
515100
527000
527400
515700
526700
514300
539100
517100
517400
513900
525700
515200
521400
518900
514600
515500
528100
514100
515900
517400
517800
518100
524500
526700
514700
536800
515300
514000
516400
521600
520300
516000
515900
516100
515000
515200
527300
527000
515100
517900
513300
528500
533800
519800
530400
547000
517800
515900
513500
515300
516100
517200
526300
514600
517000
517900
516000
515700
588800
527200
529000
515200
517900
536900
539400
514100
515700
515700
516500
515400
515400
528400
518000
516900
515000
514800
527000
516300
515800
515500
526700
514300
525500
516200
548600
515800
515500
513800
515900
516500
514300
514300
516000
539400
517200
526800
515800
516000
527700
521100
515600
515700
516700
520200
512600
526200
516600
516600
516100
515200
516600
516000
519400
519500
525800
515600
516200
514400
515700
515100
515800
516000
515000
545700
518100
528100
508800
500200
499000
500000
508300
503300
503700
508300
499500
499300
500900
500300
501900
517400
495900
501100
500000
510900
499800
500800
498000
500300
500000
499700
501900
497800
500600
501300
508100
505600
495000
500600
499400
498800
498500
499600
510500
498600
500600
500100
499200
498900
511900
502000
501600
500300
510300
500000
498500
500200
500600
502100
496800
499000
499900
509600
509600
499300
500600
500400
499000
509400
501000
531200
498500
499100
500500
513000
514600
499000
500700
504100
503700
500700
499600
504400
499200
498300
499500
501400
500100
498100
500200
499800
497400
521000
501500
500500
499700
500700
502000
498500
505400
496600
510000
498300
504300
510000
510500
499600
509300
499900
499800
499300
497900
498900
506000
504200
502400
500000
499800
499900
503400
496400
499500
499300
499900
513100
499500
509200
497700
500000
505400
504700
498100
510500
499200
504300
528400
503400
499500
500000
500500
501600
500700
500200
499300
502200
501000
500000
501200
500800
500200
502800
506900
499400
499500
498800
499600
536400
499600
501500
499700
500600
501000
505900
502600
526000
499900
497800
516300
496400
500000
499900
498300
500300
505200
506000
500500
499600
526800
515300
497600
509400
500300
499800
505500
516800
501500
499400
497000
517800
494700
501100
499500
509200
501700
500200
499500
508900
495900
511100
498600
499300
512800
501100
499100
497300
510500
500200
499300
498000
499800
501000
499600
499000
500400
514300
506700
503900
501600
500700
498100
508000
497100
500100
498900
508700
496000
499000
499900
497800
515100
522600
502000
509500
499000
499400
508600
509400
505000
550100
501400
530000
500100
508100
500900
500400
498100
496500
499100
511700
504900
497700
500100
512100
506700
502000
500100
499600
500600
499600
494600
503500
510500
513700
502200
497300
498300
499800
501700
499400
504400
496400
499700
499000
497700
501200
500600
498900
498100
500700
505800
503700
499000
506300
513200
500100
500000
499500
500100
499100
499200
500400
496600
508900
500200
498800
499800
508100
499500
501200
510200
502000
502300
536800
502500
500100
499600
500900
501200
499700
498900
500500
501100
500600
505700
507700
500200
499000
498100
501100
507800
504700
510600
499000
508000
494700
502700
500200
498500
498800
499700
499100
503600
497100
499700
500300
501600
499900
500600
511500
496400
505300
515700
511000
495100
494800
523400
497800
500700
499700
499200
499400
500100
499300
501600
498000
502100
502000
505200
504200
500900
505200
498400
499400
502200
495400
496100
512700
499900
496700
501000
502800
502400
499000
510400
501500
500300
499600
500900
500100
499000
516000
496400
500900
499500
499700
501400
500900
503700
496800
507700
502000
499600
498600
510100
500400
509300
498800
499800
501000
497700
504700
497300
500100
498700
519700
499000
495600
499800
505600
520200
497500
503400
498800
500500
499700
503300
498300
496900
496400
506500
495900
493300
499100
499900
527900
504200
496800
493700
496000
522200
503600
505500
500700
497100
496000
495600
494700
495800
496300
493700
497300
500400
499800
504300
513000
497300
496300
495700
498700
495800
502500
541700
500200
501600
499500
498800
499500
497000
495600
504300
500500
501100
500400
506500
525000
496100
496100
494500
495900
500000
503400
505900
512100
499600
500100
499300
500400
498300
516000
505000
494500
510900
499400
498700
517200
500900
503700
517300
499200
495600
495300
495000
495500
496100
497000
515500
499600
498700
504300
496600
495400
495200
495200
497200
513400
500700
499800
498900
507700
492800
496300
496500
508100
496000
503800
528600
502400
500200
500000
498800
512200
501700
494500
495500
499600
498000
504900
500300
494700
496300
498000
496100
496000
506100
500900
499400
495600
505800
500200
499200
497800
502900
503200
500700
500200
503500
495800
497400
495700
493900
496800
496800
502100
509800
501800
507700
494900
494200
515200
496900
503100
500300
498300
501200
503100
510500
495200
496500
495300
497400
498200
500200
499400
500800
500700
496500
504500
496100
495800
496000
515200
500400
501800
499500
499100
522600
497300
495400
504200
501000
501600
497800
499900
500900
500200
502000
495600
496600
507100
506400
499200
520700
497100
499500
513300
508700
495600
495300
516100
499800
499600
495900
495700
497000
495200
495500
495300
504800
500200
499700
504300
496000
518600
496600
504300
517800
499800
498900
504000
508000
496300
493400
495800
495800
496300
495500
503600
509900
495900
495700
496100
497200
495400
493600
505600
499500
499100
510700
500600
502600
500000
500000
498500
501900
498600
500600
506400
495500
498700
498800
501700
501400
495900
495400
504900
520700
493800
504500
501100
501400
499500
503000
515200
499800
499600
504400
496100
496000
505600
516400
501400
500200
503200
499700
501100
495800
495700
516300
502800
499500
497900
499500
501500
500400
503300
495000
496200
494000
495600
495200
496900
499400
499000
507700
496300
506100
495700
496800
502900
496900
504300
501000
498900
496800
504600
500200
512200
499400
499300
501000
500800
514000
508300
499800
501800
496900
499300
500400
516700
502900
500600
499400
508100
501300
498900
503600
505600
501300
498400
510600
502000
501800
510400
725500
508500
503500
502900
504600
501000
504200
500000
499900
500200
500400
494700
504600
500200
501800
499000
499100
504200
499600
496700
498800
500400
511700
498700
497800
498400
514800
498200
499200
512300
497700
498700
2198200
987000
503000
497000
594300
625900
593300
594400
594700
635500
598600
598400
600600
595900
525100
495900
501300
498700
498900
514900
497200
498400
499400
501200
503700
498800
514600
504400
509300
498000
501400
501600
500200
494800
531200
507300
508300
498700
499700
5138000
503900
511400
526400
503300
500500
499400
499300
511600
501000
686900
606100
596700
645100
620400
596200
597200
594900
600700
623500
631700
595200
598500
595700
597500
597000
603400
602900
595000
595400
594300
594300
595900
595800
615300
598200
627000
1212200
911700
666500
567700
510200
499400
500500
500300
498600
498400
508600
501500
498600
499900
500400
501700
499700
497600
517200
501300
497900
499400
499400
499500
497400
498300
500600
498300
496900
498200
501000
500800
498900
500200
501200
499700
498800
499700
498600
5598700
620500
608600
596900
599700
600600
593900
596400
598000
593300
595600
594400
819500
541800
501800
498300
501200
501800
498600
499200
512900
1750200
3903800
500200
516900
501400
501700
507300
519400
508900
508400
511500
504600
503100
500100
499900
2669500
1012400
796500
503300
503800
537900
503200
503500
508000
518200
499400
498800
499600
502000
498600
497200
502300
499400
536200
539300
500900
507200
508600
498200
500800
520500
501600
556500
500300
501400
502400
510100
515400
525600
501000
498700
539100
500600
500500
521100
499100
501000
501100
499800
500400
546900
554200
504000
502000
510500
499000
499700
501200
499400
496000
507400
501900
499200
501900
504500
495500
499300
498300
500000
500400
498200
499700
539500
500000
502500
500200
498900
500700
499700
496600
499900
500100
500000
509500
498900
499500
498800
499200
500300
510100
502100
499300
496300
518600
499400
497400
497200
499000
501400
498700
498900
500300
500100
499000
500500
498500
501000
499900
498900
498600
500200
499200
509200
531700
504700
503700
510700
500100
503300
503200
499500
499600
513100
502900
497800
508500
494400
509000
503700
498300
499400
520800
508700
500600
498700
501300
502100
510300
497900
512200
513700
505700
494300
501300
514200
501700
499100
498300
509700
503700
499200
498800
510800
512900
499700
494900
509400
502500
499900
509900
502000
502700
508800
499200
502300
499600
509300
497700
502300
504600
496200
500000
510400
503700
500000
499800
528500
507800
499200
510300
501500
507300
496000
499600
503400
502800
498400
497000
502500
503300
500000
501300
502100
502900
508400
497800
513500
528700
497900
499800
502100
502300
499100
500300
502800
500400
508800
498500
513200
501100
499100
495100
519800
502700
500900
495900
509300
498900
499300
506000
510500
502800
499000
497500
501800
502200
499900
498500
503000
503000
503800
512900
506900
505600
509600
507900
501900
501700
498700
499700
534300
507800
499500
497700
503300
502800
500400
495200
500500
502800
499300
499000
502900
503000
499200
497300
504000
501500
500400
498600
560100
506500
498800
499200
501000
503200
499800
499900
498900
510800
499100
499300
502400
514000
499200
499000
502500
502400
504500
493800
503900
524400
499000
499400
501900
501700
498900
497900
498900
507200
498300
500100
503000
503000
509900
497600
499400
506800
498400
499500
501700
502300
497400
499000
502000
513300
499000
498300
507600
500300
507000
495300
500900
502300
498300
509200
501400
505700
504800
509200
502100
503100
499200
499300
515000
508800
509500
498700
503100
506600
505100
509900
502400
501600
505400
495700
501800
503700
499800
500000
498700
508700
499000
497400
502800
545400
509200
500400
503600
503100
499300
498100
502300
504200
507400
499500
497500
503700
511900
499300
502800
503500
497200
497400
502300
503100
500100
635200
502300
512000
516700
511300
500000
500000
500700
513000
503700
497300
502200
500300
499400
499400
509200
502000
499700
512000
505600
506400
500400
500200
515200
500700
498900
500500
504600
502700
497100
500900
501100
503800
496100
510100
510700
497600
498700
497500
507400
499700
500100
584400
515700
502500
510000
510700
501000
504900
502700
497100
499800
499200
499200
497900
510900
500800
500300
501800
500400
503300
500200
499900
522800
500300
509600
498900
500400
498200
511400
500600
500800
504600
502200
500400
501100
506000
497400
497700
500100
497600
499100
500000
517400
506200
494900
499200
500800
498500
499300
500200
499800
516500
495300
495700
497000
494500
497500
2009100
500100
498200
523400
496100
495500
541700
505800
499400
499300
499600
514100
505400
496200
497100
505800
500500
510300
501000
505000
503300
498600
500300
533900
496100
494700
497400
506900
499200
498400
502300
499600
508900
500500
496000
495300
503900
500200
501900
508700
495700
496400
497600
495500
503200
497000
500400
502500
496300
513700
500800
499000
498500
500600
500800
500400
499600
496100
506800
496800
495700
506000
508500
503100
498300
499600
504500
505800
494600
495200
495500
500600
500100
501500
495700
506900
495100
496600
498700
503200
499600
501000
495900
498900
517000
503500
505400
499600
507800
496300
494200
502400
538600
501000
508600
508200
499700
497900
495300
495200
497900
499900
498600
502700
512600
496700
496500
506400
494500
496900
514500
509800
498600
544900
496000
500900
500500
503100
503800
502500
510800
499800
504800
494900
510600
496400
496000
495700
496800
506700
499500
497200
497000
491900
494900
495200
501000
499100
499400
499500
498400
505200
501600
499600
501500
499700
499100
500400
500300
499500
499700
500100
498500
503200
504700
517200
504800
504100
498600
501000
512000
501400
495200
495600
511200
495200
494500
500800
510400
514700
494800
506200
497300
496400
495800
509000
506600
515000
494900
500000
500900
514500
495700
495900
504500
503400
500400
495500
495500
496000
495400
496500
497100
505000
494600
503000
504600
495300
505300
496400
504300
498200
509900
495700
501500
502300
495300
498200
497800
505500
496800
497700
505200
502500
499300
499000
498300
499200
500500
513800
494800
501100
500800
501300
505600
495100
507400
495600
496600
495000
507200
518000
497500
510300
511700
507800
496000
496900
493800
494000
515600
524100
500300
500700
510700
537700
496600
500100
500000
499100
499500
499400
503800
508600
495600
496500
494100
496600
496700
507400
500000
501400
531100
496000
504400
524500
500300
499500
498900
498700
501400
499100
498000
513500
500400
502800
495500
496700
501500
500000
498600
499000
500600
501900
494300
509900
500600
497800
499200
501300
496700
495000
496800
495700
495700
495100
503100
499000
497700
508100
497100
497200
509100
506700
497100
498500
498900
504300
497200
495800
496900
503900
501800
495500
498300
504100
500900
502300
497700
505000
496500
499200
503200
496900
495500
496200
495000
495100
496400
495700
504900
507200
496500
495400
495500
507000
497100
510400
509300
500900
500400
498200
499400
499500
501000
498300
511300
500200
511100
500200
499800
499700
509600
499200
503300
497000
514700
498300
499700
500000
500500
500800
503600
495500
497100
509100
497500
500800
499900
495100
504400
499800
500100
496600
504300
502900
511300
499100
500000
500500
499000
510800
499400
501400
503400
498100
498300
499200
498600
500600
498400
504700
500600
534900
499100
499100
519000
497500
500400
499700
502100
500400
499600
499500
500100
501000
501100
505400
506300
500000
499000
509400
500600
520800
499300
506900
505800
496400
498200
500100
521500
504400
501800
499400
498000
503300
503100
500500
498800
506400
516800
498700
499400
528400
501900
499800
505100
502000
501500
499000
499300
540100
503600
498900
499500
502000
502400
498400
501400
506600
503100
499600
509100
530300
503000
499900
508500
519400
499400
502800
508000
506600
531400
507000
501300
512400
502500
495700
503100
505700
503200
499200
498500
514100
499000
496400
495800
518300
501700
496100
495000
498100
498900
494600
495800
506000
503300
499400
499100
507200
498700
512100
499200
524600
502500
498300
509500
518500
497300
498600
499800
515600
499000
495300
786100
785700
780200
780000
620500
501300
499700
499800
498500
499500
495600
495600
512200
500600
499000
509200
500700
498800
510200
500600
503100
512000
500600
498400
505900
494500
502900
503200
507700
495600
495800
497000
496000
506800
494200
505000
510700
501200
499400
503000
543700
502100
498700
500000
501700
500000
502600
508600
498700
501000
500900
500100
503600
505000
499600
499200
497800
500900
501100
498500
509800
527700
515100
503900
510500
500000
502500
500400
498600
499000
500000
499600
499300
499900
511400
498200
501100
505100
498400
506100
498700
500200
524200
501000
500200
500500
540700
499600
498300
506300
504300
499600
508500
500200
501400
495500
496700
498800
501400
498700
498700
500700
511800
499300
498000
501400
521000
498400
495700
501300
500800
497800
497300
510700
504600
499400
500000
506600
497200
499500
500100
504300
501800
498600
498400
519400
519800
510500
499500
500600
499400
500100
501800
504400
501500
499200
499900
500400
498300
504100
502400
506100
496100
496200
506200
505000
510100
503500
500200
510900
500800
503000
503600
504100
500200
497400
500000
502400
502300
495600
519100
499700
499800
509200
502500
516400
503000
495400
496600
506400
500800
497900
503200
495500
499200
500000
497200
498500
500700
496400
512500
497000
497000
499000
500400
505600
517000
510300
501200
503400
506600
498500
498700
500000
511100
507000
495000
497500
508100
499400
495600
506100
499400
498100
512700
497400
510800
494300
495200
497700
512300
500300
497100
512200
501600
502400
494700
499200
498600
491400
506600
502700
503500
494100
508600
504300
495300
493800
496700
506600
499900
500100
525600
507500
500800
498200
507500
508000
501500
499200
502600
502100
499500
499500
506000
498000
496000
494600
509600
512500
498300
499100
500800
527400
496400
499200
499500
503000
499200
498900
502000
498600
502600
498400
514600
500000
493800
497200
502600
505100
495400
496700
497400
499000
505900
493800
511900
520500
502100
500200
501700
498200
494100
496000
498100
506100
499900
500300
504900
512400
495500
502500
502600
503700
498400
500500
5859700
951800
517100
504000
502800
511300
510600
500700
500100
511300
500400
499700
510500
6670100
800600
804400
793600
796700
795900
795900
807000
792600
791600
806000
792200
790800
822700
799300
795400
790900
792500
790700
807000
796100
798700
2225400
923400
530200
499800
498600
501800
511100
500100
498700
501300
501500
497900
495000
508400
512300
498700
498700
511900
530900
499600
502800
499400
514400
499900
502700
499400
501200
500400
499000
499000
500600
500200
498400
501400
500400
498500
497900
505500
514700
497700
496900
5357600
515200
509600
499200
497800
500200
501800
499500
499600
511900
501400
500100
3411600
940700
498900
600800
499900
510000
529400
510300
498100
500700
510100
494900
499400
498900
510400
498700
499300
500700
500200
498900
504700
503200
501200
499500
499900
509600
549100
494400
631800
500200
500900
499700
498700
500200
506000
495000
508900
500400
501900
499400
496600
3312600
3084600
1060600
596400
573400
500000
500800
499300
528500
519600
503700
502500
511600
511500
498500
497700
502500
502700
497400
507200
501200
516200
495800
499600
501900
528300
498200
500000
536700
501100
495900
498400
512000
505800
505500
498700
500100
499300
499300
499900
512300
500000
504500
494500
498400
517900
509100
500700
500000
520300
500800
498500
499800
500600
501700
500000
499000
503800
504200
500100
510700
501000
504500
510400
498000
517900
498900
499600
496200
507500
501700
498600
500200
511200
500900
499600
499400
500300
507100
496400
500700
501400
500800
509000
494800
520700
505800
498700
500100
500400
509700
498000
512400
501200
498000
499600
498600
504600
514300
509600
500200
500500
498500
508500
496700
523200
498800
498200
500300
501200
499000
499000
500900
516500
498800
497400
503000
511100
499300
509100
500400
501200
509600
496500
497800
525200
499800
498800
499700
500900
498800
499400
495800
506800
499500
498900
500600
500400
499600
500100
499900
499700
498600
498600
501000
520500
500200
499300
498100
509200
500300
499300
509200
500800
498600
495600
516200
500900
507600
498000
500500
500800
497500
496200
509400
514800
499400
498300
502600
507000
499300
509600
504700
517900
499100
500200
509800
516700
495900
498900
510800
502000
500700
499100
514000
513000
497900
499600
500800
505900
503400
499700
499600
499500
497300
510200
501300
500600
499300
794500
499500
499700
501300
499800
499000
529500
503300
499300
499600
495900
517100
500000
502800
501700
499700
498200
498100
506300
506700
499400
511100
501300
497500
509000
499100
518800
500900
505900
503400
500300
500500
499100
499300
498100
506700
498800
499300
511800
499900
499000
498300
509600
501100
509800
499200
515100
501400
497700
499300
500400
500100
510000
508400
497700
507000
510000
510400
499200
499400
500700
500200
496800
519300
499600
499500
513100
500700
498000
510800
500900
500000
500700
510100
500400
502200
498600
498400
499800
507100
504300
498100
499300
500800
499000
500400
516800
510800
497300
500000
500500
504600
502600
499700
501300
498600
500300
495000
507800
496200
500700
506700
507500
498400
499900
500400
540700
502700
500000
501800
499900
498900
499100
508500
500100
498000
500400
499600
510600
503600
496600
511400
504800
510800
498400
496500
525100
516700
499400
507700
500900
500700
500400
509900
499900
500100
504600
493400
501200
500400
499600
498500
499600
503400
504300
498500
503300
500500
499700
740800
497500
501100
500600
504500
495300
506400
496800
496200
495800
500800
501400
507500
493300
498200
497300
494600
515300
497500
507800
499200
516800
510900
511700
499800
499900
497500
496500
503100
498900
500800
498000
505600
499000
497400
495600
495400
498700
500600
499200
499900
500600
526100
509200
499000
500800
500800
499100
499500
499500
508200
496100
495900
506900
494700
495000
498000
538900
511900
504100
495400
494800
497700
496700
509500
501000
499600
500200
498800
505200
496700
495500
495100
496500
496800
504600
499000
515500
504900
495200
506800
497500
496800
505400
496000
521900
499800
499000
500000
501000
507000
495300
495300
495800
505500
499600
498600
517000
506400
494900
497100
507500
504900
504600
508700
498100
495400
502500
500500
500700
499900
515800
499600
497700
495800
497100
490900
508700
489200
486700
490000
490100
499000
494600
489700
500000
487200
488800
516600
506100
501300
498600
500600
498000
497900
487500
489300
489000
488300
489400
490300
503000
503000
490100
489700
497700
501400
492100
493800
508300
490800
497800
500700
510100
498500
497600
500400
497900
509700
506900
500400
500100
497000
512000
499900
499000
498700
498900
503700
497800
498600
501300
499900
510900
497300
501000
500200
499500
498800
499500
500900
509700
499900
510400
499700
498600
499600
501500
501200
499800
498400
513900
502700
499900
509800
501400
503100
499300
504700
498800
502600
499400
499700
500800
498200
506100
499200
503800
497800
503600
498700
528900
503600
509800
501100
500900
502300
503300
494700
502600
502400
510100
503000
506700
518300
509700
498600
501900
501700
497600
502500
509800
530000
498900
500600
502000
502100
504200
504900
498700
513100
503000
496700
511500
511400
504900
507200
499600
502000
499700
515700
497600
500500
499600
497100
504300
502100
548200
499100
498000
503800
502400
499000
501800
498900
516600
502500
508000
501600
501700
508500
499900
503100
499000
507100
499400
503600
527600
499700
499700
503200
503100
499100
499300
512500
517900
510100
506400
498300
501300
500500
509300
502800
502800
508700
505900
527600
516900
498800
500300
502700
501900
499400
499200
503500
513000
502800
505000
502600
502700
499300
502500
498100
501400
509500
499000
502200
567300
501700
505000
503500
503600
510600
503500
511300
502700
511400
509100
501900
499300
503300
509600
502000
511700
499900
499800
502700
506300
503700
508900
502800
503100
498900
500100
502100
501800
499100
504100
504300
502100
498700
503800
503900
501900
497500
505100
505200
522000
499800
498200
530700
502900
498800
503000
501700
499500
504300
504700
502000
502800
500800
499700
501800
501500
498700
499500
504000
517100
499000
499300
513400
525700
499600
500300
504100
511700
500200
509600
503800
502700
496200
499300
500300
502600
496700
502400
512100
531400
510900
504400
499100
502500
552200
498600
506700
502500
503300
499800
500100
502800
513600
497200
499000
512200
502000
499000
504400
505800
503700
498400
498500
502900
513600
498500
502800
502200
501800
500700
499500
503300
503300
500400
504900
503200
503100
502100
514100
509400
504600
497800
516600
500800
502000
498800
499600
526300
510300
499100
510600
502400
509500
511400
505600
502100
502100
498900
501800
509000
509000
497600
502100
500300
498400
499600
508400
520000
498000
499000
500800
500600
510900
498500
503300
505400
498700
498900
504500
500500
497900
495600
510200
500200
499700
509400
501900
505900
499200
504600
501800
502700
498400
500500
509700
501200
497200
495600
520800
499200
498200
498300
501300
500500
498800
501500
501200
499500
498500
501000
513200
498600
498200
509900
501200
496200
498100
511700
524800
498800
494800
505200
509900
498200
498000
498100
507100
507000
497500
495800
506000
509600
500000
510900
501600
509500
498200
505000
514300
498800
500300
501100
502600
508200
499500
501700
499500
498800
508900
496500
500700
498600
509900
504500
511300
500000
509700
499400
519700
499800
502200
496700
504100
504100
500400
510800
500900
496600
499600
501200
500900
498400
499600
496300
520300
499800
498300
500800
517600
498600
498400
500700
504500
501300
495600
500000
499700
498000
499000
500800
501400
498800
498500
501300
500200
499100
498800
500800
528400
502900
499400
500900
501300
498500
509000
499500
500700
498900
495200
507500
501200
498700
500100
505600
514100
499900
524200
501500
499300
499700
502100
504600
503900
498700
499900
500900
499500
509000
496800
507500
497400
498800
501100
500700
515700
495900
500400
518200
502200
498000
500400
499000
510200
500100
511000
500200
499000
499300
500000
502700
505200
494700
501200
498500
498600
494300
508200
500000
498900
518800
500300
501000
498700
500500
500700
501200
497100
500700
511200
499100
499300
500600
499500
499000
497500
495500
514900
497800
2043100
510600
508900
500400
500300
500700
499000
499300
500000
500200
499600
511400
503200
506500
499100
501000
500500
499400
500300
527500
497700
499400
498500
499200
500100
501900
499600
498200
500200
510400
498600
499600
505100
504400
497300
500400
510000
498900
497300
532300
500800
505200
494300
520200
501100
499700
500700
499300
498400
499800
499800
495300
506800
500000
498400
501000
512000
498400
500000
520500
500700
506600
496700
495800
513600
498300
498400
500600
502000
498900
498100
494300
506000
499600
498500
500300
502200
504700
498500
503500
500200
498200
494300
499900
498100
498800
512300
504800
501300
498700
500000
502000
503900
498100
501300
518300
494000
500100
500300
514400
504600
501600
508000
510900
503500
504200
497000
538100
506900
499300
499100
501300
505700
495300
495200
496200
515600
514400
500500
533400
514400
498600
494500
499700
499600
500300
496100
496100
495400
497400
511200
500300
497200
498900
496200
505000
494800
496400
495800
525600
505400
498500
495400
496800
494500
494900
494600
497100
502500
498300
511700
499300
499000
498100
496900
498000
496300
496100
496000
499800
488600
489600
489400
508800
504900
496800
495300
496400
494100
493900
510500
515000
499800
497200
500200
504700
502500
500500
496000
535700
498200
499800
489800
488600
494200
497300
503100
493400
496000
497000
496700
495300
495300
500900
499700
498800
499000
491000
488800
489600
487700
493100
492500
498600
495000
504200
506300
495500
496800
497300
488200
487900
491600
521300
504900
503100
499500
500600
499400
499000
509000
505500
495800
494100
497400
503400
498600
486800
494300
489300
507000
496400
497200
496900
497800
508000
499800
499900
497600
510600
504200
504000
495300
496900
497100
512100
494900
503500
495900
499500
489600
497500
496600
505200
495100
498300
518700
498500
498000
501200
515300
505200
493900
489800
490000
489000
489000
489300
488600
496600
495900
495800
496200
497900
497400
497600
501000
491900
498500
505300
498700
499400
500400
499800
497200
506100
496800
495600
495000
497300
497400
500400
492100
494000
493800
491100
492700
493400
504700
496600
523700
498700
498900
508800
499400
511400
501100
498000
498600
499800
501400
503900
495400
507700
502900
495400
515100
504400
509800
500100
498800
575600
498200
504300
497700
500200
500000
503700
496100
495300
495700
495800
496000
497600
509800
499000
504100
494700
496100
496200
495200
517100
5324700
776800
770300
632600
500900
500400
496900
498400
500900
501300
499500
499500
500600
6702200
541500
505400
502700
500900
501800
514700
508500
498200
500800
501400
507500
501800
499400
499000
510300
498100
497200
498500
500200
499100
499700
499200
500000
499900
508900
499400
500900
533400
499900
498300
507800
2174600
913400
504200
502100
607800
515000
515400
500600
500900
504300
500400
500000
498900
499500
500600
509900
498700
502100
500500
5219000
788300
775400
786100
817100
800000
793600
766700
503000
956100
996800
795200
880000
803500
838200
797300
799000
817100
816500
809800
795600
797700
811000
793100
797000
797100
813100
669100
535500
499400
499100
501200
501100
498400
497400
500600
500300
499200
499400
510200
508100
498300
499400
510200
5185000
511300
508700
503300
504500
507200
499000
499100
499700
534600
502600
514200
501700
501300
499400
505100
497800
509400
499500
512000
6749100
799100
791800
1301100
837100
1417200
801400
527100
500600
5568100
612700
596000
595100
594500
623600
592400
593800
597100
631000
6263500
625700
502800
499100
503000
504600
500600
498900
499300
501200
511100
497500
499600
522500
497800
500800
498100
500900
535900
505500
506100
499900
501200
500400
497700
505700
506300
506300
500300
499900
510800
500600
506400
504700
506900
499800
497400
500800
503600
499000
500100
500500
510400
497300
496700
501200
511100
494700
503200
500900
511400
499100
497900
505500
497200
500100
498700
501000
504400
498900
500000
506000
497700
498700
496900
501900
501100
498600
501800
506100
499200
499300
498000
500500
501400
500000
499700
507400
514100
504500
498600
499600
497600
509500
499400
501200
499500
501200
503600
500400
500300
503500
505200
499800
499000
499000
498600
503200
497700
502200
501600
499700
499700
499000
501100
502000
498700
509700
500100
500400
500600
498900
500200
501000
499100
497800
500000
499700
495000
505800
509300
501100
498300
498800
500800
500500
497200
500500
500400
508100
496100
504100
498800
499400
500700
503300
508700
500900
499000
499100
499000
514900
498500
499400
499500
500900
498500
499800
507900
497600
498800
508600
502000
500900
499600
499100
498500
500700
497500
500300
503100
500600
498200
512200
502100
501000
497700
500600
499200
509900
499700
498100
512000
499500
498900
505000
501600
506700
498500
527600
500300
500600
500000
500300
523200
495900
502600
502100
501100
499800
503600
506100
500400
498200
499000
501400
501300
499000
499400
503600
500200
498900
498900
498700
501200
495500
515700
497400
500100
511100
498800
500300
500100
510200
513200
500500
499700
500800
504500
527300
500400
496600
505000
504900
511700
509900
506600
508900
500100
498400
498600
499800
498200
500000
508200
501200
501100
497000
499200
517100
500600
498900
501400
500600
500200
499300
500300
509700
505100
499100
499000
500500
501500
502100
499800
501100
499000
500000
503500
528300
497900
500600
500300
499500
500000
498400
498600
501200
499100
495700
519700
501200
499300
498000
498200
502000
501900
499400
510700
506900
500900
498600
498300
499100
501000
494100
502000
511600
500300
499600
498700
513600
501400
499300
498600
511600
501800
505700
503900
523300
499600
497100
499600
500900
499700
499700
501000
510400
497600
498100
511600
500200
498800
503300
504500
499100
499700
498000
500300
503200
499000
499100
511300
512800
494700
496800
500500
510300
500400
500700
510800
502800
498200
498800
754800
501200
500200
498000
498000
504700
501600
499500
498900
497400
500000
499500
498800
500600
501800
500400
499300
511700
500800
495500
497300
528100
497400
499000
509600
504000
499300
499600
500000
509000
511300
498200
499400
509200
506500
498300
506300
500100
500100
512200
498600
499200
516500
511000
499500
499000
501000
510600
498900
499900
499300
500700
500400
499700
518100
495100
498700
499100
500400
509700
495500
517000
510500
499700
497100
515800
500300
499400
499400
514300
505200
498700
509200
501200
500300
500300
498700
498300
500200
498900
509700
500100
501100
499400
498600
510500
500700
498900
498400
501100
501100
498600
499300
501000
500400
499700
499600
502500
500200
499700
500500
505000
496000
498300
500200
517600
534500
509300
499500
501100
499500
499900
499900
500200
501900
511500
510100
510700
500500
510100
509400
499600
499900
500000
501600
524500
499900
508600
509900
500700
499700
499700
498400
509200
500200
494700
505600
500000
512400
499100
500000
501200
500600
498400
500200
513500
501300
499600
514500
670800
576600
500600
500100
513800
496800
504200
499500
499100
500700
510300
498400
499600
501200
501700
499000
501500
506300
511200
504400
499200
522200
501100
499700
498600
501400
499500
510200
510600
505700
505100
504000
503100
