39482700
39229800
39276800
39333400
39919000
40453900
40762000
40771100
40288700
40151000
39853000
40106000
39878700
46020500
43358900
51963100
62116700
63530300
44707200
43519400
40324300
40424400
40152300
40139900
40440600
40125300
40011800
39828700
39850700
39500300
39310800
39951900
40465600
44880800
40642000
40785000
40414000
40593800
40359800
40264400
39506200
39485200
51604300
61189800
50922400
55217900
41145600
40997400
40765000
40085000
40068800
40219900
40137400
40402200
40817900
40566600
40757200
40674100
48401000
40172500
40085700
40042900
40219200
40161900
40031700
39698600
39672000
40231000
40353300
40445400
63612700
59635000
54306800
49893800
40291700
41789300
48882200
41535000
41381000
41443900
40870200
40440000
40215600
40339500
40231600
40248200
40308700
40139700
39711300
39662400
39605500
40067200
40261100
40134700
40610000
40678600
40696200
59593300
63163300
45128100
49884700
40470700
40197600
40732700
40695300
40212000
40160000
40161500
40213400
40009000
40176500
40149300
39989700
39741400
39611600
40019300
39636700
40073500
40268500
40139900
40048900
39628000
39437400
39513400
44232000
63527600
58180000
54833400
44847000
40754800
40803400
40874300
40951100
40844300
40657600
40232400
40142900
40047300
40174600
40269200
40301900
40344500
40285000
40283600
40512900
40610100
40644000
40518400
40476300
40423700
40569600
40754600
40642300
39971700
40313500
40062900
40151800
40336200
40756400
40760100
40760100
40618400
40633300
40320600
40844200
40584800
40678000
40555700
40223900
39850400
39937500
39772200
39746900
39741800
39800600
40004300
39379700
39452200
39713600
39572700
39613200
39580000
39841200
39926500
39896700
40014400
40435800
39893900
39833300
40207000
40098600
39931500
39845800
39704900
40105100
39916400
39955200
39786900
39823400
39845100
39931100
40035100
40092700
40521900
40350700
40584100
40754200
41097500
40770200
40676900
40760800
40717800
40097900
40184200
40021200
39490800
39879300
39738900
39954600
39913700
40385600
39728800
39463700
39691500
39735900
39685000
39664200
39356600
39526000
39539100
40114500
39996700
40187300
40089300
39933800
39302600
39191400
39310500
39123700
39180000
39539000
39203500
39068400
39334400
39320000
39542600
44649100
39518500
39289100
39748500
39234800
39449500
39989400
40597300
40725800
40734900
40937600
40807000
40796800
40733200
40750400
40841100
40209500
40095300
40025100
40151100
40312100
40153800
39926900
47289400
43045300
39881500
39970700
39899300
40413600
40281300
40237000
40192400
40292100
40157900
40116300
40081800
39955400
40298900
40064200
40052700
39833900
40228600
40128100
39507600
39347800
41970600
39371900
39168400
39305700
39130300
39136400
39235300
39879700
39963400
39894200
39832200
39687900
39201100
41308700
40598000
39372100
39242700
39879600
39128000
39645300
40273900
40890100
40651500
40463400
40578700
40609700
40526800
40428200
40226100
40130800
39769000
39834000
40029500
39942000
39869000
39871000
39933200
39704400
40126000
40212600
39999700
39761100
40168800
39911600
39946800
39861900
40058700
40145200
39119300
39196900
39253400
39313400
39279700
39264700
39158600
39256600
39114600
39839600
39943200
39959500
39759500
40328600
40399900
40493800
40699800
40808500
40011000
39812000
39716900
40086100
40833900
40415700
40518400
46017800
40615000
39953000
40059000
40027300
39851300
40284700
40440500
40348700
39957800
39858700
40668800
40528000
40712200
40615100
40747900
40421900
40188500
40129200
40263900
40182700
40204400
40333600
45003000
40479600
40224500
39953700
39966200
40028600
39932300
39640400
39859300
39448500
39556800
39499200
39510700
39386900
39678300
39896700
39722800
39777900
40039300
39765500
39330800
39130700
39382700
39568100
40409800
40652300
40669400
40633200
40799200
40700600
43535200
46140700
40839700
40883500
40930600
40924000
41006100
40357400
40306000
40494300
40462600
40576300
40513000
40588800
40588200
41155400
40674700
39862100
39915800
39829900
39573000
39280700
39358600
39182300
39610800
39567800
39810900
39688500
39734200
39858800
40097800
39725900
39780900
39902300
39706500
39759700
39870400
39742400
40244600
39916100
39455600
39557200
40001700
39785300
39715200
39619200
39642500
39317700
39386800
40164300
40252100
40720200
46959100
45386500
40485800
40591900
40485500
40621900
40316200
40019400
40003200
39808100
39881500
40206400
40146100
40248700
39939200
39686300
40112200
40069600
39994400
40553600
40047900
39991500
39989300
39693200
39470200
39250600
39418700
39519700
43721300
47201500
40541300
40570700
40840900
40617500
40849100
40518600
40711000
40777800
40831100
40646400
40978900
40756000
39952100
39614500
39550900
39266100
39248900
39299600
39156700
39248900
39343100
40673900
40350400
40426500
40306400
40153100
40343700
40126700
40094000
40070000
39767600
40251000
40182400
40513600
40145900
40118800
40123500
40258400
39810900
39895000
39766900
40068900
39891500
39716300
39654600
40081000
39879500
39741500
40506000
39776800
39878600
39756400
39601800
39521800
39316300
39066700
39451300
39883000
39832800
39694200
39945800
40185700
40039800
40030600
39892000
39618700
39720700
39815300
39763900
40358300
40087700
39623200
39667200
39755500
40107800
40458700
40538100
40522300
40776400
40777200
40623100
40872100
40280700
40636800
40425700
40280700
40557800
40493200
40547500
40416100
40215800
40297400
40368700
40307200
40063300
39864300
39753100
39672200
39499500
39647600
39418900
39334700
39564400
39415400
39440600
39353700
39494600
39587800
39532100
39579800
39705600
39654300
39429600
39830400
39593000
39492900
39600200
47251000
41415300
39099000
39225000
39373400
39176300
39645400
39871700
41618600
47194600
40793800
40784500
40780700
40078900
40194200
40182900
40366600
40304900
40188000
40119200
40190000
40250500
40653800
40407500
42840000
39423700
39486800
39367200
39623500
39319500
39325400
39373900
39748500
39213400
39154100
39630800
40135600
39816500
39676900
39871000
39271000
39598400
39966600
39953900
39687900
39367400
39567800
39350300
39528400
39302500
39343600
39209800
39516100
39613100
39810500
40071300
40028800
39641800
39838500
39694300
40069500
40100800
40210100
39958600
40239500
40055200
40267900
40644900
40797900
40663900
40563300
40768200
40630600
40176400
40700500
39950200
39920400
39875200
40212100
45707200
44792500
39811900
40366000
39789000
42840600
39751500
39830400
39627100
39944500
39823300
40220600
39936100
40063900
40309600
40229400
39998800
40074700
39995700
40094700
39547300
39666600
40157200
40088800
39315400
39174700
39299100
39156900
39264400
39210400
39431900
39188600
43600200
46298200
39413900
39864800
40219900
48461000
42638500
40191400
40181100
40390100
39828900
39723100
39236100
39043700
39348200
39142600
39236800
39212500
39690500
40475300
40939300
40916500
40778800
40922500
41007200
40891800
40825300
40731500
40316300
40182700
40170400
39940000
39701000
39618100
39443200
39547200
39572900
39418000
39521500
39425500
39349400
39565000
39503200
39399800
39622200
39464500
39504800
39498700
39686000
39665200
39733300
39223600
39544600
39367500
39800300
40244000
40298100
40294700
40167500
40249700
40298400
40325800
40341200
40271600
40299300
40037900
40055700
40010500
45205900
40233000
40012900
40043700
40184200
40211000
40005100
39728600
39907100
39839300
40806100
40989800
46648000
45541300
40940800
40392800
40224300
40106400
46471400
45356700
40677100
40628300
40774500
40366000
39784500
39798800
39893600
39847000
40599200
43031800
47231800
39650000
39816400
39727900
39774700
39979800
40138900
40407800
40645100
40616300
40858900
40789300
40728400
40849900
40617600
40649400
40962700
40522700
40744000
40528000
40291300
39520500
39158900
39328900
39458400
39389600
39843200
39813500
39881800
40066700
39584200
39720400
39935000
40106500
40420500
40718200
40607600
40698400
40280200
39505500
39600500
39405700
39459900
40128100
40864300
40734300
40929000
40675900
40961700
40819100
40640300
40634500
40490900
39778100
39826300
39856300
39797600
40569400
40225700
40407700
40462100
40429400
40146900
40016600
40157400
40270600
40836600
40971400
40760500
40724500
41144800
39955400
39647600
39774800
39640500
40183200
40249100
40143000
40569800
40422700
39755900
39682200
39517200
39512200
39659900
39790400
39539600
39289900
39366400
39483500
39519800
39599500
39667300
39661900
39813700
39792200
39811600
39310000
40313200
39771500
40270000
40092300
39570200
39512400
39485200
39589300
39748600
40312500
40466300
40722800
40578100
40080300
39545500
39362000
39759500
40327100
40839600
40777200
40745700
40558200
40353100
39869400
39628700
39581300
39567400
39694500
39549400
39490100
39608800
39527400
40165000
43578100
44591300
45085000
45281700
39400600
39345400
39736600
39437000
40025300
39907900
39838900
39789700
39952400
39758800
39856100
39978500
39865500
39584000
39667400
39693400
39654100
39894400
39894900
40082000
39955800
40235300
40300300
40021600
40076200
39989200
40480600
40500900
40203800
40443600
39889700
40450600
40879600
40593200
40923300
40737500
40854700
40789900
40798200
40788200
40074400
39743800
39714600
39449800
39949300
40139300
40135000
40186200
40636000
39673000
39693100
39681400
40024400
40390400
43528700
47630000
39917200
40049800
39218400
39394100
39466500
39570900
39713900
40077100
40025200
40547200
40423700
40352200
40192500
44851600
43780300
39766700
40115200
40289100
40061200
40283100
39542600
39658300
40091900
47558900
40583700
39876700
39716900
40054600
40511900
40222700
40365400
45985800
40297500
40311100
40807700
40891000
40754800
40679200
39963900
39668500
39505200
40003400
39679200
39348700
39286700
39339700
39505000
39397600
39728600
39592200
39641800
39463900
39490500
39411900
39387500
39552000
39566100
39261300
39550300
39571800
39814300
39477600
39459700
39621400
39638300
39598300
39724300
39786000
40086300
47240200
44068000
40633500
40606000
40590400
40312700
40014500
39962100
40082500
40091600
40111200
40126200
40205100
40178400
40590700
40817000
40784500
40799700
40815500
40672800
40825200
40610900
40884800
40188100
39820800
39793400
39998700
40115600
39997100
39716800
40108400
40383400
40225300
40169400
40167600
40167600
40208600
40388100
40247700
40240300
40162100
40154000
40743800
40452400
40265200
40402600
39819500
40035800
39948700
40059900
39968200
40114400
40134100
40143800
40135900
40182500
40123600
40224200
40160300
40118100
40677800
40379800
40475200
40467000
40465900
42336100
40219200
40108100
40252400
40097900
40162100
40178700
40185800
40286800
40123000
40044600
40152400
39912700
40557600
40624100
40422700
40371100
39891200
39713500
39306800
39702500
39627600
39725400
39570400
39995400
40083200
40457000
40630800
40621800
40248500
40358500
40285700
39897000
40435200
41023500
40597000
40214900
40172800
40207000
40141100
40039500
40084400
40135500
39724100
40068100
40275900
40105800
40239600
40148200
40214900
40105400
40024300
40142700
40196800
40187800
40237800
40188400
39915300
40770200
40941700
41057400
40800300
40786400
40191500
40176300
39930300
40044500
40211800
39799400
39671300
39660600
39517000
39385100
39470100
39515300
39787500
39768000
46281900
40744400
40805000
40755400
40862900
40939400
40881300
40692300
40766200
40610600
40683600
40648400
40911600
40873700
40885400
40719200
40932500
40780900
40682800
40680200
40462200
40692800
40222300
40155300
40053100
40188100
40690100
40907300
40789500
40742400
41148800
40728700
40864400
40797700
40864100
40700800
40526100
40742800
40588700
40571800
40420800
40035800
40165600
40442300
40081600
39880200
39920400
39988500
45975400
43440400
40708400
40879400
40823800
40892500
40759500
40734700
40987300
40791000
40945100
40881100
40651000
40126500
40253200
39531600
39913000
42201600
39567100
40306300
40324300
40667900
40541200
40690500
40181100
40435700
40587500
40782200
40382700
40565500
40909900
40741800
41558600
40876400
40739000
40879100
40738000
40764900
40374500
40266000
40320000
40204000
40228400
40492400
40401700
40359800
40568000
40507600
40629500
40490600
40812800
40001400
39927100
39847500
39872100
39893600
40143300
40101900
40325000
40441900
40257700
40413200
40528200
40205500
40112800
40050800
40510700
48136100
41913200
39960400
40067400
40369100
40358200
39748900
39360200
39361300
39531400
39540100
39350500
39377900
39419100
40078800
40486900
40985900
40841900
40758900
45997500
46234600
40706700
40837600
40760600
40827500
40614900
40650200
40826800
41632100
46556700
39480000
39471600
39534800
39905100
40326900
40269000
40047000
45311200
42345700
40002100
40107400
39949600
40082400
40150500
40040900
40043000
40076100
40159800
40010800
39766400
39634900
39725100
39909800
39953900
40237300
39885600
39893500
39506200
39675300
39720800
39482500
39570600
39772800
39629100
39926200
40698000
40591100
40909100
41004200
40807300
40242200
40204100
40198000
40437500
40745900
40825300
40892200
40825900
41019300
40724400
40730900
41119800
40642000
40663800
40692300
40597600
40629200
40687600
40170100
40287700
40274700
40264100
40142700
40066700
39886200
39756300
39751800
39622800
39632000
39552000
39660500
39821400
40013600
39874200
39597400
39547600
39397000
39744100
39716600
39776600
39688600
40200200
39995000
40549700
40139600
40477400
40298800
40080100
39745500
40310800
40106800
40363400
40166100
40114700
40566700
40675900
40650300
40563500
40632000
40523700
41224600
39911500
40109500
39943100
39986000
39853700
40029000
40011700
39396900
39417600
39767800
39902900
40587200
40913800
40807300
40749600
40810100
40775600
40714600
40627700
40654400
40905000
41508100
40859200
40930800
40795000
40739200
40895500
40722400
40487200
40247300
40165100
40028100
40147500
40034700
40241200
40193900
40140300
39958200
40418600
42324600
43388200
40456400
40673700
40632700
40498500
40563300
45411900
46098400
40217000
39985100
40297200
40182000
40071100
39865900
39985700
40020600
39757800
39316600
39467700
39527600
39499700
39333500
39531200
39430700
39331600
40457100
39385200
39432700
39358200
39673300
39939400
40001200
39932800
40404600
40254200
40321700
40158600
40156600
43132700
40078700
39917800
40036100
40170600
40415100
39953200
39995100
39654500
39761200
39705800
39437900
39726900
39677400
40079700
40308300
40198900
40113600
40232600
40076500
39987700
39878400
39781300
39670400
39117800
39406400
39398200
39345000
39887000
39940900
40059300
40134900
40339900
40694900
40620200
40513200
40560000
40217600
39946000
40033300
39970400
40097600
40386300
40014100
40932100
40875400
40439200
40512900
40407600
40443400
40190800
40227900
40247900
40001100
40010500
40301000
40813700
40782300
40728700
40761800
46747100
44952200
40525500
40317900
40456500
40664100
40766300
40759400
40726000
40351400
40096900
40229600
40257300
40061300
40152400
40079500
40075600
40057300
40170000
40371900
40480800
40698100
40847300
40708000
40652800
40509000
39967300
39588700
39180800
39693500
39567600
45499100
46301700
59330800
57021700
42810900
40628600
40738100
40843100
45319700
44319900
40739400
40676400
40791400
40665000
40186900
39948900
40028900
40033900
40259300
40118200
40192900
40166800
40180600
40557100
40822600
40627600
40982700
40737400
56917300
56908300
52173700
59535200
42349400
48927100
42019000
40766300
40761600
40278900
40168800
40147500
40067800
40305200
40217500
40159400
39978300
40177400
40095000
39912100
39971400
40147500
39997800
39894200
39951600
39790700
39691500
39694400
54396200
51968000
57830000
41108600
40247400
40334600
40359700
40162000
40726900
41021000
40730200
40854300
40629600
40649700
40622900
40799000
40594400
40712000
40565500
40824800
40699400
40968900
40129200
39935600
40021000
39997500
39713500
48320500
49171800
62008000
40419300
40672900
41211800
40788300
40892600
40318900
40339700
40182700
40134900
40233400
39744000
39896600
39672200
41071100
43617000
39897300
39983400
39888000
40100800
39968900
41337200
41602300
40258700
44554900
46732000
60148000
53410700
55180400
41055800
40771800
40648000
40726500
40951500
40675600
40723700
40801800
40649900
40650300
40691400
41069700
40885500
40840000
40878500
40819400
40739600
40668400
40296700
40067200
39983100
40086000
40203800
40847200
40733000
40899400
40714100
40496100
40378200
40119200
40099100
40090000
39547600
39205000
41202800
47631100
47566600
42381200
39114700
39209100
39052000
39397600
39227200
39734000
39490700
39615300
39153100
39512600
46102400
43599200
39184000
39671800
39471300
39725000
39931700
44065900
39856600
40027300
40223700
39592800
39474600
39475400
40070700
40330300
42949800
40366200
40208900
40398400
40654500
40621400
40620300
45359700
45748600
40766400
40644100
40407700
40267900
39824300
39693400
39771400
39788400
39490200
39716000
39685800
39948500
39750400
39952400
39745900
39891300
40295700
40132600
40206700
40100600
40291200
40308900
40208700
40282100
40103000
40056900
40269900
40360600
40184800
40139000
40069200
39555100
39041700
39413700
39230900
39571100
39168900
39215400
39229800
39260800
39435100
40433800
40498200
40588300
40572600
40579500
40685800
40717900
40640700
40784900
40614200
40637700
40433500
40351900
39370500
39545800
39342300
39550000
39325500
39454700
39443400
39534200
39172100
40164200
39571500
39934700
39884900
39377800
39402300
39305900
39450400
39736900
39774900
39741500
39864500
39686300
39747900
39573900
39446200
39563600
39433000
39259200
39348800
39498500
39468100
39892400
39965900
40213500
40175900
39924900
40062700
39728700
39968300
40019100
40703300
40949100
40856400
40927700
40862800
40869200
40699500
40870300
40470400
40535300
39428000
47444700
42569700
39351200
39971700
39767700
39965800
39874100
39993600
39847100
39780900
39736400
39466100
40049100
39860200
39669300
40081000
40170600
40136300
40186100
43050900
48093800
40028300
39566600
39638900
39474100
39488100
40007200
39983200
40084500
40088900
40451800
40834700
40613900
40567400
40868200
40788200
40910200
40790000
40750100
40783000
40782100
40735800
40873500
40792500
40718700
40908000
40734500
40851000
40734500
40755000
48308500
42163500
40676000
40580100
40629800
40404200
47812100
42720200
40001500
41758700
48006300
40319600
39221200
39349700
39787500
39923100
40140900
40041400
39989900
40223200
47310700
43509700
39751800
39784100
40009400
39902300
39679100
39553300
39580900
39545100
39810700
39712400
39588600
39542600
39712800
39456100
39335800
39121100
39539100
40085200
40383400
40366600
40795800
41084400
40023300
40098900
40182300
40202600
40120700
40184500
44095900
47014000
40171700
39834700
39217200
39590500
39098300
39641300
39826700
40082700
39870800
40043800
39164300
39663300
39311600
39721800
44497000
40811400
39623500
39857200
39770400
39669700
39501300
39675800
39693000
39699300
39667100
39318100
45964900
40864800
39317800
39207300
39333700
39173000
39533700
39288500
47465100
42372200
39387900
39545400
39520100
39530400
39647600
39485200
39888800
40011900
40007300
39810100
39889900
39910700
39834800
39950000
39978600
39395900
39669700
39474500
39817100
40065200
40015500
39970800
40200200
40141400
40600600
40544500
40514800
40521800
40556600
40612300
40420500
40173700
40105500
40216700
40183900
40079800
39981200
39708000
39538300
39425300
39507900
39300400
41150700
47960700
41226100
45001000
45701500
40205100
40257900
40407500
40545100
39939300
39477700
39897200
39591800
40323100
40378600
40113100
40534800
40702600
40736000
40791500
40869600
40615700
40687300
40874300
40636000
40676600
40514600
40625900
40585000
40559500
40550400
40598100
40388700
40330200
40562200
40538700
40676300
40529600
40648000
40674800
40630200
40592800
40463400
40088700
40123900
40095300
40178900
40326700
40043200
39595700
39471400
39440900
39581000
39484200
40242000
40007500
40292500
40812900
40657900
40520700
40449100
40818600
40731000
40453500
40198900
40086900
40192900
40182400
40757200
40882700
40759700
40821300
40474900
40023800
40084900
40094400
40102400
40033100
39896400
39844700
39665200
39982500
39719400
39947700
39795600
39884400
39830000
40087400
40017600
40118100
40092700
40084900
40000400
39821200
39830400
40100000
40121500
40239100
40113900
40774600
40657700
40613800
40789800
40737400
40097900
40157300
40017900
40284700
40527600
44931600
41522600
40506400
40696900
40694100
40537900
40577200
40464300
40619200
40515500
40762500
40669600
40563200
39914400
40183500
39850700
39910300
40614300
39929500
39836400
39796800
40162900
39902400
39961300
40117300
40007900
39893800
40129300
39884200
39871700
40040500
39949600
39860900
40039500
40618400
40504700
40757200
40318300
40128400
40135100
39489600
39602800
39427600
39353200
39324100
39390000
39297200
39480200
39323600
39822500
39915300
40388200
40465100
40381300
40379500
40592700
40721500
41013500
41179300
40910100
43863700
40844100
40865300
40025900
40152800
40169300
40059700
40073300
39930800
39904900
39823200
40534700
40628700
40590000
40506200
40462700
40075000
41355800
40103000
40258800
40040500
39942600
39919000
39912400
40025400
40109600
40049700
40034200
39862200
39605000
39609500
39612500
39488900
39205000
39688800
40078500
40086200
39962800
40143300
40265200
40108500
40593800
40561000
40807900
40531600
40638500
40698500
40648600
44332300
42108400
40563300
40614600
40496000
39930600
40224900
40116100
40166200
40696000
40662100
40889700
40723300
40756500
40644800
40494400
44857000
46877000
41032800
40818100
40700600
40749200
40868400
40659200
40775600
40703000
40719500
40782600
40698200
40767500
40903200
40495600
40093900
40267000
40150300
39941300
40020500
40020200
40304000
39883600
40158900
39348700
39601000
39656800
39972100
40289600
40647900
40521800
40624800
40640500
40466200
40504800
40657900
40140800
40258000
39765800
40027700
39953900
40349600
40040700
40842100
43216200
41307300
40461400
40119200
40194200
40092000
40119200
40166100
40105800
40073700
40111700
40210200
40177000
40150600
40042900
39969600
40579800
40010100
40008000
39924700
42489800
39386300
39384300
39397900
39337600
40062100
40324400
39960300
40068800
39970500
40069300
39995000
40091700
39928500
40328400
39837600
40126700
40010500
48017300
50920600
44995500
40206800
40362600
40006300
39649600
39425900
39385300
39468200
39999700
39965900
40423700
40790400
40833400
40706900
44617900
40738900
40827000
40755200
40807000
40734100
40707900
40789500
40752600
43255800
40614500
40461100
39798500
40071300
40118200
40373000
40597800
40888500
40789500
40732000
40795000
39943800
39487200
39566700
39769000
40153800
40647400
40625600
40642600
40695000
39954800
40169200
40103700
40121700
40445600
40684400
40761900
40550500
40006600
39344600
39499800
39125900
39954900
39729100
44613700
43395300
39924600
40329400
40433700
45970600
40951900
40785400
40783500
40787000
40696300
40888100
40739800
40282200
40298600
40420900
40047400
39977900
39991800
39783500
39705100
39317200
39589300
39480000
39404200
39413300
39362600
39471000
39499800
39441400
39935600
39868000
39902000
45475500
39833200
39950400
40013000
39955600
40051200
39902200
40151000
39975900
40015700
39643400
39524300
40059600
40619600
40382200
40298100
39838800
39505600
39644500
39828000
39544200
40134100
40198800
40365700
40796100
40315700
40153000
40058900
40112600
40233900
40619800
40671700
40825100
40645500
40327200
40067000
39415100
39333000
39489400
40064600
40399900
40028200
40230100
39960800
39271500
39430200
39671100
39549200
40270900
40184400
39943300
40315600
40059900
39624400
39689900
39680000
39740900
40159600
40092800
40318300
40788400
40799100
40155400
40165800
40136400
40212900
40643400
41058500
40678500
40646900
40565900
40505600
40656000
40926500
40698900
40945100
40680800
40740500
40783800
40686100
40818700
40727900
40927600
40512200
40684600
40789300
40768300
40751900
40477600
39696600
39395100
39776600
39689900
39891200
39684600
40143200
39854100
40110500
40023700
40109200
40191700
40225900
40175000
40091800
40054100
40204300
39923100
40325400
40916400
40742500
40754500
40369900
40035000
40307200
43497600
40235700
40201800
40096700
40282300
40068000
46683000
45609000
39937500
39933300
39968000
40610300
47369400
44380800
40637600
40685200
40019900
39905000
40208500
39988700
40627300
40633200
40425100
40603300
40549600
40558900
40593000
40447600
40420500
40583600
40617700
40725900
40614500
40481400
40081500
39892500
40148800
40017800
39939700
40051800
39946200
39811900
39767600
39920900
40091100
40438400
40620300
40888200
40437800
40695100
40810900
40821000
40098100
40212000
40138200
40140500
40119100
40149000
40014500
40128200
40068100
42051700
40090600
40046400
40025200
40177700
40091900
40108500
40085700
40231900
40742800
40706400
40941300
40775900
40348300
40251400
39993600
39917200
42667700
40382500
40815900
40629300
40499900
40793600
40694800
40778200
40839100
40620000
39965500
39513900
39514000
39418300
40004800
40672300
40390100
40138700
40076100
39385800
39670200
39638900
39749500
39768700
39571400
39588500
39773600
39487500
39528700
39669400
39752200
39575600
39638100
40365500
40536600
40011200
40142900
40245500
40049700
40014600
40419000
40780400
40300000
40074000
40169200
40166800
40210800
40129300
40135800
40159600
40109900
39963800
39851000
40023000
39924900
40143200
40411500
44242600
40895900
40513700
40565200
40550000
40434900
40306900
39703200
39356300
39649600
39832000
39821200
40911500
40470600
40499900
40542600
40569200
40681000
40770500
40681700
40690800
40032800
40058100
40178800
40172300
40101300
40042000
40056500
40111300
40101000
40809400
40849800
40858700
40829500
40698600
40717000
40773400
48141800
43945800
40110400
40079900
40136800
40161500
40360300
40927700
40706200
40673200
40754600
40861800
40661300
40646900
40786700
40714300
41259000
40424100
40302500
40575900
40761600
40606000
40803400
40836500
40739900
40215800
40202400
40225500
40074000
40280300
40114500
40204200
40057800
40136300
39886100
44879100
43664100
39967900
40345200
40697500
40560700
40618600
40569100
40486700
40153500
40474700
40673900
40879800
40813600
40798500
40809100
40797400
40750900
40721400
41882000
40733800
41208700
40875400
40652200
40872600
40877700
40764800
40690600
40784900
40773000
40704900
40755800
40691800
40890600
40779900
40396300
40155300
40099900
40101300
40118700
40814800
40815100
40739400
40818700
40287200
40189600
40452100
40064000
40191300
40170400
40347500
40212300
40399600
40472600
40222200
40409900
40317200
40200300
39970900
39863000
40016700
40132500
40118900
40386700
40460800
40484300
40299800
40354600
40777300
40699400
40667800
40759000
40228200
40073500
40148500
40125100
40175900
40135700
39539600
39724000
39839800
39538200
39748200
39498500
39484700
40015600
40632200
40067900
40056400
39863500
39846600
40076900
39885900
40047500
40239000
40244300
40104600
39963100
39994600
40137100
39804600
40057900
40024200
39957800
40138300
40047400
39971800
40822500
40128600
40042500
40256000
40085100
40215000
40871400
40663400
40746700
40736200
40590200
40529000
40696400
40511600
40719500
40576800
40654900
40634200
40428200
40196800
40065400
39917000
40110600
39891200
40014100
39860800
40061600
39939400
39960300
39874000
39826700
39820100
39703700
46637500
43465900
39851100
39802900
39884700
39945100
39686700
39810400
39528100
39634000
39629500
39860400
39730900
39572800
39509200
39710600
39728100
39632400
40299700
40553500
40715200
40800800
40630700
40185600
40345000
40165200
40065800
40273500
40434900
40419000
40116300
40121600
40534500
40732400
42203100
42173800
40791700
40775300
40518600
40693700
40564100
40431300
42434900
40938400
40833000
40768900
40686100
40699900
40413000
40228600
40122100
40060800
40413800
40280000
40239400
40005600
40322100
41668000
44481600
58909500
49430400
44097500
40666100
40499700
41182900
41141300
40912600
40830600
40722900
40774600
40699400
40727200
40959300
40705800
40668000
40753100
40616000
40530200
40495700
40442000
40578000
40585400
40383800
40916800
40719300
40690900
40590800
40818000
41133600
40826700
40756600
40767100
40781000
40997300
40688000
40725400
40915500
40700600
40646500
46546200
45297900
40738100
40656700
40386400
40334500
40368300
40392600
40044500
40168500
40370800
40072700
40025100
40063600
40042000
39772700
39715500
39528600
39927400
40286400
40256800
40309400
40316600
40239300
40432400
40230300
40339500
40366400
39793400
39677700
39821400
39780400
42551300
41508000
39633800
39881300
40195900
40293700
40289400
40353300
40348700
40282500
40310300
40316700
40271800
40030200
39614700
39768300
39642100
39810300
39620500
39811400
39760900
39547600
39398400
39496100
40221900
40088400
45717500
40403200
39925100
39168700
47607400
39581700
39316000
39508300
39338600
39432500
39515500
40169600
40272800
40248600
40074600
39832300
39752400
39813500
39736500
39842800
39584000
39692600
40045400
40064000
39700500
40120000
40085300
40170500
40215800
40133300
40344400
40517600
45151400
40815900
40806900
40875700
40748900
40814800
40901500
40202000
40282500
39914900
39732700
40242600
40197100
40270600
40308600
40422700
40469700
40384100
40322700
40326200
40203700
39663000
39791300
40108900
40293800
40433500
40269400
40332900
40362400
40349400
40978400
41162600
45938900
41481900
44658400
40067600
40141700
40350900
40345500
40835300
40694400
41090700
40817200
41937100
40724200
40822700
40784200
40889100
40106800
40263300
40211900
40117100
40282300
40219800
40299900
40259800
40167900
40314500
40112800
39902700
40054000
39961600
40319000
39995000
40118900
40082400
40111400
40098800
40343300
40082500
40145700
39361400
39637000
39636300
39695600
40336000
40790400
40284700
40735700
40670200
40037700
40275800
40176300
40208400
40162100
39902900
39966500
40201600
39959800
40712100
45561500
58891400
45805100
59888800
49991700
40809000
40982800
40897800
40822700
41117400
40922500
41114900
40537100
40347500
40385300
40372300
40248400
40291200
40172800
39716400
39837200
40147900
40183300
40153600
40458300
40282200
39668600
39248300
59179500
61562300
49154400
50077500
40866400
40673400
40923100
40185400
40211000
40224800
40079100
40207400
40146900
40385600
40116100
40146200
39838000
39942500
39399300
39850400
39522400
40098200
40082800
39994200
40541600
40652000
40770900
40914100
64198300
54226500
60114100
52372100
40743000
41000000
40778700
40906500
40880300
40776400
40780800
40344000
40214300
39913400
40172800
40217900
40588600
40261100
40362900
40389000
40609700
39890900
40113100
40266700
40359100
40765300
45405400
51487600
54622600
59706700
49382600
42191500
40205500
40124100
40797700
40825900
40632900
40650300
40721600
40533300
40565400
40376200
40386700
39170900
40146000
39246700
39192100
39576300
39869300
39470300
39755200
39668000
39986100
40115800
40010500
58916400
61692700
51287800
43916600
44577500
40090600
40265600
40153800
40089600
40175800
39729000
40460800
40257600
39869900
39903700
39147700
40344300
40050500
39995300
39835800
40482100
40362900
40381200
40150000
40326300
40237000
40049100
39927400
39892000
39229300
39500000
39355000
39804200
39404800
39265600
39319000
39727100
39946700
40445800
40237500
40306400
40375200
40095900
39676700
39572700
39587900
39785100
39654300
39662000
39399400
39267300
39412500
40490600
40708500
40806200
40702000
40311900
40403600
40104700
40280600
40174200
40803600
40806300
40841600
40639000
40825300
40886000
40834800
40850500
40767700
41893300
48273400
40428200
39306000
39271500
39456200
39456900
39303000
39422000
39864600
40340000
40078800
39893800
39937800
39478700
39290900
39646100
39366300
39581100
39836800
40094100
40337400
40125200
40728600
40861400
40679400
40312600
39781300
39440800
39485100
39578800
39612400
40317600
39852000
40014500
40994700
40931400
40815300
40733000
40777600
41035200
40228200
39967600
39992300
40076400
40118800
39917800
39781200
39735700
39807200
40209000
40305100
39843200
40040900
40033700
39430300
39476100
39426900
39278900
43994300
43544000
39501000
39644500
39582600
40145800
40089000
40023900
40133300
39528000
39456900
39694000
39571400
39360100
40048800
40067300
40089800
40103900
39923100
45457300
48276600
48053100
47190800
39819900
39463300
39297800
39306500
39337900
39817200
39967400
45438900
39914600
40727800
40452800
40601700
40676300
40664900
39985100
40043800
40001500
39954000
39923300
39617600
39323900
39427200
39508300
39515600
39147900
39364700
39214800
39804300
39961500
39944400
39938400
40280900
39875200
40115100
40129400
40162900
40432400
40261800
40279000
40146800
40236800
40815900
40640900
40772400
40794800
40020500
39466600
39693400
39964900
39734500
40246900
40257200
40401500
40140400
40175000
40302600
40126200
40036100
40564800
47675200
44057800
40419200
40479200
40699900
39902800
39986200
39933000
39952400
39961400
39704900
39289700
39828300
39621500
40092800
40263200
40148600
40081100
39971900
47224900
43404400
39871700
39742400
39867300
40045300
44042300
44105300
40039900
40198600
39872600
40393600
40399900
39506000
39603700
39332200
39592800
39752000
40049000
40003800
44658800
43849600
39875700
39794300
39382800
39670300
39739900
40103300
40402800
40228400
40503600
40596700
40820800
40843700
40937100
40784400
40405800
40207800
40309600
40051600
40237400
40206500
39908500
39868500
39966800
40186900
40208400
40450800
40642300
40610800
40526700
40541400
40117700
39977300
39440700
39823100
39702900
39985000
39865100
39717800
39474200
39778300
39529600
39536100
39311200
39569800
39574400
39894600
40325800
40318200
40487600
40628600
40532800
40319400
40198000
40390200
40607200
40060300
40224300
40277800
40283500
40155700
40299600
40207400
45370000
40113300
43332300
48971600
40756400
40730800
40758200
40868000
40868300
40768000
40673700
39905000
39763800
39185500
39485800
39402300
39371900
39453900
39280600
39475900
39448200
39606300
39651900
39504400
39313100
40061900
40162500
40147200
40069800
39826700
40473000
40353700
40404600
40212400
39891900
39816500
39704700
40149300
40197000
40137100
39983900
39847200
39962800
40066100
40035300
40103900
40606300
40504800
40421200
40196100
40309400
40166400
39909000
40163900
40265300
40326200
40162700
43904700
40008500
39964600
40114500
40172900
40152800
40105600
40202700
40644600
40771200
40934300
41001300
40891700
40759900
40794800
48438200
43631300
40731200
41743200
40647000
40645600
40531400
40623100
40408600
40440700
40665800
40715700
40562500
40694700
40228100
40392200
40469400
40338800
40010600
39781900
40141800
39863200
39881500
40354400
40580400
40375600
40259700
39921800
40324900
40269600
39822300
39849600
43226600
47895500
40136700
40332800
40348300
40076500
39929300
40505200
40571500
40609500
40701500
40895800
40680400
40780500
40879100
40703900
40937900
40856300
40700600
40651000
40464800
40313700
40339200
40451700
40391000
40088000
40056100
39940100
40049200
40066800
40175400
40497500
40601900
40203100
40192800
40184300
40070300
39968600
40082700
39671500
39403100
39468800
39536300
39697500
39837900
40063400
40368700
40445200
40238500
40404300
40225600
40474600
40733200
40771700
40830600
40726700
40659700
40769800
40491500
40654000
40486900
40573700
40374100
40185300
40293100
40626400
40556600
40587300
40306000
40556900
40393500
42533100
39309500
39382800
39432100
39655600
40369600
40206100
40349200
40281300
40275700
40348900
43616500
47727100
40195700
40120300
39878300
39920000
39932800
39911200
39602800
39392800
39267900
39385500
42548900
48062600
40006300
40011700
40045000
42555000
41146600
40047600
39822700
40129200
40564100
40222600
44920000
46941500
40820100
40739800
40669700
40713500
40115200
40062600
40217300
40101000
40319600
40689800
40550100
40619900
40666000
40119300
40175500
39974300
40094800
40025300
40129300
39993700
39707500
39506000
40009500
39667500
39787300
40162800
40151000
40191600
40166300
40058700
40164500
40199500
40219200
40173500
40123800
42464100
47948900
39625200
39762600
48218500
42382400
39791800
39759500
40047800
39612500
40366700
40403100
40736900
40748200
40677000
40254100
40396600
40147900
40119500
40188100
40137500
40146900
40256200
39870000
39895100
39678900
39365300
39621000
39861700
39617700
39889000
39830600
39612700
40288000
40419100
40475400
40107700
40528200
40241700
40250300
40388500
40381700
40381400
40229700
40491300
40093200
39644800
39756300
40080500
40206600
39656100
40432700
40122400
40464300
40246200
40216900
39593500
41348600
47958100
40373000
39667900
39766400
39610500
39571100
39528800
39976300
40427100
48592600
42036400
40542400
40718500
40588800
40695700
40535100
40648700
40457500
40474100
41506000
47118200
39921700
40119100
40104100
41676500
47935000
41123400
40263000
40249900
46171300
44785000
39961100
40050700
40079900
40010400
40215100
40069100
39953700
40218100
40013600
40033700
39945800
39943400
40091500
40041400
40173000
40341400
40354800
40404400
40164300
40671100
47872100
41905100
39397900
40105600
40150100
40269300
40249200
44939400
41156100
40099900
40189200
40201500
40119100
46458800
44559400
39916100
39839400
39863400
39543500
39652800
39655700
39598100
40041000
39451000
39392200
39483600
39282400
39317400
39506400
39663200
39411700
39332900
39511800
39863800
39884000
39823500
39645900
40136000
40090900
39941800
39594900
39540400
39701900
40034200
40173400
40140700
40046500
40166200
39978400
40089200
40455400
40284000
40175800
39769300
40626300
41279500
41018500
44365700
50553800
76370800
46459700
49700800
59099800
50157200
50173600
41528300
41296100
41439700
41210300
41218800
41273200
40968500
41062900
41113400
41018400
41001700
41427500
42960800
48681900
43066900
40908000
40945600
41170800
40838200
49433600
40336500
40513500
41908300
40491900
47454200
42566600
40481800
40313100
40290300
40454000
40361100
40388100
40498900
40313200
47371600
46406900
40582700
40504800
40545000
40473000
40410600
40395800
40431200
40273000
40099500
40368000
40506200
41340500
40302000
40437300
40267900
40350000
43345500
50814500
40246900
40112800
40261000
40253600
40248800
40711200
44673400
41064200
41013400
41105000
40997500
41086100
41445500
51749200
41041900
46708900
42366100
45196900
41067700
41138800
40900600
41089200
40926400
41295200
48028500
41307600
41544000
53283400
41279600
41322600
46268800
41086500
40963900
47725100
40944800
40905300
41007500
41255100
46388300
49598300
41296300
41160100
40976100
40836500
41163700
47031000
41184900
40870700
40782600
40867000
41000900
40231100
40181900
47041100
41906200
40750800
45183700
53376900
40756700
40633200
40442300
40264000
40192300
40309800
49705200
46167600
40375700
40244800
40260500
40412400
44558000
40242600
40179800
40286700
40272100
40474600
40366700
40305700
40924000
41004200
40848800
41096100
40942300
40864000
40926100
40963900
40985000
40593600
40535400
40276300
40222200
40187300
40878600
40815200
40780000
41378900
40940900
40904100
40900600
40930300
41024700
40849800
44281300
44523200
41198700
41063200
40930200
40743500
44570200
46414500
40834700
40982900
41384600
41182400
41585500
40874000
41053400
41238400
46076600
40910900
40906800
40857300
40884600
41049100
40867600
41092800
40710800
40849500
40601700
47376900
41457900
48782500
40216900
40992300
48829200
44765700
41413800
48855900
40999600
40889700
40809700
47925300
40861900
40808300
40882200
40827000
41162100
40772500
40861000
40849000
40840100
49431500
40329400
41539000
47574400
42258400
40852900
40818600
40806900
40751100
40994100
40797800
40846600
40953000
40807800
40217200
40139800
40697800
40372900
40235300
40223000
40260400
40254300
40171400
40191000
40187900
40162700
40299500
40698800
40903000
40785300
40752900
40820700
40254100
40279400
40276800
42253400
40380800
40126200
40219200
40302900
40126800
40329300
40580200
44688400
41104300
45152000
40928300
46420300
41452500
40832000
40895800
40916100
46170900
41125700
41136200
40488100
40376500
43571000
43169300
40317000
40294400
40092700
40287300
40579900
40405300
40357300
40211900
40227400
40979200
40950700
40769000
40865300
40784700
40394200
40256200
40169000
40381700
40320900
40397200
40414400
40226700
43414400
43970700
48008800
40503900
40222200
40545300
40829600
40816800
40881000
45191100
40808900
49566000
41016100
41648600
41389100
40667400
40510400
40481000
45953200
40570300
40521300
40437100
41129900
45834000
40504400
40403000
40312300
40168000
40652700
40660100
40975100
40851700
40868100
40219400
40151100
40323200
40191600
40351700
40245700
40109100
40144300
40841200
40279500
50971600
40184200
40061700
40452300
40712900
42175800
41213800
45764900
46955700
40780400
40785200
40969800
41001100
41302000
45011700
41125900
41139700
40358100
40459800
40255300
40214500
41018600
40908600
40998500
41185100
41712300
45784200
45379500
41069500
45977600
41006800
40307200
40211400
40110300
40354600
40596100
40824500
40832500
40907700
40916900
40463400
41258800
42380800
40378600
40592000
41024500
40922200
43429800
40909300
40295800
40237000
40299700
40258700
40343700
40895800
40750800
45605000
44226900
40851500
40843000
51593200
51505700
41034900
40948100
42035700
41445900
40947900
40906100
40910000
40752800
41139600
40843700
40276200
46676700
40274500
40280900
40722300
40912200
41005100
40719000
40701800
40251600
40249900
40356100
40191700
40583900
41185500
41067400
41144000
46367200
51762300
40370400
40387200
40216400
46728200
44930700
40844700
40857900
40675400
40521900
40081200
40311700
48219300
40231300
40682600
40860600
46231600
40801100
49601500
40910000
40953500
40979600
41037300
40402300
48585700
40023100
43903500
49809400
40937000
40730400
45132700
42006300
43996400
46408200
40419000
40485100
42293000
40829700
40829300
43023600
41110000
40741600
40529300
40361100
40211700
40659200
41219000
41098800
41146500
41209500
41274600
41174200
41063700
41007000
43607600
40762400
40627200
40842000
40943400
41009600
41228400
41038000
40966200
40869300
40406500
40094100
40537800
40224200
40691900
40780000
40853700
40872400
40972100
40223700
40058700
40159300
40124500
40428900
40725800
41096200
40756500
41200000
42379600
46123100
46014800
43034600
40332700
40817400
40811400
40733300
40809800
40518700
42914900
40218900
40138800
48784300
40834700
50517400
40867800
40749200
40665800
40507100
45885200
40558600
40669400
46263800
42628000
45620800
40189700
40616800
40694600
43239400
49243300
40947200
40578200
40954500
45121100
40307100
40658900
40742700
44476100
40852400
40903300
40858200
40997300
40911400
40702600
40895900
40924500
40906100
46282200
40912300
45740000
40219900
40839900
40324400
40553300
40735200
40839300
40912700
40967700
49843600
40347200
40291000
40281900
40241400
40254200
40188600
40141600
40271400
40314300
40215100
40324300
40224300
40314400
40412100
42858000
40137900
40224800
40366500
40195800
40289300
40246700
40364800
40963100
40693700
40807700
40962000
43936500
47389700
44727200
40436700
40230300
48013400
40789600
41406600
42720300
43959500
40294100
40226900
47838600
41185000
40500900
41006300
40721100
40784800
40950500
41095800
40782300
40950300
44054200
40892300
41016400
40950900
41997200
40905300
40898200
40988600
41056900
40937000
40844100
40827000
47992100
40909300
40907200
40235300
40181800
40183100
40324900
40418100
40901100
40839000
40908300
40889100
46792800
40802400
43653100
41067200
41218000
40801100
40919300
41108700
41310900
40712200
40490900
40361800
40179700
40301100
40315600
40247200
40191000
40155300
40445800
40309000
45275700
40344200
40358800
44124200
40743900
40478500
40389600
40432000
40396200
40278400
40297500
40264900
40975800
40727600
49405400
41017100
40875000
40946500
40819900
41295600
40874100
40783800
40997900
41479700
40745700
40814700
40200000
42835900
40220800
40359500
40809600
40762900
44076500
41013500
40777900
40171100
40263600
40349200
45635500
40178400
40138800
40488000
40189300
40275100
40137000
40237800
46988400
40290900
40283800
40470000
40351600
41033200
40317600
40397900
40438400
40790200
40174500
40283900
44817400
48763700
40081800
42413800
40374300
40226800
44840100
42933300
40364300
46154600
43976800
40187000
40196700
40472000
40769500
46262100
40960100
41154900
40909200
40791300
40983100
40879400
40787000
40960400
40720300
42279200
49742600
40954200
40764900
40854400
40853800
40954300
40823100
41011100
40868200
40896100
40899900
40892500
40975600
42573700
52869500
45290300
55807900
55818600
46829900
41070200
41062000
40838200
40815300
40845900
41107600
41172000
41068100
40830300
40615200
40442300
40283700
40216600
51491300
40302200
40324600
40276000
40297200
40475600
40440200
40975800
40617200
64987900
55889600
43290900
40440800
40292800
46727000
41523300
41117800
42948300
40929300
40291600
48846000
43527600
40174700
46789200
40196000
44430500
40279900
47215500
47293200
41020300
40709400
40957200
40733000
40307200
40347300
40287700
48533500
50135700
67126700
52096300
43962300
40820900
40573600
49052800
40289600
40300200
40211200
40237200
40140600
40163300
40228700
40940100
40907300
41097400
40918000
40977400
40901900
40983800
41144300
40983300
40300500
52586300
45631400
40357000
55841200
52570600
65697500
50688900
40619800
40975800
40856700
45296200
40844700
40737100
53744400
40252700
40819200
40200100
40528800
40890300
40911900
41010700
40956300
40902500
41040600
40904700
40984200
47908600
40943200
40787900
56187600
69597200
51429300
51698000
40302700
40382600
40700200
40813600
41216700
41058000
40863400
41302300
41109500
41227300
42522300
41079400
40591600
40649700
40389500
40375300
49301100
40818100
40933300
40925300
40790300
40907000
40924800
41007800
40932400
41003500
41091200
41019500
40200000
40097200
39921800
39998700
40088200
40680700
40219900
40438500
40210000
41074400
41034300
40906600
40963000
39737400
40338200
40752100
45548900
60998600
57874000
57933100
47200500
42536800
40595900
40593800
40600700
40856100
47129300
40178200
40133600
40073200
40847700
40123600
40121400
40185200
40122800
40231000
40534200
40584500
40694800
40351100
40384100
40466000
40344700
40340900
45250100
56835900
52545100
50532100
40732900
41110600
41490900
40855700
40938000
48154900
44288800
41124600
40631600
41187300
40760700
40964100
40724500
40662000
40877100
40846800
40769600
57147900
40797800
40666900
40142900
40417000
40202100
45180900
68482400
58404300
56583900
45315900
40475100
40541000
40149600
40600400
40105200
41137900
40261900
40154200
40136000
40385200
40515800
40583400
40610900
40559000
40778300
40871900
40590400
40454400
40978600
39932500
39832000
39915800
40060200
40234900
40159600
39906600
39908100
40039900
40237200
39967700
39695700
39889900
39977300
39584600
39471300
39452800
40036500
44523200
42336400
40689100
40841300
41019500
41020100
40910100
40912000
40989300
40990200
41172800
40867300
41045700
40802300
41034600
41012900
40740000
41549900
41112800
40738100
40818000
40538800
40707200
40956400
40454500
41069600
43590000
40440300
40949500
40320300
40747700
40417200
40060600
40044600
47889700
43116200
40457500
40415700
40401000
40310700
40060600
40200500
40381100
40109800
40130900
40187800
40379700
40305600
40183300
40217600
40982900
40678300
40814300
40680400
40784900
40984000
40687800
40724600
40832400
40228000
40218700
40503100
40184700
40883700
40080800
40053000
40158900
40110900
40625900
40494100
40093600
40533200
40269000
40174000
40162200
39862100
40486200
40142900
40625100
40568900
40101600
40169700
40194500
40055500
40098200
40050200
40054800
40363500
39975600
40393500
40308800
40124600
40255000
40339900
40124800
40696800
40732400
40776300
40661300
40323000
40476600
40420000
40698600
40479100
40918300
40774100
40845200
40782700
41363100
40809000
40834800
41381000
40780100
41259500
40869900
41211300
40863200
40411200
41123100
40785100
40953800
40659400
40694400
40806500
40769400
40515500
40606300
40135400
40044900
39788400
40364300
40278800
40465100
41047600
40538700
40730500
39878000
39676500
40048700
39968100
43251500
43217300
41146900
40431500
40831000
40511300
39981700
39829200
46715500
39897600
39700800
39684100
39426800
39568000
39971200
39690900
39990500
40206900
40080200
40260700
40210500
40222900
40259400
40298700
40142000
40546500
40362200
45830500
40336000
40320700
40299600
40324300
40252900
40288800
40206400
40065500
40402300
39971600
39701500
39536000
39779800
40131700
40229800
40186900
40459500
40557700
39807500
40319000
39979500
39985100
39801900
39916800
46719900
44481400
39825800
40401900
39913000
39910900
40195700
40108000
39538500
40797900
48638800
41047900
48809400
42331600
39777100
40121300
40194100
41521000
40370500
40179100
40169600
40229800
40408300
40397400
41805700
40498000
40679500
40756300
40987900
41071700
40488900
39886200
40055900
40843000
42149600
40438700
40526100
40748500
40846800
51797600
54082300
58287300
51781700
42925600
40897900
40748100
40848300
41027800
40750800
40760800
40870500
40672700
40777300
41114000
40749400
40442400
40761900
40536400
40257500
40552100
40397000
39904500
39682700
39679300
41665700
49304500
40941800
55782300
55213800
51645400
48936400
44286600
41098500
41471100
40847200
40755100
40707400
40785100
41516600
40846200
40936200
40827500
40670000
40901000
40467200
39834800
39913000
39811600
40855900
40852000
40744200
40611800
40643400
40314200
68367300
55824600
62891300
60067800
43285400
40156500
40258300
40540100
40452900
40137300
40199200
40241600
41124300
39967300
39557800
39773000
40310400
40279300
40029400
40179400
40661100
40541700
40191500
40205500
40138500
40371500
45703600
51605300
48029000
57694400
50066200
40313600
40303400
40487500
40392600
40829900
40882200
41389100
40868700
40731100
41307300
40710300
40707700
40610600
40744800
40772900
40703800
40572500
40719200
40050400
43345300
48769300
40539500
40307300
54830400
51558300
56244700
55014200
40291200
40551900
40350400
40659500
40267000
40084200
40304800
40240500
40256700
40164500
41297500
40125100
40158000
40262700
40801500
40791700
40866300
40816500
40402800
40171700
40233900
40254400
40166000
40157500
40264500
40245900
40215800
40528300
43759000
47977400
41009500
40790300
40701400
40806400
41052900
41008700
41075300
40689700
40753800
40938500
40667400
40209200
40116400
40571700
39584700
39704700
39610700
40363300
39644400
39698600
40297000
40355500
40424400
40642400
39792100
39887300
40004700
39682600
40578600
40046300
40199000
41168000
40167600
40555000
40159700
40905900
40404800
40287700
40360500
40084500
40379200
40395300
40404700
41411300
40839000
40711800
40775700
40773000
40167200
40336100
40470800
40981700
40833700
40788000
40378000
40941300
40696600
40643200
40060600
40074200
40209500
39470100
39483900
39832800
39791200
40282300
40707100
40775800
40548600
40838900
40225600
40605400
40297600
40406100
40918800
40659300
40673800
40842800
40684700
40819500
40750400
40683400
40868800
40543800
40068600
40169600
40855800
40234400
41056500
40712500
40663300
40750500
40742600
40714700
40611400
40572100
40811800
40649700
40925000
40638700
40682700
40931100
41260900
40696400
40994800
40861900
40563300
40575200
40685500
40559600
40512000
40227000
39953300
39858400
39847900
39833100
39979600
40191600
39880400
40168600
40292800
40564300
41055600
40409400
40440800
40748500
40753500
40681200
41057200
39983200
40077900
39937900
40422700
40310100
39911800
40474200
39871300
40008200
39858300
40157600
40475400
40614300
40595700
40517800
40695200
40867000
40682700
40795000
40533200
40508200
40648300
40028900
40455800
40111300
40203100
40272500
40129800
40187600
40481500
40523400
40579200
40969300
40962000
40563800
40867700
40652800
40634000
40903500
40553800
40743500
40272900
40431600
39845200
39986800
39950000
40056000
40496500
40025600
40346500
40619200
40700600
40509600
41150500
44284100
47576500
40587500
40444000
40044800
39746400
40043400
39916900
40030300
40303700
40224200
40658100
40552900
41223700
40177000
39856200
40158400
40555300
40385300
40115200
40108300
40711500
40361700
41027200
40726200
40845100
40761600
40724700
40916100
40674300
40863700
41128200
40798600
40733500
40876000
40702200
40716000
40840400
40957000
40721400
41045000
40156500
40447900
40165100
40191400
40137300
40113200
40137200
40436800
40119800
40221700
40447000
40470700
40040800
40295400
40860900
40496900
40680400
40796000
40639000
41077100
40744000
40664600
40523600
40130200
40118800
40158400
40149300
41047400
40950400
40689700
40784600
40785300
40729800
40788900
40487200
40708700
41359200
40674300
41117200
40902300
41154700
40528400
40205900
40699200
40637600
40426300
40763400
41041500
40352000
40290900
40683600
40163000
40183600
40188200
40146100
40706200
40120600
40277900
40485900
41070300
41111900
40783400
40784000
40796700
40727500
40856400
40709300
40825400
40141700
48838600
43748200
40341400
40424200
40202300
40115400
40159600
40298000
40161300
40248400
40312700
40302700
40604400
40200400
40166700
40099900
40303700
39984500
39963200
40418900
40255900
39989800
39795600
39778400
39897700
39817400
40293700
40565000
40573400
40439700
41053400
40217100
40953200
40718500
40654800
40339700
39696800
39742900
39903200
40635800
40933400
48735700
40870400
41068800
41056200
41148200
40826400
40750800
40047000
39950900
40092000
40210500
40172900
40318600
40318200
40114700
40177100
40237100
40482500
40261900
40273300
40160800
41030100
40747100
40926300
40745900
40743000
40812000
40814800
40761300
41264100
40345400
40410100
40142700
40111300
40641200
40117900
40153400
40503500
40018200
41105100
40680600
40611100
40751500
40732200
40013200
40083700
40077900
40263100
40615100
40642100
40923400
40901800
41080400
40949900
40685400
41010400
40991200
40704400
40869000
40670800
40781900
43831000
48574100
48916200
41876200
42297900
48857000
41138300
40179100
40231700
40175900
45492500
40722500
40651300
40805000
48870300
42690100
40449600
40608200
40499300
40038100
39665700
39697300
39704900
39906600
39808200
39700200
39845100
40243500
40476200
40211400
40294700
40519300
40569600
40570700
41453700
44743300
40125800
40836900
40836800
40729000
40897500
39924600
39788800
39751200
39744700
39979000
40418200
40337000
41007600
40710600
40806300
41488300
40737200
40763800
40806100
40898100
40584500
40510100
41209000
42138100
54480800
40731300
41262800
40715700
40952500
40201700
40169900
40300300
40180500
40114400
40190700
40050700
40219100
40399400
40191200
41635000
40960400
40621200
40767800
40716900
40999400
40776200
40812300
41077700
41049200
40919600
40966900
40105100
40199400
40174600
40078100
40289600
40368300
40205100
40189800
40091300
40388600
40249900
40304900
40829900
40547700
40853000
40830500
40753300
40700600
40772000
41631600
40976900
40714500
40307800
40545600
40392500
40200000
40181700
40890700
40710600
40699000
40876500
41629800
49029600
42761200
40819900
41038700
40162100
40138800
40123300
40171800
40275100
40200800
40294600
40348800
40636000
40693400
48304300
43436800
41080400
40683300
40159400
40428900
40448300
40107900
40428300
40146500
40490400
39715100
39842900
40095200
40292200
40002200
39528400
40012300
39756800
40039300
39624300
39624200
39951800
40462800
40139200
40001500
40453300
39939300
40166400
40528900
40095900
40174000
39924600
39941300
40274100
39909800
39426600
39697500
39551100
40003800
40228000
40187200
40684500
40551200
40648500
40051500
40296200
40319500
40275100
41125600
40833000
40605200
40668400
40393200
39890300
40020400
39930000
39949700
40190300
40588800
40368200
39949400
42185200
48759500
40980200
40283000
40131000
40139600
39970100
39964800
40034400
41767100
49157700
40824300
40145400
40106000
40321600
40186400
40172000
40115900
40434000
40186500
40333200
40130500
40462300
40945700
41158800
40968200
40779100
40784200
40694900
40772600
40822200
40869400
40845100
40720300
40810600
41032200
41369400
40744100
40687600
40961500
40907800
40811500
40791600
41010700
40758800
40495900
40573800
40949900
40996500
40613900
40795300
40531700
40555600
40919800
40809600
40781200
40873800
40795600
40815600
40558800
40499100
40556700
40094000
40160200
40120900
40271000
40117800
40196400
40786300
41123400
41018700
40788700
40946700
39706200
39762600
39665800
39541100
39664200
39930300
39776200
39877900
39518200
39528700
39690500
40299200
40147400
39959100
40254200
39605400
39594100
39794100
40146400
39776700
39875300
39599300
39985000
40516700
39931600
40308300
41939600
44400800
40710700
40355800
40488500
40079400
39656800
39667500
40016200
39949800
40719600
40237000
40320200
40525900
40500000
40530100
39861400
40202300
47524700
44834900
40097900
40423300
40510700
40110400
40174900
40118900
40539000
40188700
40323100
40167700
39962900
39934900
39951200
40013800
39941200
40303300
39833100
40086800
39953300
40009200
40067400
40316300
41063000
40073000
39894700
40181500
40436100
40540900
40371100
40272100
40553700
40058700
40282300
40230000
40138800
40699200
40760900
40649700
40828400
40957800
40804800
40698600
41387000
40689000
40992700
40908000
40695200
40716100
41338800
40673900
40795000
40721800
40752600
41049300
40732100
40822200
41086700
40867800
40710300
40715400
40727900
40908100
40584400
40754200
40711800
40544500
40771800
40069000
39919000
40241500
39774200
40364900
40119000
40344100
40158300
40351600
39400600
39680700
40115000
40143400
39430700
40904000
48707600
41565600
40274000
40172300
40371900
40223500
40265700
40350600
41153300
40717000
40781300
41142600
40617100
40546200
40730400
40473800
40545300
40168300
40077700
39937800
39908000
48325200
43180800
40031400
40166000
39895000
40539300
40938100
40815100
41320800
44775000
47038100
40810500
40713600
40829300
40665600
40262900
40363200
40219600
40251800
40746300
40176600
40050200
40485900
39784500
39344400
40070400
39408500
39991300
40323900
40328000
40434900
40805800
40137400
40668000
40530500
40207200
40176300
40053800
40078800
39698800
42096000
46538900
40599800
40310700
40241200
39950600
39558100
39418500
39859600
40104000
40749200
41176600
40586600
41273200
40580900
40558100
40852800
41087900
40495500
40580200
40977500
40836400
40668000
41042500
40195800
43220100
42958800
40142900
40077000
40108100
40279100
40106300
40163300
40768300
40884000
40720800
41095200
41305100
40558100
40662700
41120600
48940600
41995500
40925400
41149900
40921500
40318700
40582500
40483400
40135300
40166600
40079100
40020100
39645000
39860400
40436500
40677300
44474600
41250200
42515500
40136800
40206100
40207000
40255200
40470100
40380200
40291200
40377500
40470900
40788400
40770800
41738000
40685300
41098500
40799600
43207900
49721600
46597800
45657400
40396800
40105400
40728500
40159700
40234700
41219700
40333600
40481700
41168700
40763100
40734700
40928300
40995900
40547000
40514100
40070000
40348900
40487700
40146800
40449100
40128300
40031300
40336300
39420200
39481100
39468300
39824800
39637900
39766400
39669600
39758600
40589600
40304700
48438100
41094400
40844600
40842300
41021500
40800500
40754100
40163600
40357300
40524400
40576200
40694700
40632200
41086800
40465500
40621400
40276900
40000100
40315300
40082200
40391300
40264100
40324000
40825300
49158700
41739600
40441700
40811200
40800700
40875000
41127200
40507400
40955200
40978500
40743300
40581200
40476600
40946800
40639400
40672100
40712500
40934300
40656400
41000100
40825000
40789000
40701100
41085300
40813900
40848500
40632700
40839000
40012500
40514100
40054800
40182200
40274900
40143500
40172300
40689900
40146300
40760900
40672900
40720100
40700400
41182700
48890300
40803600
40844300
40710200
41277000
40502900
40698900
41011300
40723000
40436200
40226000
40659400
40669300
40569100
42661500
48680100
41601700
40976500
40318000
40096300
40196500
40095200
40434400
40882200
40692000
40533400
40844500
39743500
40266700
39856800
40442300
40541400
40897300
40848500
40753900
40858000
41208000
41083000
40858600
40920100
40979100
40782800
40766600
41020100
40751000
41019600
40771300
41052700
40392200
40445300
40595500
40317400
40496700
40532700
40701100
40527500
40448300
40543600
40807500
41018800
49727600
43387100
40994800
40296100
40636700
40189300
40135300
40281800
51887100
53490800
45377700
50132800
51274300
40517700
40297400
40264300
40578200
40116000
40503600
40592600
40453100
40174000
40255200
40693800
40182700
40425700
40140100
40167700
40383100
40269600
40398400
40446800
40553800
40154300
40532300
40588300
55890000
56835000
46681200
40165100
40242100
40301600
40277800
40273000
40738000
40876100
41030400
41184300
40457000
42596800
48475500
40148600
40182300
40103000
40459400
40474200
39955100
40221900
40300300
40601900
40906300
41532400
41194800
53162300
43637000
60476900
41291100
41309800
40890900
40731700
40944400
41394900
40767600
40880100
40776300
40945000
41583100
41012600
40891400
40995300
40709100
40829300
40659900
40549100
40254300
40291500
39795800
40104300
39725200
40333200
39789400
51881500
43385100
54996800
52551900
40214000
40160700
40527700
40511500
40522500
40242400
40268400
40487900
40145200
40165100
40169800
40173400
40795600
40679600
40741000
40810900
40412200
39800600
39978000
39660400
39918500
39904400
43691900
40153100
51621800
55932800
47793000
54513200
40217100
40607300
40396400
40464100
42526100
40670800
40480800
40275500
40184800
40397500
40325200
40603900
40777300
40400200
40615000
40357500
39913200
39936000
40301700
39970700
40419600
40715000
40838500
40785200
40748500
39959300
40113700
39629700
40211500
40326900
40150900
40102500
40159800
40115300
40678600
40480400
40593900
40800100
40683200
40375500
40251200
40923100
40814200
40999900
40756800
40180500
40392600
40593500
40868600
40723600
40768600
41084600
40148000
40234800
40010100
40121100
41016200
47906100
40212700
40389700
40400600
40692900
40549800
42252200
49758800
40918500
39847800
39738200
40072200
40150900
40184000
40131500
39873900
40392400
39940200
40118200
40352900
40343700
40104200
41036600
40559100
40638100
49182900
42944000
40708400
40655400
45504900
46326000
40798200
40517400
40686400
40728200
41388000
40529600
40132600
40206000
40155600
40710700
40964500
40814400
41038200
40985800
40144400
40440000
40095400
40553900
40311400
40118500
40554900
40641100
40710200
40489000
40478100
40488400
40660400
40710100
40937000
40695800
48585500
41621900
40099300
40414100
40238500
40178500
40533900
40733200
40426000
40694300
40352000
39782700
39685700
46660800
44102600
40009100
39817700
39958700
40169600
39822400
40636600
41063500
40483700
40981600
40295700
39800000
40491200
40089700
39962200
40196700
39728500
40297100
40154700
40089100
40866000
40086800
40073800
40293400
40264600
40241800
40075200
40136600
40247300
40778100
41363400
40738300
40604000
40545100
41087500
40550000
41077300
40698200
40851900
41376500
40714200
41407600
40720000
40397200
40302900
40128500
40342200
41036300
41003200
40771900
40751900
40694600
40852500
40528000
40713500
40667800
40405700
40041100
40215200
40191800
40827100
41255400
40770200
40794500
40846400
40264000
40177100
40138600
40371400
40400400
40172100
40739400
40172400
40317600
41353800
41157400
43444200
40700000
40581900
40149800
40268600
40379300
40507400
40880700
40943200
40804200
40731300
41282700
40752100
41160000
40769600
41025000
41033200
41110200
40681200
40763800
41537600
41045200
40379400
40462400
40391400
40529400
40990600
40621500
40564800
40553600
39933300
40008900
39780400
39887400
39736400
39763500
39948200
40082500
40405400
40453600
39742900
46312100
39877900
40736500
41052400
41096600
40795500
40671100
40153800
40210800
40136700
39804900
39976200
39955300
40000200
40248800
40275600
40720500
40803100
40829600
40824300
52626400
60255900
61347800
45076600
40738200
40468900
40234900
40440200
40250300
40420100
40805600
40932100
41280800
40677100
40526000
43683100
47682700
40200500
40647500
40823400
40947500
41116800
41090900
39987900
39896700
39895800
40123500
45088400
58140800
55822000
53213100
54823400
41629300
40713600
40828600
40735000
41361500
40736400
40802600
41265200
40826200
40853800
40836600
40755600
40752900
41077200
40196300
40176200
40144200
40141200
40281100
40321200
41046400
40256100
40155600
49130700
68719200
42374600
55316700
41054700
40798200
41105900
40763700
40919900
40858200
40893000
41058300
40838600
40405000
40459300
41003300
40791300
40894100
40425600
41009600
40580300
40878600
40773900
40516100
41109900
40503800
41021600
45123200
66642100
54967400
45346300
43494200
40999900
41039000
40984800
40797600
40199300
40157700
40173300
40138600
40157200
40237100
40206600
40507000
40127500
41262500
40730700
40802800
40595000
40786500
39451600
39689300
39798000
40387000
40367700
45293300
63852500
54699300
40773000
41181200
41054000
41296100
40813000
40775700
41121400
40741300
46222200
41021500
40424900
40332100
40333500
40800400
40905200
41325200
40301900
39899000
40183300
40556400
40620000
40785700
41289200
40906200
40349600
40568700
40458300
40929400
40026800
40217400
40086500
40175900
40604100
40657300
45566600
46707000
41008400
40291700
40334800
40362800
40285700
40830800
40357300
40231000
40999700
40365600
41087100
41206600
41032700
40994700
40838000
39837200
40072100
40197000
40336700
40761600
40734400
40805600
41298900
40803700
41117000
40598600
40411700
40561000
39958600
40159100
40297500
40224600
40302100
39771800
39800300
39611700
39503500
39568200
39756000
39637400
39858300
39790400
40358200
41196000
40397900
40541600
40533600
41063900
40840400
40758000
41090400
40758000
41330000
40782700
40734800
40509700
40292800
40505100
40440500
40460900
40561200
40752200
41069200
41280000
40995000
40422300
40763300
40493000
40598300
39929700
39642900
39511400
41402600
48439300
41535200
40448300
40552000
40442900
40300500
40444900
40271800
40370800
40676900
40934400
41276300
40710300
40512400
40479700
40142400
40292900
40293100
40780500
41400300
41164600
40896000
40777100
40687600
40723500
40902300
40955100
40947400
40953300
40997600
40874500
40853600
40111400
40186200
40062100
40159000
39747900
39635700
39695600
39796000
39430800
40008000
40107200
39942700
40564400
39464100
39590800
39657800
39638700
40137800
40717100
40102100
40159700
39773000
40093600
39324500
39989200
39754500
39678900
40282000
40363200
40042400
40559600
40215600
39592300
39673100
39516600
39695900
40318700
40234200
39952400
39982400
40017200
40068700
40064200
40133600
40684000
40900700
40939300
41336000
40742700
41027200
40801400
40968000
40582100
43920300
41184300
40184000
40444700
40758100
40076300
40256400
40079000
40275700
39975700
40388100
39746400
39922700
39835600
40120200
40240000
40024500
40070100
40628200
40334800
40150800
40161700
40217200
40536800
39900200
40474600
39969900
40166800
40008200
39973000
40354100
40157200
39978800
40186800
39954600
40281600
40028500
40072300
39843200
39994600
40013500
39890400
40119700
44326600
47974000
40626200
40390400
41168400
40839200
40732900
40913300
40760400
40864500
40520000
40892200
42288000
40769400
40788400
41479600
40740000
40528100
40766000
40264400
43108500
40291700
40778600
40802500
41170000
40896200
40803600
40595600
40667600
40684700
40572100
40207700
39807500
39907200
39935600
40382400
40424900
40678000
40806300
40493300
46160500
46755100
50244400
43103200
40876100
41014200
40962200
40850100
40795300
40994300
40786100
40748500
41081600
40919000
41113100
40783000
41369500
41460500
41001900
41041200
40921700
40771000
40467300
40413800
40879500
40419400
40554500
40141100
40194600
40109200
40034600
39891000
40130700
40068400
40132200
40132200
40856500
40628200
40744200
40803400
40387100
40289000
40136700
39956900
39808300
39796000
40027400
39841300
40175300
39848600
40004500
39983100
39899700
40118300
40090300
40385000
39977900
39925400
39908100
40687700
40474200
40382000
40702700
40703000
41338900
40928100
40716100
41182700
40131200
40319600
40119800
40016900
39880200
39917300
39816500
40021900
39999600
40127700
39939900
39916900
39998500
40487400
40182300
40172800
40173800
40298600
40105800
40144000
40094000
40509100
39982900
39863900
39936800
39873200
39996500
40790400
40791400
40833000
41176300
40435000
40132500
40197900
40228000
40130400
40951900
41519300
43638300
41406000
42056100
42137000
41702500
40549500
40645400
40303300
40288700
40139100
40091600
40350400
40802500
40769700
40739100
41278900
40197400
40378500
40197300
40320300
40253500
40217500
40524200
40248400
40336600
40197000
40346600
40158500
40377200
40423600
43844700
46882600
40817000
40583100
41226000
40638800
40518800
40761900
40691400
40453700
39963100
39937500
40568100
39955000
40115500
40366400
40073000
40630400
40765600
40857700
41189300
40990800
40824000
41682000
41593800
43484100
40972300
41079400
40824500
40650100
41579100
40821600
40717000
41613600
41103500
40802000
40142000
40373600
40146200
40716700
40618700
40714700
40992100
41087300
40879000
40131000
40104000
40562300
40115500
40116700
40060200
40117500
40275800
40247800
41023300
40536100
40589900
41117200
41028500
40376100
41522700
42477100
40169000
40896500
40738500
41261000
41233200
40793300
41237100
40718200
41296800
40567800
40906900
40644400
40788500
40866800
40856900
44102400
44902000
40121000
40189000
40171500
40301700
40173000
40216100
40231800
40821300
40863300
40991400
40873000
41311400
40957200
45188300
47626300
40874500
43691000
48874100
40596900
40380400
40106200
39873600
40094800
40108400
40182400
41068200
40737200
40969100
40453800
40028600
40194900
40182900
40150600
40188900
40562000
40160700
40420600
40149500
40621800
40253800
40031000
40336000
39698000
39851800
39912500
40991200
40058300
40083700
40519100
39988500
40375600
45718000
40528600
39878800
40237600
40246200
40597100
40510500
40148000
40109800
40199900
40247700
40394300
40638500
40346400
40227200
40950500
49510900
42038400
40309200
40194200
41246100
39979700
40105700
39882100
40111900
40119200
40111400
40000500
40533500
40766000
40430500
40449100
40607400
40141800
40247400
40135800
40647900
40932100
40318000
40442500
40486800
41042700
40685800
40787600
40511400
40656200
41025900
41753100
41171600
41057300
41007300
40188300
40912100
40158300
40490300
40618500
40164600
40240300
40241000
40173000
40335300
40357200
40204900
40430100
40200100
40166200
40586700
39794000
39960000
39885300
40332000
40109500
40251300
40547200
40603800
40154700
40348100
40228600
40184300
40390300
40279500
40619300
40382900
40170800
40210000
40452600
40208300
40597600
40157800
40435600
40021300
40180100
40182300
40185800
39826700
40406400
39976500
40288200
39914700
39874600
39955000
40483900
40442700
40726400
40511000
40877700
40853100
45994500
40754600
40816300
40675400
40910000
41328300
40739100
40680000
40175600
40131900
40127700
40026100
41515200
48531900
42402500
40351000
40653700
40409700
40540600
40320600
40525800
40179600
39926900
39858800
39870600
40742200
40531600
40573800
40792700
40571300
40830700
40542200
40572300
40835800
40853000
40586200
40897400
41022300
40447700
40670500
40431400
40423500
45865800
45380800
40646200
40535900
40698400
40660700
40427700
40871500
41712900
41446600
41539800
40918700
40875600
41473000
41043000
41429800
40956300
41116400
41067000
41383000
40772600
41028600
41070600
41126500
41251300
40869000
40877000
40566300
40912800
40890900
40472300
40684100
40789800
40837400
40684200
40959000
40737500
40882400
41097300
41124200
40893200
40735600
41060700
40751100
40909200
40966200
46332100
41668300
40782000
40736200
40855300
41105900
40732200
40855200
40919300
41084800
40685200
41437900
40718000
40979400
40755400
40713200
41636600
40806800
40898900
40873800
40795500
41275400
40839100
41046800
41237000
40821300
40643700
40858100
40925600
40648800
40615800
41000300
40894100
40943600
40551100
41017000
40953700
40024700
40413000
40383000
40390700
40794700
40789800
41098600
41385500
40569400
40730000
40884400
41079600
41328600
41334900
40985500
48910000
41126900
40930800
40550400
40322400
40583900
40783200
41183200
40824200
49514900
47482200
44366700
40393100
40552200
40095100
40346400
40726700
40195000
40733100
40181700
47961200
43302300
40166100
40502400
40320500
40440300
40792800
41197100
40725100
40941500
40940000
40841800
40842900
40724600
40851600
40202200
40101300
41301700
42757300
40283400
40246300
40160100
40240700
40339800
44636500
47631100
41113700
40821800
40854100
40646100
40620100
40666700
43520100
40724900
41290500
40911800
40831500
41348700
40810100
41112400
41014700
41201500
40076600
40128200
40081400
40081200
40530900
41147000
41090700
40930300
40721600
40121200
40202700
40218900
40298000
40083100
40428100
40098300
40169300
40837800
40755300
40425200
40660000
41917400
43600400
40091600
40931400
39880600
40321300
40942900
43415200
40564300
40576200
45321100
41779600
40952600
40880700
44012300
40817400
40645700
41018000
41288100
41013200
40262500
40200100
40406100
40369100
40470800
40492400
40099800
40034200
40379900
41072800
40667500
40952400
40714600
40820500
40944500
41030600
40988300
40895400
41142800
40984300
40797500
40769800
40394700
40155400
40152000
40537100
40569600
40153500
40167700
40438800
40161700
40791700
40668400
40770100
41059700
40988100
40115800
39856200
46212500
44518600
40108300
40377700
40185500
40055500
40347700
40662600
40784200
40635400
41214900
40472900
40841400
40701000
40699400
41012100
40265500
40232200
40469200
40263500
40507300
40246600
40496600
40051000
40069000
40926600
40713200
40741800
40842500
41347300
40718100
40769700
40507700
40285200
40194600
40185500
40214600
40162400
40108700
40161600
40314300
40532100
40194800
40738800
41200100
40816600
40840600
40984400
40136000
40261000
40572400
40142000
40216000
40112000
40789300
40086200
40058800
40851600
41011800
40543200
40713200
40686700
40366600
40435100
40667100
40878200
40525300
40658600
40345500
40204300
40472000
41055400
43149900
40848200
43700300
41157300
40669100
40849600
44355000
40902600
40979400
40866300
41126600
41419600
40417900
40269200
40304100
40187200
40583200
40958700
40449900
40121500
40271400
40635700
40726500
40888500
41674000
43522000
41054300
40806800
40505300
40881700
39909700
40037300
39852100
39850600
39982000
39986100
39935500
40069000
40466000
40482800
40821600
40645700
40876100
40532000
40615500
40834100
40863000
40520500
40617000
42596800
48782000
41556600
40654400
40707200
40831300
40775700
40742400
40943600
40784800
40761600
41303100
40931000
40286000
40372900
40170400
40889300
41333200
41447000
40775800
41075900
47983300
41023100
40726500
40847100
41383100
41100400
40766500
40664500
40549800
40459100
40765600
40662500
40858500
40529100
40913000
40651700
40351900
40812100
40449100
40105300
40205700
39869500
40782400
40649300
40870900
40680900
40930600
41075400
40146300
40148400
40474000
40335100
40223200
40127000
40792800
40767300
40118700
40152300
40076000
40679500
40170900
40352200
40769500
40949600
40708000
40734200
40728300
40822500
40734200
41109700
40670100
40507600
40044100
40031900
39878300
46829100
59509700
43218700
58527900
40345400
40853900
41114400
40914300
41100700
41491700
40679400
40609500
40355600
40635500
39834300
41871100
44089800
40356900
40260500
40865400
40714700
40462600
40417500
40879700
40658300
40518000
41033800
40811300
55951600
52723500
55813400
42214600
40934200
41163300
40885700
40757100
40847500
41039100
40910300
40736700
40818000
40715200
40833300
41176600
40871700
40327600
40161500
40032300
40070000
40097800
40354900
40464800
40442700
40820600
40773300
52924300
54792100
43567300
51817300
42569200
40195200
40182600
40225100
40215300
47344400
45098000
40178200
40397000
41405100
40575000
40531600
40421900
40181000
39931600
47002800
43559500
39734800
40907600
40317300
40646500
40312300
40143000
40161100
55347200
57985900
49637400
46963500
44458400
41148200
41029700
41279000
40466200
40823300
40582600
40159000
40273200
40488100
40645300
40643800
40569900
40875900
40861300
41029300
40983100
41040000
40659000
40450800
40641800
40411400
39761800
60961500
51845200
52462300
42613300
40206500
40122300
40229300
40183100
40479500
40194000
40438300
48506600
43021700
40838800
40480900
47739600
44589300
40069500
39955300
40205600
40338700
39878100
39940300
40060000
40036200
40536600
40882400
52516600
43935500
41114300
40971200
41349900
40726700
40819500
40769100
40256000
47258900
47304200
40497600
40168500
40634700
40488000
40619800
44061800
48460900
40405300
40221200
40167300
40255700
40274800
40732700
40131300
40243000
40487300
40368600
40192400
40045500
39932800
40042300
39786500
40286700
40249400
40408400
40264600
39747300
39553600
39834600
40547400
40940700
40578000
40599700
40782200
44584900
40877700
42429200
49227400
41149800
40996100
40709300
40816300
40349300
40435500
40282600
40570100
40184700
40259200
39927400
40214100
39433700
40282100
40932900
40074700
40103700
43800100
40153000
40550800
40440900
40195200
40355100
40314700
40251200
40534100
40759300
41135400
40775800
40858000
40838400
40493200
40503000
40438300
40185900
40252100
40785800
40706100
40700800
40842100
40675400
40304000
40625900
40518200
40552300
40034700
39986400
39703000
39641600
40256700
40218700
40722500
41049500
40855400
41128300
41375500
41206500
41135700
41002800
40876100
40565600
40420700
40278800
40676800
40325100
40181100
40149000
40159800
40004100
39890400
39978200
40061300
40579400
40377000
40788400
40093200
40292600
40909500
40552500
40675500
40613300
40824600
40661100
40617000
40714000
40373400
40750300
40959400
40376900
40561700
40463400
40263300
40181600
40512700
39890900
39658900
40125600
40073000
40268000
40036000
39423500
39768800
40014400
40379700
40793200
40906600
40923300
40851500
40937700
40750000
41065600
40614200
41471100
39842400
40592600
39840800
39594800
39928400
39937200
39973800
39683900
39932300
40065100
40285500
40603700
40141700
39942600
39918500
39914700
40007900
39989300
41014700
40518500
40675300
40453400
40715700
40374400
40742200
40416300
40449400
40425300
40622600
40449300
40498200
40739100
40677600
41088600
41168900
40940000
41012600
40899400
41052200
41039500
41662900
40243600
40495600
40330000
40849000
40497800
40899000
40724000
40574900
41085500
40003400
39655900
39503900
39884800
40672800
40986600
40691900
40938300
40933200
40204800
40197700
40131300
40472400
40252100
40166200
40805900
40981600
40016600
40796000
40723100
40722800
40810000
40594800
40417700
40413000
40344300
40594000
43983400
40242600
40233900
39531100
40238700
40812300
40682100
45399100
59798000
76502700
64865800
40326300
45645500
46091700
40985200
40892800
40664100
41105500
40277000
40143200
40294800
40763100
40187200
40421400
40445700
40688100
40609300
40666900
40664800
40675200
40501800
40509000
40648200
40395400
58232200
71579800
56946600
56701900
40876200
40872000
41426000
40684000
40715000
40194000
40513600
40106500
40116300
40131000
40879500
40145100
40836500
40871200
41066500
40786500
40788600
40877000
41105800
41068200
40999400
40710600
45664300
68809800
62608900
40833600
40747700
40716400
40835200
40721900
40678700
41009000
41079000
40733700
41158800
40946500
41119100
40977400
41026300
40639100
40150700
40446200
40330600
40471500
40939400
40734200
40841300
40700400
40357700
40168700
59315000
61585800
52654200
47343800
49696200
40207300
40611100
40791600
40925400
41059700
40714000
41033100
41413900
40133700
40097500
40201000
40867900
40713400
40756600
40756200
41071000
40710600
40676000
40204600
40573900
40512000
40515000
40702700
48700000
72389700
45700800
56042200
40272300
40310500
40880600
48581500
40495200
40528900
40138000
41292500
40972500
41483800
40967500
41141300
40593600
40468500
39991200
40214800
39767600
39862700
39544600
39978700
40057500
40139000
39667700
39742000
40049200
39749000
39934500
39928700
39759500
41782400
40393200
40154500
40463100
40175700
40824600
41054200
40999700
40876100
40168700
39937200
40207600
39758500
39541700
41105700
40618800
40783400
40675800
40476300
40540800
40891700
41382500
41157200
40154300
40175300
40463400
40147100
40719300
40848400
40707400
40920100
40861400
40028000
40054600
39489600
39573700
39769200
40396300
40433400
40131600
40340100
40074600
40435000
40109200
40052900
40406100
40723000
40713700
40803500
41130200
41045000
40659200
40511000
40660000
40745800
40279600
40150100
40433000
40514200
40480600
40212100
39747200
39856600
39812900
40131300
39922200
39808900
39955000
40916700
40535100
40599900
40742200
41113600
46472000
40495600
40325300
40480700
40679800
40761200
46805100
45404400
39977800
44130100
47648200
39448400
40178400
39870000
39968000
39942200
40094900
40105100
40967300
40644900
40813800
40704800
40876200
40545600
40867800
40957100
40718800
40121100
40170500
40147600
40144500
40163700
40127200
40218200
40338100
40099300
40990700
40937500
40571500
40527200
40381700
40265300
40134300
40057900
40105700
40434300
40530600
40818500
40774000
41009300
40677200
40832700
41301000
40764900
40749200
40772300
40658200
40561800
40616100
41529600
42458300
40293100
40336000
40358700
40096900
40065100
40211500
40144200
41049500
40994000
40431300
40909000
40354200
40694300
41016200
41163300
41020000
40978000
40722600
40659300
40533200
40703900
40307200
40300700
40127700
40132500
39465400
39699100
39912500
39639500
39902500
40196100
40201800
40599000
40084500
40879700
41141400
40869900
40898900
40801200
40880300
40865100
41120000
40790400
40124600
40088700
40781000
40489300
40432800
40735500
41164500
41007800
40420500
40263800
40625600
40438300
40237700
40533800
40352000
40054200
39965000
40186700
40866300
40616200
40769400
41181500
40630600
40624000
40297300
39903800
40135000
40538800
40583500
40586000
40646900
40225200
39679900
40382800
39912500
40324500
40442500
39991200
39987600
40317800
39857600
40362100
40745300
40582200
40585700
40921800
40732900
40589300
40560000
40702400
40721700
41343200
41233500
40961300
48352200
44332000
41132200
40522400
40564000
40676800
40465500
40577700
40469700
40507600
40526100
40483800
40453500
40692500
39914900
40227700
40167100
40298800
41262400
40790300
41027700
40712400
40479300
39842700
39895400
39812300
40155800
40389900
39947700
40006000
39933700
39965600
40628700
40394900
40556700
40662600
40265500
39872900
40609100
40473800
40238700
40916900
40764400
40693700
41373300
40733500
40241500
40190000
40613300
40399400
40411200
40765200
40278600
40447200
40568700
40676600
40398600
40152200
40135400
40119900
40570200
40175200
40253900
40357300
41742400
40978100
40824300
40694100
40789200
40690700
40695800
40469800
40445200
39720000
40118400
40402300
44079700
41640000
40002100
39940100
39861100
39815900
40022900
40247300
39732700
40003500
39901300
40372800
40187000
40526100
40402600
40225600
40157800
40418700
40090900
40245200
49352300
42416200
40498900
40242800
40951200
41050400
40642300
40558900
40359900
40116500
40144000
40165100
40273300
40736500
41162200
40979000
41650400
40797400
41326300
40735300
40880100
40824900
40510400
40456800
40527800
40152400
40219000
40802600
40718100
40687300
40822800
40519800
40070200
40272700
40058300
39968400
39785100
40089500
40641000
49145000
42466700
40012000
40415900
40149400
40242100
40788800
40851100
41211500
40932200
40921800
40650100
41012100
40879000
40914100
40632800
40110500
40221300
40140500
40291800
40235800
40174800
40831900
40032600
40687000
40660600
40900900
41241800
40944400
40775300
40680700
40844600
40953500
40828300
40798200
40829800
40838200
41362000
41071700
40799400
40686400
41062600
40207200
40352000
40143400
40255100
40449000
40968800
40739500
41258300
41027100
40671500
40753500
40193900
40253500
40289500
40126600
40209900
40301300
40025500
40866700
40637900
40376800
40862800
40517200
40112600
40530900
40116900
40630600
41275300
40619900
40743000
40634500
40927600
40791000
40778000
40679700
41027800
40871500
40811600
40784800
40712300
41110100
40711600
40111100
40141800
40056900
42866200
41037200
40597300
40345800
40718100
39774400
39806300
40417600
39924400
40257300
40305000
40350100
40632900
40494300
40000700
40140900
40805300
40183100
41197600
40782200
40813700
40730500
40680600
40698600
40794200
40404000
40552400
40409000
41119300
40685700
40810100
41138000
41031100
41567900
40912600
41140200
40911700
41363400
40794800
41097200
40747600
40692800
40821200
40600500
40669500
41001200
40393500
40580300
40455400
39993700
39554900
40067400
39843000
48597000
43122300
39919700
39837800
39960000
39793500
39824500
40385500
40115200
39983000
40194400
40100600
40183800
40329000
40032300
40330600
40089800
40063400
47056200
45669400
40493100
40177500
39656600
40361000
40473300
40608400
40887800
40686500
41360100
40306200
40549900
40148900
40168200
40360100
40233200
40702300
46022100
46643000
48341700
40944600
40493300
45859900
40668700
40484600
40339700
40567600
40526900
40373600
39632100
39869400
39817100
40114400
39779000
40438500
39683700
39838500
43972500
48272400
39921400
39949100
40770400
40230400
40304300
40143600
40216000
39992900
39912300
39427300
39469000
39379500
40442300
40003300
40251500
39887200
39910000
40050800
40085900
40008100
40298900
40656000
40257800
40198800
40257600
40341200
40198000
44322800
42880100
43799500
41212900
40163900
40211400
40172100
40761100
40150800
40086900
40049400
40185200
40575200
40708600
42152400
41292700
41134300
41253000
42478300
40913300
43481000
41356700
41162100
40764800
41106500
41308800
40505800
40308700
40266100
40927900
41222600
40726500
40608400
41110400
40678300
40682700
41306900
40757800
40401800
39752000
39641500
40049900
39503600
39971700
40483800
41082200
40765400
40766200
41070200
40828800
40718800
41009600
40731200
40679200
41833800
49044800
43418200
46128500
46471000
40745600
40876700
40834800
41031700
43769800
40743300
40876300
40768100
45039700
46853500
40636000
40762700
40600800
41139900
41027700
40950200
40897300
40575200
40720300
40688000
41394400
40665900
40686700
40397800
40802800
40443900
42687900
45420200
41063500
40114000
40616700
40439800
40692600
40715800
41027700
40782700
40682900
41179100
40946600
40858900
40801900
40857600
40969400
40952000
40776400
40602800
40986600
41037900
40083600
40053700
40040100
40085800
40494400
40059800
40075700
40062700
40102600
40888600
40887300
40677300
41103700
40638200
41553600
41030800
41009500
40720100
41049700
40838600
40728200
40954700
40281600
40469000
40489200
40736500
40405000
40611500
40423800
40427600
40298800
40739800
40381100
40996900
40906100
40845400
40261600
40185200
40462000
46629500
45848500
40166700
40591700
40276100
40253400
40997300
40747200
40775200
40698600
40667200
40478500
40703800
40320400
40277200
39804800
39886000
39939800
39667200
40183500
40487800
40698500
40713400
40712600
40239800
40319400
40424300
40181800
40287200
39980900
39908300
39781700
39764100
39719500
40131300
40587900
40245200
40084400
41012300
40734600
41289900
40940000
40889700
40694700
41140100
40693000
41109400
40305600
40117600
40044100
40393400
40645100
40085500
40054800
40112000
40214900
41028500
40771200
41048000
40954600
40731500
40888600
40881400
41003300
40684500
40777600
40681000
40590500
40489100
41011000
40571600
40631100
40429100
40367500
39790000
39788600
39974900
39958100
40479500
40371200
40390400
40327300
40419700
40368800
40084800
39791000
39999700
40552100
39825500
39852100
39879200
39993300
40634600
40474100
40763200
40378100
40286200
39865700
39697700
39706700
40555300
41283300
40669700
40684300
40446900
40836500
40716300
40731800
41207600
40764000
41102500
40792700
40746400
41037600
40827800
40107300
40076000
40369200
40295200
40212200
40370900
40292300
40383300
40222200
40755100
40836200
40800900
40802800
40944700
41297400
40881400
41214100
40895800
40763100
40884800
40665800
40719800
40655400
40303500
40275700
39868400
40352300
40497300
40174100
40360200
40026000
40727900
40442900
40795400
40583900
40324400
40185300
39916100
39965200
39890100
39798000
39983700
40139100
40253200
40660200
49003900
43053300
40750400
40765400
41233700
44809600
47739100
44445600
42566600
40581000
40954900
40536100
40746800
40699600
41174000
41028000
40749700
40869800
41174200
40712200
41141300
49479100
43202500
40142500
39780600
39916100
40164200
40643100
40528100
40570200
40831000
41354900
40694400
40470100
40493200
40399600
40438800
40660900
41043500
40780200
40939900
40614900
40521600
40627000
40397600
40437300
40031600
40323200
40119500
40257200
40196600
40828200
40394800
40198400
40350500
40092100
40476500
40141700
40252300
42928300
40235000
40132300
40677900
40190100
40225100
40064700
40054600
40411600
40711100
41279900
41119100
41471000
41050500
40266100
40369100
40227500
40200500
40621800
40252500
40526500
40297100
40520700
40693600
40911500
40667500
40775200
40757300
40996600
40764500
40764400
41057100
40216100
40357700
40033900
40162000
40226500
40119700
41182700
42770100
40472900
40791300
40767800
40782800
47019700
46212900
40990200
40840000
41035400
41351600
40149000
40873300
40205100
40041400
40755200
41138000
41151800
40696000
41064400
44186100
40100200
40260500
40218800
40598300
40876000
40788700
40744600
40751500
40698300
41010900
40728600
46465100
45931700
40572100
40464700
40325300
40948300
40126400
40157700
40016600
40592500
40288500
40455000
40551900
40271000
40202600
40463800
40650800
40716000
40499800
40344800
40128700
40199100
40149400
40690100
40256100
40287300
40429300
40169600
40752400
40933300
40741100
40772100
40804400
41155300
40725200
40738300
40817300
40675000
40693100
40650000
42920800
40873000
41859200
41016200
40959600
41355100
41534100
41038500
40870000
41207200
41416300
40075200
40438800
40115600
40205000
40337600
40283100
40194100
40330000
40335500
40821900
40746000
41127700
40888600
40433400
40058700
39866400
39847600
39985400
40351300
41009900
40692000
43890900
55326000
41628600
52733900
58056100
42835000
40870600
40273500
40689300
40573100
40239600
41099000
41009900
41009200
40835900
40880000
40963600
40731600
41054500
40805900
40199600
40149300
44160500
40456800
40755100
40779600
41207200
53438200
54677000
53862200
52555000
54017800
44479300
41043100
40259000
40178400
40201600
40196500
42081500
49189300
41690100
40744600
40992500
40749200
40851700
41163500
40888800
39969700
40000500
39922400
40077400
40194200
40221300
40239100
40107100
40269900
45723900
62804500
53494400
55558500
41828300
40267400
40610700
40182700
40268200
40632700
41246200
41383500
40643600
41302700
40546200
40669400
40682100
40617300
40941400
40751600
40664200
40639000
40677600
40322000
43484600
48309700
40022100
54596700
45134500
58741700
40192500
40127100
40944000
40703800
40730400
41111500
40741100
41037500
40630400
41095600
40992000
39859900
40108400
40016500
40087500
40323600
40389700
40269500
40217600
40167800
40182100
40764800
40116900
40698200
40188500
51750000
45971900
68855100
46373200
46088300
40760200
40773700
41184900
40709400
40693400
40329700
40306900
40498700
40542800
40676800
44643700
48323600
40508800
40600800
40577300
40663100
40947100
40366200
40030300
40085900
40002600
40140000
40644900
40557600
40591400
40885700
40207800
40245900
40137000
40872700
40630600
40005300
40273800
39980800
40226200
40994500
40714000
40175400
40120600
40767600
40738800
40755100
40793800
40732100
40752400
40813500
41046000
40884100
41746700
47379100
