3
3
8
2
4
1
11
4
1
1
10
5
10
13
2
3
3
8
6
3
3
11
4
10
2
9
5
9
10
1
6
4
5
7
4
2
3
2
1
1
2
5
1
4
3
2
4
3
10
14
1
7
1
4
9
12
1
3
3
8
3
17
12
1
12
9
30
9
2
2
10
4
2
1
19
1
4
14
19
2
4
1
1
3
3
4
7
4
3
5
15
3
1
2
3
7
4
1
9
3
7
1
13
5
2
3
7
11
3
12
1
5
9
4
15
10
1
2
7
6
12
6
9
12
3
1
3
4
2
8
7
8
5
1
4
1
10
1
8
9
4
1
16
7
8
7
6
6
1
6
7
3
1
1
6
2
13
1
7
4
1
1
6
9
4
7
14
2
11
1
18
6
4
7
5
11
1
20
5
5
15
6
2
3
1
12
5
2
5
8
4
11
7
2
4
1
2
4
37
6
2
1
4
6
13
2
12
19
5
4
2
2
13
1
8
4
15
12
18
3
6
7
3
6
2
14
3
7
7
15
11
3
5
2
16
6
10
4
7
1
3
14
5
6
3
5
11
1
8
6
14
4
4
3
1
3
6
7
7
1
4
8
2
16
15
4
7
6
2
1
3
4
4
3
4
3
19
18
14
5
2
5
6
1
5
22
17
1
1
7
5
3
6
3
30
2
14
1
2
1
10
3
5
5
3
10
13
3
1
3
9
5
5
2
11
12
7
9
6
3
2
23
19
4
10
12
3
1
17
2
1
32
22
2
7
43
1
1
2
7
5
24
3
5
10
4
1
2
7
11
4
5
7
1
1
12
6
6
13
1
9
9
3
4
6
3
10
2
10
5
6
7
9
3
3
3
3
10
1
3
2
13
8
9
6
6
3
1
2
1
7
1
7
5
6
6
14
33
1
4
10
4
8
3
13
6
5
24
1
12
2
46
10
4
11
2
18
5
5
3
8
9
5
12
1
5
8
8
14
4
9
4
3
2
3
10
3
2
1
10
7
1
11
10
7
1
3
19
4
4
12
4
12
9
2
4
6
11
4
1
13
12
5
5
1
5
27
37
2
8
5
12
7
3
7
1
9
9
6
11
4
9
13
3
1
7
12
6
2
4
6
6
3
7
11
15
1
3
4
10
9
6
1
14
8
1
7
9
3
8
13
16
2
28
3
4
5
7
21
16
8
3
2
16
6
14
1
8
2
8
9
6
12
4
2
18
8
4
2
5
11
6
11
2
2
2
5
8
21
1
4
2
9
4
11
14
12
9
31
7
10
18
5
5
2
7
9
2
14
5
2
7
9
14
2
5
20
4
7
7
7
4
6
9
7
3
5
1
3
7
12
8
10
1
3
4
7
4
13
7
2
8
10
3
6
4
2
2
18
3
9
2
4
15
11
1
5
3
1
7
1
2
1
4
20
3
6
1
11
3
7
14
6
5
1
9
1
3
12
6
8
5
7
10
8
3
33
5
2
10
1
14
5
2
3
6
2
10
15
4
6
1
5
4
1
6
11
2
6
5
12
14
1
17
4
15
6
4
1
1
3
5
7
1
7
7
4
5
5
8
12
8
1
2
1
7
3
4
1
6
12
7
10
9
14
2
3
16
8
1
13
1
1
2
3
5
3
2
1
4
2
5
13
12
16
6
9
17
6
2
15
24
2
18
5
2
5
2
6
2
4
2
57
4
3
2
10
20
6
14
4
2
7
13
5
3
9
9
5
10
16
2
3
7
1
1
7
21
5
18
3
2
16
2
1
22
1
2
1
4
15
7
26
12
6
2
11
19
7
10
1
3
18
8
1
4
8
20
1
4
10
4
12
1
15
15
6
5
7
12
6
8
1
5
11
6
2
20
7
4
5
2
9
3
1
1
1
4
5
9
1
22
21
17
8
9
2
30
8
9
8
5
7
4
13
6
1
2
3
6
2
14
10
19
1
4
2
11
5
15
7
3
7
7
6
6
4
11
2
8
15
4
2
1
2
19
16
12
4
8
9
3
3
4
1
7
13
6
16
18
4
1
3
2
4
7
2
6
5
2
16
5
8
17
9
2
6
3
8
19
4
4
24
16
9
3
4
13
1
3
4
6
3
9
6
23
8
2
3
3
2
5
11
10
13
3
9
9
13
2
1
6
5
4
2
2
10
3
4
8
1
5
8
10
5
5
5
4
5
4
10
1
11
6
3
9
2
7
7
3
13
10
6
5
10
3
10
4
10
7
8
2
1
5
7
2
6
4
9
1
10
3
7
9
4
10
1
2
5
5
