1
4
6
3
6
3
1
3
4
3
2
1
3
8
1
1
17
12
5
2
6
3
5
5
4
12
5
14
11
18
4
6
4
1
2
6
25
9
4
22
1
5
1
5
1
2
5
2
1
10
2
1
2
4
6
12
1
2
3
6
26
2
1
16
2
15
2
20
19
6
5
16
7
6
7
15
3
3
5
6
6
10
3
12
2
1
1
10
4
13
2
3
1
2
8
9
11
1
9
26
2
2
1
2
6
17
9
3
6
5
5
8
5
10
13
6
6
8
10
9
7
17
2
16
6
8
1
7
18
1
14
10
14
3
12
9
11
9
10
4
4
1
1
1
2
1
2
10
6
22
13
1
8
6
2
16
8
3
7
7
4
12
10
9
8
28
3
5
3
6
3
7
11
4
10
2
5
3
3
8
7
22
4
3
4
7
15
7
1
3
2
8
32
2
3
6
31
2
2
3
4
11
1
18
21
8
1
2
1
5
4
6
6
4
4
17
1
5
4
10
5
15
11
6
1
10
29
11
1
5
26
5
2
6
2
4
11
6
4
13
13
2
15
4
6
20
4
6
6
3
3
4
1
13
8
6
5
10
1
2
2
4
4
9
7
10
15
9
3
5
6
2
25
1
1
3
1
1
14
3
5
8
2
7
12
1
1
6
2
14
3
14
2
19
15
12
11
1
6
1
3
1
8
21
2
3
9
15
4
14
1
4
5
10
7
15
14
8
3
1
27
1
3
6
1
6
4
9
9
5
8
1
14
4
12
10
16
14
4
8
5
5
4
6
3
1
3
4
11
5
6
30
12
9
1
6
2
6
21
5
4
6
10
1
5
15
3
9
2
9
7
16
8
4
6
3
13
23
7
1
2
14
1
2
2
11
1
2
1
17
1
1
1
10
12
8
8
8
13
10
6
1
1
4
4
6
2
4
4
2
22
2
5
3
6
1
4
3
21
2
7
5
2
3
20
3
1
1
1
9
9
3
4
12
2
6
25
8
10
7
7
9
4
21
2
4
4
5
35
1
1
2
14
4
24
10
2
1
2
19
7
5
9
5
1
26
9
4
15
3
15
1
4
7
8
4
7
9
1
17
4
18
17
1
11
6
8
7
1
3
13
6
2
1
11
1
1
13
2
7
6
4
10
5
7
24
19
5
4
18
7
8
7
25
2
23
6
3
4
12
1
7
1
5
5
3
2
1
2
7
5
3
11
5
5
4
11
6
6
9
4
6
12
3
11
2
3
5
16
9
7
12
3
4
4
8
5
3
1
18
12
3
2
8
7
16
3
11
6
2
3
1
7
1
4
3
13
8
4
4
4
4
16
10
2
13
10
7
13
7
4
3
1
3
2
1
3
8
3
4
7
1
9
8
2
8
11
5
18
19
7
5
6
1
8
11
4
4
8
3
7
7
2
1
3
7
4
14
4
10
1
4
3
2
4
3
10
1
6
9
2
12
10
4
6
1
2
6
13
9
5
13
3
3
1
3
2
3
1
2
7
10
4
1
5
7
1
18
11
13
6
1
4
4
2
5
2
1
10
5
21
10
13
20
7
2
1
11
14
3
6
13
8
9
3
5
2
4
3
15
9
4
16
1
16
7
5
19
11
1
18
4
12
2
3
4
13
2
8
4
2
5
6
7
7
13
10
3
4
7
14
1
2
3
5
4
3
13
1
1
6
6
1
2
2
4
16
1
1
10
10
20
3
2
1
4
2
10
9
6
2
4
7
7
1
2
1
7
1
2
17
3
5
3
3
1
5
2
1
8
9
16
2
8
3
3
20
2
8
2
6
9
2
1
8
13
2
4
1
25
12
3
6
12
5
1
1
8
4
5
8
3
15
4
3
3
11
3
10
12
27
1
10
18
2
3
7
12
10
16
7
7
1
7
10
5
21
6
6
14
7
10
7
10
2
7
1
2
1
1
3
12
3
3
7
5
25
2
6
8
10
3
20
3
10
11
10
5
3
9
7
5
20
6
5
3
6
16
7
10
4
6
3
2
5
21
10
15
5
1
19
3
4
26
4
1
7
1
1
6
12
8
27
4
6
10
6
14
1
2
4
14
7
3
7
4
11
11
6
28
11
1
9
3
3
4
4
6
14
11
4
3
9
7
2
5
5
8
7
1
12
1
5
7
4
1
4
18
2
1
6
3
2
6
1
6
8
1
1
1
8
5
8
16
5
5
1
12
7
17
3
1
23
3
8
1
7
2
11
6
6
9
8
2
9
2
6
3
2
2
9
18
1
3
13
1
4
6
4
3
