27143039207
23542150116
32950017186
31037219323
19203986363
16135940700
17489417027
21371705787
17340076214
23164456301
27380614868
41630356634
23855755110
32434142596
27923528871
28350901342
27752230720
34504391419
32610693500
21352771117
30384855565
19425299311
31794518137
26793251446
40048451571
36419540649
34817407804
33921848754
27869953290
26164173063
17238167112
22214488147
17902429755
21013376681
17348520755
21695864008
14908859498
19944817474
17261950433
19555377876
18308298469
22588949137
33271080446
23020842701
32868141220
33935306286
22283488939
25889143768
30105137569
23673828181
23462021835
24885832366
29296698990
33090098508
30406300374
30595490363
27924610680
37380841822
27212499286
24815723900
22299198231
32152273333
26309968410
31017641998
24565791368
30671662283
28241225774
34666657513
47399196513
38875573676
33617716391
35133610796
31256011918
32694727941
33764437828
21599267627
27932116677
24970007595
29629412165
36520156248
35996755787
28905292341
32105438753
31113680107
29657404935
27254439106
28967192089
31096531097
31903216559
30919192861
29279812572
37311136929
29652901466
24789910561
14896393873
23373066152
26435562012
42011349955
33439936978
30195925682
29108370250
27103939375
35223410096
34322090958
29532035771
41291534283
34913487462
29164252316
29557672000
30504403579
30272608439
23505484693
35689455087
31006378409
27162016051
29306665492
27645573704
25766824087
27980083758
21957607569
22243347182
24161518369
29542577609
31074864383
27606191159
23273615613
36130904545
28209036287
24136884373
28993121758
25658731524
33282145271
33483111961
29676688583
23411868031
34934661227
30961876748
38169257054
34328854461
30794943097
33410107520
35622030476
33172172195
35909000800
28728846076
25587119444
26774528906
34620616668
19521458341
23290156590
23931779469
25404983394
23437121059
22297387721
22717657064
23081432064
28178552612
32569516483
27124695011
22394472572
27605675772
34936842650
33684673782
38916629443
25191584743
22684632714
32724562107
27976033705
35318161594
33956887091
27599198297
29751901613
28138189395
33071867633
32148546187
32822200524
29559311534
35204582222
30994946406
31170913961
33283606852
33533152341
28642430671
33333812531
22966268074
22942198566
24635707439
28634004681
37214721622
23778599532
30058316087
26658769512
26997431388
32620139333
25521866081
23074301036
27705271133
29600297767
27355660003
22141241815
30301981991
25143622831
23173012071
36448351559
30981562025
31918770440
27454423099
16086156612
16585080694
18027494282
16539748203
15954563698
19416098659
18635635813
14277721177
16393941975
16335125379
19217921603
14775528972
14071686958
14229814412
15616645467
15828451453
16609056165
19365782165
14651580829
32753687896
32762093091
27369296631
28552734534
42043121905
39800135840
24661913829
17890750805
18684935670
22387143601
29607115589
39140242251
27497516335
32509459167
47370143022
30979507870
13970167632
17501103971
29754133918
18862058943
21788745820
29965111414
24550818913
27165107604
13788727548
16390203042
16875579290
15863570918
16842682109
15960476442
20522494287
16587449378
15168616886
15071522558
14935594406
19220552494
15034057936
14843322991
11914374176
15354878875
20418937135
12909792449
16215872515
15890123078
16703022226
13338242649
12977041698
28877040394
20889522797
18013984872
15217329625
32415231522
24067258940
37654445164
24469298289
30552052871
32377340613
32198036359
23996003716
39395822792
24305245703
28129608746
31342373005
27119503431
31506041491
25903747373
18793848352
25706058794
32668889765
25609059373
33018564753
36943418651
26213709296
30473642786
33143945110
36257634500
27547364518
35332993450
35936490880
36270730199
29556566284
28430896665
28335486082
24265198743
19893673910
20734784071
34402383063
17912001422
24489506013
28367352217
29671605255
28152133803
21740186677
19025581831
23434602379
31263704413
32000996141
24908703173
27368428830
33844033786
27182281273
21020741291
29342498053
26925981600
20476883735
36342252803
28872035580
22314799964
29468368092
30122111805
31912623815
38834607046
34257177948
30550785729
29280862410
31161464327
32335121654
26218789519
31523797847
37639819915
30713578247
38150791915
32073781797
23976736714
22677289751
27612413767
30884832129
34433986066
34464112931
31633484657
33745074434
37050605580
32910888585
31696650261
27225612075
31080996009
23088836597
26080602508
32513688427
27532789057
41697204133
37310166703
35271546443
20088550247
16746644951
16621732938
11848671171
14797916093
16121155232
14530031958
15506962707
14897594219
17901442628
13652892949
12600644118
15530258300
14649649597
15481756176
18666798841
10505419210
11749508115
36932213668
20941207949
30986884764
19601772967
32315066454
29065850100
22053748870
34360524718
38139960292
38640619859
51757761968
48939658796
37875501842
68361871549
49818400109
25709438536
27443605563
27585516407
27153482370
28599734924
27642439992
23223930198
40666386593
19338675869
29010266554
32377532237
23991261872
24644006831
34382351927
22808764196
33083167959
25537613556
24269620859
31696936566
21119068736
30673790374
29258966653
27563035138
33024805778
26706911723
30916051867
33764302855
34151948835
36696015419
24272720903
27278926863
35615980396
24198477878
27463503061
20685815768
21440932192
28800380264
33209764389
38425818925
62437704993
46355111664
47165955469
46646209222
53466882112
46180476167
51562491789
39241360012
54723460718
43032463558
30663199351
15335772949
27671706450
23413736994
35447212525
28366396746
20266610064
37291922063
42031602331
25949955241
30190954708
30861300725
31097232476
32890778012
28673413583
33770819370
25137104128
23866137586
31804043418
37114256121
33870139842
25905201254
47935845118
31697059734
40965281799
32278154648
30099076176
23139615254
37424662091
27902914707
31951052731
29729125912
24269083705
27405289850
29412429285
22821122942
22483343179
20716441158
18781638669
21590323159
14420782822
15238470871
16315622159
17425402889
21854653160
19199267973
22645682421
12796682412
17782830853
17358949642
18550829613
19993032230
17989191577
18423334829
18860737308
15124076142
15075931121
17157796676
19652961044
22195729246
21865091502
18810856538
18250312536
22821863336
25435577845
18485560238
29141037505
27381332109
24257648706
15520659522
15640225017
16755963171
20183397839
19190874165
16526853156
14169393366
17890994555
17901430030
19461475604
17649322573
10836504680
16653568118
15242277129
21533044446
16681157492
15464932426
16774542284
17303601171
16265349525
32257472361
16982619799
38987447620
22626712021
29343138951
28021504019
19852257434
29328798382
22935323753
29123453484
25168208160
27582887750
29154491538
27015050563
32753408788
27520354883
28472113729
26784061357
27063358746
30567114346
27291034348
23713686171
25495144587
20322242443
22207548810
19397224606
20463406653
46686501736
37018640942
40298517459
55530566046
48680449647
44466600063
48458849102
36356561858
30153101642
25992296311
17229364388
23339461630
29479719977
30357363354
31959920674
21255553451
25876600872
20507361145
22808438179
44757047143
42849635995
35162297699
37937614257
23360706291
19956746928
20874832347
33265192784
25401426107
24843181021
31268647710
35726343827
30810454978
26558753169
34555350814
33052797815
28150937871
37826416242
28463481756
39555246018
34301824519
35341235210
24082297655
33207705719
21730006010
35146607279
22231864551
31378707013
28098714368
26173361592
29179597100
36468897218
34274185276
27258481318
31002701222
26584188836
43923667290
29962551061
27833193043
31493833791
36390249933
53302259616
40603484092
33457556282
29169828811
34255343401
27566538311
30124646690
29530704001
16765075544
27992059464
32539303514
30828516091
20254546674
33467190635
29882763302
17604444561
34965756198
22956831698
18183570373
22919603552
18477073234
18089898981
19426908105
19089664716
14395210669
15554864706
14791397658
11972533187
16297915836
17595731479
13824669909
13195460285
16994820538
19388531128
18739506600
16168346369
15395012221
14733526333
18034273940
17249660229
15479334789
16105397579
14816649211
16957815811
15927370185
16136133912
33638805140
19771053421
20948838816
18177301706
21068545063
22542389208
22147246518
23949963513
17138885537
21149652784
24653358576
24396975454
33344280686
30723001354
26553165480
32108059712
33909236889
29922416377
26456802454
28110900282
18792180941
17233387167
36111979494
19730878263
32467138827
22597218753
25880052857
23044788016
9328806872
15674667447
17459521988
16790253971
17642614347
12918128083
16563150580
17149372965
18115368261
15223406013
19247191863
15270896894
17305437569
16378490415
19408540475
13742733852
16006643993
16362741096
15300891539
14439423612
24708106296
27356302070
32952460780
29613235010
21539415508
34071490197
35838946113
22759012674
19045976826
26963539992
30139966636
31076568645
31449598305
20702512057
26632685411
30124153833
31556261245
24861645934
25690411204
26469855387
21496593893
16519276360
13084639855
17510656107
26348730087
25587796742
28872711791
26551508556
27691464556
24254254673
33266828882
30082860834
31737894457
29370715151
22323976174
25986817430
23227642990
27489146745
27927127314
24046659417
25585681435
30703268496
39653145961
37707025312
39325213960
37446082086
30933840463
27719505817
30973776376
30830502303
32853601634
21551730727
35721539147
35291432653
32709822788
29687117492
29570225172
22286982944
26142140962
43288107748
30342944428
28485824391
24786793309
25685973225
29204681406
27678212405
33714148813
29436220965
28698970917
29827266405
28062950195
21835739183
24328466330
27922772238
26398009797
27470291161
36365845575
32580031687
19661006831
16868416494
18268751204
10812454600
14560915102
31472377205
20747844357
26936070853
36491298642
36149772754
34188204040
26834218970
26977992306
29285823404
31788402138
23597404911
17762680719
13257526994
28119673294
31268670276
29359369698
32459281844
38504388644
33772845621
20501663706
25604001136
30847181156
36514022024
33235579697
26782183939
29906677071
31735346660
25739903741
27780330982
24288434188
28346582107
32368735280
27089236469
17574774143
16185541232
19448116853
16083368711
14987502528
19391457710
32270544633
33492212183
26176290541
23072695519
28746629697
30837244340
36422263329
21319326778
36970103806
31721303651
26016048989
25086398187
33317302857
43959384630
36648096352
21062640900
31778742836
36375316085
37219864251
21863890596
37726323982
25751096343
27596429413
19787257726
30808946275
37593883108
30000936001
19606919551
25731085933
29481226952
31944619883
22191472718
22206878894
29278139883
31230410605
19989113432
15448561603
15624462626
17063541486
14563770259
17328856215
18490057241
15406122511
15631320518
14309591082
18137673020
18667446494
16529146964
20901618093
15960480588
15142197686
15320515635
16157348447
34950748344
23807944562
32275315197
33827184545
30096134066
28826853976
24801428953
25608980366
25717276164
27083807990
26834717738
31712278830
25928753011
20385460765
23506039611
23990879158
24831258541
29630592752
22218149380
25240301667
24691791472
17959360483
20618527397
25482762470
21779955122
29538069705
35435762942
23032208383
22423718484
38055588786
36307766244
25984944518
28241716069
31860165804
35469704208
32290517528
26362848292
24709203334
21882515936
31444945980
31669476218
32490670620
28845752159
25837461945
31540726074
41169483093
27546695723
30335702053
38809480137
32264484813
24541297099
29797277392
33112559560
25378193486
30585112062
31944310752
32627049620
20398422119
30380253468
28175747627
32335454211
27515005628
25271358152
22792087615
19921046680
24360916747
26079621622
30425965929
41086411224
39286503413
28590574132
28781192650
29061328236
29517789125
39016111922
30340216529
12783278336
15074910738
24481886699
20548663372
14474639493
28739987167
35730701204
24349043436
26426442894
31949237002
24164988840
24998945082
18228951798
32655719761
29820845433
22452934709
25654231792
28629217382
22037915521
28813037747
24564769611
42316308317
28057110860
30036627734
34261469250
38916792783
28534177108
34622875630
