4961369336052
4017661911167
4629650443159
4610373265619
4712267369046
4385292202658
4610166536899
4267435051160
4790008606697
4287748548772
3978529141043
5001381316070
3841494627605
3656868835348
3875986141022
4105894751194
4441368624841
4093414087155
3869224031924
4100229756687
4635122687377
4682850021133
4667914352699
4693396220196
4261761377694
4380349618379
4271741635597
4842401453287
4056254641400
4140895298671
4603869062864
4418974578896
4324380652949
4445637308418
4274092756784
4038259430401
4343149887201
4663378953522
4578633444977
4200854108051
3793439677430
4291849829295
4771590112132
4479016205025
3934781712919
4358107774434
3894296751491
4624978236565
4914856388664
4896723239444
4747448073344
3804487812936
4492287564936
3935822430281
3691310685877
4809475159475
4530871971243
4413705372147
4105750386751
4128617429006
3750796482171
4541513174965
4349397368646
4093161400679
4583341586849
4465688119366
4383310871977
4111931567294
4833554485867
4895716235590
4479483078569
4805362916127
4216484129847
4332755363844
4247445761419
5042943026589
4255463513772
3359806970605
4882290046936
4571486241933
4462334988788
4750956316054
4158509165759
4622447303227
4837286635695
4315715091425
4498350172096
4025037375153
4355276636811
4897793550781
4751703957295
5193255115929
4004202476329
4820765057257
4175926344864
4584715248985
3690173440732
4415365177357
4857477822768
4412989506769
4406809568852
4243126454379
5187936667341
4812309788674
4619541804557
5080507126102
4722583560485
4157897067639
4267083497080
4327993186215
4253213457274
4656812420211
4568693831126
5324405908368
4765454960699
4318076803862
4861527020051
3881713243984
4918479099019
3803744239962
4655671594906
4351131416873
4436635179990
4665064729187
4194721221557
5087961988666
4436603217085
4450971143134
4708649271930
4561135322544
4388596566762
4581642646934
4030511723503
4014811205100
4717251299882
4127766908231
4303741244767
4247206955224
4561494524743
4179630104965
4292561783640
5094137133991
4289591316951
4818650223364
3861693974353
5086632313452
3973640614228
3588611730307
4516286954252
4306389434203
4978704583563
4877736722868
4366844756205
3955191657175
4191009903572
4210758854347
4221869382755
4521688939828
4713525146608
4668428767963
3863559222205
4529404160402
4419968829489
4517108148888
3928958155638
4248298840198
3852415467506
4439001840779
4160583913589
5104636484871
4889245204294
4246463490566
4525222087782
4644494444879
4883110961502
4257876795850
4236082942504
4102562330919
4692220776227
4141440349841
4369403283899
3993010027170
4378115403747
4648863449964
4384985646943
3884809698138
4048040388919
3750859326213
4782067558558
4161931581790
4690326774745
4831352058637
4325180665915
4213431430173
4798425117668
4477846428659
4354834007199
4535381952510
4018612286920
4593571352714
4341619284069
4240331181715
4665663906709
3985994665450
4086581303812
5046527276871
4406374816899
4581215748798
5557852779960
4754895804331
4679335291443
4293258834185
4598399810261
3850172288049
4715876443757
4235975683545
4084733095487
4329996444352
3987471611244
4230442080225
4344054929741
4631486259443
4466164521758
4414891639498
4283486870496
4351897649487
5128710465708
4313677147510
4088145156283
4240514339075
3915075636957
4173900409352
4204192144444
4321006994227
3842946222994
4158961531310
4316676726369
3767585108668
3888463148098
4193490999115
4369592239490
5393035417223
4423419844553
4181563050833
4334061834705
4263370046926
4720233011016
5168120434836
4040182947112
4681649306319
3837723956490
4503978419331
4585576925839
4098829730800
4089808090027
4937101359671
3948995233990
4297930550852
4035975620769
5140991650178
4883679509543
4365849588923
4479051404875
4762451970433
4321938598112
4841995939788
4115874946020
3964961319656
5340927155169
4447476227277
4678780432787
4455118043746
4081996626437
4766878478813
4281230997120
3756832743516
4682381984364
4485389437912
4858876038790
4898498186508
4370534112587
4071427585868
4107865831250
4149628696066
4865484797718
4596479638608
4741585497585
3686966672165
3884452903924
3866124724328
4250453744009
3744376227183
4341540871706
4350753899007
4169522480053
4201685023691
4180098599152
4716532662165
4868374250328
3984289812621
3904353191215
3987368221733
4630526801082
3899687468739
4321714632515
4410570214053
5219481634380
4714000563788
4701102849575
5114302897018
4041057512473
4351152852954
4108225393487
4455544022352
4247452240456
4469317316071
4132325633763
4782104985865
4661047780427
4400149485517
3833664820042
3731706336074
4403695429763
4812203003684
4886343265040
4286244024549
4571818627978
4329229355200
3986158759945
4314186104119
4115060801933
3881109075732
3891813229834
4275671296789
4077446105474
3669548491532
4091822612523
3914283172701
4478111431729
3771257148491
3980571545337
4021415486834
4241092210502
4548545054333
3931157683784
4368935317594
3957224104364
4238739344354
4780609961508
4521489411261
4166320397187
4884229129818
4335087663379
3879921114106
4495240060355
4405150981738
4118336857956
4398080534196
4019108454299
4460196713759
3714632839668
4301516961176
5209510540406
4528439707708
4608050669442
4047279797721
5073130996567
4595797554500
3815625056142
4197918013641
3623648532226
3891979272354
4491539948006
3533256268685
4473645170248
3846029038539
4241187409711
4138477994394
4102659764110
4780985846704
4473124840470
4385283858406
4095558691281
5134846384306
4777258163394
4403692170803
4624784272702
4636610778919
4701610349898
3793447611424
4097233071757
4183780404451
4371499900912
4348507367288
4508171053132
4233538299839
4642726288190
4062792131536
4180675769576
4519501120579
5053059172157
4244532137331
4292872140686
3821810544254
4315017663020
5002313142475
4987593824848
4375120279237
4865159621700
4139502198647
4204812314847
4548998333132
4075818176717
5227857087692
4933927752935
5344630803802
4227633800248
4360965903293
5158822739402
3925721390299
4447793607882
3897239800328
3989915831789
3821233369051
4103380210811
4346988662567
4372473514449
4273675405821
4470598526476
4199321816265
3911548603036
4381588633878
4629642140835
4238710325708
4258597624396
4435906451719
4289507873952
4448668929325
4763478470991
4095597015929
5360842107197
4135066509378
4180233970532
3935282455669
3723728898454
4433699638447
4309261322174
4293395753585
3547980237689
4406582730095
3964197469070
4817436997035
4520060070970
4675968506528
4279830828781
4793799128351
5226245039530
4136286854829
4247577688578
4578073407972
4593888976493
4778543959837
4457820369978
4063761887591
4382548014845
4384436633563
4298053741862
4626670407938
3652479306887
4536213052592
4505408296921
4418190052493
4183430599773
4363952753468
4234940393707
4531319935803
4261469955831
4313718597862
4297671052563
4225650026776
4070621810788
4150430334856
4171642392937
4535953644067
4737585068719
4908349501892
4692777471537
4703842574131
4240957317409
4309839210812
3490306483199
4244191645191
4461199935499
4079667041893
3905351351517
4726954675349
4087868586572
4259761687866
3977799703366
4285692133090
4331859021814
4451058846381
4096471357529
4832557283158
4488049671290
4310861359217
4446328155050
3879269788061
3593730885383
4614745060471
4700828680370
4154382704260
4408980899656
4802412981345
4386675771665
5527539825736
4935623285028
3833010837519
3804708518064
4261865511773
4518579622413
4460173949121
4056121441930
4310743779780
4584951720199
4603363911769
4113859286668
4796100950868
4609343236416
4886736975015
3987523038516
4225324227256
4987581610484
4976730308023
4483496363745
3699055687585
4552893025268
4126078114932
4439145494888
4410157371351
4433027400673
4857759065396
4514189726958
5575674387559
4482698848692
4358176909470
4571762092102
5428042902948
4286148247987
4127250556059
4946043142129
4540607767960
4752081918359
4043702481879
4627256674720
4316427579704
4340907668464
4877311740574
4257438422997
4389782677058
4589022144218
4961308794805
3980081277732
4006765428429
4855196878682
4606283445798
4797297167510
4186771688923
4322554249032
4291086442106
4292923759742
4237361113352
4855298052948
4604472022858
4150586849413
3883782297820
3905913531488
4616765119163
3792113166587
3666494412421
4264563530139
3785598834605
4218414058695
4281550881600
4158897294332
4223469545835
4418547557673
3788971119971
3672235662327
4399785708588
4538121247353
4287964656638
4752011646170
4895904169809
4055442671659
4523934730774
4533077889388
4286372824686
4483060700412
4167892076417
4070551212224
4224032189271
4001844936485
4388456182771
4516944005076
4284875914592
3778913774959
4234912093697
4038602743685
4241095799979
4118740911067
4601374025194
4572929527546
4447157545679
4202668960664
4135182227491
4723702620140
4698374291655
4280478577556
4245737593996
4860753496110
4572518176602
5097943606620
5488128558300
4743241469254
4436414310429
4459570029232
4398731013388
4603008393073
3983112794079
4722399126735
4233035227046
4994142305787
4490106132026
4428841066304
4944881389783
3565111234803
4531945056415
4909138440076
5046621015100
4173302270555
4105260941814
4964135012751
4583866609161
4175216360653
4248721513984
4366747157853
3988058210388
4729884500119
5080738412089
3663094201754
4388977455113
4066151642190
4287190927036
4168153004932
4072660553185
4165423780710
4405950221849
4831609992278
3837458119168
4930106016574
4400191854814
4098716686445
3571492078657
4406052851562
4316541781418
5197695872416
4550035159269
4187517843760
5134671774675
4134564193690
4061095828857
3750674832039
4108887414150
4024874242937
4394096634202
3931552238336
3950643923136
4448058983377
4301257261659
4165013110651
4456134579163
4886117632700
4546664971070
4052695781746
4179453851367
4411474407113
4376046163643
4438805455501
4703570178247
4396348649665
4674194126956
3762653522271
4392658912347
4743565312191
4457167710129
4135491460262
4601019806023
4447270487245
4108654675160
4483716571111
5467041026798
4379752256304
3517509317982
3821734876729
4874700161626
3711158539510
4927751632543
5089059000150
4302775234459
3967493500959
4046099778339
4646246977292
4075753183149
3891043824446
3810481345106
4362915409802
4480803141657
4087930532960
4271986166999
3954950123023
5006189378685
4556119183315
4795460149756
4041170832276
4681882183619
4409167129796
4250635505205
4903337880022
3985769088891
4550057846628
4279438636615
4346475238179
4512970803168
3863918052854
4587101297301
4692273619182
4406799480886
4397465729191
4492415808387
4466108184594
4402418693564
4667630152965
4021056052446
4913513472902
4485925052696
4397715557388
4106474977376
3925866898085
4903969252339
4362640628876
4582549382949
4391511317356
4592285657546
5024191270946
4387830371788
4821095076407
4262195828266
4311598280336
4272378596970
3959716078979
4950931561093
4356987672912
4357168730649
4215823850907
4198956716581
4684477369679
4623206087475
4498731006151
4440996056865
4772015305347
4590642129164
4655862802462
4404732495229
3998437374077
4170644656056
4888372722661
4815729745457
5061130639613
4012310513129
4374758480635
4314783194884
4461453180722
4188417943346
4260848210627
4675136202474
4703337804296
4281981949457
4071168978185
4261388226157
4721500151193
4296847338655
4142836842252
4102790046707
3782241713232
4323307952738
4350030007657
4449257423313
4951296675205
4524560407730
3977053309100
4173899190802
4619322091567
3732030049000
4377448449421
5185784908616
4589162422797
4028530322174
4916170410820
4712898890305
4166844461168
4853248851476
4033255792863
4558113325316
4407906935066
4348443606221
4237598097024
4136117344877
4522853695534
3852585261764
4530118630499
5066460730440
5283114198449
4841226491481
4511300148052
4516268201580
4223886258886
4197562256117
4292196124807
4408487313257
4427097776940
4232388885811
4138336094414
4174809732630
4278571505033
4735504359808
4534811945188
4794053427969
4673085442994
4191891289961
4188843676695
3897325380458
4358983116484
4610147371421
4062427560252
3896460383022
4135127560355
4872324503284
4380725665571
5576238349092
3896895297636
3928675996174
5062798406117
3859287633802
4634544785864
4319543518286
4609976903005
4306121219164
4912754663030
3841194862913
4623469852738
4419999385357
4407017109427
4643758979955
4777467081653
4133971490123
4135180794971
4445767168307
4411822445411
4195362627522
3983236780476
3556719662770
4323124182324
4487953823333
4019551347259
3951114042972
4379711547320
3867247201713
4132378720760
4277310036685
4148733227675
4306506103295
4319500038733
3993725251196
4714448695173
4453893383432
4523576132870
4188538831087
4248822818049
4127461788338
4162014244512
4528725703117
4085152279438
5382448955890
4452958168191
4576604469396
4347540907316
4664819814851
4952040604233
4172185093354
4703879494374
4739560530913
4757312748290
4038560094999
4312417125731
4445190103063
4404574748241
4428856175160
4361242825528
4248838278728
3971964192511
4134353601937
4617123762936
4524924052900
4762310333871
3220495047503
3828612083913
4863043649210
3965777780107
3924735938706
3786264280959
4823775439557
4543832567449
4685712424242
4091394763514
4254834336324
4351725245228
5204287949595
4140700113999
4171056551812
4514955939919
4683133307626
4185713811764
4131225921308
4933882371190
4329926685068
4021722054550
3948869755913
4353453281937
4693226599584
4354151104381
4531411081695
4433871695814
3914976953889
4713458905498
4370559539414
4938090630980
4121988308720
4611898713821
4357738138146
4613710604286
4280323674896
4946014021744
4381586314703
4349203065538
4836041267820
4169343474406
4413417984105
4370654643273
4128345813309
4065099448151
4933001593243
3858964086715
4441267282404
4120882356763
3854208583008
4230144566394
4260394526610
4374570073333
4283354871771
4370560702833
4829066631106
4483065719369
4162955509585
4216460453401
5092111160792
4844368841614
4226704583457
4600483113422
4528399473790
4262467761041
4746447128557
4215851362841
4619573886984
4784635190755
4790472003588
4709452192014
5126423947371
4433552622024
4128951764333
4476986316906
5299844982269
4400566993785
5257660256263
4869395068390
4769573656697
4437462627678
4176932612877
4350252774421
4672848648700
