3
11
10
11
17
10
25
15
36
15
28
4
33
9
16
45
12
12
4
14
58
29
30
11
32
53
18
14
1
6
17
19
31
1
6
5
9
4
40
5
11
24
17
52
3
5
7
93
28
58
17
79
34
6
4
22
7
51
71
8
12
4
111
47
5
24
43
36
66
21
9
45
28
18
1
14
32
11
77
61
55
44
5
4
45
21
15
33
74
30
16
126
45
5
24
25
136
25
16
74
41
125
2
46
23
19
67
26
16
62
11
17
6
25
17
22
3
45
20
3
39
73
23
22
175
3
57
31
1
10
4
76
15
35
8
23
115
25
32
31
27
22
54
50
125
2
15
42
2
18
25
6
1
59
3
70
58
8
19
2
16
112
25
2
16
42
73
12
47
30
31
16
24
24
42
46
11
18
4
28
23
64
10
15
18
3
23
7
28
10
8
52
8
3
8
64
26
16
55
32
15
11
43
25
73
39
22
33
15
5
15
10
12
35
1
6
19
96
84
40
40
16
1
19
17
23
99
32
62
8
75
74
10
12
6
50
7
29
88
14
7
1
16
1
24
29
4
38
11
33
96
23
60
23
9
11
8
2
36
53
9
3
39
2
33
11
5
25
97
9
49
11
18
27
56
43
11
20
64
13
37
4
49
6
84
25
14
30
5
10
13
28
29
44
12
97
23
6
16
6
5
8
3
68
68
28
38
51
70
44
56
46
2
33
1
18
2
31
22
54
30
56
12
34
52
25
10
22
17
6
2
35
15
2
22
17
54
14
99
23
4
35
46
17
49
26
20
8
15
5
35
52
5
35
51
29
35
38
28
6
17
12
96
23
46
2
70
51
67
18
21
111
22
25
137
15
22
36
1
46
26
3
4
39
9
7
103
3
58
27
36
4
11
70
12
27
13
5
22
76
12
4
76
46
8
16
14
24
53
4
1
44
107
15
6
44
2
9
8
137
22
21
11
14
31
37
19
27
5
38
45
61
73
7
36
35
128
2
19
64
48
3
13
7
37
39
1
19
9
23
25
120
1
13
28
4
50
35
13
18
44
45
41
20
23
37
12
33
106
70
15
26
92
137
11
11
26
83
36
19
11
19
27
63
9
73
18
24
3
17
15
65
60
13
12
114
10
37
27
40
21
67
58
14
122
76
25
3
10
5
55
29
22
41
61
5
10
1
26
37
44
2
13
2
24
8
10
14
34
69
63
67
6
93
1
26
46
100
34
44
27
28
4
34
3
65
43
66
2
12
1
3
4
25
24
8
8
42
4
36
9
16
26
43
16
1
17
76
18
11
31
23
38
52
4
67
11
2
57
47
71
30
3
48
25
25
3
91
23
9
18
6
16
31
3
27
5
60
10
6
31
3
3
19
15
36
83
96
19
30
22
4
42
8
12
46
38
16
19
43
46
77
3
14
49
111
20
39
27
9
20
150
27
13
30
22
78
18
19
27
6
16
4
8
18
9
56
17
31
38
38
4
43
37
39
45
53
18
62
20
27
17
23
9
21
7
21
48
2
28
10
11
10
27
29
45
67
29
1
1
4
19
19
36
20
65
8
33
68
29
85
25
3
10
53
19
39
41
8
35
9
72
41
60
90
39
56
9
15
33
13
10
1
27
24
20
103
38
124
8
101
39
105
76
1
20
30
3
65
40
57
17
27
5
21
15
33
5
21
16
16
74
14
34
41
21
18
23
17
8
23
38
50
56
2
27
15
48
8
24
27
39
36
24
37
14
1
40
91
130
65
1
1
15
30
10
16
13
63
9
52
60
88
35
24
21
3
102
1
30
56
9
39
90
1
5
35
15
11
18
38
8
34
9
57
5
38
72
26
24
13
50
5
30
29
5
4
86
23
9
44
1
69
20
16
16
37
16
5
16
2
9
4
28
1
28
6
27
1
17
32
44
99
54
1
10
12
13
6
41
1
14
19
28
23
47
31
28
64
36
14
5
24
3
76
14
20
31
10
9
40
21
23
43
58
10
16
21
17
4
53
34
7
7
62
43
23
15
30
84
6
89
2
61
24
4
14
16
31
44
112
13
176
15
2
23
83
29
8
61
61
1
6
34
1
5
22
42
29
8
42
52
24
58
108
14
40
145
5
62
46
8
40
16
28
84
59
172
24
65
183
2
24
11
5
33
35
2
20
30
26
50
17
13
64
17
4
17
59
91
11
44
14
16
34
2
29
1
3
2
38
4
30
6
17
4
22
11
12
24
28
17
10
20
10
36
13
18
45
11
7
3
36
6
77
13
19
15
26
3
