238
168
169
829
839
16
130
1013
647
786
29
1241
262
642
2
614
545
506
1489
1156
48
1567
1573
129
630
1075
726
612
86
201
415
245
654
2130
399
621
30
2016
403
51
1715
53
299
244
229
1819
1294
249
457
1262
1666
18
341
945
1435
1010
301
581
152
2657
1375
2587
111
440
53
37
1803
1272
203
1459
485
416
2343
175
1143
463
994
870
1907
395
2191
756
125
911
499
520
2168
2734
980
352
276
489
237
535
634
397
756
1007
1597
111
272
2051
78
629
319
1079
270
562
1719
222
716
268
723
3333
301
66
2403
1277
254
1394
579
1366
193
1700
497
96
429
992
42
723
193
695
157
1078
787
589
1253
811
238
1209
435
1339
17
427
299
2855
1044
1338
282
432
566
419
781
374
474
352
550
627
58
206
282
1690
1367
32
47
251
673
833
87
446
619
1867
797
615
908
1561
11
506
1583
213
178
2072
822
155
1013
1734
89
2026
9
642
1954
28
2084
22
738
407
377
1423
830
1097
389
660
1868
1608
132
3278
1131
2392
598
2424
485
1091
1891
1820
882
214
1008
918
249
722
33
1350
153
1298
418
258
3130
67
1105
2691
3256
441
654
341
734
422
483
505
315
504
581
144
318
916
1352
856
1054
4290
4
1251
115
149
1721
601
2121
1000
771
926
2068
374
346
171
734
3366
859
916
2263
670
163
213
871
2699
815
734
1732
399
570
1741
1235
67
1141
597
1156
75
2081
85
695
1303
1029
72
1309
128
732
21
65
59
1595
2777
26
1971
1614
269
139
130
2524
509
3087
1944
1148
1597
132
280
459
14
1282
1910
601
352
719
398
455
404
2019
58
1792
1160
288
796
496
31
300
276
832
87
597
293
249
1426
1053
113
2721
207
328
148
438
409
318
525
696
196
3196
312
1660
249
2306
264
2767
351
234
265
739
73
955
60
534
71
514
965
1097
1652
443
1841
771
314
382
242
180
947
117
226
305
41
14
541
961
11
2560
705
2440
264
1454
1359
1335
1141
169
917
1726
332
1088
188
530
82
1047
2962
545
1430
524
138
121
131
107
32
273
165
365
1122
1258
23
1278
486
531
185
2995
489
65
109
1326
719
1059
258
340
878
4029
9
863
297
183
2164
625
448
470
1281
159
1878
1410
708
547
1821
2900
2224
1194
351
1619
198
1443
4074
671
756
1340
1239
993
29
613
442
381
4255
536
547
857
177
665
170
591
3462
1750
361
299
462
303
116
9
1070
1319
80
756
2780
711
860
70
52
1278
1857
220
1494
467
1883
769
601
388
1190
804
827
979
633
185
2173
35
992
472
109
1512
2834
3423
123
606
910
835
325
655
829
2900
4182
2768
798
178
3627
1659
20
362
1527
1268
994
1
1272
566
894
461
691
2045
328
787
54
23
489
1317
301
316
484
588
1632
763
359
385
128
958
51
436
1491
389
1972
406
839
483
270
1632
960
147
430
427
879
1949
61
1311
1049
2218
1412
46
1196
142
140
206
2
866
1123
1112
2035
149
456
576
365
1488
79
2104
11
675
627
334
99
337
1139
139
1112
1866
3141
172
652
232
188
1544
4135
2201
335
1196
271
1091
388
11
3458
333
929
496
1217
395
749
396
1059
354
235
320
168
295
1422
877
881
1211
1487
473
336
240
1040
209
1050
279
1904
610
1442
2247
353
1086
621
548
438
1793
2147
809
1940
516
88
1647
808
125
1976
585
819
475
1
644
801
2699
780
1420
1752
325
826
2832
432
484
1895
668
1678
892
3181
1783
1293
1216
270
286
3047
1770
888
517
1280
766
945
582
749
1761
1078
402
648
758
931
37
2529
965
1128
312
1996
25
1106
1654
318
4502
5507
507
457
194
978
231
377
53
631
2006
457
25
168
2195
1724
233
304
446
230
273
478
1135
1263
384
1049
1621
24
66
8
494
691
2529
31
27
90
563
1915
999
900
552
1245
110
486
1529
1457
914
364
3370
596
355
450
184
1071
546
466
765
815
1033
1248
1140
107
651
1347
77
443
786
20
2527
1357
1673
654
677
716
12
2007
1279
1082
2514
434
3746
325
2010
742
1092
824
3156
238
19
79
125
195
400
67
1551
1159
2533
1413
690
591
386
633
1632
2587
380
1982
350
35
553
186
1362
2041
678
548
2249
3047
1449
2266
84
994
331
1637
1787
1222
931
3715
456
368
129
583
442
917
52
1909
360
548
236
611
1216
308
6
150
404
487
674
314
294
211
300
868
752
1207
330
1170
399
908
496
907
2572
1497
270
1582
129
1009
2354
1024
283
1649
1672
1409
413
1054
1742
1697
1019
1779
193
1232
719
3293
372
386
59
2627
390
437
1674
417
720
311
637
474
1995
884
362
213
99
121
617
562
244
69
243
29
16
253
1977
856
668
582
59
704
139
864
391
226
759
797
482
704
83
1930
1183
1314
998
8
2033
820
1111
1374
1403
565
600
372
120
452
962
1327
490
1541
823
105
343
1525
195
581
492
722
149
394
162
484
1073
2463
152
473
417
965
2
534
1164
2866
1084
698
193
572
2565
2967
385
93
1475
933
1191
1181
1469
694
432
755
1499
490
477
444
264
296
569
1225
358
791
252
178
2120
38
331
152
336
231
966
28
1015
74
1235
1990
166
1245
849
172
212
352
900
1841
201
773
610
549
943
1708
618
198
1999
999
2148
2633
892
327
249
328
491
74
83
1019
187
1884
237
387
176
108
870
698
360
1393
1709
657
1663
408
1473
2206
3073
197
461
296
1567
326
308
2780
147
1488
580
132
968
1461
2782
606
329
1883
26
2525
61
347
1762
1268
295
690
23
394
1159
242
202
1077
638
1723
55
501
2150
3392
992
1330
2604
1088
80
504
2552
544
762
583
428
355
1310
273
136
2199
438
266
446
1628
695
720
1089
1233
2141
757
1954
212
358
205
213
133
1148
906
1338
3564
580
958
1461
602
1389
3600
16
189
276
4183
276
1849
329
462
572
2349
264
1403
824
672
516
1321
1683
635
293
3544
1241
86
675
208
1127
147
238
659
1110
266
1263
299
300
1346
691
2900
708
2167
319
283
2237
647
120
674
48
152
2695
2290
17
38
759
3
812
520
695
1178
136
1273
562
1290
912
1792
305
58
196
108
356
1609
540
344
1388
880
158
1347
343
219
847
659
38
264
374
40
2062
2072
801
407
885
1805
615
56
1087
132
135
2158
1362
843
1466
1228
2498
173
1314
1598
382
95
1008
37
395
70
704
19
1069
92
218
955
457
42
87
657
181
1276
94
2492
51
1258
474
1153
29
647
414
25
734
1845
49
1654
1054
266
493
1380
612
3467
1414
1979
1812
471
1560
1040
527
2886
92
1343
1238
571
291
959
113
410
1156
315
669
605
673
1840
1517
548
3097
2432
66
54
1402
181
291
178
413
1230
1518
1115
339
174
1765
952
851
980
847
622
1429
1249
735
659
796
1036
634
2144
801
700
806
1490
313
450
1417
742
2275
805
53
3685
1241
399
1499
1379
389
3254
59
486
1362
226
154
208
248
1546
1096
1727
701
337
3029
750
5347
1045
145
643
195
3874
319
349
495
2140
1428
1612
98
123
28
1032
273
856
129
482
1819
26
722
119
1377
307
468
1484
428
320
2880
297
262
248
166
86
246
1953
2193
724
685
874
1240
52
664
1345
493
2407
162
691
325
84
590
1281
581
1306
300
400
497
76
430
270
94
506
866
27
710
6
2
531
704
1742
4138
1974
650
197
474
807
1104
233
3206
309
1622
1783
104
1409
2752
254
1130
1153
131
1616
1222
703
851
305
359
808
463
862
556
1354
729
653
361
973
318
535
797
1297
221
37
201
1724
465
824
1556
919
999
111
184
10
3889
873
1146
316
2620
189
629
2119
188
279
2060
255
257
1318
4145
995
249
313
256
4426
1300
269
548
19
136
798
120
717
1499
920
29
164
66
1527
607
1608
850
346
89
394
66
364
514
110
754
76
3168
1698
202
215
903
362
1483
12
3007
274
313
1324
709
105
611
1311
588
852
101
14
424
139
801
1042
3728
1613
2023
1190
321
396
851
3291
1
343
511
1252
1768
1474
3197
552
231
858
698
1342
334
170
3283
1350
203
1781
540
1322
1414
518
32
139
1859
78
433
425
890
736
729
1629
1420
160
697
1430
1336
986
677
10
82
755
1024
2212
2457
913
1277
1904
438
142
99
534
282
2
578
380
42
164
2549
370
94
1004
583
1501
560
289
1941
1285
1793
78
634
620
3830
1773
39
137
1570
3451
24
423
201
278
294
778
1898
157
1244
2569
1298
1154
1648
965
954
685
260
1178
813
457
2274
565
66
652
116
2230
512
292
346
604
193
67
1903
115
993
1284
847
731
689
842
2323
932
1065
99
286
741
81
534
839
3588
987
2183
608
711
244
1049
2435
117
241
156
2539
576
605
564
119
532
1261
1692
1354
1771
1311
23
204
653
1148
454
1847
719
450
1616
1186
331
1096
189
1025
1545
679
1735
650
36
1762
744
1407
340
869
190
606
515
1153
306
4
676
100
3432
759
664
1105
1544
3146
2486
317
700
942
275
106
2325
36
357
87
2359
660
584
1388
240
562
1273
148
896
1008
143
873
1328
228
792
667
410
25
571
135
633
1693
357
2225
311
514
1286
605
279
185
949
875
186
1069
2070
1614
48
705
1407
217
170
893
712
898
400
430
1430
705
515
197
1120
32
373
844
120
961
679
1505
1167
732
926
638
61
423
202
1946
2075
115
1069
125
172
1902
2306
582
196
62
45
32
1689
2139
954
2745
271
35
159
78
83
756
140
2917
1114
523
68
359
794
1263
658
750
390
1321
319
2118
256
1664
1758
624
3329
153
321
682
191
766
2092
1412
234
999
1892
393
966
2829
1433
473
493
463
672
1919
3372
947
365
1467
554
2441
544
1836
406
1163
220
387
214
1654
248
1911
1110
53
1216
38
728
556
1726
612
51
48
95
1031
959
100
62
4178
49
724
125
721
986
86
225
962
435
1615
616
2360
226
89
521
66
396
3810
851
1408
1271
225
1032
122
661
1912
910
338
1357
492
1587
1827
250
133
277
1091
989
201
2064
39
775
68
677
1487
1445
377
38
136
731
284
124
966
2040
2766
902
412
1338
152
2569
853
249
488
145
630
754
2482
88
881
1466
131
1742
1071
1396
527
1303
1937
1215
173
530
587
731
1000
1308
561
1257
551
857
287
275
203
760
257
1176
742
254
619
206
621
252
804
30
511
1090
2150
113
77
388
598
1082
857
535
1086
1099
17
1623
859
333
424
149
251
937
863
800
1770
493
161
436
1454
695
305
176
623
1410
791
545
656
837
971
327
232
1099
804
233
105
3671
1966
710
765
509
1371
509
1607
822
314
70
780
1608
866
1680
385
681
1606
89
724
102
279
153
1074
155
609
136
734
393
327
388
20
459
245
872
400
662
564
896
296
777
1154
332
110
1033
116
2610
68
721
813
1327
584
998
1114
203
512
391
387
1292
341
2022
26
80
445
887
991
2644
1501
1339
1220
681
734
66
679
182
692
902
420
1523
43
1230
66
57
610
3258
2455
1030
1715
117
924
319
1189
122
129
634
442
3558
1304
757
316
150
2522
248
831
1586
1050
693
204
1258
9
1901
107
847
1075
364
390
170
237
310
88
399
51
864
48
90
73
563
263
1321
1076
1048
774
292
53
656
537
1010
1851
1437
436
867
1099
1248
78
348
45
110
3501
652
1552
22
457
746
715
1623
332
713
675
678
1186
930
1517
1105
158
573
1447
169
565
2704
64
343
87
793
467
1052
806
538
132
25
473
79
507
855
856
1306
608
40
781
2921
347
2353
795
868
3758
866
875
365
132
360
60
1117
169
381
305
405
4585
422
473
1203
587
541
111
555
1557
939
1383
764
799
806
65
830
684
1438
761
1621
143
220
116
55
151
513
273
449
35
191
1749
517
2456
97
1194
82
434
363
289
644
197
249
1479
1209
1614
1153
2764
806
599
406
503
344
1355
2241
542
122
4884
648
224
394
1186
165
528
667
1233
967
561
1040
580
685
335
46
2496
167
2939
486
13
524
400
57
87
7
161
629
634
87
205
69
1645
3489
465
133
540
484
1144
955
578
1709
341
1638
924
730
55
47
87
2122
592
395
1555
8
387
1502
277
1184
1134
485
742
170
1649
774
1559
207
378
987
292
1177
459
1210
5763
885
303
2041
1446
1702
1292
2586
689
23
2483
1208
32
842
524
1530
869
1317
1409
3053
464
1035
2772
459
163
1210
791
1775
1244
1428
304
620
556
741
460
767
1324
103
467
239
728
115
767
1153
752
373
261
135
2355
1718
934
283
2380
172
2959
1247
1447
1645
2330
621
1576
1647
221
881
287
563
165
2711
1825
1335
334
690
57
102
1052
1322
154
1500
600
165
102
968
1161
289
230
679
577
605
1019
46
1735
568
896
1268
228
249
340
748
133
1992
65
1919
409
1010
150
2187
84
352
50
2043
462
535
595
2947
583
310
585
327
1025
1376
321
136
114
649
139
1083
800
15
26
1359
1475
1884
933
75
69
2
2301
210
1091
1586
82
881
372
519
1404
60
83
1883
403
1136
2469
729
835
1028
369
27
529
324
1095
1471
2075
712
43
729
177
30
7
997
249
548
588
645
162
2213
168
184
850
5074
954
2358
231
666
1231
1639
2280
58
102
585
799
473
578
3593
732
294
523
433
396
958
2585
1289
194
205
520
1896
436
478
694
179
406
1350
3168
1466
963
103
87
659
760
67
262
1108
192
321
610
928
423
2291
18
1032
895
1830
387
351
291
38
1335
568
483
73
137
721
68
1721
675
2869
1475
157
1465
453
236
2722
333
4339
228
1233
900
65
157
1818
451
920
95
1329
936
1564
314
1127
1746
410
178
583
428
747
1018
1728
1010
1029
257
1308
378
1136
1220
3225
1059
356
224
2160
1870
1866
1762
29
561
876
455
575
387
2602
1301
477
700
786
2206
295
38
239
760
1221
1521
570
459
227
232
625
689
640
1859
372
666
820
1483
2
371
64
3
230
712
921
568
1140
819
2208
478
404
1063
944
303
174
389
1258
214
265
88
1764
2890
158
648
1382
960
67
2711
1121
1322
516
499
2328
1098
557
303
66
1927
403
729
136
1356
1046
859
1260
475
798
1509
486
1125
332
2104
1228
2962
361
565
91
285
1
2106
2745
85
902
599
617
1871
999
1792
727
1044
1683
37
411
300
57
383
41
818
2299
932
21
696
923
4
816
234
2097
827
105
522
1362
881
1804
212
1405
38
371
1270
146
1410
456
315
987
1833
386
1299
194
2230
73
735
331
1124
405
504
125
1009
583
251
1620
851
836
1706
289
1420
71
2875
143
1129
639
780
799
1521
136
109
1074
2440
107
1574
1075
685
62
717
138
403
479
390
2807
283
874
146
529
170
2459
993
136
218
506
677
4025
128
1472
430
504
1162
1363
901
1496
1317
2190
524
235
1327
209
743
1827
1598
83
2393
1630
836
1551
1119
2272
110
93
18
1291
41
1227
681
547
1101
928
199
564
297
749
30
715
799
2239
260
53
100
2187
286
2705
1231
1039
255
40
107
1250
27
118
3062
1337
5491
66
119
30
678
34
87
2646
1044
27
47
503
403
252
644
640
984
1148
233
2239
36
958
35
2184
262
921
1064
306
270
368
1141
697
700
980
189
188
1070
1859
367
483
2214
1321
1243
217
763
476
36
69
719
1203
265
434
796
224
549
2088
468
538
1097
298
2779
320
743
815
1325
2625
336
2974
168
66
549
1223
82
1560
1196
884
1329
458
245
634
839
201
631
826
446
495
1263
83
1268
1377
250
1483
515
1318
1730
522
1231
563
2975
1425
2181
160
2
286
24
12
366
869
245
997
470
440
1781
816
73
38
558
1493
694
345
563
115
712
383
877
1083
1617
1001
150
1252
115
22
792
1370
3202
402
1256
73
63
9
1489
2678
930
155
3803
612
183
1149
604
1176
609
309
1352
123
2227
417
1662
667
183
261
63
493
86
1834
3127
860
634
40
123
2051
13
1031
204
275
166
450
659
720
1043
1929
665
299
1095
1490
556
1645
2227
502
64
46
856
473
526
146
69
946
2011
577
419
71
625
358
296
3327
418
200
169
1453
389
181
474
445
633
2303
2232
43
64
1084
52
828
852
803
1127
118
716
980
3342
1087
759
80
375
843
81
856
367
846
779
307
13
288
804
669
1682
664
92
1549
498
97
1369
555
240
66
242
803
1425
134
193
1102
147
138
362
795
1028
230
855
1232
1876
688
2123
164
2104
1227
407
2087
1871
1455
515
15
566
117
329
523
1241
225
1480
25
1225
2022
387
2123
350
1098
1014
739
1329
850
124
432
430
548
3376
536
65
1071
988
4021
1339
215
782
1447
1533
599
95
1935
2966
122
103
26
830
1024
542
675
1377
471
323
506
207
971
1294
1236
1093
725
803
397
253
36
440
277
95
1408
60
525
71
45
489
514
200
150
834
254
82
1019
329
736
2000
598
2293
765
236
330
1570
651
493
853
887
41
294
3
1020
964
3893
1254
416
592
560
439
553
95
861
259
2281
1659
258
1339
1367
2305
712
508
3103
537
2551
181
614
422
801
686
64
305
259
95
1308
613
973
613
191
166
258
143
1923
361
77
227
742
1407
247
621
423
27
346
416
718
462
636
1162
672
17
152
543
464
298
276
309
469
546
281
475
157
691
2758
40
74
352
1285
577
3251
1551
53
5
1415
1307
2
1328
300
3317
668
1366
500
454
449
419
272
138
101
1146
2059
1849
188
1089
843
2453
467
1244
391
131
1822
592
549
33
1270
117
298
21
623
271
585
2067
26
2919
730
492
836
737
316
1380
388
3585
843
372
236
3900
203
1347
229
714
334
816
597
2662
11
263
712
684
629
338
882
218
1494
1045
186
2107
287
69
1735
122
1007
319
784
11
1393
700
1157
461
994
990
539
269
1003
95
2631
613
135
2778
340
125
2038
2569
764
591
1337
721
1195
1988
468
859
453
1247
1383
384
1579
2222
629
525
557
60
445
2320
253
579
1767
189
445
236
43
40
140
524
406
357
690
669
573
549
756
623
138
3411
455
3992
319
371
2349
1263
72
105
71
165
664
1085
737
408
28
1506
447
458
1054
1256
170
260
150
390
1560
1065
72
3942
143
668
577
261
2286
589
667
1443
2280
38
108
367
1353
273
444
186
2078
1323
1144
827
13
412
138
22
188
514
1106
1170
1445
1930
1966
926
362
208
714
2880
1858
49
369
2193
526
853
2687
155
790
1090
134
6
1297
35
1943
5
131
1013
325
1351
1851
740
356
486
1951
48
528
685
545
126
318
66
449
1712
4160
282
74
139
449
3518
809
645
1537
1764
193
455
1396
918
423
3245
209
869
819
1968
1184
884
63
109
711
324
527
86
2468
619
1278
969
364
1092
2186
158
50
931
777
581
555
465
3443
144
865
1076
3212
116
863
1153
2301
50
222
976
423
395
88
1657
279
468
1204
1299
795
679
498
54
1425
1952
1204
4708
3874
222
18
300
106
88
347
1517
13
751
94
128
2501
640
308
928
759
373
1007
1504
1060
851
665
803
241
52
949
516
954
1006
2674
1742
878
559
239
1029
308
1106
1545
826
206
1242
1165
291
470
1921
2923
1343
2513
149
1354
1884
285
733
713
261
214
384
598
116
420
712
1034
524
790
735
340
1072
1533
691
328
1147
958
358
2723
931
1015
2575
284
192
990
314
57
184
780
1362
311
2116
647
2803
661
613
257
2252
35
712
571
454
2763
731
163
280
2370
1823
682
3275
206
310
117
214
405
1415
1007
1027
453
428
490
3517
705
3611
1596
1675
537
569
992
641
3761
195
1666
737
167
343
725
37
122
340
2015
10
274
144
219
65
780
594
907
1078
391
418
22
516
1194
382
2212
633
202
171
79
267
1431
66
2071
283
772
313
2625
798
235
860
1552
510
733
1506
2695
70
629
1152
1263
578
934
191
190
295
129
347
1214
930
12
1717
791
1400
697
389
390
3715
3080
41
384
282
170
532
202
193
612
1102
1736
1678
290
84
361
355
545
699
382
1444
602
235
231
514
304
1342
710
793
2275
71
456
21
205
1613
1388
1074
196
174
563
642
1827
3333
1779
775
1340
1217
982
334
82
505
21
1266
1720
19
561
29
1955
825
2974
428
1339
1758
619
173
471
691
357
236
250
1516
3694
982
2408
215
79
596
33
1577
521
1103
2368
3642
3620
577
8
329
1818
133
22
14
682
105
1106
751
1321
842
228
1138
443
2809
1653
2349
807
245
345
2423
2072
358
140
1092
1166
502
293
1951
87
1478
360
1961
1324
13
102
1397
251
96
3770
1504
69
331
437
1051
4012
500
189
15
153
1696
1133
503
625
451
480
239
268
251
507
931
266
5414
582
315
54
706
1939
494
427
859
2403
1753
207
62
66
37
954
162
267
1217
99
29
167
796
588
119
664
128
3632
1108
2407
1133
393
506
461
70
809
529
780
1534
264
190
280
389
2446
171
89
92
812
555
1296
553
2411
289
1395
469
1246
2113
833
25
850
916
2008
1753
163
308
172
452
682
363
362
396
1092
390
152
1359
73
737
506
1657
2896
273
1732
474
5
17
1216
959
84
677
1040
244
170
278
1288
257
438
186
888
432
153
2533
1155
350
122
16
707
923
520
367
609
1157
1703
216
167
1961
952
458
235
638
12
458
74
642
137
270
2996
287
2521
21
1568
235
722
890
791
550
345
152
1827
1047
285
165
921
2018
398
774
543
856
951
1094
46
474
153
2000
538
1127
3012
957
118
772
355
490
337
273
2504
162
1180
4
42
2759
564
1435
483
710
9
812
1097
320
438
1358
134
1129
78
1376
242
1371
1151
80
701
2053
273
755
2695
1072
25
170
1648
360
477
10
666
384
374
373
432
87
246
1019
835
1276
347
1236
1648
1139
91
2465
378
818
637
57
1425
705
304
1213
313
1924
592
1115
592
1695
222
293
939
1063
377
239
654
1582
176
222
1854
5
815
124
3066
2906
1536
478
630
103
95
357
1784
3048
1069
118
397
1924
596
53
827
633
312
398
430
379
2111
1794
1221
225
832
1100
859
1151
924
133
2099
1485
456
118
1841
48
2613
591
1253
922
3625
630
1005
123
231
1323
442
2345
1233
545
499
87
887
1198
202
502
1596
1137
1212
1772
1971
357
1604
938
176
488
2186
1459
483
576
2
2325
1434
406
914
252
2236
782
56
34
214
949
316
667
265
24
77
1583
931
715
528
911
1079
530
370
525
2284
334
1016
260
2007
78
525
1207
739
2608
128
263
695
780
254
1764
755
490
2253
2242
1631
603
644
859
2095
35
1298
1520
180
1161
700
2316
304
446
1520
363
1148
327
1321
437
458
291
712
483
656
123
5
1674
437
417
926
136
2159
1142
132
768
116
481
8
2121
495
2063
1145
456
595
889
3517
40
1274
95
159
570
3109
1125
239
331
330
3290
1096
165
1002
872
249
580
35
225
2330
28
4536
453
438
1168
4089
2185
157
1718
528
44
442
1551
14
871
866
3411
1351
2003
2743
713
178
1914
88
427
2895
19
2029
959
516
1703
148
136
97
1383
962
1612
683
508
812
157
318
127
709
230
1815
11
597
2332
329
803
323
86
224
1283
472
553
1330
148
488
1555
941
278
53
4266
860
1674
355
1696
2887
2694
459
103
717
308
457
28
542
1428
472
343
1292
1584
1966
1380
421
2552
276
116
1296
887
678
1746
705
339
2210
3
192
1408
1766
888
673
211
526
3611
1033
130
562
115
700
46
892
967
56
686
693
161
1241
1085
150
1881
182
2991
2850
57
1414
355
884
1157
726
1189
1084
859
177
566
428
782
972
2031
784
2273
727
683
146
938
679
1188
322
665
2647
512
1886
2163
315
1093
1
34
237
300
1056
1680
1191
667
1196
590
2450
379
161
595
86
713
4697
18
1198
1882
460
1016
1138
656
639
981
1682
273
1052
74
944
403
2429
529
546
16
2690
1264
1250
227
330
1340
10
1379
757
418
1324
1070
161
1311
922
476
289
268
166
711
507
67
778
885
273
312
2359
905
2432
24
242
1083
862
143
732
1870
391
787
873
1203
40
336
1652
853
1374
120
2075
2283
2501
1237
465
1506
1832
918
345
762
272
367
1225
404
1058
733
418
103
3547
1350
396
159
462
2000
450
1569
1302
1571
1167
107
475
915
131
29
801
228
2461
912
577
240
332
409
1041
1041
346
3441
579
96
392
1479
972
1069
77
2628
348
1543
80
2359
227
1625
1920
621
188
112
1223
904
613
966
1451
2491
446
405
46
254
1569
537
2699
219
648
901
219
481
952
1689
700
831
1072
907
620
428
909
2212
768
1530
1721
77
110
698
483
817
958
1160
384
1670
3056
57
198
165
998
247
197
92
312
1329
353
2811
334
576
34
2790
478
1631
1524
951
790
529
1931
1615
633
102
249
485
629
1174
733
241
1638
2163
1123
873
647
323
3003
1248
857
943
1900
1805
228
1014
189
1662
169
1299
59
2864
672
979
32
53
373
829
2395
240
431
61
736
1620
722
616
551
51
277
4027
405
235
56
259
192
1761
444
1121
54
2304
503
461
261
302
113
283
1258
1073
533
977
144
2051
307
418
1039
773
748
946
789
422
442
64
476
561
387
253
598
1255
838
430
642
240
816
554
534
958
1153
2107
556
357
2717
242
883
39
2
416
325
687
706
482
732
1940
88
517
1655
2632
151
550
2568
207
222
444
2293
643
1139
222
27
37
1832
405
344
1139
722
513
876
4046
543
881
731
508
303
1065
1266
149
204
1416
390
989
1047
46
9
5
1158
1922
740
255
2008
1464
972
2272
1169
1574
428
756
503
949
894
1220
77
1134
638
217
33
1549
1727
543
1432
608
139
48
854
2100
17
1309
153
190
221
254
133
301
34
247
273
249
624
47
759
795
543
289
930
451
537
808
42
144
214
945
84
948
196
292
898
562
425
101
92
427
600
641
2
1199
242
620
504
1418
134
829
757
279
95
604
1138
1645
412
485
558
1738
431
574
701
1484
955
705
153
1516
1323
1836
845
209
33
87
1213
1659
2230
772
1675
744
2098
243
387
15
258
1849
1598
2023
2621
1529
171
2700
367
752
1392
1560
103
2549
2545
1275
1089
327
13
390
279
1165
1414
1636
4
62
185
678
445
167
1312
121
443
201
437
1833
186
1621
293
375
713
69
481
1228
452
705
331
1698
422
760
1228
78
516
2499
3549
73
2644
1885
489
216
780
438
443
55
1090
1248
2140
73
246
1157
1834
661
1133
224
37
272
365
69
1995
1016
1146
401
926
834
331
185
380
274
271
2235
1549
26
33
131
67
771
1898
526
109
449
790
969
1976
550
92
725
597
2921
141
118
1942
349
36
1412
471
891
216
165
1127
708
418
2236
2858
1193
313
428
1090
364
368
2165
149
263
27
1511
125
80
72
87
1228
1384
623
1508
785
4
157
367
1992
114
477
48
1940
2658
242
930
398
1069
570
1477
1011
18
640
1439
1574
1490
1303
236
396
1244
1459
193
871
729
1433
525
3906
155
858
156
603
2521
520
2469
478
99
585
1391
3142
1137
1069
746
2178
1085
234
463
1573
425
2498
224
414
2639
577
134
387
1205
305
331
294
29
302
1517
3725
996
1894
1292
187
1023
1405
27
347
2090
69
389
5540
104
1823
1796
312
918
50
1996
706
152
2715
981
1043
81
149
268
550
727
42
882
2376
982
593
216
30
354
158
506
869
1558
638
384
422
530
675
3169
1682
481
666
380
3909
1015
967
1191
143
784
1174
645
215
2844
373
561
1187
1548
909
1071
942
79
2045
1056
701
87
201
690
1280
1155
234
1307
1299
1200
1465
1384
1267
813
1352
544
1211
131
2732
1242
534
2788
204
964
480
295
1220
1042
665
805
416
882
788
1152
175
1673
872
1000
261
760
729
297
70
233
882
1876
828
1715
989
42
234
762
390
152
58
868
782
1060
727
188
689
850
708
186
2144
307
59
899
1113
129
424
367
310
403
2897
1782
102
673
730
1057
38
287
979
106
129
1614
628
413
576
64
1755
239
1427
552
2222
2953
423
946
1828
157
230
109
37
400
972
985
1275
500
364
52
676
105
721
1687
330
7
695
181
1126
1616
2265
2758
1086
3824
650
834
859
740
73
3752
335
542
314
319
76
1088
857
389
2169
988
1091
2360
16
1682
1550
1430
53
271
659
58
130
1042
941
716
2326
91
1193
176
436
1699
645
2561
2192
117
161
1917
2081
1175
138
248
406
844
278
1591
1758
791
58
1528
1086
1414
32
990
970
516
525
356
58
2174
1000
463
223
1787
1
1049
591
239
460
1825
317
572
2333
2158
273
225
301
172
686
486
537
1087
822
200
501
333
656
731
157
940
155
305
1773
515
119
865
280
1054
2694
1
107
1237
411
6
3293
2476
630
379
732
620
796
248
125
659
559
226
420
32
449
1446
160
325
4212
117
63
732
26
679
1208
1880
2456
586
621
603
2212
651
2019
2278
714
828
648
154
1348
570
582
1381
2085
3638
176
424
37
1116
487
766
779
1003
498
103
237
207
1176
232
36
474
1060
935
788
139
735
2864
701
176
556
683
1310
348
1267
76
1509
934
3021
1145
222
738
1697
59
1412
2559
2
1203
755
1260
431
14
355
1108
302
2605
1063
471
2869
788
487
1887
535
651
160
2263
24
819
980
1012
137
295
1240
685
2476
1019
1505
1268
60
1711
129
2067
191
1
4328
1798
3574
924
769
274
3
854
823
2292
995
43
165
1061
262
309
113
182
933
1070
882
919
249
322
299
912
2354
406
41
70
825
1932
692
2381
1218
2028
62
310
296
1263
368
770
1755
2396
451
415
863
275
725
34
52
226
518
1389
1643
1541
229
1670
407
671
796
3379
278
2768
1528
390
1150
1164
768
361
3069
39
2801
2752
227
622
195
104
764
1222
240
359
452
1598
1454
238
230
606
2258
4442
1722
1126
2192
773
1549
270
399
408
19
23
157
1431
449
377
1096
1713
543
702
3269
519
254
807
252
159
696
146
152
406
1553
900
115
3664
437
341
304
1324
275
479
969
5275
698
71
48
951
490
58
1066
350
366
3808
676
512
74
450
1221
11
1351
1156
165
80
178
1383
426
152
56
827
507
89
721
121
616
712
184
1911
2410
2193
585
1786
1010
322
40
1218
122
96
79
1778
853
349
367
334
40
72
930
1027
68
442
941
604
1039
1381
2023
376
732
672
332
189
141
565
844
553
327
98
969
529
220
39
553
208
861
666
3423
572
1393
919
227
347
227
963
1529
3636
437
220
2289
1791
190
1556
2691
340
597
2153
1046
1888
1562
150
337
2733
906
14
329
1050
1902
155
384
562
337
103
1587
22
696
1219
943
1631
2772
136
1388
176
29
3381
210
31
137
272
621
770
910
2889
795
807
865
1052
1303
314
1434
217
6
309
101
166
444
1183
282
1218
2600
1023
709
81
634
129
2312
713
1043
288
2371
78
2231
109
625
27
458
43
493
2722
808
571
1754
248
18
770
1507
640
1385
2013
887
36
314
275
279
15
2003
94
678
522
276
1333
607
1064
994
1958
375
958
685
1483
1670
2234
813
2510
659
749
1509
607
12
259
1787
273
582
2480
119
4083
1016
328
1858
503
137
144
442
602
44
618
333
2165
479
346
233
1175
651
43
1116
485
383
500
2030
4446
262
1171
76
707
847
542
997
698
1153
319
425
886
84
1932
2815
1884
297
763
1386
1210
222
1273
776
1693
241
952
213
92
375
637
932
40
1127
442
836
88
347
2412
174
74
1606
583
816
889
290
18
53
207
1508
221
387
1760
351
1924
156
3882
1598
623
867
1363
357
6
455
10
475
3100
62
1626
1093
1815
939
1469
217
333
651
125
1841
1064
1406
1385
1714
267
88
3025
1242
251
512
1850
553
1235
477
795
146
472
158
393
614
547
772
52
1018
229
613
100
377
611
203
1057
1068
476
423
152
37
709
258
108
3163
459
3234
230
697
722
663
1030
251
699
64
601
1
1821
1638
1285
150
1121
1223
248
239
642
1920
1886
1161
608
613
724
947
1232
367
1128
1334
2396
2663
668
137
256
1171
1802
140
229
528
209
71
3433
1204
2253
758
104
81
86
1664
200
646
1572
1485
260
289
63
2244
3243
1007
172
2181
707
1228
311
613
1227
1875
1986
348
908
266
466
1134
763
1084
187
457
719
1742
16
340
248
1509
914
1228
545
646
1759
660
943
648
366
896
531
451
625
745
196
2895
250
523
121
53
1536
1045
985
179
302
183
1439
1121
2098
1280
21
611
502
1077
338
1131
916
344
271
194
349
1486
192
180
2
1484
121
3874
2339
562
330
656
1391
1186
3727
284
1288
3504
637
346
226
765
13
612
827
2338
2910
499
2577
866
764
82
259
2219
999
66
194
354
73
212
907
632
44
740
1018
277
230
1224
2146
1790
91
515
686
313
811
1105
782
3036
709
1140
567
878
64
1649
321
2
1440
991
3682
2561
294
1837
941
636
4
64
1844
979
751
372
1845
521
641
891
976
11
1354
37
1893
891
2386
147
1218
1279
111
13
1677
1669
1165
1431
493
641
1599
523
1307
184
426
703
1243
394
1845
498
53
1463
336
260
421
548
1884
966
655
1477
1042
424
1168
3344
2789
1069
1205
27
592
1883
790
1079
1303
64
308
1041
484
286
606
488
1193
263
638
1604
156
1356
791
1023
1019
751
1163
1360
491
1598
2646
2644
745
249
550
74
385
408
244
429
91
570
426
1791
853
1621
3466
869
613
399
466
2455
869
1247
393
1631
2475
710
452
209
44
801
2526
750
1017
1019
2460
544
1750
2244
1451
2204
350
730
430
149
551
19
185
231
659
1001
1116
1044
659
235
1339
1739
202
874
105
2042
256
973
1233
1948
1448
130
735
842
2607
40
918
3902
79
427
198
573
572
1079
2689
386
210
597
1901
99
1786
5160
707
1490
777
939
1211
424
232
593
3588
2392
13
1002
546
1610
1595
1518
1469
268
49
941
2283
1138
53
211
874
351
1382
90
251
975
1317
163
1022
1970
676
249
703
106
374
319
2688
2859
180
1249
161
1930
1038
532
96
1010
1577
30
3291
37
1778
801
1739
1036
301
657
328
67
379
612
3248
71
169
218
511
466
986
461
196
2142
542
851
286
447
813
510
651
1388
1043
423
183
689
57
741
861
332
602
314
1134
173
289
314
75
1767
2096
98
3058
99
761
866
223
162
800
887
1948
1974
615
436
2203
603
95
232
243
259
96
67
793
284
480
591
473
434
678
346
722
179
10
634
726
731
48
872
375
126
1025
473
337
975
1193
141
442
1149
1162
120
1017
768
1992
469
139
74
1196
340
144
477
34
32
105
737
685
232
1464
214
86
138
2096
242
782
2478
69
135
1167
852
2178
21
5
1072
1125
247
817
785
628
133
610
334
2813
386
871
697
375
590
631
55
320
4320
149
284
701
443
1222
319
912
1759
1037
32
688
64
191
868
1029
54
277
451
58
470
423
589
251
1319
113
39
319
262
2850
406
1667
164
537
871
1704
42
51
245
393
327
79
1601
1124
289
762
3247
420
520
178
2015
148
1276
603
422
573
2221
426
79
655
714
114
984
614
70
50
80
1900
1674
927
1302
1363
648
705
158
369
188
554
2555
1497
3
2575
538
137
1254
430
2160
479
139
276
950
217
270
499
903
9
574
1125
104
46
87
733
165
1496
2353
180
616
94
1792
300
958
675
974
1184
1707
3458
104
1322
4018
85
1110
889
426
80
2712
539
1592
902
2
1123
466
783
40
324
418
1989
768
2943
950
219
522
2271
321
301
43
207
24
2022
2848
2880
2681
1682
268
2935
1958
54
234
793
70
164
455
684
1977
2258
1204
102
885
54
467
2191
123
692
779
56
1115
553
2531
2204
1148
203
379
692
516
1540
969
807
2607
2208
798
859
121
2269
942
197
152
3820
375
486
954
158
1999
166
194
3061
798
248
3307
2445
1904
1762
76
68
20
116
663
263
570
210
222
174
633
513
226
2305
1926
82
117
1885
1737
252
155
284
555
777
521
1212
998
311
271
100
3367
604
874
235
330
26
8
1162
1347
670
199
1254
77
692
1920
92
462
266
38
619
539
109
55
286
2974
101
456
1088
629
342
1778
826
43
1613
1107
150
173
725
784
1163
407
832
472
2286
647
1207
989
2111
98
237
110
987
4317
781
3387
163
1172
310
1148
1818
243
706
770
2729
308
1158
344
171
1131
2195
951
475
1781
1835
2129
32
442
20
595
992
222
978
300
452
998
761
255
2025
357
337
323
113
247
468
206
1849
1737
1553
773
138
839
1216
423
2087
321
345
4056
102
20
209
482
293
1394
212
10
818
664
1751
266
63
1017
1147
496
1100
2213
130
1524
1967
965
873
2562
1045
2555
141
292
210
143
319
326
225
1772
6142
21
364
153
739
672
1209
1451
329
510
2966
273
2366
1118
346
930
378
79
2473
2502
725
11
1528
941
3273
139
640
607
395
384
384
174
388
729
511
1493
1429
1805
993
2107
179
951
95
96
2180
69
402
832
1298
926
479
536
180
1401
818
989
873
2541
577
668
642
1854
282
855
1720
1612
242
476
930
72
69
456
443
153
1627
1582
1376
680
259
199
1909
357
797
1231
865
664
524
1147
52
701
648
335
617
1625
105
921
1670
1061
334
755
252
417
461
2500
437
314
753
87
19
2969
242
632
1068
288
748
1117
1190
248
99
751
2480
516
510
192
817
382
346
503
209
131
518
709
1507
6
1071
662
1554
125
241
2108
334
637
353
762
454
1257
661
752
1127
857
1168
1600
90
308
481
1294
398
393
437
777
3058
985
519
225
25
1528
205
1474
978
2034
460
77
741
269
3407
2005
524
251
92
129
667
1241
566
814
246
617
154
2341
752
2213
259
197
698
359
58
1892
612
16
551
487
241
152
177
3180
1
268
695
1946
1303
713
1142
1272
692
522
141
1615
3665
888
1626
178
471
239
71
78
220
160
1234
160
2230
41
656
1189
739
181
1001
283
627
230
554
120
694
1196
209
704
2411
49
2756
366
697
800
658
6
662
86
913
13
338
2436
494
1241
1435
638
1373
891
194
2189
333
829
1747
709
2033
1157
521
269
785
244
155
1865
1082
574
210
162
1144
858
362
249
145
1774
533
2936
1265
745
275
468
1417
1103
1283
293
709
17
1274
2
75
86
824
1343
396
147
282
2627
1251
35
490
38
67
2818
132
883
976
2184
564
279
706
187
752
239
1888
485
95
116
153
2486
1575
1187
2963
1678
757
311
156
175
1747
2448
452
553
739
17
571
160
1590
17
1671
835
255
1816
695
569
1134
165
253
907
2989
732
292
1906
475
1636
792
203
586
174
1043
422
3140
474
468
339
1039
464
649
855
400
1320
115
1588
309
1095
362
346
132
547
1438
791
1993
829
406
749
1081
947
1604
1067
933
1196
1547
1812
291
2717
773
229
632
1510
2252
1235
323
2223
437
889
1517
15
383
299
109
189
1368
1122
601
192
831
1166
266
919
45
1221
1441
837
94
34
1544
430
990
511
177
3027
816
64
60
1341
205
2046
704
455
104
740
585
1764
709
506
444
1773
479
1921
310
107
2447
256
228
1912
115
4
721
243
651
930
494
443
162
801
1182
76
756
344
122
1182
699
1066
258
556
82
256
583
39
470
859
1100
996
1010
3
1266
245
2352
1587
312
807
938
2608
226
240
1359
513
673
864
584
403
4338
382
1428
398
393
1358
1436
197
264
364
1610
164
1461
437
765
3026
855
138
8
733
123
121
486
840
965
166
56
765
281
1651
608
242
553
122
131
1240
1719
124
1561
792
224
767
1248
198
1409
447
2164
3586
3390
1019
1156
512
509
597
1121
484
139
230
77
60
1394
1378
660
442
708
440
515
1585
108
2465
1100
1696
642
175
435
509
215
13
387
841
2527
3878
2543
233
483
1377
1286
74
1231
1942
463
1614
179
2121
11
432
221
190
461
539
419
2334
3015
703
395
1891
287
1558
549
832
1657
153
2770
457
1118
167
451
690
293
338
264
80
2613
5
2331
2491
434
2062
734
1549
775
436
106
128
795
491
676
223
1699
557
1358
762
1337
2587
152
862
147
1187
2493
745
347
775
1400
263
223
260
551
188
611
1304
1309
731
450
1336
1611
733
1286
810
2139
213
78
466
81
3425
313
641
821
323
473
135
369
773
1095
1390
1938
321
1856
34
807
670
1731
232
254
690
1354
493
1898
469
1691
1223
100
132
351
1546
66
1690
687
291
33
148
658
52
516
553
1549
2105
370
177
124
154
754
206
548
1055
2801
45
2356
371
152
32
1566
305
1074
178
225
4122
156
1282
10
401
2918
905
146
403
644
815
792
429
707
2067
80
169
268
1645
1272
1140
242
218
393
431
208
334
718
457
1917
320
1278
396
1247
420
845
384
1358
599
1425
23
1246
462
1148
152
34
418
2410
1593
311
1261
380
3169
579
46
214
38
607
209
1051
546
108
457
781
333
33
231
256
533
960
1476
532
508
898
807
772
30
322
452
702
328
252
1867
643
1468
40
1313
781
1089
327
500
1254
354
1181
1464
348
3320
3245
728
417
518
323
489
663
28
1928
1120
1637
79
1149
1546
614
448
1901
361
561
637
324
295
2148
455
292
1805
76
390
871
1324
2665
159
2107
252
845
25
651
468
999
749
4813
1504
190
435
343
1534
599
450
37
942
916
275
363
1135
282
246
528
155
2798
910
85
132
1437
2658
52
137
600
1208
251
842
329
1514
50
451
410
323
39
736
453
320
717
185
2079
3659
20
1453
394
14
609
202
610
521
1462
168
1706
543
81
1236
308
225
1156
266
199
2336
1441
72
56
1361
667
26
677
302
130
658
365
22
4791
241
110
803
100
619
190
154
361
41
231
682
1460
190
1798
995
3743
2670
7
2221
902
567
1300
43
712
697
12
3555
131
85
6
2190
1658
788
420
1828
249
235
395
469
33
220
1151
244
1272
763
131
650
200
2
1778
498
222
372
292
289
2623
954
258
1993
1405
1166
1138
874
417
627
131
69
1517
1279
427
517
712
2118
709
502
1214
1330
500
1812
609
220
96
3341
1475
1972
182
323
1028
690
259
540
930
944
389
1001
687
1485
75
678
504
294
362
167
944
5
1815
34
239
1640
424
208
83
1882
19
1404
282
94
2512
557
260
1081
1327
35
220
124
3924
534
1676
1830
88
1836
100
557
655
598
338
928
1912
656
2905
723
1385
921
1173
2713
2981
1153
1538
471
2982
129
159
19
56
1007
817
1388
975
117
881
1226
143
1800
199
1271
480
2581
824
1969
663
679
187
88
487
1324
3597
2924
168
500
506
345
1658
941
1424
110
3169
1724
740
752
264
394
126
14
662
884
46
530
589
163
1189
226
2461
1196
359
332
815
1405
181
1142
72
1817
1638
727
233
97
501
55
792
261
67
166
709
251
1157
682
557
561
900
443
1454
2636
833
96
1283
226
792
1145
221
1669
283
1595
1162
1381
1810
1214
87
699
2915
530
35
1399
97
1192
772
978
3829
17
1639
64
14
689
205
372
37
901
776
149
1825
146
1043
1263
2358
1126
319
96
1249
414
36
143
2696
1466
738
2604
587
237
329
3862
707
271
1559
723
3046
799
740
390
276
820
322
99
2468
288
1058
419
2853
62
982
117
1632
1190
865
599
2430
509
58
618
2242
822
177
659
99
105
500
1690
1613
58
3154
606
1134
414
1228
363
1798
621
1501
811
1277
261
495
508
466
126
312
288
461
148
720
1176
978
1050
1859
172
37
372
1238
380
400
120
305
1870
184
1362
456
1109
297
84
154
260
344
913
64
659
359
985
2587
333
3504
356
199
156
852
1461
384
2
3696
1912
901
857
9
176
1175
1168
11
2433
181
264
347
2472
1549
1494
274
1026
1122
813
46
1320
202
3172
287
709
267
1258
551
471
365
373
2196
1864
1
2052
2823
680
408
361
804
387
358
195
492
2212
248
1031
1765
2931
2678
250
1020
41
1053
915
11
1584
1577
903
397
587
471
306
1159
3200
1062
338
68
835
1396
89
393
1546
987
168
1039
11
896
5
706
1816
912
1344
1327
210
1780
599
1227
93
346
241
234
354
1151
1210
188
74
754
73
261
82
2726
150
1384
114
795
1433
157
569
2448
1336
805
507
1733
1048
1602
154
1197
1355
434
637
189
55
1068
1146
1295
265
1716
713
1219
1221
2812
933
2056
392
328
369
163
970
3306
1383
718
777
823
158
1205
1634
631
361
1002
2535
1276
246
286
55
774
1895
369
1835
25
925
53
44
689
2880
67
217
386
94
1031
1061
330
1203
796
591
1191
192
117
178
481
171
329
1800
1399
35
2818
519
417
706
22
4442
435
1170
2492
303
1384
62
33
2101
2233
91
160
1483
21
316
709
397
98
3285
903
1923
2070
654
363
200
902
55
3674
55
248
807
1815
1621
748
1435
206
430
861
1358
1810
308
317
508
485
945
469
532
525
44
535
163
346
706
863
1123
84
298
2740
394
326
298
1887
363
2371
715
1599
1751
260
537
939
1934
769
158
1169
216
1882
187
1768
290
42
634
692
50
391
205
1221
1326
6
267
504
1240
1480
18
278
1207
474
372
1500
842
2471
873
1417
250
1417
22
1433
771
533
163
2706
70
1006
246
401
92
1505
458
598
514
615
340
1061
219
567
489
11
260
618
970
63
491
111
59
363
927
2590
359
463
1383
768
1121
177
231
2027
195
201
331
215
279
255
366
369
1234
335
625
54
890
85
2039
241
3060
32
156
1467
3067
911
744
25
3
1156
103
3811
188
1883
2091
2767
130
46
1320
983
181
2267
4135
998
2976
425
1155
1593
337
973
519
284
1609
651
3
612
435
123
423
10
95
125
2672
438
1438
634
730
388
2943
1192
460
1654
882
425
263
656
245
1662
1901
1794
56
2420
1163
744
1426
959
441
639
160
1315
1223
165
1176
730
2092
790
486
879
1244
195
1371
530
61
1400
2113
480
147
191
149
142
104
125
1092
1510
809
48
1992
328
182
591
1823
1374
198
2886
1867
448
2949
736
199
124
604
637
2440
521
85
985
535
383
874
184
389
1528
568
701
975
2112
292
1887
1305
789
1690
1478
925
240
830
1539
2310
854
249
1491
623
2057
1337
970
309
433
805
597
319
2746
902
750
585
234
290
1730
49
800
235
617
1
86
2108
329
916
1174
8
498
340
433
73
519
218
861
1371
873
177
417
823
265
517
841
690
193
1409
1539
106
1508
94
1403
555
2998
879
144
2100
685
8
317
769
1776
2055
403
1214
134
487
1031
714
1856
608
179
1425
453
790
1029
2553
61
358
390
592
1361
3521
57
623
16
213
658
197
57
696
335
769
297
747
313
1125
352
72
22
626
198
1062
109
2483
249
182
186
679
107
368
30
91
1266
296
9
1991
364
941
1649
1425
109
100
1004
1781
562
913
1098
255
641
261
637
217
302
1443
110
1180
1121
666
208
251
1356
675
1116
509
297
356
423
1720
176
680
1825
1357
98
298
603
676
56
363
662
64
1326
1741
407
801
1311
741
842
104
222
2
1728
536
1498
899
1756
496
1108
2553
228
1629
229
1169
902
644
258
267
2196
975
1106
802
59
720
29
166
168
1832
441
521
378
798
607
222
224
936
117
650
962
13
702
2109
1148
2174
675
196
124
170
538
1043
309
1686
294
678
55
383
1939
146
55
24
947
338
324
1991
1718
604
788
224
1023
841
325
1008
762
1188
1124
2790
486
333
757
1303
992
1197
606
767
238
3303
217
443
241
545
569
401
2391
71
432
691
342
302
800
2386
1145
791
630
602
1048
152
774
92
1009
88
304
994
1604
1229
370
2628
414
2374
375
599
4
2481
279
13
585
483
79
619
807
1384
15
2733
48
816
1092
620
2672
775
412
1180
143
615
613
410
536
344
8
2014
156
555
285
669
1287
471
974
861
361
130
210
1029
230
1458
398
1082
83
1756
1616
340
2284
387
696
788
1414
255
197
1216
748
1499
19
369
1452
1370
265
1636
353
1115
413
1406
1037
385
704
1562
533
224
1960
613
93
131
1777
570
631
871
1805
45
2531
83
649
150
77
999
1459
1109
1843
789
83
470
399
222
169
664
1744
871
448
1075
26
365
66
198
912
762
1735
984
1456
575
1083
1801
622
624
1222
451
597
1846
1916
748
382
1772
383
508
2148
1369
724
1197
1319
63
1111
33
159
211
1003
547
224
435
56
102
709
292
773
380
1637
1115
864
739
2138
597
716
77
374
264
648
359
37
3624
890
1264
302
208
141
1569
191
136
223
1166
775
186
305
317
559
266
715
679
1581
559
185
60
129
313
1197
536
479
2065
438
384
169
2004
3328
100
1186
478
87
807
460
542
1071
786
404
107
685
140
620
337
680
48
84
813
962
1275
68
768
1303
1154
323
54
1067
434
1709
79
802
338
221
301
491
844
608
3561
2112
1442
1677
537
576
356
492
528
999
303
428
488
164
825
1318
146
460
3412
19
870
1105
102
954
1059
361
4729
1330
556
641
2043
166
857
966
527
832
1878
572
2700
711
326
330
1534
392
863
20
725
1264
1569
622
481
1879
2668
205
420
644
1291
623
615
730
504
929
613
24
290
713
1317
1049
93
157
587
2051
972
1146
495
482
777
612
1473
112
565
366
3033
1100
1076
1307
227
415
176
2707
177
1853
1714
106
1129
361
851
262
2948
215
641
838
569
2092
357
3200
165
22
608
1358
2124
590
1038
856
1440
3468
1162
1526
40
356
450
433
77
883
840
338
361
86
845
313
374
1794
764
1841
1016
353
779
46
1246
853
119
1977
87
795
1997
13
2324
236
939
1830
122
534
323
486
1127
1261
1334
629
644
1988
407
923
1589
92
307
141
3421
307
650
58
499
62
219
344
290
82
64
1588
127
612
72
289
31
260
248
285
1387
343
650
2803
217
2084
439
446
1498
928
2249
134
72
1002
953
512
25
431
128
56
1338
204
1047
145
752
1060
385
92
503
2164
176
405
803
71
3069
354
401
191
1520
1626
838
603
1418
1850
672
1183
549
623
451
1039
344
770
55
246
1363
915
103
670
105
314
442
137
2081
548
2063
2817
293
1282
185
184
697
76
1277
354
290
2020
76
824
78
771
27
6573
97
1056
68
1695
592
524
453
450
33
230
332
133
1606
589
679
1702
345
2090
1006
98
574
171
153
974
509
1045
2111
266
308
1362
480
2020
1526
1840
3176
1435
701
1005
1088
2271
213
178
183
182
99
289
150
423
856
612
398
1206
823
406
1306
2530
74
438
185
597
172
576
382
426
2489
300
341
51
46
748
770
913
283
2340
165
369
334
632
1189
1035
2534
427
1488
1162
749
1926
647
401
209
252
114
1137
1090
120
2333
171
143
509
369
306
390
211
539
229
905
295
1644
1457
203
2286
221
653
61
984
834
135
1307
2251
410
840
878
70
587
1680
681
5302
551
206
905
152
10
1272
242
806
824
866
202
179
3340
2390
592
839
303
1205
2681
344
1627
1565
381
3302
832
246
571
209
760
210
47
643
1084
2031
1751
758
1366
262
730
65
1811
3243
535
1270
1027
196
921
2418
154
1575
661
532
1385
2723
28
2360
920
187
2414
1133
380
177
1594
3527
14
726
553
741
2877
219
537
533
38
1421
1048
996
653
741
953
72
873
24
726
842
212
2557
2372
3208
1684
1856
662
1191
762
62
57
784
123
998
1177
417
