107
338
438
83
514
680
29
884
931
827
108
1114
353
411
2
1164
1552
1043
1392
48
591
980
488
1349
1908
497
468
130
415
550
523
684
267
1964
820
104
741
1576
1956
681
2589
935
144
687
326
446
576
3129
155
2890
414
1683
2494
2132
1240
616
1487
2550
1255
468
44
857
379
1151
1603
348
142
387
2986
1031
578
676
256
212
744
498
496
1168
478
2132
675
2634
355
157
961
1465
294
1605
60
1413
459
2493
229
2518
1091
1593
1102
119
441
409
977
487
692
2254
192
29
512
64
2937
167
1337
392
1963
299
96
2507
455
2427
138
1426
979
775
1968
470
310
1270
1949
2493
665
501
2435
488
28
680
1873
896
149
1454
1424
2705
1024
1027
3709
1483
902
434
274
434
88
91
1160
2599
820
180
2506
590
649
1600
3923
2484
1896
1423
137
16
1528
1039
2858
65
1089
5315
1936
969
1419
1209
830
179
1186
2014
1299
356
1231
950
1315
2627
515
841
694
550
392
2542
2424
79
588
389
183
53
572
57
257
655
1325
800
539
452
550
1357
417
163
291
1028
148
1307
886
676
908
2826
468
573
147
241
3385
468
27
777
387
1035
569
2010
755
2031
175
2827
831
1222
617
4512
776
837
1396
840
1091
481
1142
720
1270
1023
202
254
1311
1553
69
488
1573
1674
2274
4401
799
386
16
136
584
763
72
2171
2037
1371
4140
646
88
216
228
81
39
1275
756
2198
334
1151
865
2569
852
871
2269
190
456
62
417
337
516
1060
1576
4782
2878
2090
2564
331
1968
1945
146
187
126
330
442
3311
2010
1354
858
1175
539
3294
2639
2727
152
548
923
1912
1477
88
130
1365
224
988
524
2007
21
999
382
1273
5001
46
563
2859
1180
954
1830
380
584
1910
135
85
180
679
111
941
67
197
193
667
305
586
1250
3213
1438
693
1108
815
869
702
796
864
1467
381
661
824
3205
56
826
2242
1219
1278
833
2775
62
2138
653
906
636
1441
34
555
1539
422
51
560
934
1538
417
506
2
465
441
1067
1853
1395
194
1496
601
353
315
784
338
773
997
1182
1919
2408
646
1019
1842
100
1456
1553
410
32
1332
66
131
89
570
200
28
1352
105
2451
18
67
762
1024
2023
702
138
1566
1102
361
145
3944
1
425
955
321
343
1261
819
714
1120
88
1602
66
776
395
332
1640
3327
172
1211
2628
1276
984
720
327
1917
2128
355
785
1059
639
2122
140
519
73
222
1034
388
135
2582
1147
529
845
218
1084
863
2441
1139
625
465
895
703
2539
2501
3451
2305
3280
882
978
750
999
3370
268
1011
775
395
2132
454
324
284
2447
529
284
600
53
274
1071
422
891
88
2697
347
750
491
397
1131
683
546
448
362
817
758
373
2685
251
1252
2285
1712
464
2015
1692
250
107
796
1601
598
403
433
860
93
22
2553
2020
379
73
1265
391
419
1616
834
3471
507
476
1906
898
800
292
577
1317
457
155
2821
978
315
1966
666
35
1313
51
3079
602
430
1039
1130
2941
350
565
39
1803
2164
424
3000
1747
6272
418
344
505
157
479
12
906
62
2170
341
307
873
1448
944
30
2888
1873
136
732
217
2033
1254
629
1815
455
77
1583
439
555
614
1637
1320
653
261
189
262
349
396
2073
202
860
786
2004
909
2617
404
38
2771
47
830
795
1142
132
1562
274
82
831
189
529
50
1572
79
119
607
1719
1135
1741
230
550
1544
1235
1321
1107
839
209
1537
970
2713
424
1173
616
241
333
332
779
32
321
1232
3112
498
1539
831
1376
3146
842
2102
308
243
800
836
1224
346
3368
959
2645
254
2847
135
136
751
797
491
379
3460
178
1676
292
1571
332
578
3499
2295
1645
1784
126
1702
6
2023
113
595
1584
180
257
824
357
273
2416
625
1770
690
1048
1809
932
547
3259
1091
2460
621
689
2069
1560
1774
972
1109
285
103
2196
436
2106
459
2863
266
2616
1483
717
3151
414
886
2243
1525
798
262
220
40
94
2201
308
937
24
570
184
3683
429
105
168
136
166
1005
372
254
1158
517
178
572
1427
571
228
1646
2025
576
347
378
791
2591
375
834
1680
676
61
956
1348
149
468
312
2122
2981
263
767
89
547
88
1330
252
1706
1213
267
171
113
2869
294
5181
63
82
2943
147
406
455
74
1071
932
1139
635
1346
383
757
32
52
873
1618
623
24
20
1505
148
452
1574
3984
2140
894
512
214
1420
298
127
147
287
565
1104
50
192
205
608
1441
871
30
603
503
300
1101
479
454
489
1587
885
438
90
503
882
111
973
964
1321
3457
160
807
87
1340
1678
771
1424
646
783
35
1206
327
1855
1194
3106
2148
1082
629
351
148
1212
771
1605
1977
1380
523
1357
1119
1047
666
1469
180
275
1989
2257
384
566
165
131
356
2369
472
1080
128
616
260
1014
911
194
886
4301
1070
587
2555
311
426
447
841
402
1089
3317
3
688
3552
730
43
511
254
14
1576
3249
432
102
2173
699
863
1153
60
1970
1962
1238
1007
242
491
2287
1034
340
1788
1155
193
1072
568
541
271
438
797
2104
1544
78
257
1204
5
1473
3989
245
1729
94
1530
2464
1466
579
158
321
877
330
1406
407
99
1477
1170
1355
1568
138
611
39
342
1380
6
747
1446
2518
1120
1952
1203
121
984
348
2398
2626
11
1384
40
350
308
434
468
1521
595
1271
992
551
499
457
227
3130
214
191
1819
247
165
3070
859
1451
1319
176
560
825
2928
238
447
1530
176
501
920
944
833
646
465
2110
347
409
3032
189
2230
1228
605
1018
2636
1264
1068
1997
356
271
723
229
2565
260
155
1041
2245
475
360
1433
537
693
3221
186
56
65
854
724
1647
1085
1608
326
1900
4392
2089
508
1294
629
27
413
374
2982
602
1239
2338
131
24
824
517
671
32
290
2136
540
114
6592
790
1989
1667
803
1516
352
1216
343
1901
28
7
1597
47
2488
498
2399
448
2377
1352
946
1204
2255
1891
973
1474
60
448
36
1715
354
470
1209
181
1860
27
1349
602
2465
74
1273
1312
2431
586
1373
719
518
379
340
1887
104
250
108
1692
500
2328
3086
7592
2339
576
198
365
562
5680
1552
2173
498
797
887
736
1067
560
3647
1706
2189
2390
1836
1916
751
133
1191
3034
1907
471
1138
815
354
17
3453
60
282
1131
50
522
491
1320
546
221
897
2629
166
443
419
825
692
1107
188
301
40
435
3474
1752
1197
1225
1044
1070
1206
1539
1111
861
491
3716
1433
954
1638
220
1073
1426
12
276
1223
785
963
896
955
70
132
222
583
763
1419
10
111
1991
45
628
2037
704
2276
2089
3868
483
262
695
2117
1651
884
2033
568
104
3781
462
3713
457
691
1340
21
606
8
567
4178
1577
1197
1072
604
1674
2843
922
360
186
57
294
429
348
885
3412
22
71
2404
1413
74
855
1190
499
885
75
600
524
821
436
456
449
218
1479
167
58
524
720
50
421
435
3223
724
2007
1159
58
1395
42
775
2250
327
3518
1805
2581
1274
443
325
1576
56
606
1090
3093
1276
20
368
2507
1215
553
1908
642
1850
162
2120
1077
1445
1465
56
1089
2339
1107
503
996
329
1551
498
934
2896
2336
200
251
912
1313
291
716
515
207
3620
1251
763
345
95
490
722
1476
227
335
94
132
14
921
21
1238
2262
25
881
284
717
1997
23
1148
721
409
785
1293
1352
1114
2083
1042
175
500
1820
719
1553
150
1918
851
878
547
10
821
366
707
1068
1464
279
164
1210
3098
642
2768
378
114
344
298
721
2488
1403
328
1506
398
282
1128
1146
40
654
576
109
1465
3897
1547
1102
449
435
413
644
280
2862
3231
166
2008
492
704
278
687
183
205
2425
1022
2018
220
508
1639
224
725
1723
44
53
319
472
366
2499
2086
242
390
81
2224
189
4635
2067
196
539
253
1507
1290
1508
804
1122
825
419
213
331
1576
3038
2372
938
1646
3361
227
353
409
2477
1395
2029
1785
1000
696
1527
2518
286
540
177
274
51
566
3243
940
217
1956
1504
822
2033
788
85
66
572
930
2459
2710
4205
1049
438
762
2836
142
1596
476
1824
320
415
480
458
1983
1427
158
2239
423
1913
1898
863
1405
1973
2297
591
897
265
191
1062
682
413
1522
62
285
2380
1947
465
2423
1256
1187
544
1277
824
905
2524
1048
243
1523
451
389
333
291
762
752
1405
1693
1085
1775
3156
915
879
1139
1704
20
688
646
2604
106
263
854
1076
1209
1
555
487
453
673
1792
637
281
406
1031
627
90
1894
1184
757
4776
3774
644
1287
1856
3638
332
1070
3848
312
866
533
1874
408
744
167
1076
641
319
1198
185
114
3438
1333
980
408
847
1522
2553
406
178
723
341
375
539
593
572
404
3274
1015
1138
867
346
3686
282
1280
1416
63
3101
520
1705
534
777
184
223
103
2356
108
42
5728
912
4036
267
347
278
664
418
3634
1438
6136
1812
405
1207
1772
906
897
233
99
451
1201
536
289
277
210
3277
2
2302
885
1555
1602
1953
494
1835
199
34
688
778
912
265
74
239
3724
2573
1650
648
41
424
1422
535
1304
604
1324
2903
4126
3327
2344
301
2335
64
301
437
1797
460
435
1082
231
1199
1011
1409
969
827
59
1138
136
970
276
994
2046
1263
1992
1159
58
1393
1456
850
777
1339
897
1005
575
212
1238
3880
179
682
329
403
1437
1060
23
2727
1340
598
12
1296
5
1722
1621
1528
398
3485
1021
316
1410
124
2746
4369
876
2923
7
1165
1895
1638
261
550
200
1050
732
802
632
1495
1060
585
192
1994
478
226
341
961
349
840
160
250
446
2432
471
1682
1208
1092
1613
1221
659
1096
1767
1165
435
23
1125
438
822
448
1866
80
541
353
1874
3309
1491
1193
1683
1762
3470
1338
915
587
374
159
123
1055
20
119
376
1174
3002
783
127
662
176
822
1202
1604
2081
622
446
927
330
1879
150
631
536
193
2451
2009
2319
1458
519
3141
715
442
122
846
1767
354
1143
2184
954
387
2738
1580
2708
843
172
65
873
1334
401
415
43
611
366
1180
59
350
71
393
62
1846
2524
936
3110
1016
740
2785
1473
2440
937
79
464
287
3100
895
281
245
1445
240
579
1447
660
753
1156
569
590
1808
412
2425
269
3126
820
885
8
433
599
1267
1777
1879
97
661
1759
133
274
766
1549
534
2111
458
1975
862
17
378
357
604
1758
475
305
348
2502
502
177
3357
451
6209
864
1841
998
2430
1052
1619
976
2804
895
335
136
451
596
817
54
1547
2141
545
2662
1205
82
1631
933
1007
388
1484
524
4092
486
2352
938
170
563
1147
2258
1625
217
180
409
1929
1377
232
202
201
319
168
775
1475
60
147
265
231
954
720
321
517
1358
191
576
928
1861
705
1629
14
246
88
985
2498
329
595
840
854
438
555
275
1899
1816
691
922
974
138
9
1056
506
617
45
1001
1441
405
431
284
51
2083
964
2463
637
2747
1
328
3106
132
1662
633
1424
1966
335
135
253
720
3591
121
364
1072
751
212
1266
486
2786
3644
1278
810
979
420
892
80
41
400
427
1169
3774
1435
1262
1489
566
1017
1251
581
244
1781
6661
549
202
1133
1230
228
595
284
1334
660
106
930
220
409
1496
1130
778
468
654
1057
1863
1314
82
1102
364
1401
283
860
621
294
745
3792
1404
690
1353
1241
1052
557
381
270
1114
3619
2214
2480
217
2186
2503
1700
123
351
1293
3865
34
103
744
120
1450
1092
437
2916
1818
852
1982
751
935
1379
1110
1012
33
77
970
2439
25
260
430
85
2241
76
2033
634
1017
419
316
4707
1187
496
79
2388
1888
3609
713
371
55
656
1281
695
544
1338
431
1668
708
651
1863
1650
670
436
324
286
289
1152
3034
477
774
759
5
1167
1453
140
1434
335
2088
310
2697
1836
2622
72
1465
2323
2018
1992
263
215
2167
3359
308
1151
2667
382
3034
1580
2983
2503
2354
1521
125
2687
1853
2327
77
1267
267
1655
459
670
199
2545
576
1083
649
625
113
89
70
215
1021
20
1955
2107
244
1359
601
2830
922
313
1551
145
407
1760
424
228
883
665
103
1252
640
2824
426
695
261
130
367
224
2982
240
574
370
758
57
2057
668
347
476
127
208
322
693
392
1228
168
362
753
2201
151
382
17
693
295
589
418
1327
366
1717
13
1262
1840
1106
341
149
4506
659
641
1067
365
1452
1395
3015
1101
1295
454
181
740
2219
19
69
2216
69
1618
3832
915
2898
311
3621
668
2710
1382
1332
122
25
17
3417
320
423
2356
152
135
76
318
716
134
200
3440
1507
356
605
3313
1372
651
542
448
3905
187
136
2510
82
202
65
2826
354
867
334
2589
1558
916
222
2677
400
99
725
2475
328
1263
140
1008
1070
3793
809
628
1349
252
975
335
9
2161
532
287
501
146
831
584
279
439
665
1768
1886
1050
1498
576
535
225
2098
608
576
92
4776
1781
851
230
267
30
644
373
194
1605
643
1025
1510
2211
81
2224
306
242
325
2025
1171
635
1482
3130
39
2750
1094
2127
2101
613
745
611
92
9
260
462
1935
1288
327
221
1127
112
476
42
290
960
1059
128
2471
51
1869
1748
312
1365
712
541
1191
357
6056
598
468
1666
607
61
1380
1105
2120
1319
1478
284
869
2828
696
413
1007
3005
922
320
204
213
671
1640
506
711
568
1243
1897
848
53
419
1007
305
920
426
2797
1105
77
126
512
660
912
127
421
506
345
503
755
493
1293
998
2723
2046
50
494
1784
2185
849
647
88
374
158
693
825
149
1154
1048
47
274
10
4249
69
2824
660
2364
2280
250
1023
2701
788
3333
2738
634
961
2174
397
1401
412
189
3
162
843
2047
66
705
320
211
2010
750
2006
1589
433
2587
635
345
16
1176
335
2071
304
725
2102
98
2195
836
11
291
1911
1097
237
130
2201
90
1949
205
374
26
172
1576
602
218
648
1428
474
2169
2332
12
681
570
2017
994
325
288
1348
68
1157
47
735
60
1427
580
1221
597
144
869
1532
535
1315
846
361
1869
303
843
1440
1842
258
975
552
1933
2430
700
681
822
44
1515
396
3173
1301
417
998
38
619
3856
2603
17
1098
2271
904
133
386
1038
871
2239
1921
2836
204
309
964
772
1184
404
2465
2320
793
1632
2335
2622
1488
2175
238
386
1470
146
1886
1630
2101
448
965
1770
656
570
1373
386
950
564
519
210
97
3573
871
2835
79
264
842
509
221
788
601
557
1119
201
1319
510
163
73
1467
192
106
1424
743
526
260
834
578
140
113
97
116
607
633
524
1981
919
430
1381
970
683
852
548
3085
180
2435
618
975
2007
302
1923
1815
1539
1447
842
197
1133
5
548
1027
1190
161
1510
3977
861
44
1296
1313
747
3083
280
1460
156
2959
2590
433
104
506
1616
2644
766
579
347
427
5518
67
332
1856
556
386
43
545
684
2335
276
689
359
734
682
847
2092
720
1485
3559
3883
1410
81
235
314
1939
1653
1142
437
674
1778
1094
46
1029
514
2168
7
1638
1051
1555
238
872
170
4546
959
257
2080
650
1560
181
105
21
2912
1541
320
324
264
144
780
376
554
1172
846
876
1073
995
1442
1679
649
1733
282
1201
646
1291
780
1635
243
155
540
1243
260
34
795
1782
375
201
1653
942
664
525
159
512
143
832
878
273
2942
795
8
887
1095
733
23
71
1863
258
540
476
4099
2
1165
695
336
690
1140
464
2014
730
1596
825
18
354
1065
1060
2954
169
1621
156
3725
669
793
861
651
2300
855
1261
913
806
7
665
2484
479
25
94
767
1913
1820
1971
697
365
839
1896
778
993
1094
1765
250
1236
728
719
410
947
27
1218
437
536
491
311
572
279
1602
160
1260
2582
3950
2626
204
238
2943
501
595
1546
606
204
520
1502
732
1177
442
285
1113
407
1221
986
3731
421
644
1615
1340
372
185
786
2309
50
1182
925
26
163
1117
1397
749
1242
747
855
89
129
132
981
27
894
841
832
2965
1061
48
1090
265
366
124
1116
359
173
18
1202
357
11
79
2567
408
540
1949
416
2023
2655
1173
630
399
570
166
686
3551
2313
3922
1070
1442
1374
1156
1271
1034
119
218
607
894
2179
2914
465
597
526
35
386
1017
1563
846
977
98
1637
283
3232
327
297
1666
101
2330
1094
176
918
1459
2068
211
2114
1448
2121
1577
1797
673
1211
636
446
2042
585
732
597
113
228
692
1273
2763
119
552
1344
1251
1308
39
1843
169
1871
169
954
529
53
295
1155
163
354
587
36
51
212
207
1098
99
881
302
2807
270
2263
2033
1768
1523
370
70
3848
241
1329
551
180
2735
1110
307
809
660
1113
396
297
1026
7054
1168
421
1076
1143
864
415
1472
1096
4245
889
1220
958
99
735
316
342
891
35
194
2459
2723
1499
84
1156
227
731
1235
659
315
2063
336
247
1420
778
2904
284
424
114
693
606
3064
591
588
2057
185
229
38
1622
1540
3576
1887
152
258
954
120
1036
942
39
2672
253
89
811
1254
695
1149
368
1404
313
856
285
178
564
3244
141
79
384
265
722
45
2104
1693
535
635
160
541
836
561
1530
631
1417
588
2837
2365
1539
50
55
1149
3765
185
745
88
444
82
603
13
408
494
102
852
147
2137
788
265
780
387
673
907
2427
635
551
704
53
478
113
17
62
996
1734
198
1288
2302
5250
646
1130
851
78
541
2945
95
1017
3066
439
460
961
440
803
235
413
4365
2111
1625
316
159
262
794
815
415
1788
1374
898
198
905
441
481
1034
38
306
732
139
1943
1865
1578
294
1523
2863
6
905
1526
152
1548
2631
1941
492
529
1131
1652
1488
396
153
405
1129
511
33
125
246
40
367
121
529
165
618
2700
401
1478
779
387
38
106
342
664
1410
328
1420
698
644
659
3990
365
2999
278
1012
612
1280
471
44
180
1753
854
1223
582
1793
310
2706
1097
13
969
1104
782
308
193
2793
1752
317
427
1868
2043
3633
715
391
353
54
2137
438
5571
373
368
961
1603
489
106
669
701
983
734
614
313
1418
169
371
1459
1181
1161
469
1853
868
2547
120
135
123
767
59
304
938
1859
524
1477
1331
3174
1714
642
2381
934
2004
147
6353
1732
648
15
540
464
1015
84
2885
1373
682
340
648
1748
2245
525
314
60
343
1103
822
1743
650
334
1345
820
402
496
769
322
782
539
1926
613
1511
1035
1284
885
58
792
298
770
603
1271
139
381
1064
455
1507
485
116
126
312
1472
63
2991
21
165
601
893
317
60
681
204
60
344
102
2840
1248
94
2963
201
2881
447
275
201
1079
1478
1412
557
375
96
1685
460
801
74
2813
245
725
665
1634
156
2211
2267
555
918
4696
397
118
434
557
1716
1175
1288
805
44
968
872
134
1263
157
4469
1150
228
3447
2712
538
343
361
703
1198
1185
473
62
2139
1533
217
3095
130
2239
63
823
308
482
444
2406
763
57
1493
768
1609
691
1104
9
1137
245
364
1782
1540
2356
2604
163
2165
1449
2788
2471
455
1428
24
905
241
409
574
1624
229
350
452
414
210
1395
2283
2403
490
1213
320
203
347
229
692
1361
713
442
450
2574
625
781
195
1559
1436
285
104
59
351
4005
539
1030
895
17
1290
1753
1006
25
2353
297
258
533
2043
50
1925
383
1008
2608
650
2145
327
1193
2897
1150
1550
1061
1853
510
1639
1409
1301
1834
965
527
724
959
111
204
1087
1333
888
1163
93
1070
190
1138
265
1622
1799
2092
163
236
399
903
645
2754
1459
1664
55
42
1699
76
1109
1255
1656
58
1061
821
539
2188
368
1557
137
168
505
3066
465
1091
366
195
349
1040
159
1167
28
1187
483
5407
519
748
807
894
235
993
355
3277
475
1745
3400
602
1258
670
684
1034
78
2094
1120
463
402
726
71
314
379
1079
1394
1376
824
1924
46
1122
78
646
593
42
3052
236
968
1009
1888
3575
765
767
425
387
649
946
460
892
2405
216
1232
146
544
414
1743
8
348
511
233
347
726
159
445
663
240
2054
449
913
216
684
274
2460
99
133
2114
618
1426
716
50
736
132
1447
116
848
169
244
173
483
1011
369
241
1374
1801
467
2010
476
466
1356
1124
2149
657
480
1110
32
1026
1735
1185
311
215
1510
1069
105
2509
1927
1649
1758
368
119
2736
886
1648
62
2085
365
459
1890
171
244
800
13
697
701
122
1185
2606
399
171
1584
1481
1050
1051
1022
1462
474
1833
1634
1618
1494
279
661
738
335
40
70
3152
386
586
811
236
1988
214
422
1122
720
708
32
1156
208
218
1261
1672
305
1566
2800
2000
349
332
694
278
4539
197
740
128
1261
2017
2250
1286
1345
626
145
1759
720
31
1866
642
2328
2017
407
599
1310
5408
1696
1620
2314
388
307
1154
2177
129
16
618
453
1279
42
3579
2148
2009
283
592
184
1276
746
1280
972
647
2037
225
1744
502
486
389
1365
537
682
167
2314
619
2718
239
336
1206
169
768
18
802
1008
906
1888
3895
511
1256
58
1022
1721
73
806
924
757
1754
835
765
1414
27
539
447
2641
1700
803
1788
2412
116
432
1372
451
1567
2363
1238
765
358
1734
567
1264
2823
652
122
3307
1973
200
327
1553
1793
525
1312
272
1251
1080
351
4427
1096
2027
227
42
279
437
565
941
1877
3814
1954
2056
70
565
1017
2555
182
321
717
1829
44
8
1060
113
661
2622
1912
4865
1273
4009
10
255
2490
424
177
527
634
383
207
1237
293
210
582
3634
1140
240
3495
210
1467
26
2412
1087
481
572
1722
1737
592
454
135
692
269
639
722
732
284
1662
672
2759
116
1135
3533
563
263
44
2584
515
1082
468
554
400
2575
4828
1086
104
1167
1077
872
81
585
619
461
436
1062
373
246
569
305
1949
264
762
162
857
1262
1430
2268
904
835
460
73
73
172
106
1501
903
619
408
431
1162
706
502
445
393
222
1091
1808
330
478
658
2913
1273
874
211
381
699
1261
218
924
5225
641
485
735
1918
1068
14
144
3342
1057
329
2470
1249
106
497
516
364
1701
1662
2666
1047
106
4002
461
639
2881
169
257
64
446
466
1184
116
778
1237
995
591
288
111
1234
111
133
421
1163
1809
1361
221
99
24
862
2693
2549
1285
4108
163
615
1499
907
437
112
860
360
197
2556
532
130
1330
293
1580
322
1510
863
1650
1846
408
445
236
1100
2793
294
34
1477
2069
1007
982
1008
221
198
504
92
747
47
220
1920
1633
283
1582
330
670
273
1114
645
42
383
1649
531
149
800
1795
872
552
357
621
2272
477
730
812
78
1348
358
1282
599
1610
4031
1004
491
992
1450
1427
467
585
436
128
3460
1196
324
1017
107
1271
761
2860
213
28
638
1677
1995
1495
33
1381
1247
1034
1274
999
603
2811
441
1950
605
1321
570
830
2529
1836
334
315
488
57
240
546
85
115
1008
615
266
3994
955
572
146
60
208
3676
963
924
2057
414
2552
3314
126
737
7
1560
1309
1005
1976
504
1616
527
1512
465
591
654
2507
938
1947
755
963
1416
179
3040
2790
338
918
946
455
1377
6713
605
492
545
117
1632
2394
238
62
4580
677
2206
169
99
1094
2266
2566
49
1484
758
363
346
138
443
100
1382
1925
231
1060
407
628
2291
778
357
1886
3468
1261
4578
1702
971
23
1487
368
665
5153
183
5358
424
158
784
317
4920
1454
1310
1501
3570
427
157
1939
755
887
1900
1120
2487
712
195
1227
1345
104
3670
3827
1854
3770
448
1759
318
670
118
259
575
472
1767
1095
27
299
2085
101
1599
2045
2086
550
2008
2295
421
415
3277
381
2028
34
1018
184
330
586
622
335
123
1534
94
3177
167
315
2717
552
30
1429
512
2500
1566
2933
713
379
967
1912
802
2599
1446
1230
2383
1969
168
116
252
384
392
109
1095
1458
1582
483
51
198
1446
1652
1691
1031
285
934
1107
314
858
942
320
1401
68
1061
706
390
141
58
160
642
649
235
617
679
23
1207
296
1886
177
4508
1116
922
303
506
1681
368
1497
413
1214
427
1655
1516
955
1706
5168
1772
564
136
3316
146
918
426
2024
1476
441
1828
897
19
3352
1852
1832
3876
106
772
682
3204
1333
145
36
1797
368
200
1044
1442
683
23
433
192
1349
1019
312
118
2069
98
1113
1729
654
705
672
477
369
1804
708
156
1153
544
2644
884
337
3
1692
41
1143
153
237
1925
1999
1472
758
186
935
4423
2141
105
770
1309
682
105
325
170
2403
1811
111
705
267
1207
497
57
1809
2238
544
2208
582
1274
1737
302
1636
1164
293
649
1539
109
1506
83
37
1580
1075
203
247
89
1001
934
30
112
177
2035
1490
661
1415
23
1821
1149
3123
1468
2895
1874
1569
226
1030
3684
966
9
2874
1322
2187
375
645
848
277
220
1626
1455
438
724
889
1658
2599
1385
1573
2087
135
2390
119
536
155
1380
194
1476
4913
1405
866
605
775
1189
1232
1027
684
1438
956
113
1312
127
2650
1358
343
733
1211
186
1142
152
1235
323
319
936
3670
974
546
352
1238
1191
648
330
17
397
1051
2023
1613
92
166
244
850
264
3812
1663
651
828
70
177
637
673
300
1177
2556
1138
2506
520
671
478
1338
209
508
65
806
815
2077
66
5
1536
527
500
1743
659
339
647
573
220
1051
233
187
1077
4818
637
414
219
449
889
115
526
2174
609
2799
15
53
243
1401
817
101
462
630
516
412
305
3542
624
7
2357
1216
482
4
829
362
3456
169
430
1520
245
803
531
89
621
81
801
3466
471
3267
958
1736
137
1583
1203
1208
333
67
213
183
34
201
1181
557
1041
97
159
456
1218
3508
46
872
724
1177
3492
641
925
951
1966
1600
454
1593
2025
674
514
2496
1389
69
647
586
876
2757
1514
200
1453
417
1800
54
447
350
1049
303
161
666
442
1501
132
473
1577
329
526
2148
629
285
2245
554
1077
147
77
1076
932
248
3092
991
161
1683
654
1727
182
1513
1724
1488
53
939
19
400
915
1146
303
278
574
620
82
798
632
1526
238
833
252
1226
1945
189
868
1249
1705
4991
207
705
1887
121
113
1561
3269
38
111
149
61
671
369
814
1028
564
1084
1072
388
487
592
1451
624
466
1450
877
712
394
1715
1656
1062
317
756
214
2
287
63
1731
117
60
112
49
1699
743
556
1555
1209
1581
148
381
358
227
2722
805
481
1572
215
2339
169
45
360
3164
763
941
486
2959
692
1718
83
3302
529
1100
958
1172
544
788
1160
544
429
789
457
511
142
371
241
430
2819
2785
1827
364
1461
1342
1463
274
220
411
717
2036
1069
1073
649
1455
1042
1256
93
1111
651
1627
696
2029
63
8
1702
296
504
74
1816
919
1459
1553
2688
155
3173
2048
924
2130
1379
276
2806
659
688
3970
1417
531
126
494
1437
4725
338
1322
761
227
257
392
612
949
810
11
1070
1341
960
2301
56
692
3688
487
730
2108
144
119
3700
1370
2252
249
1130
2604
429
779
821
400
737
719
98
1120
981
820
566
1081
755
296
92
2032
3953
205
348
2751
570
2984
1639
949
1226
2178
1935
121
547
276
62
540
622
4224
33
784
21
606
1175
1042
2357
3353
2767
299
1218
2207
343
21
244
508
244
307
455
824
959
581
262
422
77
17
1311
1426
1194
205
1413
1461
409
725
1250
215
1000
940
2947
2352
1347
2531
231
1640
539
1346
720
2043
4179
1001
1205
533
689
1277
927
18
209
4419
683
1570
477
1737
1382
2720
205
672
1549
1100
562
166
1447
653
36
1840
1342
121
225
1199
2409
54
1823
658
2338
1207
1151
612
58
287
657
1248
1824
704
4637
462
279
1088
1283
1488
70
742
690
679
2807
394
1630
1466
287
725
3405
807
524
516
1419
308
1170
407
173
96
906
74
517
588
16
544
865
378
1133
579
1247
1452
1938
3291
5412
59
157
1846
3466
1210
242
92
417
95
604
1772
37
168
186
49
3824
1904
815
55
1018
640
4446
750
512
516
2272
3358
4318
158
758
123
1082
217
903
2040
734
3311
5
951
1237
57
1090
869
83
431
2
868
2441
7
1437
552
30
185
564
395
67
1755
809
105
398
614
2150
1433
1372
241
3411
1762
1842
1521
305
383
2818
779
2064
1132
512
321
1789
596
879
255
2156
865
221
339
3043
556
699
13
2188
2503
558
885
560
640
345
915
435
802
4526
700
1848
1849
2758
579
2301
661
2006
1087
1222
286
1997
4081
3195
27
933
358
869
925
274
2951
1068
1782
1344
704
291
596
4368
188
429
1256
174
1864
913
651
1154
142
725
477
1846
1047
21
248
538
579
8
366
1725
117
1365
873
1262
1834
1492
1245
192
356
1631
172
968
757
3022
1006
2711
4307
1201
1105
1001
668
1391
1171
1065
1446
1207
1337
3150
1083
45
920
656
1528
2137
211
696
2193
861
410
501
2460
1793
1684
396
24
775
851
60
273
1128
102
128
411
1101
163
1027
190
715
157
298
1059
216
1702
1726
594
350
1412
917
1872
2737
45
1160
454
827
740
231
1688
1041
46
651
992
230
728
67
1609
3160
1676
2093
2338
2897
308
57
293
395
1650
2125
53
1127
1766
1483
1910
2241
265
44
115
1133
1001
513
1934
526
1201
227
266
22
442
115
3926
782
616
2549
2620
1010
133
753
1135
514
1406
2208
676
1094
1365
939
1053
161
1841
76
171
1987
1422
131
719
3209
598
13
99
565
962
1182
1311
4373
1107
1242
1811
3084
273
1063
154
109
3557
203
489
3504
521
1228
1094
3858
2285
534
414
362
1043
4107
1591
425
201
568
655
641
189
211
769
1273
143
213
2748
637
242
137
857
1740
615
442
608
461
347
40
52
768
142
719
802
1776
48
1474
1310
1087
561
96
3400
635
915
279
394
219
547
2188
738
1832
584
595
150
1037
70
1009
2184
735
286
432
669
27
864
128
1587
700
581
791
546
431
38
322
1
491
1172
174
425
1068
559
665
2153
1141
410
519
35
2271
2874
3167
368
2362
647
1788
775
57
3570
1096
939
3532
857
1617
1920
430
444
1886
264
273
424
816
1706
217
594
612
1502
1484
3074
4
553
271
324
127
2719
4264
428
190
531
1867
421
1045
109
32
342
1069
2735
1542
131
2380
1559
10
823
490
1812
626
2075
2232
632
1680
4105
1202
118
1865
1670
4659
1250
66
2299
2904
13
3081
2676
551
1843
1086
2502
762
957
1518
213
3434
171
2791
1077
2058
956
3375
194
307
1080
4948
131
206
1932
350
350
325
215
202
409
1587
1710
112
486
1979
542
2494
1633
374
678
649
564
75
961
1155
1047
253
549
293
1109
1012
3097
1886
2389
198
992
1765
612
3222
219
165
1370
1373
1321
1471
635
5584
319
191
686
1768
144
3406
655
253
766
51
34
3483
1303
998
2136
886
2250
453
1908
193
32
1109
292
787
67
223
153
505
548
1543
2580
808
562
2144
355
1357
1208
551
766
415
1358
135
773
609
136
989
36
842
1012
1179
953
2877
711
64
704
694
267
1836
1552
86
234
293
1125
918
3200
28
880
1874
174
845
1186
680
2364
2454
19
1631
691
1755
2108
1891
1957
767
99
1567
1102
2154
44
492
2378
101
2076
135
1556
1347
915
3390
438
293
691
831
397
167
2986
922
102
64
1356
1141
286
738
613
410
1126
406
100
73
2327
858
952
557
737
1029
403
3532
388
491
4162
41
543
1207
1146
331
45
634
1195
288
388
795
3069
497
556
4461
2433
1994
696
55
65
450
922
1100
277
16
1198
725
528
304
563
456
1095
358
2305
112
3569
2903
226
305
2721
88
1061
1437
23
871
146
61
31
2818
634
2046
327
764
623
571
2092
1072
560
526
84
416
624
220
1677
1262
1586
98
59
11
652
553
1713
966
177
1501
228
2486
584
529
2667
2051
360
552
1604
1268
989
1978
107
2410
2651
2079
559
180
2518
93
1244
222
1033
1751
1104
600
2137
1860
904
418
178
1003
774
405
2209
198
2892
871
333
2785
1925
508
790
911
2004
1575
1356
817
153
1449
489
2356
94
2290
726
1394
2685
546
98
1996
403
9
418
408
1662
388
2142
3484
1351
816
163
8
198
950
911
2977
1826
373
445
3675
732
418
1091
2202
629
285
1120
2597
142
439
858
27
1517
1788
454
624
281
50
431
748
148
1284
990
3256
129
136
588
1458
1968
50
2308
2383
493
287
458
850
343
1100
93
360
1081
1210
57
668
331
1203
1240
1227
462
803
53
1855
1662
108
317
3338
509
3017
492
590
3429
327
1008
199
1107
206
727
118
1111
2347
2401
885
485
46
1279
454
484
53
2352
91
1644
2713
2346
1067
353
634
705
612
21
804
342
485
142
1001
853
4
1726
2689
155
449
468
1506
2094
587
2271
41
1061
185
806
259
1227
1804
458
1718
315
844
610
2785
266
1680
1029
80
2473
340
510
48
2106
1641
2281
1659
848
144
184
2025
224
380
533
51
253
929
1092
60
1253
4357
478
2329
446
2312
46
1746
1112
558
771
284
1229
1203
145
452
449
373
638
375
2696
986
2442
620
691
89
1156
421
3357
1301
254
211
963
891
1909
742
1987
269
957
879
1107
1354
6
664
145
1734
593
787
637
348
382
2560
781
1517
517
87
572
206
1515
844
863
2840
1544
1714
1218
462
3533
959
791
613
2116
1591
111
1071
510
800
412
36
253
119
693
31
359
526
171
1415
132
3257
6646
1042
380
1531
2098
1118
784
167
60
362
1815
649
1005
465
961
2281
3444
1829
1246
1312
551
828
820
920
671
158
1
584
1493
269
91
694
506
78
2027
213
976
931
640
673
1818
666
1109
453
1005
601
2595
1434
1819
2691
1675
1352
638
1044
65
635
1385
1998
1596
518
664
1899
281
1255
1120
2482
175
439
471
2919
1179
645
533
64
647
80
1124
1544
386
1383
242
1308
1024
1599
3251
1318
19
2132
1105
1118
245
570
445
1153
445
207
925
1711
1206
1417
3723
1110
694
516
517
151
1659
106
51
1415
972
366
405
693
89
350
1850
660
1860
1810
675
901
1125
1898
3718
937
216
320
863
951
293
2125
1341
963
29
643
389
271
503
1623
417
1514
430
847
1328
549
1839
144
1068
312
19
2832
346
311
1581
972
2853
767
5791
559
1481
801
409
279
231
2179
2393
139
1925
531
1089
1697
130
30
387
32
664
627
894
509
132
1484
835
469
1008
251
3073
431
1518
607
296
1094
848
94
844
1006
227
811
2025
99
1573
1045
2082
2532
736
639
1071
35
84
943
710
2377
2122
56
148
704
912
116
33
2080
412
1886
1208
57
134
1686
488
218
81
695
526
39
311
86
4346
36
1075
560
927
592
1127
270
854
1275
260
1838
83
1501
178
1362
106
1075
97
624
581
753
1547
46
4840
612
206
993
234
1526
800
56
109
189
53
15
236
205
2546
624
38
980
553
882
728
723
2206
261
1511
325
1106
333
2182
631
1398
2883
2438
441
2163
343
461
344
348
2607
193
201
839
592
137
3106
422
1978
223
803
896
593
2786
971
186
377
139
179
1721
16
563
983
583
29
628
595
11
290
613
376
881
428
1177
1136
300
383
2339
8
1569
2682
100
974
172
1935
1027
221
823
1051
2330
883
590
93
120
1209
783
276
2429
36
1478
1517
720
128
62
1722
398
1553
459
939
954
605
458
551
863
977
603
1750
835
220
420
1364
14
1041
1255
963
162
365
405
1270
772
1439
93
277
495
1422
985
2138
2146
247
813
943
1004
102
3062
5236
838
371
656
3105
81
497
183
1184
415
1160
1910
1532
160
1031
2634
2770
562
3890
416
1295
2237
1150
137
1015
40
1569
866
5053
1096
73
27
373
829
1735
596
1229
372
257
302
265
433
379
251
624
979
2085
1564
231
393
114
211
169
1099
2197
1568
385
1925
253
607
2139
175
4361
457
394
937
793
1068
625
1523
162
401
525
1770
1062
1148
322
10
458
137
811
538
199
99
181
883
471
1249
515
531
366
1101
831
492
390
670
1867
1584
1163
609
987
920
383
952
162
501
905
302
343
118
110
66
438
68
1133
1670
1156
1166
125
1644
643
1267
546
73
18
677
1697
121
664
3035
674
139
2301
340
213
125
1348
668
1648
368
227
2525
46
779
272
879
1339
193
138
1202
1666
753
689
841
62
1589
3920
297
609
1801
1210
3023
224
1162
114
425
2581
100
983
62
713
617
1971
639
1315
656
387
166
279
1517
98
183
1509
3360
873
871
176
99
1500
1940
628
607
979
1814
1316
73
2227
111
421
488
1547
60
1012
189
220
1616
1029
2508
1059
496
4396
816
2326
1643
425
1249
1890
637
686
130
824
3308
712
3037
1391
296
532
24
229
2474
1022
124
1370
4
189
248
452
252
6
536
2679
912
2261
97
1626
431
1123
130
644
278
50
472
1743
375
568
364
2532
57
634
1241
962
854
840
708
1739
1584
709
1609
314
98
788
313
486
786
2070
2395
2495
599
900
456
1430
665
37
559
513
814
1550
166
874
934
2767
835
3
395
499
788
2874
1236
1862
2290
446
458
1393
360
1878
135
259
688
201
104
400
1713
2316
1109
132
838
352
1045
529
1135
545
1884
280
322
995
3348
1639
37
3075
757
3307
272
2202
150
404
264
1730
350
379
1287
3380
2
109
1396
988
1986
67
226
127
658
551
788
39
4681
2244
2084
129
780
2258
87
81
591
714
3301
731
1552
1757
169
137
2021
911
1518
25
340
891
295
1653
1455
311
1234
1019
1763
2641
715
253
682
500
1013
368
89
14
51
2235
1175
494
252
1727
1528
232
292
812
3250
497
1948
960
1143
567
1339
423
2318
274
62
769
879
1086
375
2768
267
858
441
1182
1164
633
586
421
30
964
606
1515
1249
1014
124
1127
1790
4
130
829
569
1805
793
427
790
306
241
1647
495
2819
343
1053
472
2681
1728
304
504
386
311
284
2691
556
175
1794
1166
2676
90
134
1711
1302
2727
1009
1435
732
3002
20
428
1395
191
84
450
190
1233
2762
28
3461
275
1143
765
2311
2368
1979
2081
158
486
1695
749
134
142
222
1716
258
2596
213
834
1528
622
2661
185
2483
572
66
742
548
1560
2289
1344
1489
1708
316
312
1142
2665
304
1239
515
365
198
217
1520
1020
893
1326
441
1254
19
664
2076
16
513
4083
768
500
2857
86
275
682
194
607
495
192
282
312
852
2
194
1840
1854
1278
961
629
2241
3667
184
1155
504
406
425
72
217
1290
2208
357
466
1022
2020
429
431
1102
731
55
1579
317
2808
824
1018
241
225
98
267
562
525
815
1553
2723
44
283
652
362
463
971
775
627
580
458
566
341
51
195
677
478
162
598
146
975
148
50
1326
1441
233
4221
247
1010
143
502
688
1004
241
375
477
342
913
127
266
1692
2558
147
383
1872
1321
1276
2031
894
791
184
41
65
553
2877
2492
463
1037
717
1061
365
1255
440
928
34
289
240
299
20
567
259
414
130
977
2135
1682
1190
947
742
2170
2188
64
572
501
631
969
467
543
535
1015
282
1127
23
2888
721
1082
1911
1101
172
23
196
1907
2040
379
1841
3922
212
919
1491
259
3456
635
9
864
1395
1860
1398
169
1356
214
516
775
336
211
794
453
637
519
47
1264
309
69
542
383
1866
263
1057
714
559
954
1113
1866
150
6063
1045
584
3433
788
85
468
579
2351
2011
1571
2241
2116
566
99
1134
328
264
23
460
1331
225
263
689
1329
1530
786
1347
1770
214
1083
891
290
371
688
88
96
1152
534
297
1078
30
2052
1693
1700
2099
184
370
501
717
786
4023
622
1222
2262
1031
578
537
427
185
1062
506
712
394
1303
1384
818
1264
3710
3694
1009
2168
2010
75
880
433
444
2430
89
9
1473
367
2098
580
265
465
447
120
1082
171
2450
729
875
690
662
30
683
1926
358
654
731
245
222
657
518
2365
863
1589
1300
145
119
918
438
468
950
498
227
2959
262
1328
441
476
2279
883
136
2006
652
628
189
2318
1960
746
602
267
240
1409
1389
142
146
2380
5
1226
1805
366
522
2106
1754
537
140
120
21
1356
820
2132
176
3675
2032
632
391
4114
1064
2050
475
292
29
408
339
1540
1322
296
3793
1060
1245
672
233
771
779
1458
327
1478
2943
343
1627
514
179
190
1389
217
1257
2932
377
1277
976
922
236
2675
2099
963
1077
431
1389
755
43
72
762
390
413
572
1599
509
1034
525
270
738
1736
3912
387
499
1121
319
503
693
147
300
723
600
623
3922
448
1195
719
166
1380
497
43
521
248
1384
977
668
244
572
846
158
3865
1204
2113
289
107
288
85
395
150
1020
540
34
2426
2451
730
554
1321
2191
587
875
694
375
537
1030
74
369
2194
25
723
699
1693
1915
142
13
736
661
405
1903
295
664
42
2126
691
167
1640
3989
317
392
64
3089
2522
2328
217
1277
4089
317
502
245
2609
199
469
2628
144
560
190
1174
963
870
643
1538
378
1499
1000
3591
405
615
3346
192
275
544
2925
171
453
713
169
2754
1027
2842
2398
1799
870
1725
45
1498
1040
923
2799
464
5542
317
437
36
639
418
416
411
2315
144
790
2709
2715
178
560
1423
681
1800
1078
562
2222
319
191
2313
429
851
6280
475
27
1597
2402
841
494
154
1798
1046
249
893
1227
726
182
51
434
784
484
200
387
243
683
135
315
1307
1942
629
31
678
1883
1110
2065
1731
174
464
351
2083
74
1040
729
1320
1256
71
622
1642
803
288
2447
2624
639
5000
1118
677
436
129
328
2747
789
659
185
458
991
630
402
275
1207
1642
537
1212
529
966
280
352
142
1175
478
1095
3450
1635
1581
1129
1078
950
1165
572
1832
56
647
1160
552
51
1448
2851
2453
85
2359
846
1084
1703
1031
112
1389
1235
1260
685
717
1957
1874
88
1273
26
621
229
3033
1042
1344
326
215
3519
1429
559
1097
119
253
16
74
29
2510
1567
2231
1015
681
326
93
1471
1721
253
1212
11
460
356
1356
853
3069
148
2331
885
1994
863
191
264
77
489
1694
759
56
1943
690
329
1554
3422
1226
294
715
949
783
1119
864
545
1256
260
658
178
482
351
2692
129
805
3692
1277
28
903
3465
680
1181
2563
463
235
3516
1438
644
357
622
487
423
270
1072
528
326
1704
458
3074
774
905
2323
2098
1322
108
1264
2476
81
302
1179
678
86
322
709
164
740
960
1887
63
612
414
1997
1266
1016
1518
588
918
2288
1524
340
2896
1021
2178
128
217
293
267
4497
370
1399
741
1604
460
3146
2028
1173
2670
37
530
38
1110
959
2305
275
575
850
1112
1323
4686
657
385
230
1997
507
1091
1570
767
4671
829
462
639
409
174
770
681
772
2162
3928
2539
745
293
575
2531
7
376
996
484
296
547
116
22
1846
1551
420
73
486
1139
753
464
2028
52
114
480
197
1974
2713
1993
77
746
953
771
2589
868
481
1538
557
135
1245
503
2154
2058
139
2956
526
1048
509
433
911
618
1348
743
3895
7
469
285
512
194
377
209
433
780
306
784
103
76
2761
256
1905
626
550
2175
304
195
2805
218
1554
713
473
966
152
620
784
161
707
1124
558
586
2327
145
3279
120
2882
1241
873
537
822
249
859
1315
707
14
1984
1379
1129
824
348
18
2333
596
115
129
1158
1578
129
844
1028
1306
336
2115
31
188
2149
556
1595
1310
3154
407
163
1620
64
549
234
2764
335
1844
114
225
315
791
1896
116
735
696
95
2197
2018
416
639
45
338
698
171
609
501
679
619
2268
1391
1390
563
2134
183
8
838
3073
108
263
280
5
66
277
184
1892
2183
128
912
1660
1006
155
2169
1303
246
1697
2085
535
1173
888
1343
1728
1353
1197
569
1417
904
705
744
2265
635
573
130
266
1009
425
69
154
1592
466
1515
942
835
387
1248
674
84
431
488
1691
444
1053
199
1743
51
1823
5646
3322
388
641
365
1452
156
469
1640
18
1701
288
662
22
330
176
50
957
1884
340
480
1848
1483
315
1238
874
180
2622
170
1218
776
3054
1361
1289
635
1686
1357
977
156
312
3255
2541
1116
1742
47
820
710
2734
71
2071
1938
350
11
357
499
642
809
2354
1134
1625
145
2348
389
128
1231
1468
1260
3040
180
364
1099
2524
1256
925
766
2061
268
486
3902
584
471
1395
168
900
179
1509
309
2339
930
68
801
573
43
818
437
670
1145
2285
2149
2923
37
1728
626
657
1627
123
345
1097
27
2438
1560
572
608
657
512
887
327
54
2701
153
1644
126
414
1746
663
97
2313
250
260
1997
2965
174
276
38
81
32
31
284
575
1072
1831
431
255
515
1812
2022
2071
532
1157
72
78
388
335
1615
301
2310
1267
1278
673
506
2017
1399
48
894
675
506
358
752
756
1420
1420
1194
468
1070
2613
361
149
315
230
474
1290
1032
1090
450
2100
166
128
162
2
539
55
1744
12
1786
263
3525
1117
736
2595
1473
1726
2633
1476
1889
1453
673
474
1082
3603
1953
7123
1229
250
1693
620
270
432
1044
1239
961
1648
38
864
665
399
545
829
343
489
581
534
500
125
100
32
2424
766
610
536
389
4578
1360
1254
3226
446
224
4495
2223
361
14
699
143
1175
121
1312
2480
468
1183
1305
94
289
490
1201
320
341
713
196
97
80
352
204
2368
320
1314
18
557
3373
1288
1805
2109
1180
2114
156
841
541
334
1063
1805
464
1417
97
2677
1364
227
876
852
882
839
467
1893
2160
864
436
1175
1733
215
454
2368
153
1675
547
310
320
375
290
98
656
43
230
457
2280
757
233
95
406
1063
182
560
2211
1168
63
1386
1061
12
729
223
7
290
1293
846
1767
508
288
74
561
698
1625
827
52
92
954
2155
2332
2047
83
509
2728
719
349
221
371
39
2551
2348
380
260
2187
1442
1577
1387
2740
1457
161
39
344
867
1085
670
1772
838
1716
726
1415
366
1233
592
223
3066
473
500
32
282
3269
180
473
1105
237
1556
524
476
348
450
1077
325
1350
61
430
429
297
1106
264
560
866
623
1189
642
165
448
41
17
1361
848
279
712
2891
620
946
21
3146
691
571
937
53
203
1890
220
203
395
418
107
1591
2449
405
570
907
537
1838
1058
1533
121
1964
914
169
2540
272
1517
656
184
210
2820
160
1585
210
940
688
435
1569
663
1058
185
43
240
85
115
1261
767
392
15
993
1135
2551
511
2357
451
330
1957
1150
1084
1110
55
331
12
489
1373
808
221
1744
401
1500
1977
878
361
1334
18
594
1171
168
131
759
1253
104
292
147
191
923
1403
1119
403
1371
414
206
706
1113
1775
3002
1858
2148
675
246
843
1035
1166
190
2552
1070
2514
187
603
1876
89
579
1005
1466
1690
1361
1009
1848
1037
954
67
85
1021
861
410
196
304
3379
2618
576
2141
1584
4138
1340
237
147
280
2699
1054
1597
627
665
776
1011
1189
898
37
1160
263
1503
199
495
747
1394
47
441
2333
1313
938
2950
2399
152
2657
901
1612
613
127
292
1751
689
1202
767
244
572
611
146
227
1130
1908
2547
220
1553
1001
609
958
872
868
3468
990
524
858
445
2227
1472
1500
245
175
104
337
954
654
706
1776
3098
97
388
6264
557
1598
1684
271
609
1755
464
155
677
1351
1358
293
1824
1240
1830
13
887
404
2298
1249
982
831
503
412
471
607
37
1216
362
86
26
1333
1164
24
696
192
266
680
66
2247
191
397
1118
150
562
935
1135
19
215
1375
408
136
508
64
1322
885
1627
1306
1987
13
2180
270
195
1012
150
2244
345
242
1848
519
206
259
2770
136
299
25
266
337
231
487
89
993
339
410
194
344
125
378
992
628
567
841
1716
395
1143
100
1732
864
419
3535
215
534
132
1104
495
402
184
1527
127
100
890
354
102
407
564
31
850
537
564
1950
669
1522
213
484
2781
148
2817
399
297
754
4936
1962
2414
190
4240
791
1630
500
513
829
2148
3131
723
822
4
72
814
271
229
1111
1683
1836
197
748
335
1059
643
3090
945
318
652
550
897
424
651
1314
908
1619
312
656
554
2514
128
727
87
318
2825
723
91
1655
490
416
327
910
270
5371
191
111
1204
941
1676
2548
399
1659
740
3881
450
427
636
672
29
2053
374
935
1839
746
633
2101
2070
239
1266
2348
856
1088
852
365
2360
257
244
1209
1694
568
2551
251
227
374
282
92
110
1160
1080
667
331
75
108
787
1339
816
138
615
653
745
997
1344
3730
902
175
659
257
484
1061
310
67
164
277
894
321
1949
2528
575
2899
527
282
245
395
168
337
977
2305
1297
153
232
31
369
6
255
2458
267
1357
415
275
939
3
612
749
2684
1436
431
17
836
2542
175
2086
1099
537
1522
532
30
871
1087
2424
4170
1925
181
953
1058
1717
3421
272
843
129
745
5414
5
1427
485
2718
1026
159
4288
768
2859
434
362
768
691
1612
174
1648
1146
929
259
490
2030
576
525
1471
242
1979
461
990
664
184
1573
26
1434
1737
514
311
1613
1082
44
292
274
470
610
411
1058
481
511
3192
74
2380
395
638
363
437
100
594
2928
2585
316
143
1422
26
447
2530
338
30
111
189
542
135
117
758
451
769
1343
235
344
425
154
1552
693
478
154
727
1111
618
477
347
2729
220
1311
20
1799
1051
878
430
1971
26
479
163
1122
708
976
1847
206
528
422
399
665
1365
961
757
127
1060
2402
84
708
653
750
1302
570
552
309
463
1750
587
681
845
2123
1371
1132
293
127
117
277
914
24
1796
3682
2514
293
1180
443
68
983
1174
305
468
59
655
430
1017
1281
1246
1120
1859
199
3204
46
853
213
273
2650
103
86
119
105
501
994
55
1092
345
1057
409
249
754
150
339
1432
496
217
1924
1371
323
1010
366
1474
1715
202
2948
599
306
954
2139
322
742
880
1758
20
1266
550
491
200
257
914
216
78
2149
2495
1022
41
231
566
2951
343
32
401
340
166
518
4145
1055
657
483
887
895
962
11
788
22
2418
1087
206
15
355
1938
891
21
381
168
39
136
1514
216
407
585
3160
307
999
543
277
2110
989
1374
968
65
1026
1246
800
1394
1552
1548
1243
1149
206
1056
711
1550
426
420
468
5029
2677
1217
2350
2474
168
4610
11
105
2021
1152
1343
735
1377
433
1092
346
1413
1112
354
1275
628
389
240
1280
126
131
1150
1875
40
1150
573
749
2077
739
893
479
99
381
321
2844
762
2374
819
1589
616
148
642
113
2628
692
394
3943
283
59
1641
497
380
877
2714
966
578
870
728
4965
2262
1322
152
1059
896
295
987
284
536
1316
355
640
1245
329
262
3401
1013
267
2075
1277
2030
1619
130
1112
1574
290
971
69
329
3604
3553
453
885
723
440
1251
1172
2114
234
314
911
1854
528
2065
272
1867
703
360
2695
203
1441
170
237
54
717
266
671
1364
198
1091
2192
36
382
3558
2150
341
270
1269
607
652
1834
1736
1192
535
393
2370
3347
96
2405
151
1513
48
894
457
1079
141
3124
59
1743
1885
48
362
74
1885
1083
1336
647
2676
271
1074
409
185
127
96
1477
2839
70
1836
2401
1215
433
1002
258
1823
908
48
1806
1217
1144
1295
2434
206
39
16
1507
3293
817
871
4579
166
1254
737
311
214
1772
1562
388
615
600
57
1498
784
1339
865
353
138
4324
104
1188
809
3604
3546
2231
174
1700
1012
348
60
1423
1759
104
1944
3702
226
536
2215
677
253
2308
62
76
464
388
3521
658
251
124
3808
176
542
775
871
1578
2230
366
433
129
2334
274
1609
171
2431
705
215
120
1051
1873
527
173
1860
1162
1603
587
1531
209
209
136
486
34
1047
869
1694
123
1454
1765
829
35
85
533
645
2388
1349
468
270
1988
1567
347
1978
2572
43
81
629
2878
324
853
907
1459
458
193
897
96
70
702
404
625
327
427
407
651
90
695
959
1834
200
2352
879
354
2064
5416
301
80
1041
118
1615
633
655
2935
1279
1738
909
1660
826
3851
1125
1213
7
29
815
1207
1106
920
954
143
88
1605
1316
457
160
771
596
987
65
1816
1357
605
1250
431
147
2400
180
581
923
1315
584
798
2943
923
1575
1997
282
1885
230
2372
3164
1569
4380
522
157
371
280
1824
943
612
225
86
742
540
