98
146
211
219
279
94
30
267
30
261
507
27
608
84
601
580
716
618
66
52
100
547
564
577
70
370
348
104
47
39
48
1142
158
179
799
160
1225
2
19
214
136
714
503
1309
41
228
218
829
348
239
653
20
1355
525
280
767
345
1140
133
317
895
5
67
135
86
428
391
1245
260
903
152
325
116
433
213
536
128
50
1351
23
233
675
417
550
1015
13
461
285
77
162
307
792
1746
468
488
128
617
1629
26
861
220
57
383
144
610
64
541
486
153
661
49
780
1026
793
875
69
555
452
49
137
306
860
62
121
178
226
525
886
1480
127
339
614
264
376
298
262
1607
695
157
479
292
600
279
528
236
1017
187
162
367
111
414
229
501
413
953
54
403
775
1035
1057
403
798
366
366
296
1060
678
1101
874
135
1249
1319
416
77
104
398
195
650
82
487
633
59
132
320
668
1855
213
77
1173
127
183
579
134
149
383
1506
208
34
15
43
86
862
181
913
150
208
22
1678
166
247
306
749
1648
300
71
121
2028
179
330
925
375
6
112
189
601
31
153
973
329
94
26
323
94
102
431
800
1109
950
291
857
214
161
201
673
130
1349
815
314
550
259
720
166
1422
451
669
311
1293
202
52
118
511
145
319
1409
314
424
90
822
701
390
144
212
220
236
459
423
873
516
384
161
778
259
1654
784
1117
606
501
334
104
144
43
12
42
498
310
1019
2179
472
1653
189
498
39
261
279
281
264
517
230
219
255
163
1391
369
325
226
275
324
65
1199
551
77
41
853
693
754
202
124
132
699
630
1340
985
568
240
846
272
770
1313
238
347
122
642
1403
966
309
757
568
14
80
260
469
223
74
519
1470
884
1960
280
340
359
1310
194
620
1057
513
265
658
68
169
56
691
24
831
586
1709
288
445
24
661
457
15
597
345
577
123
169
786
241
228
363
897
318
215
45
99
955
1364
41
270
546
598
69
473
183
71
636
327
121
75
64
21
482
173
447
154
122
1339
2167
409
548
53
57
80
169
166
139
1352
283
398
344
747
443
123
318
645
361
228
31
921
555
9
312
452
510
227
304
711
244
253
237
211
147
27
637
426
692
170
166
522
123
316
202
272
468
113
1007
411
248
691
211
400
116
433
27
665
228
177
188
71
925
1202
100
408
267
800
248
114
378
878
1989
575
602
178
301
491
391
183
510
314
339
113
827
438
452
202
321
122
85
783
100
567
577
67
130
1069
989
1467
65
47
257
1193
751
49
1295
58
33
64
229
529
67
729
660
471
142
2
411
83
19
169
93
277
228
17
110
143
17
1278
129
103
1053
954
355
586
255
464
69
214
191
637
714
192
1007
11
375
287
1212
881
113
974
697
36
38
183
347
992
1149
1024
330
1352
136
742
548
213
486
1626
42
56
605
98
500
20
355
49
1413
614
169
432
293
590
413
156
580
734
118
193
168
516
387
112
975
319
2402
167
461
1164
568
691
510
401
833
889
171
94
443
317
283
175
67
431
413
64
867
1777
263
117
1681
317
454
46
161
1881
361
1230
259
140
98
47
8
350
1148
465
560
1159
155
245
21
42
332
64
28
391
177
587
610
616
522
144
1639
26
84
515
198
420
39
416
224
227
20
12
291
18
296
904
174
158
714
303
594
49
629
293
1231
223
426
2
543
1071
29
648
1122
248
617
1840
1333
646
781
54
34
454
319
515
271
242
326
507
138
493
199
475
597
65
677
541
560
187
661
1332
32
658
294
280
123
27
59
125
589
271
114
116
514
1446
1613
156
615
138
328
670
330
646
54
1341
41
127
511
51
537
320
228
200
88
303
517
34
581
42
111
507
241
129
195
192
165
194
88
228
943
183
38
804
1396
829
418
534
398
1395
168
43
34
504
1869
570
1203
24
42
683
32
382
33
2219
823
1261
158
82
1006
557
959
278
843
98
891
1738
176
864
69
310
697
51
37
671
1267
1109
110
313
960
591
491
384
1071
42
96
567
1732
181
722
365
1117
95
429
119
457
375
36
335
268
85
475
363
349
175
143
199
737
84
471
237
251
1356
815
477
403
78
320
2074
436
74
418
621
123
322
116
44
278
15
175
523
166
1025
317
1085
243
561
262
601
451
698
127
401
282
56
226
716
687
512
389
58
1278
308
142
975
62
555
614
18
97
225
902
1043
314
16
20
30
53
1489
270
97
376
169
132
621
313
853
48
1388
1413
47
63
968
96
34
47
61
2
916
272
41
671
609
426
133
280
264
84
636
328
86
296
267
374
483
284
494
107
31
74
220
111
360
409
152
348
914
1163
27
114
300
621
454
458
300
550
73
699
557
1385
36
689
305
84
359
588
120
486
168
144
56
153
245
32
507
226
211
510
430
156
606
1629
330
543
909
146
35
287
381
5
8
837
872
302
168
1246
436
251
447
488
1841
113
105
61
821
102
478
333
540
1620
431
889
28
370
240
401
90
1599
310
120
1616
231
3
885
20
180
735
1472
126
104
7
514
768
1989
546
867
893
96
697
55
1507
2247
107
1190
62
748
143
460
192
622
382
125
887
14
601
36
757
353
607
878
1545
15
2224
330
2356
960
325
276
126
422
570
387
30
1537
136
38
51
2319
1097
458
16
653
195
160
317
799
248
118
199
88
133
1682
2
1614
545
489
27
1110
746
320
77
89
417
1096
84
30
1317
501
35
1568
392
332
130
661
559
662
8
839
471
329
852
307
511
186
176
901
398
277
371
475
152
31
647
640
813
1305
557
878
1424
360
1387
79
174
83
666
745
1229
62
166
1004
438
660
1089
207
301
211
91
255
413
424
95
100
415
582
752
920
31
76
18
283
334
241
322
575
245
137
55
2641
152
200
570
479
1674
74
402
215
496
538
273
154
423
89
362
431
132
88
699
302
333
439
417
59
504
333
50
31
68
880
28
495
101
879
111
434
61
53
775
16
54
266
162
325
191
309
1482
8
1333
165
921
363
210
1208
255
604
523
374
165
154
488
446
50
62
24
577
85
112
86
593
1023
158
563
1288
141
376
876
267
134
190
200
310
243
190
1026
744
228
1030
321
773
199
43
1325
277
946
372
38
206
278
165
84
1606
12
190
411
233
248
381
144
625
28
25
24
397
136
413
278
32
827
524
298
569
143
579
416
67
125
67
1017
257
239
277
996
843
43
157
97
60
337
375
224
191
103
220
369
182
24
720
43
860
1261
287
235
1615
428
580
1152
927
650
848
481
1166
117
373
164
594
373
252
61
599
699
1471
190
209
586
146
342
40
338
8
248
204
401
64
45
38
278
37
461
82
34
23
29
1039
68
184
232
744
713
217
158
633
117
384
636
76
594
787
1024
148
873
533
82
1311
51
620
437
351
470
1420
829
226
380
1883
789
368
1417
156
579
78
1217
19
1644
677
682
62
86
284
139
63
257
141
33
247
86
351
13
212
825
391
413
61
703
460
181
103
72
670
911
1068
168
34
95
1221
164
43
393
1389
701
17
178
71
755
84
132
119
101
890
32
189
446
1594
965
328
624
244
602
667
847
147
707
1280
736
4
667
5
139
726
62
71
34
248
80
108
145
1356
344
168
70
400
359
445
370
340
1757
121
18
859
641
2343
1202
1418
194
235
92
440
229
582
383
275
304
767
126
685
274
185
675
67
904
402
673
1258
360
767
343
2296
781
578
342
710
31
197
362
408
36
400
352
280
1288
883
198
181
469
502
699
330
1246
833
252
308
178
64
178
891
191
101
116
99
743
606
431
275
237
555
393
1249
8
71
1029
85
659
342
1343
96
406
1263
123
398
639
33
207
646
1031
373
141
470
1045
280
311
11
1131
276
846
338
176
322
172
497
563
27
158
945
167
512
327
148
2102
26
2009
465
362
1101
59
85
174
147
705
163
521
54
225
126
1165
128
257
716
357
748
217
42
564
626
915
293
71
353
112
161
736
425
453
27
331
845
1568
171
1129
501
781
614
301
351
741
939
300
910
13
174
269
59
630
53
100
17
133
1043
1169
281
173
133
350
394
90
147
207
1018
56
690
469
210
271
481
78
507
212
14
432
458
122
523
85
1575
542
223
233
370
1106
1574
219
437
591
282
120
220
2433
53
181
379
350
320
230
928
57
289
679
41
241
789
1231
83
27
328
373
570
299
752
388
1122
1258
614
128
624
343
926
635
27
92
127
1247
220
1708
5
209
470
498
852
177
113
621
117
138
5
164
325
163
162
755
454
423
278
679
508
114
226
631
691
256
6
242
1000
111
46
54
160
521
707
589
163
1166
72
87
969
3102
1021
2
637
36
559
103
232
644
404
1109
630
589
124
571
853
100
501
14
443
103
565
88
8
605
29
440
175
17
761
641
373
482
361
1885
56
378
1979
382
1113
329
508
180
411
752
1119
277
4
441
22
279
264
228
793
581
81
675
158
466
479
404
590
250
527
127
343
792
150
520
1138
174
142
231
1218
171
647
122
355
40
228
708
484
340
886
248
454
403
171
113
655
1002
153
216
61
147
463
366
70
366
61
250
655
279
245
243
53
297
559
846
275
189
1337
57
493
174
62
671
94
121
664
976
939
359
318
49
3
159
1138
634
535
880
227
331
779
828
960
187
244
782
430
446
333
269
472
103
60
58
111
135
840
234
81
231
377
1318
8
958
62
155
545
211
474
82
273
25
288
24
33
410
6
733
1673
155
258
283
288
460
1289
31
413
1263
55
110
221
63
245
118
185
68
453
194
242
727
674
1749
155
2069
24
606
620
616
145
138
385
79
557
324
1155
72
402
770
841
208
30
186
376
208
100
1228
2073
269
288
223
387
375
638
655
595
183
40
780
283
954
694
526
25
96
2892
226
178
464
216
26
118
65
61
221
858
424
405
363
89
306
362
306
8
604
742
484
160
56
88
595
419
573
75
257
526
419
179
297
528
343
549
1061
830
328
441
19
826
277
480
234
382
451
1159
70
194
1787
64
170
1534
1221
331
835
209
2396
88
132
1117
38
345
3
443
304
112
147
40
256
432
878
221
122
370
602
123
351
767
48
868
198
647
861
202
27
651
413
782
14
789
387
252
503
834
124
369
1784
93
2279
1
3
226
1073
466
188
218
794
152
171
1440
1581
73
473
371
602
7
460
372
11
102
361
27
415
26
5
140
706
563
570
158
584
41
468
320
104
438
535
64
143
341
428
214
9
219
356
198
2064
311
300
868
178
231
229
158
177
16
175
374
189
260
2695
190
1027
728
675
148
139
53
258
413
129
508
743
224
627
140
9
1370
449
60
240
798
46
469
920
510
263
40
712
125
225
212
352
373
134
318
174
151
465
140
322
1311
872
49
203
296
9
36
24
1142
100
386
1153
29
178
178
267
126
184
29
401
424
390
128
346
58
37
1068
186
587
59
100
247
266
953
270
202
87
499
20
1682
489
76
586
1057
302
237
1215
534
611
32
468
20
90
36
130
735
189
38
1196
82
224
497
391
865
227
1632
666
410
126
1187
95
335
7
2
244
162
386
193
414
22
174
535
524
265
558
594
80
202
321
819
348
1298
14
383
318
281
395
36
122
1459
313
740
717
367
78
1215
594
343
556
426
322
31
651
587
96
438
1001
374
2637
1163
64
657
595
60
904
515
71
488
429
311
206
61
1008
1553
702
1231
165
183
1001
364
826
20
309
538
90
332
418
652
120
209
518
159
932
787
679
117
18
624
36
479
404
1
679
36
894
265
392
596
805
199
411
72
260
304
84
313
231
494
348
355
265
600
318
157
484
18
142
385
1137
465
328
224
801
650
68
106
527
123
346
692
440
281
49
175
1225
246
1903
708
330
802
496
103
107
464
818
186
257
329
128
17
75
1029
1074
1104
1513
1121
877
743
896
1881
34
16
370
575
885
365
496
342
440
403
600
138
1273
56
516
356
240
1240
114
276
531
438
496
878
1564
164
536
898
686
441
352
73
929
237
252
433
469
491
598
489
98
422
536
346
1815
520
774
44
148
2977
635
88
144
567
62
124
184
42
149
22
480
104
493
597
123
231
804
106
215
690
1187
307
80
443
131
152
1239
1921
252
193
618
294
242
566
49
476
318
358
335
104
21
255
466
113
503
197
96
91
171
263
304
194
1369
195
160
948
482
90
536
8
472
467
390
244
297
353
574
257
395
224
266
59
512
79
329
258
857
91
6
18
317
131
1493
299
278
1216
85
748
360
650
291
285
212
64
591
214
7
5
884
1340
162
685
329
925
629
66
34
297
205
430
1124
316
491
183
16
253
632
916
45
56
89
286
96
2
34
147
148
337
574
215
19
37
678
474
419
581
43
10
314
138
149
63
550
338
665
880
269
357
257
547
415
32
1021
19
923
1654
548
342
697
252
84
293
122
306
1579
183
298
87
503
394
222
251
543
47
125
443
3
213
331
147
103
430
945
204
289
314
553
354
138
577
71
478
476
395
321
133
245
56
632
222
1128
197
1162
168
834
88
200
373
27
30
49
302
51
762
959
55
247
140
196
291
484
158
18
327
13
677
824
465
215
486
36
67
10
33
162
72
330
784
406
961
297
143
288
431
159
57
140
1741
30
535
792
71
416
144
986
189
287
794
516
226
469
686
841
525
553
769
104
423
359
456
21
119
407
1978
221
206
451
17
485
398
297
98
139
417
451
122
107
1145
238
297
151
307
43
51
550
44
122
202
1281
176
1434
51
992
354
1433
570
68
364
154
232
149
105
355
16
585
1355
1450
1180
633
89
369
4
209
234
451
6
630
385
151
77
32
810
301
704
616
198
25
150
13
92
265
54
111
1561
198
181
870
85
357
96
1725
1048
19
1078
104
175
1108
32
284
462
595
437
1316
1188
1
375
1203
62
403
250
45
1747
952
277
559
156
8
145
660
483
134
195
359
389
338
335
857
17
467
245
358
2449
728
132
128
1912
511
39
261
47
163
37
119
425
144
684
8
1377
625
20
885
53
262
11
336
330
560
287
369
282
464
581
118
906
22
1369
59
773
47
963
328
271
188
773
129
339
159
105
266
152
139
586
58
822
420
1832
40
2442
206
196
162
253
455
497
838
159
2190
1526
471
58
77
867
444
228
786
649
1229
2829
48
176
7
333
398
392
49
457
331
234
66
28
1602
559
681
43
178
64
309
803
952
234
1291
230
352
29
163
211
66
70
138
76
598
232
44
533
11
481
71
450
103
574
111
762
72
238
715
103
306
238
697
181
262
753
606
392
432
74
346
138
168
70
161
896
280
440
249
251
179
113
32
187
6
191
37
200
364
298
462
377
364
97
79
69
601
286
578
1231
7
317
317
235
934
610
287
20
169
237
861
224
305
120
31
1120
642
532
742
1563
841
47
276
279
560
594
591
133
1083
369
339
296
411
682
224
895
865
19
148
240
636
1257
398
252
142
89
278
567
80
80
286
265
61
274
886
146
183
153
898
143
493
1409
4
175
484
231
621
671
522
735
55
56
369
34
825
929
79
191
901
331
648
695
142
174
291
90
754
410
227
134
577
743
725
593
182
534
699
164
81
434
253
75
2744
78
45
1438
271
152
74
826
444
69
61
675
280
1797
145
53
114
240
321
219
171
576
373
487
639
1111
361
265
353
62
702
279
36
99
293
278
472
449
7
240
7
249
709
190
436
534
334
666
234
212
469
999
298
680
105
450
128
268
66
566
872
2207
71
28
79
377
351
494
426
8
36
3
909
56
290
36
94
37
247
76
66
40
273
184
2
332
132
305
379
929
1741
4
83
118
300
23
29
2690
361
957
171
39
20
924
16
806
335
56
259
137
298
760
1178
217
54
455
493
1863
672
1006
430
326
958
313
337
341
291
280
197
81
1006
463
107
609
284
369
508
473
27
353
1362
742
162
176
1624
38
624
83
324
161
232
584
11
519
1356
205
9
622
1224
296
190
40
5
698
529
35
11
141
153
4
364
179
63
258
27
376
290
736
65
709
1873
766
99
126
299
323
427
817
482
629
970
60
512
1949
172
58
8
283
12
149
325
91
64
9
79
75
61
76
101
253
78
255
50
12
391
9
383
26
217
732
829
851
759
109
425
45
272
6
81
17
274
184
673
728
1347
474
498
92
42
58
247
276
937
929
557
411
568
877
74
468
144
187
462
238
684
769
604
353
278
36
169
324
588
99
1193
39
594
398
160
982
952
206
34
233
2091
316
100
990
30
161
123
485
638
902
254
1280
1320
221
377
657
2
47
123
346
520
696
78
701
156
1854
1391
504
629
65
527
264
144
717
1918
118
172
480
639
869
368
67
343
410
147
568
270
564
424
349
273
484
515
31
147
151
7
664
357
1049
408
85
446
22
44
140
123
256
878
240
245
712
1252
371
25
742
46
686
122
649
125
28
120
76
1911
184
214
547
670
288
60
1115
100
523
1126
1
632
78
982
1012
65
117
534
338
343
125
55
3005
1278
566
140
619
147
30
299
841
567
880
605
512
201
4
108
129
452
109
727
424
246
83
675
75
505
27
23
466
72
194
710
309
23
299
186
213
383
95
103
547
183
292
59
318
46
220
71
69
148
12
93
69
297
21
701
771
683
999
59
318
351
312
251
354
435
239
69
702
297
92
338
631
203
373
565
326
145
329
932
1097
732
454
234
30
385
1422
472
207
241
29
208
828
123
986
1069
202
1500
270
61
669
45
710
829
309
591
984
58
1568
352
248
1332
108
1070
368
230
562
201
823
344
653
524
566
76
32
611
81
94
432
633
676
1513
205
334
239
279
136
64
215
4
2147
525
49
251
99
82
846
553
331
208
176
361
35
128
31
893
763
251
324
550
440
194
324
511
872
308
234
894
283
288
329
92
179
550
532
254
1448
314
108
275
1022
383
129
67
159
736
884
646
238
436
304
1493
644
207
418
855
69
27
664
493
74
53
21
91
317
66
722
674
847
1082
1049
40
6
155
112
318
219
327
168
258
636
353
82
115
454
85
71
871
878
35
664
299
27
742
321
92
112
56
26
1207
115
280
1819
95
289
198
170
1425
2
392
916
514
1052
91
183
175
126
762
80
403
1576
367
478
141
664
160
258
54
541
89
87
428
351
930
1697
454
125
299
115
4
927
379
288
73
188
618
497
1564
389
207
153
250
988
2109
282
291
145
92
385
1265
129
111
1265
214
489
77
251
169
187
614
1055
182
100
227
65
169
6
593
934
60
12
266
36
738
72
60
445
171
38
181
164
394
65
621
507
146
503
707
82
488
432
331
89
457
194
72
542
57
616
33
349
235
455
127
415
219
502
433
233
456
604
7
859
74
184
690
363
550
306
358
2004
546
322
54
581
146
156
120
182
593
470
1389
217
353
65
52
602
324
157
524
702
92
263
22
515
330
250
107
172
317
135
164
324
113
853
718
84
67
200
17
529
221
176
109
1114
143
3444
332
477
129
37
315
613
1499
380
363
18
204
664
697
259
81
522
7
35
348
534
196
77
555
386
62
981
151
1879
136
973
107
284
197
1479
302
384
550
119
63
468
81
187
488
58
581
230
321
252
254
47
263
1727
595
838
447
55
72
11
170
2445
88
824
157
311
374
114
158
632
814
590
593
252
778
164
265
372
43
202
450
870
24
2253
450
387
211
50
106
15
743
76
1248
359
1768
128
11
56
393
16
190
78
273
85
602
518
533
225
41
22
182
709
615
67
1780
96
372
1018
71
460
656
66
1086
1954
205
11
2300
402
142
20
52
182
291
127
281
200
818
1772
168
520
714
543
982
52
521
392
104
705
301
713
101
317
615
955
487
2050
65
824
218
574
65
328
155
255
332
419
156
376
99
199
916
496
1456
598
252
539
232
815
296
500
202
35
121
1282
1261
338
907
928
196
754
1230
509
249
680
44
104
543
397
1097
287
92
27
980
11
293
812
21
712
362
402
84
49
249
888
386
253
73
291
246
1008
40
292
308
62
96
1398
171
841
1104
177
1121
45
104
134
266
337
401
51
1388
257
115
252
132
152
244
1568
345
301
1073
271
63
514
1049
158
273
186
74
939
113
361
840
315
92
91
466
807
732
110
59
1558
244
13
166
288
874
610
875
960
527
886
95
113
86
200
70
650
622
1662
24
30
323
21
32
295
793
282
145
669
845
175
102
112
749
211
398
394
116
641
831
1419
197
1123
31
391
366
2475
143
86
283
169
1059
1038
143
75
398
677
2497
142
2
133
48
369
317
766
63
363
302
414
56
488
493
194
80
247
171
286
219
1497
1040
115
137
976
635
667
600
1796
216
27
85
546
567
113
101
43
232
540
1683
450
33
91
734
447
217
57
16
241
81
1
601
106
528
60
581
198
102
328
337
1499
671
192
1622
1032
657
275
152
1036
468
255
234
450
15
968
1799
745
647
799
336
39
608
226
295
2798
47
106
51
640
16
798
11
455
660
191
596
183
217
92
1083
43
248
386
117
268
57
618
195
100
743
10
504
37
333
465
383
60
1285
70
127
260
1015
32
147
140
851
681
854
148
626
861
299
1583
136
33
1620
438
76
26
13
127
11
887
347
309
1561
57
506
1360
546
385
409
14
49
517
583
3
228
1890
455
451
475
46
31
521
200
351
5
41
226
125
759
288
270
155
566
478
349
562
1025
525
541
26
1076
40
2913
123
519
314
858
131
311
47
740
42
12
21
12
125
75
129
1095
32
372
190
520
643
7
132
458
360
144
830
19
497
426
543
437
303
80
1390
902
31
22
385
135
283
216
52
397
52
298
616
445
203
451
594
99
878
860
625
14
1146
35
80
476
567
479
2455
56
268
273
827
1051
1244
1194
37
357
702
287
780
34
90
166
825
165
337
46
71
1084
471
56
92
204
164
302
51
301
872
1763
820
245
474
223
1459
979
220
49
22
78
60
748
100
547
1024
280
389
153
854
898
283
729
21
185
1136
139
12
109
371
179
36
451
595
435
701
23
146
114
573
817
590
657
266
1024
324
596
479
1197
141
1560
540
743
138
722
1312
362
243
630
56
283
115
95
73
372
118
584
363
268
565
398
129
342
5
363
348
54
1760
400
624
487
391
1
162
499
94
352
446
141
71
891
192
163
1103
89
281
10
323
1186
197
660
485
1183
367
65
603
111
721
124
314
65
216
441
356
527
160
154
899
276
1020
435
364
481
313
562
390
777
1138
363
18
894
2893
362
714
231
241
406
256
645
795
804
649
71
544
176
36
720
126
285
284
211
289
250
527
405
63
791
1461
157
92
1952
57
290
877
715
706
679
1195
169
8
925
250
616
1034
388
143
569
75
303
594
678
558
9
895
831
519
436
1618
439
226
611
1001
2200
256
231
246
419
253
128
37
629
863
25
232
475
3
66
412
941
11
515
138
682
169
1245
294
349
261
1058
335
1
762
417
417
84
976
270
370
236
193
203
224
186
692
1578
689
313
2
251
871
85
286
396
116
1218
35
76
504
144
165
142
683
219
527
1553
861
80
446
139
210
973
138
202
1227
377
280
166
787
401
1714
162
435
418
524
314
442
1646
659
61
12
281
493
162
2518
73
170
1063
507
978
525
295
234
661
209
1402
358
347
670
49
111
129
18
1321
212
265
33
417
883
919
790
22
111
681
772
542
193
186
429
102
1313
245
178
1520
89
156
92
57
98
771
624
389
418
1204
2581
784
1330
302
115
4
219
224
10
102
637
69
978
706
770
795
754
245
478
323
207
16
513
94
971
233
1396
275
30
535
766
1565
701
724
158
441
487
588
171
289
38
759
81
58
453
73
41
930
92
129
20
411
345
409
1147
414
1145
1332
860
57
1204
166
392
60
98
52
223
16
815
241
14
140
15
809
526
169
19
236
869
1206
422
575
61
389
359
124
212
504
30
1600
547
66
44
78
68
74
166
205
228
317
283
170
160
50
341
529
404
184
263
45
679
46
302
423
7
589
563
666
898
672
359
16
773
54
434
141
53
20
720
37
324
184
292
1100
65
1302
455
45
13
205
321
65
78
8
72
263
1
226
21
255
436
1242
433
188
364
224
1689
113
909
142
106
152
1758
1416
177
31
99
284
160
1
295
347
1026
712
1130
33
437
390
81
233
1055
140
1747
2012
428
28
118
9
462
1300
322
17
797
342
345
103
348
303
122
750
145
382
1246
376
48
710
293
883
108
397
82
317
4
337
451
2082
87
74
133
489
181
1114
109
443
892
714
50
227
1278
904
275
51
96
261
1195
401
316
548
52
278
293
34
73
841
1818
474
38
278
295
542
80
331
671
583
232
140
43
667
265
282
12
667
447
393
27
72
1365
241
251
483
21
921
284
624
1449
1013
35
109
285
833
420
331
941
321
32
490
393
71
280
364
407
173
671
290
42
509
1484
390
285
398
295
819
396
234
726
259
748
841
689
71
238
1562
342
444
44
366
447
243
453
251
37
637
53
521
1058
45
894
380
306
479
109
51
2599
47
705
266
114
55
272
37
196
283
251
336
227
80
32
1137
96
103
1437
212
264
47
1184
27
209
347
78
196
121
160
429
64
490
1287
15
107
32
1618
17
97
576
66
702
299
1216
1231
321
49
601
136
915
505
36
314
82
178
3361
302
63
79
697
288
51
1567
99
105
370
305
780
2004
249
781
461
68
165
48
1122
223
303
262
506
239
374
561
214
471
396
1275
66
285
494
279
741
1158
131
100
540
1327
206
98
480
192
380
151
111
302
891
1342
511
1722
1067
370
83
957
123
282
340
107
1275
51
169
196
229
684
460
716
123
899
8
24
425
221
209
79
419
114
1602
923
483
359
712
60
47
751
142
519
319
861
18
86
79
404
26
201
123
157
551
158
160
467
750
1006
500
425
404
106
99
105
713
221
842
70
88
163
40
1000
310
810
343
636
596
832
25
91
1270
156
237
261
651
78
48
7
20
480
107
543
2085
570
1303
436
2157
33
13
250
1448
29
1131
425
534
162
1688
241
284
227
123
313
1016
102
548
2046
562
175
1484
251
52
272
328
730
589
204
13
483
392
210
550
726
210
583
599
443
562
83
26
131
500
355
150
911
69
801
10
782
553
17
659
54
319
693
1188
509
306
188
376
908
163
214
76
566
129
78
1128
1266
218
1208
297
283
839
135
344
36
22
352
363
451
1274
308
837
292
60
678
316
245
1208
25
196
283
385
426
293
1728
927
12
248
155
610
674
1625
701
521
730
15
1313
897
824
783
1913
51
267
433
178
353
318
1950
532
232
129
941
98
172
288
1576
740
71
39
287
452
192
687
182
574
521
34
345
211
1107
1505
1389
527
260
144
261
384
229
23
21
1648
391
315
419
185
238
272
711
27
117
431
4
39
631
70
1673
650
812
531
731
242
239
45
561
752
1122
467
1437
102
998
232
322
132
329
956
622
49
1415
388
1561
329
45
306
271
127
101
633
694
2
271
650
584
668
613
506
558
103
125
605
571
275
998
1375
646
172
8
453
517
638
139
202
358
769
222
187
34
638
50
147
18
252
175
583
118
546
211
155
42
167
23
671
257
689
293
122
877
106
488
595
85
1874
7
110
347
119
45
1624
1008
41
97
70
680
260
102
612
67
2343
595
432
327
781
1124
194
205
247
369
564
884
105
127
831
363
116
218
296
210
51
885
257
90
497
1254
78
757
346
10
813
203
4
290
88
318
205
529
926
712
887
324
737
541
15
53
286
81
237
747
52
320
115
302
300
730
21
884
206
416
43
667
389
548
58
81
1783
174
1096
60
775
45
1381
55
2347
333
1050
32
46
167
201
700
211
354
1173
34
372
80
854
71
182
27
407
1041
882
708
145
660
946
709
1517
974
370
402
233
106
192
280
223
457
17
210
682
1178
306
595
755
403
786
289
90
823
539
295
443
652
130
135
1082
56
59
61
47
32
509
520
640
944
180
463
140
220
162
375
334
157
499
472
190
272
206
708
62
693
299
422
81
1818
335
106
145
402
1528
310
222
618
159
126
888
46
893
86
216
716
170
311
530
499
160
96
98
139
355
403
171
207
167
616
417
1459
290
161
87
793
590
286
533
440
836
26
427
568
363
366
777
285
608
2
129
1089
628
358
422
270
119
269
102
656
144
407
64
1760
16
11
204
298
99
599
398
932
89
655
581
1180
258
22
358
226
62
420
182
55
440
170
72
25
76
1373
504
368
124
444
85
3764
304
675
364
1061
436
45
48
7
450
249
290
175
286
1119
453
747
49
624
373
230
899
313
233
266
126
860
85
98
1539
286
1298
513
796
1335
104
757
154
197
97
223
34
1462
319
119
193
372
944
336
169
142
873
121
274
153
452
188
467
319
920
468
402
346
963
937
27
540
85
1102
26
147
100
31
34
504
1323
944
1014
315
363
294
60
203
1143
181
312
616
629
888
149
125
17
176
248
1455
100
171
792
1
960
349
2292
244
528
449
610
502
523
636
1334
45
49
23
113
44
193
233
571
1130
553
152
198
65
136
7
275
1218
214
502
239
799
816
1368
53
276
788
36
130
708
324
1066
118
865
750
1651
1615
1237
156
125
121
119
435
87
306
273
801
216
1920
786
45
209
1131
282
313
1864
208
1075
394
887
21
657
170
1469
367
798
50
259
17
324
191
195
387
106
48
526
483
21
285
1982
451
50
145
39
132
107
380
114
1105
377
227
361
480
59
846
170
834
131
50
1469
69
120
422
415
925
297
393
36
173
383
284
52
208
36
105
449
559
8
771
96
470
339
75
389
1151
335
1204
440
39
173
235
186
751
552
166
45
261
368
483
1594
860
533
807
526
405
85
159
320
2493
974
364
455
1517
43
616
180
178
214
583
103
177
703
173
506
124
448
279
545
883
538
969
821
250
201
79
46
205
107
406
430
44
612
501
256
484
30
514
101
1174
251
146
1070
371
3
131
97
1360
57
100
417
531
308
51
208
91
428
319
230
669
77
3
284
120
418
673
1831
570
778
274
81
726
321
423
1018
212
85
386
535
430
96
118
1199
904
1944
133
47
678
354
205
174
284
591
669
521
170
262
1161
322
701
1747
1047
389
367
1247
718
173
1662
181
1398
435
122
1438
371
53
80
583
97
415
785
90
1438
2096
187
83
261
154
2513
298
1105
684
385
857
43
309
120
678
21
82
296
348
349
87
188
96
1070
893
793
77
49
292
341
273
500
281
23
348
220
210
6
421
174
140
923
160
1114
5
1017
88
504
113
508
843
751
663
1627
139
381
497
87
88
400
50
239
755
129
644
307
322
378
133
201
339
474
774
19
911
952
295
669
2
1965
263
1439
1037
280
293
180
333
7
380
87
2
765
686
796
31
28
135
1814
175
439
208
4
264
1146
623
1850
64
115
154
782
997
133
277
635
596
247
1168
198
332
109
133
37
1390
124
532
363
1249
947
387
425
243
163
6
234
158
541
87
595
23
239
2025
6
303
25
60
395
1261
110
177
998
274
232
9
150
178
175
293
28
445
441
1496
1925
843
10
111
1358
882
360
451
451
371
382
1084
1173
199
172
365
1336
522
475
183
81
485
252
432
419
167
1002
68
554
357
1020
1107
450
173
1055
1444
208
470
28
32
229
462
387
41
309
246
323
257
439
1112
621
63
63
95
33
11
297
140
324
7
407
836
228
258
1016
145
126
834
528
264
287
7
154
369
996
343
30
422
19
61
593
313
1022
397
162
378
1373
1091
1511
57
1121
190
375
70
239
252
151
13
294
918
659
95
378
666
122
517
313
313
7
404
279
329
354
43
32
1203
160
196
1
1137
3
28
408
13
439
780
319
374
66
65
455
122
425
1046
324
23
671
221
391
561
482
33
810
50
468
106
251
274
211
710
41
986
56
493
547
866
687
488
90
175
182
1118
417
440
138
362
1451
304
181
182
243
585
235
618
1197
1598
92
28
558
37
166
47
372
65
77
12
159
528
181
160
51
469
694
217
664
790
440
224
571
1566
149
260
482
233
294
133
473
176
635
400
2
82
24
484
315
939
262
365
1013
87
207
320
932
196
224
265
200
364
177
218
64
457
206
269
188
218
32
249
208
38
785
1384
80
220
559
74
401
154
763
70
465
742
593
40
265
829
1125
246
330
301
599
260
31
354
526
115
1034
214
224
834
978
41
314
246
68
44
60
910
304
538
203
309
564
166
1169
427
412
261
568
646
417
10
650
74
10
105
100
425
31
317
281
669
174
429
135
28
206
111
788
244
1264
38
364
615
125
199
1361
161
1411
97
320
116
235
264
853
201
491
806
786
568
393
629
89
11
1085
585
172
582
599
3
611
143
580
965
228
187
281
326
195
148
38
225
357
642
55
215
2143
564
14
1354
976
428
29
217
299
39
572
83
504
234
417
218
370
674
230
258
147
326
1095
155
27
283
590
385
118
398
850
1086
355
1617
218
856
333
1101
151
306
482
1407
501
424
419
768
227
121
362
275
368
511
714
332
68
831
227
7
371
376
45
7
310
263
868
30
315
366
91
176
55
281
228
153
143
387
219
2371
165
258
353
15
225
750
132
1118
817
152
10
1615
646
23
1168
381
289
547
871
133
334
1788
984
487
649
1473
350
767
548
120
93
92
232
258
961
38
11
432
1875
160
230
537
214
14
200
354
36
1178
513
79
1106
588
42
91
287
209
488
871
88
448
88
236
192
438
1268
58
906
2433
642
328
210
78
358
887
600
1019
680
400
259
209
34
89
507
116
48
66
155
1
410
131
223
24
96
636
251
214
83
60
219
565
1383
75
159
1247
149
204
266
284
447
734
237
64
1084
172
11
185
6
136
2012
1606
567
377
214
265
318
664
158
1214
219
359
561
85
228
609
68
660
577
69
920
395
239
79
10
214
180
305
49
494
669
74
1073
197
135
194
647
703
363
27
158
677
176
176
10
4
2091
186
21
181
493
1089
144
158
100
358
904
227
32
321
39
188
233
551
37
196
6
55
277
1199
356
1263
25
33
86
41
952
141
15
69
208
104
75
551
288
564
618
255
44
103
1
587
25
447
645
155
195
511
142
1689
325
505
104
756
170
1660
691
74
67
1025
335
589
971
81
1268
299
333
411
12
684
1118
74
977
2202
1052
9
401
969
40
1223
400
807
255
23
254
325
486
208
771
428
258
583
46
166
83
612
300
636
19
191
68
1061
678
22
214
103
434
314
165
594
186
313
80
99
256
396
337
486
348
24
190
31
1266
111
24
129
158
176
543
134
1151
197
103
92
510
1377
329
625
278
388
284
329
98
960
267
105
178
11
287
435
741
453
198
628
35
112
131
36
328
117
620
147
783
386
176
275
536
1043
371
3
1664
464
20
49
228
2420
753
138
480
468
588
6
48
782
1314
329
295
647
65
648
361
514
195
396
423
41
283
1139
1251
80
120
618
822
530
414
814
51
674
1135
123
1019
92
52
202
320
1304
563
985
1079
134
1166
251
9
206
24
160
666
955
185
2565
1303
3336
121
648
171
601
1041
101
74
141
877
41
302
109
1092
913
229
637
144
450
254
164
172
1480
124
508
679
750
209
382
232
571
870
105
20
304
517
129
358
21
784
256
15
38
148
86
25
375
94
195
5
158
185
518
258
385
484
254
209
76
1133
493
115
4
434
513
148
647
16
1204
46
105
261
30
271
28
513
1573
283
286
59
291
73
298
880
541
180
729
1387
628
417
385
1254
37
1206
82
285
737
410
110
190
725
209
401
290
808
707
742
892
42
168
122
397
1195
471
36
1534
145
303
116
468
214
276
155
86
607
312
167
1829
1012
76
1745
29
33
1014
607
1080
308
43
596
211
756
363
347
241
102
355
196
215
58
146
294
225
465
271
289
47
465
160
150
24
1082
241
776
159
200
606
313
139
99
151
781
465
30
51
1194
247
98
497
276
221
1351
1136
203
553
305
696
95
1122
149
914
1112
361
198
349
27
119
401
203
459
136
224
2428
404
318
365
79
205
498
988
385
455
83
914
244
1427
189
32
857
427
267
525
155
30
140
769
130
356
672
1525
509
375
51
436
265
60
75
77
1148
372
791
46
812
52
165
587
77
24
461
1480
35
65
264
202
28
75
354
476
701
202
548
196
106
282
52
45
17
124
312
529
27
45
385
712
302
330
50
104
706
390
293
214
362
620
419
90
364
734
297
238
62
479
28
26
38
380
343
393
277
15
99
1103
1829
129
76
253
219
68
121
196
424
218
144
149
1647
21
43
278
435
182
50
828
16
147
478
210
357
73
1049
989
39
584
62
434
270
256
1353
310
410
1289
146
363
46
386
301
42
229
961
434
22
81
220
1066
1236
538
1482
286
450
106
3
520
91
811
931
6
131
101
25
1426
446
624
267
428
407
4
82
375
359
609
1188
311
55
234
1050
1093
174
493
46
386
317
288
107
263
499
936
661
191
39
969
228
546
35
238
1363
1087
2362
301
181
67
29
788
225
629
635
840
333
386
674
289
90
1294
857
942
460
132
336
206
59
1641
623
652
335
96
448
197
1860
105
1093
55
52
170
268
126
130
48
440
59
986
31
225
682
151
160
271
56
130
7
357
704
223
576
140
127
166
313
409
255
2790
189
1122
73
726
330
551
394
1163
360
719
11
952
1457
54
480
521
101
73
1064
564
841
308
655
584
480
1128
478
779
49
683
695
816
162
705
72
231
416
2661
220
359
204
603
473
371
757
208
1543
1951
36
29
732
466
554
8
105
681
506
367
90
374
998
146
24
60
1627
16
765
406
193
835
244
171
255
350
56
823
170
244
166
101
256
396
429
20
477
41
809
39
475
232
526
108
163
196
354
580
305
9
700
219
339
1031
539
200
310
487
642
346
497
421
277
887
57
198
15
100
959
5
543
113
352
216
135
99
564
147
886
94
612
21
548
96
258
442
510
9
361
504
135
710
1347
1022
97
403
32
568
519
371
33
638
81
2789
1471
667
220
266
204
237
673
222
943
167
61
603
247
199
492
373
170
29
288
263
578
512
142
257
237
51
534
154
66
270
303
221
211
811
465
865
24
1231
340
1825
24
125
340
344
61
608
25
270
466
202
684
73
979
126
405
56
181
2216
587
311
648
625
360
627
508
477
737
63
3
270
1663
252
202
1273
340
2184
82
329
136
591
229
310
369
140
41
154
278
13
1316
580
364
752
63
101
455
52
532
89
332
738
398
1375
47
74
527
110
1336
693
64
197
220
197
1645
22
366
2521
286
246
30
126
1581
96
495
54
84
237
304
612
201
354
180
210
774
1401
540
525
915
425
491
504
581
71
565
447
85
158
151
301
46
185
552
527
514
21
1246
143
171
814
416
117
506
195
903
691
1030
653
140
357
1267
157
600
764
445
223
50
263
75
758
197
393
362
38
100
178
106
1181
1148
532
944
1694
14
462
674
61
323
355
22
120
526
541
457
1213
592
1978
75
849
749
82
188
1052
508
567
1502
1592
452
344
301
60
1
935
266
885
315
558
1232
351
167
9
622
57
1186
42
13
30
258
23
28
84
309
317
35
404
1783
389
1082
125
169
181
77
650
36
186
148
295
164
464
332
404
330
291
48
1099
99
67
116
271
183
459
471
128
450
38
487
27
358
444
494
1772
871
38
272
496
317
15
611
66
381
25
54
187
69
63
471
222
304
931
124
380
311
104
559
728
602
186
447
99
300
83
138
172
135
295
441
179
2075
550
36
412
713
286
683
45
30
1142
911
134
1161
446
32
936
10
982
19
598
504
693
441
1199
163
784
170
852
11
280
311
492
256
579
107
48
200
271
133
219
150
149
859
915
238
46
18
216
343
1178
207
256
703
156
677
456
1546
1266
604
61
306
709
149
259
266
359
182
394
98
1312
420
953
475
407
250
318
164
227
576
236
124
136
292
363
132
103
289
1592
494
154
86
2164
60
502
37
315
225
440
1270
628
325
744
161
1004
2145
409
189
518
362
689
204
24
39
38
318
184
211
766
367
609
1101
20
382
173
85
60
568
8
28
76
2408
146
395
641
798
502
1239
924
581
482
252
1311
182
557
247
306
314
105
316
53
531
203
95
1051
127
199
208
56
1271
37
360
68
1345
1207
450
129
801
329
340
14
162
277
64
58
72
201
591
91
1418
1118
666
119
16
28
1165
130
573
545
609
490
706
108
142
23
74
66
1643
147
287
159
701
646
261
215
9
132
148
330
308
85
1074
200
145
159
48
840
107
303
492
27
305
622
447
46
605
300
877
982
360
689
90
125
2211
476
108
848
192
881
234
272
307
11
60
398
6
508
94
386
1076
172
30
789
347
466
314
225
403
1
593
124
745
103
216
274
246
977
144
1541
881
94
45
887
61
912
372
12
815
1475
1685
563
1234
253
426
1436
817
595
38
394
333
160
406
962
162
6
1081
1194
1396
245
168
628
106
837
99
188
114
160
340
481
101
1152
165
1652
1142
2529
150
2
137
550
335
311
473
375
51
388
11
232
348
1357
215
4
344
583
139
351
412
166
377
356
893
441
1594
37
208
419
1439
540
630
1468
33
384
786
475
64
321
259
155
300
278
596
107
146
207
431
747
51
213
912
392
22
556
669
634
217
309
847
908
440
102
169
184
278
224
365
140
239
240
135
114
55
338
176
98
705
957
355
466
503
32
483
461
877
338
116
445
79
106
518
372
130
1792
532
291
99
853
3
206
858
511
163
414
352
108
172
394
1499
177
235
367
1380
208
422
504
170
465
250
13
359
251
325
208
1311
309
349
26
68
25
121
471
534
63
367
182
1315
862
583
47
618
932
495
329
1056
407
180
896
40
198
562
779
839
166
780
1153
275
1562
509
218
1729
631
584
19
29
191
563
700
1067
387
195
293
596
79
405
1143
11
86
112
726
101
619
598
219
189
208
10
140
449
444
656
108
116
324
639
255
1332
1444
7
2003
141
1505
127
388
409
569
491
429
15
278
9
186
413
473
458
82
47
548
276
176
312
594
243
170
484
500
297
113
1265
551
499
267
42
368
295
111
567
1140
547
440
167
699
1181
401
331
1151
593
47
989
515
2529
150
227
687
223
667
82
52
426
267
724
119
433
34
181
473
490
125
182
353
504
807
707
9
259
63
154
381
458
582
603
828
16
228
1560
121
267
6
1216
13
36
261
203
204
284
1464
748
329
19
111
258
694
348
665
189
1893
173
174
390
74
125
788
574
233
39
170
299
614
314
97
814
624
97
129
109
1755
291
333
1191
3
1178
44
62
252
291
505
720
376
239
87
418
1095
65
238
280
1155
237
38
66
762
916
280
295
81
242
100
676
408
75
101
511
202
392
820
573
580
228
363
400
1072
224
16
180
372
329
759
371
270
36
40
333
744
907
379
431
1211
222
483
300
714
430
616
472
275
208
129
201
20
242
249
126
46
688
1077
718
56
391
576
1123
582
117
390
1054
287
151
92
97
738
197
26
41
653
602
94
608
519
130
203
514
597
301
344
486
739
306
1059
107
59
1541
462
305
119
204
48
844
149
316
68
479
67
152
237
526
341
642
8
396
351
211
309
288
699
426
676
1006
834
693
1343
351
1315
313
187
1346
305
25
349
378
296
437
87
97
141
46
316
876
705
458
416
3
130
64
209
359
1169
355
341
54
455
1578
1486
36
304
738
581
115
759
557
163
357
344
815
47
1739
162
427
364
335
482
1171
556
59
995
239
22
1099
299
821
598
676
2196
194
829
1201
202
174
54
311
719
896
230
1222
496
365
58
37
650
201
313
471
434
723
134
19
451
197
81
137
361
283
478
57
645
189
2433
1191
220
254
515
712
201
744
66
90
467
151
2013
1382
148
1510
77
502
32
230
364
28
16
831
323
389
456
534
143
279
359
392
1152
175
457
933
191
255
109
429
1702
341
151
1086
292
507
1167
313
385
763
670
304
614
103
241
248
37
353
394
788
330
725
112
371
614
134
227
445
798
34
161
92
1404
82
468
61
883
278
170
104
479
125
851
244
22
371
247
195
191
1331
487
1399
1040
11
883
761
860
334
72
925
243
1054
89
23
344
210
34
67
124
347
84
923
590
133
258
67
2285
839
37
654
612
191
508
414
296
184
113
13
274
876
1338
333
642
862
2432
943
468
2242
376
196
214
133
380
149
50
441
166
1218
36
912
352
354
91
561
2250
500
51
1053
843
112
12
120
367
661
56
186
16
643
564
736
1243
92
240
150
166
279
104
476
80
296
10
392
442
114
196
377
480
18
402
36
57
3
213
142
666
82
409
743
333
455
931
84
197
93
202
918
157
977
640
45
311
10
90
224
19
254
646
313
45
98
971
129
2026
390
2263
152
600
1279
188
528
671
261
1149
331
589
131
52
332
1012
224
453
1206
1119
346
281
143
23
723
267
327
1267
89
39
15
324
7
636
217
181
29
934
932
263
891
123
716
382
2073
696
127
899
47
963
66
397
36
683
833
298
160
429
1523
816
107
160
317
145
689
376
326
427
380
965
278
590
422
165
331
1018
6
4
587
904
402
404
296
504
76
87
250
278
196
16
338
174
607
145
92
154
232
296
225
576
319
16
294
698
354
549
261
562
213
53
229
9
48
324
250
361
248
961
269
871
752
330
29
114
120
351
1545
551
1327
82
637
262
431
1279
882
179
557
85
284
615
220
63
424
142
669
48
1
88
2358
313
544
2307
1215
1426
168
697
776
50
599
449
130
449
110
330
168
470
411
501
450
386
19
495
211
689
1144
255
107
194
317
680
913
1252
212
897
785
576
9
30
155
914
316
101
194
700
253
253
668
176
1134
1016
47
106
491
316
1247
127
281
823
1200
359
244
496
52
1675
32
442
535
158
439
178
694
356
394
124
290
282
53
68
682
202
248
814
385
647
162
783
58
361
899
894
726
34
200
821
28
92
652
254
1307
3
628
352
24
754
433
1526
176
844
113
302
414
195
272
111
678
34
405
577
35
239
186
615
535
612
7
491
705
618
58
32
411
102
465
398
82
210
179
506
359
241
507
910
428
1835
334
189
602
1503
64
180
980
62
54
80
491
323
1006
425
104
328
311
93
906
256
18
76
24
495
1582
2225
694
851
333
64
569
171
460
324
315
638
33
85
216
284
245
1685
647
838
33
1898
446
2128
179
204
64
9
376
456
191
1494
141
924
259
581
1072
1218
201
370
39
739
8
1023
20
67
230
21
541
107
926
34
288
341
484
100
471
101
736
284
657
385
799
12
640
1142
679
958
944
374
720
658
295
450
247
423
1503
961
60
549
165
389
433
380
37
415
72
190
49
464
204
1169
526
1396
368
845
308
553
731
238
51
380
558
265
389
90
1507
400
39
275
354
130
106
446
1063
3
265
309
481
83
68
1240
501
1750
261
11
30
173
456
427
25
18
850
37
572
76
715
619
189
830
88
448
523
1639
442
405
1087
203
21
654
57
756
67
271
914
736
1582
1092
1774
121
33
54
280
857
490
360
309
584
342
552
328
573
414
593
626
38
838
226
317
421
51
292
631
133
218
215
205
78
248
857
332
358
457
61
237
549
115
25
313
99
730
182
635
154
266
184
727
56
969
775
335
47
508
1003
758
151
978
312
810
552
387
1219
67
209
415
565
72
18
394
1035
2263
147
76
583
176
655
773
291
352
624
229
1149
174
103
190
30
545
342
246
52
100
954
196
469
320
568
16
275
36
454
683
281
117
252
1360
291
245
283
363
568
1091
345
115
782
1382
326
918
109
13
1789
68
1268
5
588
134
216
99
631
286
211
107
831
155
265
913
784
670
522
159
265
386
18
548
249
1046
409
127
1236
9
