177
202
236
119
342
272
158
317
387
371
44
233
235
774
17
640
453
43
89
343
70
968
102
331
694
1223
113
625
343
382
102
69
23
24
297
430
163
1303
1493
163
948
391
107
963
17
238
743
1642
545
35
1359
193
19
80
86
102
223
146
182
137
1032
125
441
436
249
339
47
57
192
1
651
456
14
304
110
191
388
144
477
2
1525
254
279
293
78
2
90
832
248
1159
22
452
562
302
131
534
190
113
84
33
428
39
315
867
371
904
337
639
217
435
2316
109
49
213
145
462
408
425
86
616
103
339
563
495
180
286
158
457
447
248
163
503
298
297
24
497
287
187
101
1330
273
163
346
134
495
742
35
738
2066
676
357
179
263
332
5
497
213
537
380
251
152
144
728
137
155
492
79
156
385
354
179
530
250
340
470
167
233
137
462
290
2006
68
264
397
109
898
500
386
902
125
218
223
430
290
537
153
1100
425
62
906
803
377
248
220
786
38
524
429
375
314
505
550
683
442
285
340
874
225
303
175
480
195
699
2474
475
1808
55
34
163
185
513
21
155
73
225
925
750
409
480
297
215
147
136
186
719
878
437
2472
69
1031
23
249
15
81
83
57
288
195
454
215
231
478
1065
38
37
490
201
473
310
424
619
617
1655
13
146
466
965
417
209
542
665
11
460
229
412
1606
563
130
13
3
1233
219
170
473
847
847
3
367
144
227
499
183
261
45
554
29
129
678
823
374
333
111
489
265
406
202
370
375
854
363
31
569
277
159
320
116
133
240
1003
213
416
470
1079
312
242
67
792
4
733
395
120
34
1379
220
702
330
25
293
122
1242
678
315
203
613
132
1519
41
139
10
403
106
91
601
144
221
374
37
447
9
448
320
37
235
481
55
270
91
179
74
318
282
565
892
721
138
129
235
316
161
60
31
555
249
97
130
53
805
138
126
519
18
488
87
238
471
528
179
141
1253
996
10
400
553
230
634
565
128
32
65
146
253
15
449
411
33
545
386
42
562
186
205
126
268
157
154
668
211
742
219
50
1683
269
173
1109
68
457
710
80
85
145
380
565
61
306
634
94
226
478
539
227
189
347
305
928
222
127
798
88
126
1033
26
356
424
326
212
61
188
17
499
407
108
194
398
541
460
290
31
203
5
86
245
380
899
105
124
1013
272
69
666
166
272
870
113
196
446
515
128
86
10
673
1812
11
102
136
219
154
429
121
32
508
1011
78
189
212
139
36
7
908
431
55
167
427
404
393
209
157
2443
610
432
60
197
49
267
244
103
490
213
359
618
162
71
115
117
259
64
2011
1129
733
14
3
675
61
191
1845
1540
470
638
1018
613
280
901
549
107
263
175
190
157
101
61
345
51
69
679
267
36
253
186
261
774
668
607
1272
299
254
9
226
49
362
216
64
837
1168
305
176
79
207
227
197
93
288
458
762
491
552
144
58
346
241
242
346
487
539
841
794
917
258
743
721
536
389
102
642
98
391
475
461
94
480
169
90
167
193
49
264
206
36
224
13
600
281
13
305
26
1016
37
73
386
608
224
540
213
228
369
335
183
97
41
116
184
38
1365
454
594
765
44
43
241
12
1270
31
58
133
259
358
161
415
284
341
126
50
32
1374
1834
255
304
100
258
446
202
1109
191
128
189
161
1431
154
619
478
42
1526
607
378
300
308
173
443
227
153
53
134
238
14
19
95
1304
142
636
637
229
5
15
139
107
1248
490
59
455
668
937
81
132
63
317
591
3
171
777
395
840
536
222
997
295
125
284
26
48
205
153
567
429
545
777
294
514
349
452
41
139
118
458
629
327
900
82
261
267
1086
18
57
115
392
314
82
46
98
15
2392
313
88
529
637
37
347
54
650
1176
102
705
55
91
193
208
11
258
395
486
262
437
155
545
961
356
47
428
55
1001
554
611
7
242
6
41
140
192
1
165
48
447
277
338
1135
133
668
207
57
195
677
48
39
1938
22
533
208
434
54
224
845
88
257
230
913
456
168
569
324
1432
104
262
718
285
1746
571
398
193
328
88
295
475
49
55
719
395
51
762
160
523
137
287
259
148
1052
78
162
520
1396
16
294
391
2
502
17
205
459
274
276
240
126
554
182
992
958
197
890
102
1218
179
229
124
498
236
505
513
218
274
1599
104
235
210
260
342
230
144
508
41
356
1
781
26
1147
170
554
210
661
814
909
79
153
565
729
639
197
219
48
479
645
156
60
51
342
1956
43
31
348
775
1
608
5
491
554
570
175
131
152
1500
12
12
582
457
375
747
505
117
334
580
302
346
717
203
1179
42
50
144
60
735
188
549
386
461
1013
234
181
173
366
737
29
12
868
465
191
658
344
190
200
235
319
506
102
274
40
734
530
452
605
606
107
294
7
265
423
52
448
477
273
592
666
951
1480
368
810
148
479
1095
43
373
170
216
431
365
116
139
15
1053
237
559
166
151
528
55
166
37
133
230
324
558
207
751
533
296
990
117
75
217
61
770
69
58
383
39
31
398
830
88
2
171
400
451
28
471
1016
224
196
610
125
41
68
529
391
1137
14
617
36
1021
292
89
328
612
28
694
233
241
612
176
268
648
272
17
654
259
132
204
279
25
700
573
154
355
633
295
26
190
710
164
265
76
449
324
279
483
549
553
343
751
190
1069
297
294
229
264
143
892
410
229
917
229
226
814
97
1080
761
771
238
56
439
9
263
108
563
110
11
145
608
787
364
536
55
588
269
353
1630
508
23
93
59
99
132
95
707
154
261
57
135
64
557
207
249
211
35
11
174
245
440
101
477
992
648
300
202
84
546
325
163
7
265
165
413
136
216
36
16
33
833
116
242
673
92
528
109
141
196
329
40
325
225
181
117
186
135
41
210
164
1216
29
117
122
76
106
85
561
724
289
15
598
320
397
127
101
197
115
927
515
325
603
415
59
601
133
100
157
646
148
170
267
391
49
300
201
39
32
422
492
14
666
679
263
994
5
43
688
59
119
635
54
139
72
652
1002
602
159
451
441
521
705
201
688
153
1274
341
143
178
628
279
412
474
467
262
1
156
599
108
236
192
400
373
442
196
121
475
738
436
132
18
169
649
324
233
139
146
341
274
122
169
123
516
57
272
1803
30
485
116
854
89
1548
143
234
133
188
835
537
680
532
107
86
265
404
436
173
117
804
314
660
181
144
343
189
377
21
353
127
297
1020
702
143
38
519
19
214
563
39
416
196
264
388
2
262
745
22
38
142
477
4
642
50
197
162
183
117
476
635
23
1354
22
444
1399
508
156
74
590
306
74
291
876
794
237
140
347
606
816
467
492
1052
412
963
700
169
144
306
107
193
351
121
388
470
3
315
205
472
1229
107
21
745
866
381
2165
424
69
49
90
593
250
794
92
117
25
126
750
32
366
119
177
575
614
847
57
44
541
512
17
32
307
666
760
144
728
581
309
528
20
606
319
423
36
98
790
993
30
66
149
97
160
216
138
456
566
558
2086
227
170
315
175
5
1
162
2203
1676
330
11
130
97
283
273
100
166
47
35
551
167
735
116
9
758
510
49
139
881
847
440
106
142
358
1233
658
1124
791
345
64
347
188
12
372
107
1396
510
331
637
382
382
380
78
576
367
10
169
83
94
582
643
908
634
313
33
28
1109
255
224
534
176
7
340
166
64
68
380
111
19
53
24
245
216
34
154
789
98
497
2199
520
353
838
586
169
169
252
137
272
43
59
15
274
109
396
153
247
1290
140
1287
63
98
489
3
193
6
299
70
339
145
57
231
344
1159
801
625
51
190
549
190
482
35
93
785
15
215
248
135
22
834
607
485
357
94
453
442
248
931
1346
85
174
72
48
34
190
53
308
293
21
261
264
456
101
27
347
307
67
783
675
379
123
671
92
593
1385
202
136
503
173
153
11
129
453
9
1014
201
863
334
50
124
309
620
416
126
32
324
272
249
692
293
413
70
148
658
285
14
217
755
276
59
50
604
16
59
336
716
208
51
813
135
337
326
340
149
78
120
728
217
625
34
532
234
416
67
10
19
478
17
8
456
500
44
254
753
173
1339
417
119
199
214
325
598
544
87
246
229
372
505
1092
287
858
587
76
15
380
6
27
148
358
424
558
485
36
57
236
87
382
63
42
238
5
397
1014
251
958
438
21
200
369
433
283
912
1753
463
43
3
86
293
172
234
302
374
24
247
200
5
715
100
1446
9
100
495
950
165
59
388
192
34
150
243
287
643
80
670
194
988
65
16
932
381
118
214
878
384
123
325
75
1015
197
484
396
545
89
910
146
923
363
9
402
152
18
834
262
15
450
66
55
424
257
49
1376
201
464
281
1497
144
219
140
392
326
238
334
248
240
666
186
614
407
249
159
1005
355
489
447
629
79
357
369
344
113
584
261
44
209
1123
28
490
727
17
182
182
261
477
1319
101
19
97
41
30
1194
230
107
45
422
25
192
1182
358
432
181
44
490
43
189
209
788
193
1029
409
813
281
343
590
139
58
404
1274
325
269
404
56
53
24
55
99
427
1355
215
89
361
121
438
499
192
165
94
166
290
353
570
294
61
119
642
94
647
137
61
159
441
1447
1325
75
348
83
959
100
291
51
74
37
181
493
56
349
38
514
366
657
130
432
636
69
554
180
269
796
656
469
362
520
200
3032
1060
85
462
49
188
460
665
52
84
764
170
251
502
44
284
236
1577
1844
203
646
100
292
108
668
202
4
253
860
306
522
119
295
61
426
492
706
357
338
572
261
1083
226
435
2225
526
562
724
330
479
146
135
58
215
623
44
27
11
13
302
129
318
66
123
333
187
313
317
31
202
82
212
325
197
314
530
497
655
273
761
1173
1060
307
28
289
678
850
160
149
761
293
547
1504
104
792
169
187
419
129
853
159
68
18
23
88
236
48
53
126
20
70
1588
107
835
197
118
246
101
120
566
156
58
359
1657
1169
68
21
313
636
296
1290
146
599
1621
2080
675
1181
168
165
1112
51
755
553
71
674
163
489
273
266
187
469
58
9
92
663
311
626
252
960
230
99
5
41
81
184
665
623
23
401
213
583
221
130
517
116
53
33
321
399
272
688
288
9
73
604
196
525
184
316
198
70
147
115
233
241
882
95
611
134
69
82
1238
814
254
1548
406
314
505
1454
470
70
132
101
146
1094
137
35
39
283
36
165
137
459
265
656
221
1836
158
513
204
329
375
780
369
415
153
14
1015
1016
953
137
364
575
141
188
137
50
185
692
11
600
171
174
134
382
261
508
1087
30
272
72
1185
212
738
286
1081
213
377
788
240
555
165
562
869
55
48
34
16
352
39
242
787
172
35
28
7
334
262
49
155
245
191
34
235
435
392
399
216
221
35
1079
952
191
1352
154
567
59
46
88
337
965
937
214
216
121
169
465
245
81
33
136
712
261
273
109
703
909
24
222
38
20
12
43
498
376
651
240
183
174
364
259
792
290
86
98
352
292
308
537
119
291
375
84
83
320
55
418
26
183
90
322
343
238
61
1519
968
441
610
219
963
160
444
128
127
48
82
96
181
170
8
900
292
141
364
1
12
27
418
244
136
85
75
96
296
434
1501
584
923
99
2041
127
202
36
403
279
2
270
578
397
463
125
113
897
28
284
101
701
82
533
332
1048
346
317
330
725
618
120
392
13
10
656
1035
751
50
370
378
45
46
277
16
30
185
404
49
412
256
314
1599
167
28
77
804
464
264
11
163
442
192
123
618
739
426
697
337
54
114
71
218
538
281
130
33
77
164
75
28
257
271
414
4
329
127
135
85
122
103
81
109
711
550
668
1000
42
159
1110
445
391
96
32
302
342
688
314
139
397
2220
526
147
2031
832
151
48
395
35
233
906
174
131
428
18
929
297
120
367
297
131
2487
52
1284
116
645
91
328
203
94
91
175
88
457
236
248
522
229
40
97
156
20
1421
209
499
527
137
33
773
125
201
210
601
351
109
546
276
838
353
308
160
143
622
661
84
272
401
1123
836
151
243
127
455
586
421
803
213
393
277
293
341
686
251
707
508
93
175
536
871
385
815
138
156
251
262
556
334
123
1
89
43
113
531
183
273
1600
43
92
390
864
390
223
462
202
21
620
522
150
90
343
617
1264
229
330
129
137
64
967
286
358
186
74
718
144
134
822
365
28
263
447
171
102
945
730
631
389
20
344
224
56
881
658
395
1862
401
342
765
139
940
417
531
469
292
131
40
423
839
214
555
1315
4
579
871
559
435
611
553
360
517
484
1009
332
148
285
570
327
387
2
434
233
464
294
205
220
279
337
279
977
679
649
280
200
111
362
514
978
124
175
330
304
84
37
847
86
561
679
580
2
175
482
136
737
826
72
9
1069
306
851
441
14
75
169
303
148
17
362
570
131
7
56
246
384
224
532
182
278
145
266
92
222
109
204
69
92
742
260
639
768
558
414
125
280
838
96
281
1013
366
2003
149
77
4
165
19
481
267
1017
211
5
554
785
783
36
311
7
224
522
117
267
86
94
364
102
296
515
119
332
1051
149
388
250
49
308
414
1040
2416
90
1094
2460
124
301
138
40
62
586
35
432
791
486
509
962
1449
86
389
116
1516
182
1796
915
857
369
420
98
953
474
253
1115
595
258
566
1019
61
68
78
771
342
659
175
19
101
33
261
572
1180
35
14
174
76
755
304
609
11
169
206
436
41
118
1024
11
390
741
93
505
210
129
715
288
678
1060
236
40
87
299
256
67
437
27
175
359
595
66
51
593
523
682
505
95
382
83
266
430
246
118
698
568
650
312
44
61
644
15
82
471
845
240
2
183
209
283
1706
377
50
83
53
975
361
864
77
181
460
266
883
220
783
860
212
341
188
367
204
191
225
952
153
558
3
932
439
937
31
595
196
79
482
171
281
312
500
658
396
576
8
46
2
766
76
185
189
660
117
203
815
511
87
15
378
105
216
63
238
59
1574
397
161
325
170
8
860
463
1018
170
44
43
223
656
106
128
568
64
422
541
13
220
591
712
30
283
439
749
313
762
35
322
438
46
376
240
533
301
923
421
10
575
56
585
244
86
105
172
225
186
7
777
278
519
176
1167
243
233
1392
367
38
322
77
250
21
634
268
1010
40
35
135
137
414
161
18
514
236
650
428
863
175
576
590
150
304
152
167
625
6
265
401
326
203
35
92
88
86
287
1325
254
616
58
61
317
104
66
340
1666
149
548
177
380
639
58
914
221
550
266
348
286
136
121
1439
29
813
62
980
113
147
39
18
95
185
54
109
462
382
54
404
280
1470
219
642
173
305
39
292
273
30
638
274
21
509
32
445
118
1701
250
315
791
343
390
120
14
68
263
200
107
763
411
180
796
130
270
32
9
176
272
327
80
111
171
123
103
572
498
185
91
651
83
378
627
450
429
1257
251
90
97
24
737
77
93
413
10
603
69
263
755
587
144
148
903
344
529
508
282
164
10
476
150
1312
204
423
521
51
1361
101
460
376
259
275
389
423
120
6
212
319
110
1085
316
563
123
332
511
6
389
97
423
1496
150
1127
2108
142
48
167
1084
386
19
341
57
60
78
181
121
18
167
327
359
276
1153
2022
96
610
57
472
600
94
20
112
386
244
323
67
88
351
177
219
533
377
302
87
392
1167
346
369
270
1543
555
488
995
782
433
105
167
96
84
378
612
61
296
1580
64
422
1230
275
55
202
9
341
199
490
391
97
431
207
408
436
210
131
890
82
999
372
286
2248
191
204
77
239
432
160
1411
190
101
506
331
413
948
501
669
75
290
123
480
37
514
35
38
390
4
728
163
235
523
573
29
87
255
176
557
758
451
199
208
403
425
1450
840
171
217
73
228
257
99
4
629
395
293
129
480
1239
411
311
1034
261
650
531
10
51
388
181
1112
113
506
196
513
270
932
212
484
56
120
429
478
338
885
9
190
307
340
287
170
67
489
208
936
314
22
545
928
251
235
201
187
260
131
856
154
454
115
247
406
1256
272
1353
102
499
864
470
885
1357
308
1163
223
137
101
285
457
107
262
404
642
153
465
415
266
313
66
375
125
358
757
93
412
277
168
342
633
18
525
303
21
63
285
263
99
411
333
601
28
903
663
320
1297
243
459
56
269
274
135
325
936
215
946
355
130
173
181
429
238
74
29
465
834
409
1000
542
1974
559
40
617
144
409
1671
1
921
1042
10
96
33
7
121
52
133
34
10
646
111
1669
200
590
98
30
145
173
27
462
250
506
73
225
543
64
408
156
272
815
851
123
722
67
389
460
406
190
497
295
226
49
403
615
68
58
519
120
738
160
333
105
28
928
151
34
32
119
872
286
951
313
392
15
85
183
226
611
365
22
78
36
696
126
763
539
480
412
404
680
277
478
75
53
588
50
340
186
120
35
70
205
104
197
226
380
61
96
339
467
261
581
170
271
691
1482
415
275
175
336
490
295
318
1
81
129
10
502
461
314
536
126
167
468
88
72
639
687
683
467
844
493
86
322
112
294
231
434
595
930
108
283
201
357
256
602
1284
590
214
60
137
1220
763
180
689
144
507
79
303
697
465
427
498
318
206
50
205
256
181
569
958
324
421
464
782
394
119
11
59
98
216
251
171
213
86
1618
165
741
52
118
488
65
372
466
60
255
245
76
40
844
20
377
111
54
306
399
109
254
264
215
238
141
714
98
16
103
192
597
378
171
1478
103
102
199
398
96
69
204
861
485
31
497
137
239
1134
485
1389
44
204
186
74
114
367
644
1178
273
135
353
745
34
35
742
26
87
493
446
145
192
247
329
1131
256
127
189
16
245
41
345
1210
62
285
85
548
35
28
86
42
16
158
527
524
117
323
557
896
146
347
649
78
728
152
42
179
165
440
969
122
392
1166
695
149
264
13
2
13
237
281
168
939
1156
915
252
87
136
85
404
6
182
331
5
6
96
88
254
696
90
227
270
6
35
1488
1445
282
97
522
833
210
168
145
704
748
1117
364
661
564
591
225
729
38
539
296
175
709
175
277
36
29
120
849
155
565
198
583
390
61
660
209
359
333
1743
570
372
23
747
48
115
376
244
578
12
189
173
764
525
96
16
553
233
13
264
194
839
34
203
144
743
721
197
555
703
37
274
379
22
126
211
682
90
86
689
26
403
474
286
1207
41
17
716
1978
653
484
834
1092
215
513
113
458
683
373
23
79
29
94
1050
11
280
144
616
452
38
522
777
3
927
22
352
450
211
330
76
1039
19
1185
255
58
335
99
506
364
70
170
979
747
90
103
119
14
254
162
1173
283
261
32
266
23
7
260
93
11
423
29
665
319
1574
588
590
527
206
272
100
869
121
1809
429
24
401
9
626
65
324
218
79
74
1031
173
853
215
13
454
95
84
583
19
342
285
568
645
184
325
116
1794
60
585
336
283
726
57
316
96
385
136
1054
167
317
56
1345
1576
302
105
138
308
1197
47
175
224
299
5
143
374
321
481
25
191
617
226
242
343
190
106
16
261
486
295
198
193
738
343
345
1179
261
317
141
657
192
731
342
317
793
401
479
103
1161
1026
423
569
405
1664
4
393
290
443
67
649
274
345
1079
152
81
903
29
56
906
323
203
158
127
5
740
442
195
97
450
1033
135
371
28
310
213
618
271
72
572
209
100
90
131
294
90
223
453
227
727
115
742
535
125
376
13
224
447
354
342
384
205
41
353
75
172
219
475
310
5
433
47
1846
899
720
616
2310
214
302
336
296
338
80
30
1124
181
65
717
685
560
149
275
211
592
455
433
268
447
522
297
451
236
423
120
3
366
496
370
357
498
699
31
371
522
294
464
516
258
247
700
636
824
247
819
404
321
475
142
37
385
22
55
67
70
1592
552
351
460
421
315
517
541
292
31
413
232
308
312
311
351
791
774
103
246
427
349
189
356
996
84
11
284
229
99
832
151
267
1073
171
205
652
195
1110
1355
15
498
831
191
767
198
516
160
772
346
216
884
588
166
658
935
773
322
585
873
974
410
7
66
678
1032
260
442
715
465
52
84
383
1046
89
404
947
1105
242
793
44
528
260
89
159
491
181
429
332
48
232
334
241
410
36
15
315
258
127
437
517
7
27
243
622
134
52
26
344
330
1383
1603
230
43
295
361
169
201
184
34
26
579
676
52
514
130
181
146
15
53
1483
84
1051
297
418
70
263
601
154
71
762
1295
448
51
59
58
260
147
186
103
534
1060
132
288
12
922
1913
17
418
454
129
135
165
434
454
576
861
105
394
59
656
662
1232
193
56
34
776
383
349
714
944
342
275
633
18
1235
91
31
27
105
221
464
133
70
83
602
230
190
787
29
730
297
326
18
335
15
835
734
73
125
465
102
749
49
155
1274
581
40
141
385
676
59
120
944
21
322
433
33
72
196
967
92
974
13
102
464
27
44
459
160
65
38
506
204
190
123
5
643
169
806
298
359
16
359
19
786
410
910
657
571
1161
125
866
898
106
214
184
78
522
317
375
103
345
705
100
102
537
47
841
165
314
1000
1
401
448
594
420
671
261
967
466
261
469
37
327
93
239
51
309
348
264
406
475
498
746
204
156
621
44
362
309
216
850
94
110
415
492
359
71
151
456
188
457
6
1016
880
72
65
25
161
199
451
163
257
236
282
1064
483
364
9
684
305
156
158
819
323
42
424
299
260
878
76
611
209
351
143
974
887
666
731
10
47
818
346
532
252
422
160
49
375
169
179
621
383
577
931
137
829
103
145
226
331
675
124
1
490
643
306
43
223
221
1368
355
704
441
684
54
112
75
29
173
56
289
372
508
231
324
220
40
416
634
495
15
26
511
377
96
493
600
332
138
320
135
505
871
172
271
88
417
495
813
432
328
147
18
130
264
359
327
266
55
144
147
602
52
708
681
96
625
377
507
30
46
574
34
142
54
236
313
328
42
88
175
306
79
115
653
27
268
247
370
276
604
24
215
586
379
291
799
632
439
241
557
431
219
132
78
516
828
215
426
63
137
168
59
379
666
727
419
30
915
103
10
100
1674
13
191
143
47
327
282
286
145
458
508
695
22
118
8
202
686
21
85
506
25
547
3
2474
146
478
315
103
437
369
632
754
103
251
51
879
6
677
72
1766
297
1144
99
457
265
60
93
158
579
1102
234
387
204
392
1400
6
202
197
43
738
314
45
452
776
168
1036
179
226
190
743
383
1545
7
283
3
108
1
147
149
96
725
133
72
48
370
272
163
332
281
323
127
247
561
188
291
336
549
4
431
302
453
63
413
535
116
231
653
2113
78
20
725
599
211
64
47
102
316
93
1208
591
797
303
310
410
722
53
74
42
325
77
232
304
505
506
204
257
1008
260
639
279
621
26
149
452
112
4
201
255
130
26
163
1781
1328
44
733
1078
369
341
133
276
962
622
141
198
403
440
275
122
333
381
75
841
458
684
509
218
787
1317
298
20
557
440
51
246
164
475
257
489
339
155
752
380
531
16
408
703
407
430
7
610
64
159
217
371
769
210
151
297
10
110
231
342
563
224
134
267
259
573
343
135
48
120
334
84
109
444
248
26
141
415
391
892
1770
431
178
71
182
662
293
265
695
157
36
236
9
301
203
272
157
16
79
387
634
318
78
106
98
272
46
1041
285
73
615
146
243
815
254
307
558
7
247
11
89
215
310
393
471
421
75
64
40
567
36
52
149
444
46
116
609
108
74
592
115
452
134
690
1
186
464
879
135
162
571
134
130
98
421
920
442
36
207
155
875
30
94
182
373
282
476
729
859
46
761
140
581
209
847
37
261
642
694
128
102
371
696
1023
762
167
799
186
140
26
1
559
32
114
6
144
174
519
94
802
234
119
50
113
84
178
600
81
88
184
468
334
357
193
194
766
59
20
151
232
486
27
156
176
155
1031
94
151
134
408
306
117
133
103
1077
300
48
505
219
116
242
191
328
479
284
263
345
1042
499
607
156
40
4
289
143
723
236
289
12
34
102
423
26
19
543
679
472
339
84
112
1301
470
411
75
81
792
177
250
220
974
16
172
111
30
68
13
65
31
692
137
338
118
203
1062
1082
474
767
787
425
871
644
236
748
335
546
203
1103
35
145
130
804
914
1091
47
42
54
835
272
186
166
491
355
398
348
189
240
207
403
1274
462
307
565
293
391
806
379
1167
125
97
83
207
413
73
3
12
340
453
626
153
390
21
130
112
107
914
258
163
161
322
161
465
120
1506
51
232
66
1344
51
1159
136
77
217
198
265
12
574
128
53
251
553
587
165
1282
191
347
53
113
385
357
84
1016
183
223
126
503
412
937
809
581
463
300
189
133
284
177
317
405
328
229
556
375
302
156
211
433
60
2
597
130
339
403
1129
586
74
237
515
116
93
506
448
805
236
469
742
2
338
704
127
109
4
67
537
1562
256
208
140
340
212
82
279
1010
137
23
51
388
100
240
30
76
303
911
588
51
1529
6
189
268
162
158
117
671
350
316
29
733
478
663
753
102
465
194
81
221
334
167
828
740
307
604
258
394
52
97
652
287
160
573
164
840
318
111
18
328
593
14
381
119
55
330
693
497
521
3
118
1181
124
15
864
229
103
110
429
99
79
1126
446
307
682
610
98
261
317
145
342
20
137
59
524
620
594
1498
331
102
117
324
141
468
199
309
2060
632
832
110
695
180
2198
221
428
347
640
596
459
240
381
681
35
262
121
282
191
242
147
6
147
339
255
307
1109
114
99
2
470
1038
137
488
214
152
73
160
2
323
370
514
28
729
297
581
194
167
344
610
488
358
117
500
391
32
661
66
96
156
866
782
109
32
116
318
60
27
367
237
709
126
36
635
835
54
336
795
908
314
154
228
217
544
1382
110
5
200
124
505
139
6
181
754
265
357
1068
3
614
88
27
1406
383
787
7
213
380
575
188
971
499
752
745
388
97
268
458
278
346
77
101
134
733
419
45
1281
10
14
673
577
80
643
581
334
2
98
181
396
123
125
89
294
367
1150
926
256
132
290
2461
7
77
304
102
970
111
310
254
20
144
140
279
886
52
45
774
734
226
33
173
23
104
141
436
28
93
166
86
15
168
377
13
144
293
676
169
345
1136
96
48
224
40
172
100
91
581
334
278
209
336
284
291
387
986
415
430
306
357
789
914
45
513
443
42
855
56
178
618
82
224
209
351
28
154
1057
99
105
362
140
1970
35
336
88
510
233
79
487
365
50
377
207
622
130
874
227
283
42
195
244
117
5
737
191
722
213
243
117
82
332
121
218
378
464
124
60
479
36
1393
212
182
242
141
216
65
671
51
141
25
209
408
11
350
356
518
582
105
576
122
319
332
234
19
173
82
400
87
73
187
534
15
72
306
41
105
227
143
49
153
195
393
328
383
809
446
338
636
514
678
729
8
111
136
65
158
252
1390
343
233
423
595
64
40
112
631
217
170
90
358
46
1032
53
471
219
111
53
566
280
897
268
142
958
323
7
19
345
154
75
18
756
112
552
101
188
630
156
100
21
747
459
311
389
504
535
32
249
699
191
401
107
1178
247
277
108
56
413
39
670
1031
1383
413
269
54
1092
1445
385
1027
24
21
566
755
343
738
282
199
550
394
290
500
94
540
173
315
432
199
449
96
743
347
885
1109
491
622
988
1557
77
706
219
86
66
34
241
171
492
693
1173
29
296
180
375
77
237
649
386
290
238
506
492
70
178
490
280
258
52
483
362
413
668
640
266
1144
517
137
32
131
56
488
603
403
147
1099
248
591
103
31
302
216
435
351
562
808
953
630
665
917
988
279
518
28
378
85
3
628
16
201
736
359
484
221
40
261
65
136
294
291
724
199
288
92
41
90
415
309
386
244
921
14
827
20
396
302
1496
774
332
119
204
248
1114
131
611
742
105
25
736
587
777
398
641
249
74
466
873
325
83
702
183
410
715
165
599
33
208
644
1605
149
350
442
385
171
104
161
1528
43
994
376
160
154
52
193
698
150
91
446
110
46
727
1959
225
38
352
179
168
249
433
620
296
452
1300
396
1209
477
643
745
522
196
105
98
332
236
714
371
1943
269
94
136
834
148
1399
3175
670
394
424
14
1
228
212
549
525
722
25
363
390
961
184
369
15
500
342
10
483
210
1103
923
39
502
263
238
48
40
9
1142
230
185
57
26
67
126
1237
145
907
253
341
203
994
63
87
59
28
238
385
87
127
396
113
449
59
317
290
23
52
167
13
49
67
172
831
132
342
364
202
396
168
111
135
6
391
302
826
361
782
229
267
485
232
380
64
625
123
999
409
540
92
572
294
281
665
213
684
739
357
54
320
1117
324
127
915
139
307
211
95
136
143
296
104
697
111
607
338
318
402
1431
585
338
133
143
596
9
381
192
400
237
306
122
139
1022
220
170
457
65
159
162
552
193
1834
790
185
220
1124
428
267
114
319
366
193
140
85
1836
3
1278
257
685
296
110
49
132
627
669
211
22
97
354
25
75
571
11
562
337
489
1000
801
170
66
149
906
511
405
443
108
213
269
397
104
420
57
738
209
815
966
599
27
1303
790
492
595
119
152
503
1149
1022
413
168
756
67
776
56
199
1
107
216
416
122
752
650
101
1074
62
1297
241
97
156
145
267
20
148
119
818
182
717
170
569
294
89
413
180
572
235
1029
19
210
286
817
109
670
119
177
212
630
40
276
148
209
720
242
810
58
322
1162
154
1192
1016
757
460
496
182
582
5
123
16
248
71
25
264
44
108
630
687
371
47
45
1086
812
276
551
627
554
869
351
127
53
514
53
229
444
205
1688
157
242
2043
393
119
139
258
206
44
1023
166
298
436
13
217
536
365
80
661
615
463
93
1020
435
62
1401
12
229
758
697
1101
260
136
180
42
694
106
514
595
181
54
183
299
385
368
500
1056
107
58
694
1667
75
91
172
51
71
186
190
307
221
43
194
99
378
262
2024
159
916
34
34
516
502
324
969
647
102
1115
406
231
78
169
279
287
421
614
361
136
954
99
1120
223
204
24
467
460
655
61
22
579
82
111
994
43
414
142
121
15
729
335
89
225
76
353
670
674
166
111
775
62
570
132
727
130
5
1418
321
492
547
452
436
60
292
61
342
764
75
126
147
41
173
437
18
395
672
66
18
626
472
172
184
6
320
407
1182
92
149
532
66
271
780
1143
1103
130
239
286
485
381
899
508
98
299
801
478
294
386
622
115
615
1546
147
490
207
394
536
75
298
121
1280
218
60
244
56
176
609
229
1099
170
164
304
600
358
1358
210
130
439
38
848
90
1922
299
324
572
235
48
1882
78
419
196
162
521
840
41
351
107
532
753
422
3
334
143
447
98
298
334
278
612
394
478
137
186
192
740
40
351
182
615
81
46
427
566
218
1302
196
438
76
53
679
360
464
235
1101
68
108
259
31
2055
733
404
371
498
67
63
131
116
865
196
256
256
339
16
72
15
299
648
580
138
124
291
313
197
435
248
827
1526
168
408
313
35
69
257
21
404
56
349
144
87
262
291
59
163
438
560
301
540
631
151
834
153
962
6
67
740
65
720
232
600
446
1279
133
1290
240
33
245
410
812
206
173
25
430
1193
144
640
229
95
395
156
642
292
928
356
469
853
865
88
2
59
250
461
52
174
188
537
195
196
413
362
792
88
445
53
153
88
94
484
1475
996
334
497
2372
70
65
1452
52
304
741
715
407
853
244
13
176
190
366
751
141
530
654
673
1319
168
744
132
294
1152
305
200
189
657
472
316
160
208
924
363
436
333
261
112
213
820
301
84
180
268
226
248
405
593
199
845
884
176
331
95
41
625
281
555
5
221
875
86
403
247
22
142
150
722
136
360
581
23
117
288
973
619
673
513
477
1026
316
306
147
246
86
410
454
237
593
178
186
584
120
7
147
1428
1049
921
755
96
221
120
186
117
36
709
424
87
664
39
144
144
31
440
487
80
133
93
188
73
497
181
696
61
717
156
2
326
70
161
684
187
668
558
178
18
34
29
357
265
149
383
538
665
68
437
1068
70
19
781
45
647
182
230
353
234
80
950
154
12
690
199
1131
281
64
109
795
948
70
366
1307
259
167
2
488
692
224
6
49
274
168
329
467
15
150
916
677
109
295
356
65
135
264
542
290
291
671
420
157
343
178
2065
301
263
66
410
247
232
467
1289
32
37
394
35
58
241
268
154
49
129
160
454
254
19
308
398
28
294
388
29
592
118
786
608
789
466
169
77
199
620
174
286
481
1084
252
87
686
144
314
241
332
37
176
213
55
479
263
4
63
930
671
51
282
203
341
23
18
405
6
242
201
139
736
360
76
539
1009
342
43
316
184
843
299
847
516
236
96
457
506
359
530
967
275
157
983
299
1019
157
864
330
311
299
834
200
66
73
715
215
270
613
238
387
32
820
369
346
600
753
426
1326
471
484
258
168
169
181
245
95
264
458
175
219
258
170
1536
436
149
914
1224
791
724
273
961
139
55
293
243
356
156
123
118
438
273
36
89
369
70
61
379
1585
602
263
225
586
505
642
12
311
46
313
31
755
187
502
48
247
245
123
688
125
1057
402
294
149
163
238
122
38
214
24
169
983
720
11
174
42
809
329
491
1190
357
542
538
729
174
547
229
966
15
474
227
253
54
429
111
139
434
616
280
663
120
28
78
861
116
297
204
8
25
644
230
807
405
6
432
257
923
236
9
404
71
88
14
147
596
104
486
768
529
481
67
161
106
317
647
81
262
88
210
43
337
4
318
148
191
129
100
184
1539
39
516
505
1409
17
194
245
54
131
132
479
105
568
183
315
42
53
36
203
168
178
485
922
1
33
476
632
124
92
8
1390
22
81
327
815
149
635
428
253
266
230
315
234
73
150
341
3
452
1770
380
278
74
633
327
261
775
123
911
232
244
551
299
31
179
361
22
840
22
156
319
457
110
152
484
100
922
291
1025
307
221
240
233
489
118
262
2
616
351
46
61
48
373
511
656
26
355
451
127
354
12
1551
245
379
240
343
608
73
818
1287
377
795
123
265
223
191
487
340
275
64
304
413
1515
10
126
67
611
428
74
812
27
271
194
1129
260
340
187
11
129
835
904
475
103
1131
61
886
373
1005
441
239
557
706
124
805
151
228
697
449
228
200
356
206
188
63
1505
389
71
759
1643
128
273
945
356
106
835
537
481
465
429
394
145
16
219
4
341
99
702
353
474
197
619
866
69
423
284
552
585
1470
14
150
215
557
176
695
1632
697
429
300
638
818
546
227
3
1033
527
208
126
77
290
62
225
81
472
5
280
6
207
681
194
45
1032
109
191
942
589
1147
1903
87
455
187
195
338
299
307
440
357
98
188
887
51
155
175
83
25
481
169
79
961
618
901
53
449
136
355
503
143
345
781
542
261
160
789
336
105
316
1718
41
93
208
26
465
32
149
28
9
1290
521
371
165
306
895
377
248
251
62
153
126
180
189
262
607
165
403
529
631
591
32
276
149
31
306
277
207
895
199
984
750
164
241
1103
143
169
200
31
242
708
27
1111
571
522
171
591
37
372
342
1507
857
147
108
416
643
615
334
93
417
860
1093
636
699
33
86
40
565
166
468
572
198
584
10
371
760
652
168
310
319
250
142
534
446
184
406
77
609
161
342
158
319
424
39
76
113
235
264
134
590
1332
1995
841
154
760
109
17
647
1107
133
189
172
372
544
417
324
617
1351
401
364
344
283
255
430
349
74
641
740
227
502
302
953
130
190
107
211
2
150
339
521
199
2265
173
818
412
41
283
4
37
400
198
312
140
168
161
317
933
636
208
71
319
228
154
63
143
320
7
225
583
255
323
803
125
470
162
1793
245
562
10
302
563
1093
118
635
161
102
421
713
431
227
255
121
1098
221
529
123
16
70
104
137
346
471
116
1
119
151
168
43
77
339
140
231
182
265
312
18
161
881
172
81
384
289
997
505
1360
247
176
1572
53
810
347
111
823
48
333
83
259
545
323
206
259
173
208
83
645
134
488
511
88
122
115
232
91
414
120
153
119
742
65
26
334
302
36
1120
28
232
254
900
644
1000
508
126
36
425
773
27
77
214
24
244
105
1000
1395
93
72
142
10
621
193
9
108
324
878
6
290
253
16
143
252
319
400
708
1426
109
590
541
224
1289
143
296
43
298
320
73
202
554
557
101
44
131
985
122
210
367
714
231
19
36
445
52
257
194
120
1255
464
139
489
497
237
84
718
342
24
431
218
384
1226
511
74
167
490
1000
219
19
236
844
6
547
136
155
618
260
201
335
1248
328
190
1775
441
23
964
404
439
378
756
41
35
917
425
265
87
1100
582
568
36
931
536
313
246
61
1130
62
290
190
48
240
464
456
256
233
1656
41
64
166
527
65
781
25
164
145
155
248
199
1411
33
90
32
46
90
92
841
123
168
144
28
213
1499
155
342
169
29
30
231
916
73
254
56
994
162
229
228
160
101
141
371
304
95
55
1255
417
237
133
282
217
209
583
29
1037
364
75
204
346
266
67
272
275
142
34
376
1027
295
700
79
468
528
90
1331
74
1169
215
532
381
275
1449
39
236
449
10
46
429
460
669
254
25
634
2181
6
75
1117
129
248
226
144
276
939
378
720
154
348
898
81
775
342
87
519
12
835
515
356
1143
283
2561
40
135
44
203
1421
338
1044
672
1
1594
100
169
824
203
479
878
52
495
463
11
38
56
259
283
311
862
597
269
236
36
419
143
436
110
237
122
1356
87
262
196
603
915
148
358
1040
854
234
127
565
389
140
624
473
247
210
613
513
28
724
80
147
470
360
92
165
189
206
161
326
343
119
236
427
139
38
568
73
103
38
131
115
498
501
70
873
404
79
134
81
23
542
47
252
479
11
866
569
578
471
796
52
106
354
26
113
28
76
568
153
120
1279
31
417
294
69
22
290
12
195
216
163
347
1331
31
130
51
100
785
107
73
534
8
182
38
273
226
61
415
159
830
112
522
199
922
843
70
7
38
57
115
1360
435
64
208
447
141
21
1073
321
186
148
496
412
152
55
18
487
1500
267
129
593
144
150
1126
215
342
4
15
57
417
67
160
48
230
614
28
1016
24
191
7
153
578
273
311
711
576
1101
69
87
639
376
105
22
105
1110
141
18
165
247
107
13
494
352
175
1527
233
291
1667
779
313
893
215
373
754
105
256
5
958
52
20
717
99
347
610
75
224
122
259
6
57
795
336
173
77
583
1060
940
222
1065
257
255
95
46
1151
178
488
24
938
909
1681
38
861
1112
528
45
676
13
819
232
196
241
115
31
1147
598
616
572
443
15
149
488
90
48
950
587
163
77
473
331
741
311
281
490
22
45
240
470
663
98
113
92
220
399
1425
116
158
429
64
165
452
532
181
1341
202
248
12
89
150
105
558
403
113
303
224
105
516
222
15
559
1413
131
135
200
392
107
204
193
4
931
808
21
57
127
1076
232
1115
835
281
105
16
273
506
141
402
902
140
290
87
1213
559
82
341
419
474
24
150
32
145
27
543
686
482
1195
274
300
475
971
6
698
385
278
754
264
226
126
451
29
697
608
617
81
161
58
411
26
1137
159
87
208
120
242
11
123
145
70
71
371
940
390
495
76
686
116
248
461
11
833
155
1302
225
359
168
1502
127
375
200
135
257
73
465
294
147
1564
470
415
390
74
62
91
215
367
155
267
4
457
1236
583
277
93
98
468
770
537
195
460
487
344
666
502
138
109
84
51
405
516
595
62
376
152
110
59
102
357
210
941
1814
504
249
402
341
414
68
553
6
113
161
393
368
107
59
307
618
77
443
292
349
22
83
76
1313
667
154
314
378
627
184
306
2
463
253
290
615
97
232
1144
1749
683
28
1080
535
166
320
215
413
82
745
1647
119
92
479
12
98
416
622
865
373
522
15
400
138
110
235
590
893
195
175
47
249
157
586
689
676
41
108
636
941
8
69
282
166
78
820
169
356
572
578
72
299
1232
1513
3
425
699
766
2
450
217
43
189
86
258
26
436
340
499
924
181
476
587
135
147
127
274
312
58
436
1030
28
271
382
497
164
240
602
47
163
1
166
644
262
319
276
41
111
273
227
107
336
406
731
20
61
323
312
8
268
340
338
43
443
5
159
652
21
169
89
147
88
133
10
186
21
290
526
72
310
557
420
63
90
162
639
83
343
78
1873
311
131
710
488
214
270
203
4
219
46
715
1
234
57
192
689
41
336
92
408
1065
429
200
312
26
454
196
1018
318
1292
230
6
106
552
826
604
95
107
311
37
332
163
232
705
226
347
31
92
65
59
211
197
103
32
149
609
570
554
1017
1040
89
420
199
11
954
154
32
153
244
47
666
1444
848
207
24
50
49
1299
142
714
523
408
171
259
118
716
1915
373
107
253
221
247
303
160
872
365
544
567
402
320
945
95
342
139
271
41
208
266
1401
281
289
1092
468
137
393
199
126
489
388
774
385
45
410
402
783
652
24
535
515
304
219
567
80
130
272
580
969
475
11
135
29
93
96
208
89
379
186
188
263
155
190
127
413
153
309
228
606
92
467
102
726
46
337
457
56
111
15
109
34
31
294
68
855
87
86
3725
142
251
135
812
314
77
616
335
226
432
93
82
573
93
232
305
111
1144
444
82
1026
6
77
82
146
225
270
83
162
287
587
417
169
50
74
844
1099
842
393
139
418
477
618
1
324
15
108
150
96
265
332
357
223
32
304
78
629
129
180
849
399
903
287
1191
9
400
53
338
159
801
88
51
55
531
795
822
523
788
38
423
198
530
420
108
1832
140
616
1336
427
260
464
142
136
847
311
698
46
72
860
357
416
405
174
192
190
267
317
542
112
68
394
296
210
323
994
517
331
212
222
173
215
205
710
229
182
422
1034
653
370
891
49
76
533
777
53
242
28
429
167
7
522
555
278
438
342
225
153
514
532
690
28
679
297
85
16
204
304
94
30
214
22
364
199
140
153
269
48
313
226
39
70
197
434
212
49
73
348
82
1181
27
305
694
768
1574
436
172
47
591
178
383
740
101
26
368
75
1198
352
175
135
40
749
23
357
1102
180
131
84
1646
190
711
1271
346
107
836
247
115
177
429
601
1
669
17
73
367
310
157
91
63
39
1322
32
414
50
630
158
1003
62
62
206
120
546
182
294
192
282
653
247
717
695
327
132
371
74
45
32
345
217
904
1420
61
160
82
168
1233
753
434
64
456
555
331
12
196
789
75
1767
57
552
161
324
750
671
5
484
247
697
72
49
1217
421
752
29
121
87
1163
6
105
348
199
433
554
289
76
337
57
541
271
146
1065
563
409
125
154
150
595
45
432
257
204
413
249
147
23
87
1466
401
222
145
781
695
196
35
59
18
130
149
762
619
572
383
331
185
197
912
129
614
46
136
551
101
305
300
186
167
44
183
99
23
58
327
51
65
217
622
1044
176
596
451
675
575
270
88
486
42
125
351
5
344
841
430
407
750
125
810
851
451
18
542
290
228
126
13
104
33
88
682
26
394
200
51
99
456
370
766
1882
10
190
305
1179
191
191
328
927
332
502
72
34
645
195
159
992
626
251
294
42
896
117
430
1166
1018
3
178
308
182
412
712
334
280
514
1841
737
44
308
63
178
1061
414
210
505
593
116
414
1085
453
1
665
1048
62
61
29
272
1795
1173
489
282
94
37
32
203
115
144
78
462
172
1339
860
572
628
29
793
39
240
902
40
275
324
132
233
239
207
242
251
395
91
117
386
183
22
368
384
193
1234
789
966
575
903
217
23
30
40
836
100
498
17
1176
48
671
631
368
347
551
37
170
774
643
223
303
1029
653
1034
125
48
1226
2030
134
10
63
188
33
120
316
197
724
86
331
33
832
73
317
74
596
328
1605
2
107
394
180
75
249
348
23
529
1901
1137
303
220
331
142
189
291
120
955
236
570
774
116
235
478
375
101
480
222
244
73
41
825
313
160
173
461
170
279
54
884
242
201
218
8
496
353
91
450
211
213
441
86
488
1025
366
313
377
1
228
614
118
282
857
844
152
346
42
1
451
671
338
38
259
298
1377
78
980
342
439
547
377
4
278
424
1215
802
141
412
937
13
428
146
340
1279
47
903
839
208
12
474
592
132
71
713
436
705
1
430
1523
575
125
83
137
723
573
297
1408
965
136
25
1940
107
288
63
226
706
874
380
168
8
144
303
338
207
89
110
419
729
347
588
234
353
1
108
354
513
71
327
67
773
371
647
281
147
249
134
532
786
293
75
431
1796
528
170
706
697
829
1010
147
330
41
93
207
131
44
591
560
44
114
538
402
280
439
142
326
280
61
76
151
491
608
169
505
47
466
698
560
1179
156
211
496
517
505
130
90
105
14
1617
921
160
110
74
758
100
557
252
68
12
113
631
95
137
401
66
25
146
81
577
266
374
272
99
667
633
371
6
620
493
51
139
547
375
1273
410
259
1057
526
24
487
476
513
9
140
789
289
155
131
130
131
758
109
1485
1003
93
120
1503
33
81
694
804
346
34
429
1240
87
2553
199
14
17
1539
281
186
1153
1768
192
292
1629
63
108
410
346
83
243
276
220
275
609
275
366
872
635
30
204
369
760
14
485
446
651
45
1467
578
89
955
97
5
186
103
227
672
460
161
158
1
68
1093
47
144
1168
819
44
90
840
170
211
161
203
109
116
197
906
299
101
383
807
1434
350
580
134
833
1136
244
41
165
440
391
482
686
321
1728
560
312
995
359
213
392
124
672
496
611
1078
225
43
448
307
352
237
439
294
349
322
94
625
269
463
84
408
58
937
194
141
1094
358
627
134
254
506
285
176
360
966
185
184
83
983
922
673
352
209
319
103
245
17
972
54
207
116
255
355
33
63
1485
17
375
260
9
364
518
273
78
618
61
23
721
715
38
271
349
199
610
1
289
638
517
49
132
203
172
242
73
49
977
227
85
192
35
1571
365
165
234
389
1151
255
447
273
1244
29
288
633
33
103
91
76
9
1096
249
366
732
1240
24
376
864
249
281
193
49
13
1226
23
512
460
97
863
112
62
238
112
19
863
1164
58
547
351
205
926
11
849
261
833
391
597
423
73
1043
478
17
206
155
79
194
23
232
234
26
140
830
23
921
113
204
539
491
133
1821
41
507
400
34
80
18
89
67
742
109
281
277
212
1614
144
1476
467
1792
32
86
98
133
674
274
429
187
131
127
469
91
137
754
207
260
191
99
45
205
133
764
936
24
214
406
567
173
90
685
51
236
19
329
287
472
216
264
292
602
616
21
240
213
313
77
542
60
238
675
71
736
120
198
817
618
68
435
360
61
11
1044
36
