103
1035
271
1040
951
2097
2260
2753
3440
2003
2907
1314
1219
237
3784
1624
1682
495
2713
2322
4590
1858
2970
462
1450
720
400
2612
3742
6290
1757
153
776
5368
6729
26
317
722
1955
947
1757
2402
2099
122
571
1171
3056
911
3204
946
2990
4758
8272
2162
2421
1986
1157
2315
2993
6246
5468
7765
236
2726
8296
472
4302
2009
3326
615
4362
2462
2023
317
3748
1611
3129
8123
613
911
8632
2220
4650
2505
2442
2489
3579
1483
4011
3735
550
1481
738
83
791
3855
2867
484
141
3849
3315
71
831
505
1802
3404
1688
45
200
3380
483
3630
1124
24
3521
939
103
1379
3037
5351
3865
768
1468
6384
299
833
1391
114
3142
1820
3891
2536
1634
746
2208
8131
1782
2083
398
1951
4852
646
10576
1697
3045
6573
84
11310
4798
274
776
2191
1337
2688
1410
1698
1830
5065
2419
2895
948
3155
6400
1503
798
7651
194
491
2015
381
925
2373
1350
886
2482
2058
650
4178
1245
840
382
313
8014
266
5984
1940
659
2706
2422
2518
7248
624
5978
1158
1376
5574
1270
660
1928
2651
2859
1725
1656
3678
1841
1991
4090
1148
2749
253
3371
2460
749
4667
3338
3668
1295
5247
3333
5502
487
600
4355
4333
1802
2046
6153
2993
1247
11403
6405
1892
427
4047
793
1917
3354
4180
1712
151
4110
8736
2826
649
523
4212
5438
2097
1115
382
8086
5125
1434
910
711
697
1399
166
5666
1386
1004
4745
3467
132
4943
1095
5145
10452
1660
1203
175
1057
14
699
1774
879
9
3446
553
2219
984
1996
1677
5130
1743
3341
142
6434
1249
1066
1343
4751
1413
5023
1731
4821
76
2370
1293
10224
772
2281
4802
3191
5066
3237
11320
843
7243
4594
2064
2418
8842
211
818
2114
1948
8799
2804
444
5225
5926
5831
10574
3102
694
5467
1443
2531
4513
1619
3799
116
2534
2947
2995
732
1457
1100
176
7111
2481
4119
1974
185
786
312
3836
4906
777
6211
1268
3423
455
130
8464
2127
100
7
292
8982
1457
1896
3285
852
336
1317
3813
2452
3399
1492
1243
689
574
728
253
1155
1089
222
2589
5390
1263
71
1958
1106
440
1786
1385
6210
1146
2428
722
3948
890
1708
1817
1924
2262
2254
995
1384
1430
1764
1194
9144
5271
5207
3477
254
4286
607
7785
1770
3657
1160
263
142
3819
1810
435
2686
2210
425
335
811
1831
4934
3718
59
5005
2386
306
3210
845
494
2137
1038
500
2192
1328
2404
2565
1314
6505
5452
2130
674
2183
409
2897
1116
6508
4281
13079
2806
2452
3754
4538
2602
77
3773
12911
2406
1626
7539
993
91
3050
4617
531
4856
1883
1026
11492
744
125
2882
335
5225
3981
3178
350
4430
1048
1836
762
443
287
1278
5629
1327
1986
1777
2607
3470
43
6765
5040
3718
3806
2055
2182
5927
2766
719
51
1296
1895
2357
1225
1717
1464
373
815
2402
524
658
805
4362
3302
287
5449
677
9207
1525
1867
1085
1302
848
611
8
1514
1029
1256
2639
1717
2931
4483
693
1080
160
4028
188
8502
2591
177
11837
1518
1514
268
4780
9378
9955
1626
7206
4723
203
497
2564
845
8476
2036
2592
2648
1594
31
1821
674
632
1781
5741
2227
2216
1287
1727
1492
2628
1075
1538
2096
1622
1215
292
4886
1685
1549
3254
1911
12441
84
236
4732
461
1793
4346
1540
3498
716
3239
2487
2214
2682
348
1070
2231
3167
1057
6668
602
4685
1628
2195
6140
93
2722
1118
3509
3138
3162
4114
412
2217
2384
3412
1948
893
1116
8164
118
3959
777
4119
523
1389
3149
832
4361
820
1186
1828
3342
667
407
75
4605
175
11591
1867
4366
184
894
3749
3843
3256
268
5485
5317
2438
193
861
437
1080
966
758
884
8800
330
7460
5308
1147
205
12783
4147
2733
6802
787
5858
537
4002
1007
5768
81
6720
3775
455
4706
124
57
3556
492
2518
7967
2974
2397
2115
724
2284
1271
4642
2848
3720
439
1519
844
7
5930
957
957
3848
1545
576
503
3069
2624
704
2258
600
3933
3425
823
8062
2706
1021
5379
4797
304
1666
170
369
3570
4170
4396
1615
6564
177
1085
910
5010
919
7228
2342
771
3582
5678
3276
7993
237
2068
7328
336
2019
1678
3856
7362
1152
575
430
2262
849
2462
2893
1730
2621
3118
1451
4889
597
3096
597
4214
989
6051
4958
69
1898
3139
1293
2353
722
5244
1785
1860
2599
16967
7987
620
477
15109
4064
6692
4047
3597
728
35
7086
1038
2835
5289
390
2860
3516
6219
1431
2678
1431
2731
4297
2102
1681
2276
3880
4605
1656
4747
386
1069
2740
335
375
284
529
516
3016
4986
874
5733
6076
435
1913
4816
2204
1297
3072
2091
2409
2541
377
9751
2553
4731
1380
1626
2291
506
1842
1808
819
9320
1664
4919
372
1302
5301
7041
8254
2957
114
3946
986
1905
854
4711
1924
339
302
1246
4017
3546
1309
1175
2538
188
1697
10783
4814
730
5600
4853
1264
1794
4448
1128
2941
6338
783
1909
928
3517
420
3174
3125
1290
640
2902
1565
3690
4774
5913
352
3008
566
3410
1924
9422
2477
336
2171
5927
1469
2380
4872
7771
4358
1229
2851
2374
5216
3566
6529
6443
2508
1899
1454
115
1528
2938
3829
2813
2319
9283
2625
342
282
4286
4888
2734
1406
1738
4383
7363
11211
291
5093
4915
2360
1213
842
1135
189
5462
2854
8903
1240
19
8189
1428
7617
329
1033
6257
1502
4077
2600
503
2828
1942
234
12726
551
482
1820
809
2630
573
84
2151
3446
3304
3428
4727
1944
1357
911
2024
776
743
4187
1592
2619
5404
2448
1282
3837
11440
8639
544
749
2790
427
3557
2481
3234
106
206
2108
4046
2649
1599
5412
1207
4386
1882
2571
292
4796
7624
4408
2613
165
6508
392
3519
1928
870
2608
4383
955
5281
5242
1499
3182
2786
1446
4128
402
516
869
4034
2536
1890
943
4197
2489
1681
1258
2724
5834
12196
693
386
19278
6127
3912
1128
1881
1917
1026
1524
10266
2189
852
513
2970
888
1263
4160
2574
6159
3643
6009
3164
7990
620
3119
4355
3311
5571
3201
1416
199
4818
1294
4186
2468
7637
1036
692
5827
5997
2443
4599
1772
1771
1383
3935
3879
3086
857
2050
8903
6404
4521
2148
6783
309
3183
982
974
3666
10
412
409
1574
6342
4401
3624
1764
1247
2004
1227
2113
883
1703
7453
668
9604
325
1968
3805
776
4033
5278
1685
75
5
1770
1643
2264
264
1307
2317
4595
2607
320
793
498
2239
1308
6067
3179
6878
12377
2962
3410
2189
5249
4467
477
567
610
5430
1202
1934
1748
4188
199
257
1018
1361
1078
1812
597
2971
7555
10926
2512
1301
8821
2619
1143
5106
2229
3561
544
1312
4770
807
3555
2517
4883
1902
829
1642
549
277
357
902
2251
2775
813
6031
1112
924
40
14354
4216
2762
3789
3159
2383
1260
7074
1342
516
325
4408
2406
2352
2753
469
1966
1939
1493
9701
4664
169
614
3199
3152
233
3743
2953
10215
350
5080
3922
2756
2608
4465
1576
4078
2979
1445
1742
462
172
2937
890
983
351
4184
3837
894
839
3704
3096
1947
6986
4023
1158
3089
10593
6222
221
1910
3306
2048
618
45
774
3526
891
723
347
1318
1352
2763
3909
2246
942
3103
1737
1413
5909
3890
193
4856
430
9696
235
1785
100
1204
4780
210
2006
1918
652
2011
7
532
285
6713
2383
911
1400
3577
928
1249
9098
279
2915
356
2601
3881
2811
980
233
6454
2309
4155
5777
1669
4150
7616
144
5027
6398
1677
1198
334
113
3670
1493
1234
5650
243
6636
2823
613
6250
7430
3346
803
1467
1956
5104
1830
1347
61
4828
590
882
5925
5276
3012
713
7865
2396
2825
815
9156
3924
973
4398
2438
229
878
3097
447
1676
631
3174
227
288
4089
615
711
12583
1805
3482
6524
596
5011
7103
4136
2722
1107
210
2518
9312
1099
841
466
1055
2316
198
10734
204
6151
77
1
1259
3710
3139
941
660
3706
5090
1349
3843
2191
1237
4655
845
1503
1599
3091
5001
274
6366
3738
2103
655
129
9781
11217
6069
1348
3107
3927
1704
1468
96
5943
4715
7556
2269
3253
595
1032
9832
1083
1215
2183
2831
1647
1853
6406
8588
1950
2341
2300
9356
121
85
1766
347
51
722
2930
4542
5128
8
1150
928
14371
2814
1976
2113
1693
2036
4464
792
1082
1214
2302
898
1121
43
6701
2335
6230
286
2529
1136
1062
1704
2402
1971
6233
1254
1295
6946
32
464
1320
6800
781
1877
2687
833
1386
2093
1169
634
33
100
2539
2822
736
1262
2438
470
932
308
1476
124
1601
4644
565
3510
688
252
1658
4413
2299
1979
4588
663
1262
1137
1628
4724
1230
1464
3214
10943
4034
1436
619
3020
1115
6285
3635
682
1683
4212
4348
720
1048
2717
6573
3512
7843
2247
4962
8700
11019
84
14565
3197
1754
1423
494
610
372
389
3066
4062
603
1548
728
3664
2086
1101
165
518
979
4326
1956
1254
3829
83
403
3388
2038
312
2586
700
789
4121
609
289
5513
1143
1674
4805
3582
2662
1699
858
2842
1825
4432
442
6353
1024
2159
544
644
29
3162
35
1432
605
865
1606
6542
532
902
243
712
1328
1057
1208
129
2499
2214
6241
2576
992
11976
2219
4207
1636
5962
3348
2326
1023
823
111
6215
5391
1696
96
4927
2953
3723
194
1894
499
2049
3379
227
6030
822
1032
7712
536
5043
1698
1452
111
1967
360
5678
15418
1698
3228
2901
351
6938
105
1061
1445
186
3668
275
2515
2020
3041
2461
805
752
8835
3113
14958
229
1227
780
631
694
151
3023
27
4228
2028
5053
635
997
1080
5534
66
1051
7043
588
2473
1497
1391
3694
3648
1700
1856
2318
4231
5651
1884
1319
1891
2547
430
409
330
3204
2450
1113
852
1073
165
1892
730
298
4197
4753
6714
3261
4976
3420
2037
8819
105
3709
51
2161
29
1686
131
2874
382
2790
2231
3105
2174
808
2392
3726
911
3643
428
3164
5053
2508
3486
324
4705
3557
386
3315
1108
1505
1040
1149
3175
1377
2814
603
1043
261
7661
15
6286
1769
4776
7185
7118
4794
6789
2858
1856
2118
5073
1099
387
4201
68
2112
2813
1732
1620
225
1611
3793
12191
2410
729
3552
2778
1977
1770
1126
3622
3070
1320
1692
1299
6674
150
2580
1990
346
3969
6771
3805
4517
2410
3389
2259
460
2252
546
1864
1050
2532
3493
8364
10853
2625
6220
1081
4839
1045
140
234
32
1368
1566
5699
566
382
3823
333
2445
1527
3684
258
3503
1744
5249
300
1626
5143
2632
4103
6687
4333
1989
347
4839
1249
1812
926
3436
5858
1708
273
207
1893
2902
2462
1042
4269
301
4641
3206
4232
1879
295
1193
2766
978
1427
101
453
2599
3743
1362
5519
267
388
115
1192
5399
20
3086
3156
1732
516
603
4290
648
1460
2073
4914
168
615
4492
1211
3057
4393
2025
4029
2081
1748
1246
345
2603
4488
2039
2615
3124
2819
3743
2107
3784
1668
5422
1316
4671
2122
1987
2444
3743
3396
549
4152
3243
858
1351
3039
7631
51
5334
7626
1336
2736
683
616
3078
2579
702
999
1678
1249
2109
151
2346
2503
3254
142
1159
254
856
1361
7793
784
3649
233
11500
1867
720
1292
569
8983
1394
4340
5046
550
1444
3568
1415
1014
415
760
962
3489
4462
2824
3596
2950
1071
8259
537
3368
386
2037
3840
2030
511
4429
976
3683
355
2193
2235
2941
602
52
2368
503
316
9279
8086
68
9124
15751
9362
3408
4056
3534
1447
3917
984
1422
7206
294
1513
1343
4792
2046
228
687
556
1379
1692
83
147
3632
4654
536
336
274
5422
12133
5309
1182
3319
2092
4852
1758
3857
716
2568
3223
5246
1221
5279
178
978
8
7790
650
1456
1211
2394
6151
219
4178
834
902
1202
850
1204
5525
805
2287
1653
3818
219
505
3367
584
662
1704
1181
285
2843
3899
1158
2469
1699
2802
79
2123
1171
7296
6780
1948
6690
343
474
673
647
1308
4488
9
2640
4769
7
5969
1881
3644
6047
2015
356
871
1377
11727
1948
759
2604
3822
3584
1926
851
357
883
6257
5746
455
3707
9966
1056
265
123
172
7532
117
9605
988
799
6841
1663
3421
4595
825
4312
637
7073
20172
5178
5886
5381
10497
1407
561
3093
2885
76
2799
576
3976
61
278
1308
525
1002
1449
562
5417
3002
792
1536
2102
2391
545
3835
1345
1357
46
1012
4649
1520
357
3331
4259
649
3862
38
2318
3241
220
485
2372
1351
3372
1705
3739
1178
2800
3514
8479
4134
139
2801
5609
387
1029
1497
1296
2622
1404
326
2372
12599
2979
164
8
4682
1791
6051
952
7930
3390
2502
6398
2078
71
1062
6381
1822
3810
9830
7965
1414
7160
1085
2890
778
10540
3257
1199
280
554
3306
6001
5322
812
5112
52
3458
7394
8903
410
874
4668
1690
3434
1367
6329
256
4532
3653
818
8034
1821
2021
106
1927
4483
877
770
722
611
1633
1667
3407
591
674
1321
2759
4580
1879
2766
5071
6830
988
594
7323
434
1973
17416
1888
4209
411
3484
4069
753
9762
1499
6798
641
31
2030
432
696
1044
4060
5639
3451
252
2000
6611
3661
15621
769
4644
263
3745
596
6049
2295
611
1811
1695
10793
327
5269
3486
618
3872
455
5779
1300
2932
3794
4423
1127
505
92
110
3472
553
1492
180
573
2605
662
537
941
1544
709
1155
380
4614
1548
974
858
4064
1026
1384
1244
954
382
9
380
1940
1166
4088
549
3167
7671
329
11636
275
9594
771
2005
4184
3658
539
1575
2603
4000
12268
1493
5200
3352
1495
366
3537
1538
202
3372
2585
775
13830
1931
211
4099
1333
4369
7145
1306
3665
13501
3943
1142
414
2517
977
2340
3537
3688
1044
2745
2255
44
54
3091
2581
2790
3228
1412
2765
2779
577
3271
5511
8920
3406
559
322
1743
1367
1204
7838
1995
475
1710
2395
4062
1253
6297
3159
905
1326
6621
1210
2779
361
1809
1604
3593
3102
11047
639
5290
5293
470
3259
1468
4534
3204
3462
7957
25765
2246
2765
42
5789
1057
4350
1372
2982
340
931
3033
703
571
2987
8721
599
3991
1265
3897
451
899
244
9377
1531
50
7613
10913
1139
818
1371
1976
318
1483
4177
2515
991
2087
1633
1933
7158
813
2619
3825
1622
2316
3242
1334
4105
304
189
23
1423
2941
3410
16435
4713
705
2109
32
2196
3960
2185
1753
2415
641
3321
5887
5679
606
7
3106
4146
243
9153
1033
3190
210
920
5531
4692
1145
661
1728
313
12476
3033
6305
1051
5636
1904
2134
2055
2523
4040
667
850
1481
891
4709
971
363
1233
5075
2782
130
4900
5440
912
1046
7318
990
660
3071
279
591
17631
4297
1188
1074
6531
2009
771
1173
473
5496
1862
1181
2806
2014
824
800
580
1540
4554
3962
12
3536
137
1792
2062
2112
2690
611
11939
4646
3361
1758
4147
2566
1825
5395
5012
5316
11848
4828
3343
487
4444
1627
1177
88
636
3774
5306
1186
619
2874
600
28
32
7237
664
209
3272
1619
2296
3775
2647
1355
8810
518
598
189
2528
4656
3776
2034
7016
5114
2112
3043
1919
272
722
3166
1697
4465
1075
2292
5519
1418
4949
167
1911
711
1236
6999
2387
2103
3300
2117
6336
1785
4408
2024
1210
741
1364
846
2069
535
1220
1544
665
701
8840
2407
1616
744
6784
3903
4730
489
305
3332
1756
430
3066
1493
5
1836
2562
2538
39
3793
1190
2133
6792
35
2804
576
4259
3662
115
9086
1851
2419
243
985
616
730
1900
1107
7695
419
5919
255
4395
3703
2855
541
70
447
1664
1671
1240
1005
499
1924
1949
3474
2794
631
3838
223
2339
1528
8423
511
2501
2029
7968
599
139
2060
530
6586
2910
1455
120
5961
3176
567
65
7588
2253
317
800
853
1298
2903
5278
3261
2540
3956
2108
998
5218
5367
129
1520
6526
4816
119
2160
1330
727
399
3480
731
1389
3660
2903
1573
947
1309
226
1485
2281
7697
2248
376
1841
10858
989
1121
532
1532
3277
341
482
1833
9998
4378
1046
3943
1328
3187
994
3355
2202
1129
230
99
8203
3057
2838
267
52
6982
1466
1450
4769
1279
2187
309
4269
2410
719
687
38
1140
5274
2790
428
416
4259
81
3123
1991
11332
7279
1971
911
972
1051
4459
7113
3237
756
192
1883
3082
12732
1460
1704
3416
1339
260
1582
4902
7067
265
2334
125
2106
2993
386
636
5867
4920
1846
1091
6427
1426
5843
122
267
570
1384
2638
1815
1184
3188
718
1390
3285
322
4348
1750
1699
5584
3811
330
4090
3204
5056
380
2827
58
3152
702
276
4576
882
5702
4799
1431
2007
3349
1161
90
888
75
3864
2354
1232
239
670
1189
1183
2172
1467
1064
328
13
1110
650
492
184
4720
629
511
334
2475
6610
1956
2454
4006
5603
4903
994
3916
1649
2683
459
1999
2267
2749
2653
1801
265
6701
4983
3755
853
4511
4151
2601
2843
720
10967
8551
1385
3171
1692
1581
4173
4778
2285
4607
2521
456
1540
208
1362
4873
816
1835
183
3439
84
1096
3262
888
375
7501
7584
1059
431
7086
1792
1151
2000
2480
4591
965
5796
412
1278
1421
2046
1196
55
868
4139
2596
588
1515
907
3802
119
78
3787
2452
1238
707
3640
6473
110
182
2291
2645
1425
3416
2703
5821
2264
3041
675
2719
1560
2853
7141
2259
4262
1005
3436
6354
1858
5273
917
4658
4968
236
5383
508
2127
3255
2170
475
463
53
1350
1661
330
7245
2816
1071
1812
3793
651
3089
5057
122
2807
3184
385
5850
4355
7600
2982
573
3160
1297
1158
3880
6264
2026
1112
4904
9840
797
1893
4997
2950
1584
2399
419
317
1352
906
1597
5456
814
4004
4895
252
312
2874
811
3953
337
613
1261
989
5814
1899
1201
4389
1693
1832
2267
6192
8577
4385
209
3
4463
10840
568
2881
8300
328
80
12755
4064
4556
1068
1104
1740
7168
1383
888
3603
4546
924
587
8914
2460
611
1064
1246
4310
422
1017
2647
4045
1116
5224
381
1443
2048
176
1272
5162
7066
838
130
283
243
1002
187
2853
837
2863
246
2055
742
2594
9599
538
2582
1681
337
3898
3375
1144
3752
2332
8555
1152
3241
3433
772
4710
1183
6591
3048
5426
5036
1929
488
931
1565
373
1343
191
6047
461
1826
1360
537
552
1154
719
930
5993
513
529
4453
601
728
3585
674
4352
2369
1567
7443
3761
42
583
3875
250
3111
6159
479
1185
4650
7937
859
1614
230
1498
5643
6367
1984
1014
2992
2699
673
1206
644
2799
1705
3600
6352
5249
5060
944
7334
3716
94
345
2750
1968
1409
1404
2222
2021
1075
1019
671
2475
11200
209
1418
2743
1380
5254
4245
2876
1825
7664
2352
674
3488
407
324
348
1327
138
1421
7780
3195
185
6167
7960
2411
6092
3838
1330
2348
207
512
4506
5433
25
2864
4960
1945
1241
2473
2498
1462
520
2615
2387
1777
2262
2406
1745
3192
4769
521
1411
6419
1273
1953
1081
2210
2701
323
5782
1210
5335
997
774
634
1331
283
2895
2459
2872
915
5620
1950
2848
950
3190
47
435
8328
1865
5921
4057
2624
2740
5847
205
929
2435
4885
1121
2767
3514
153
1860
1081
161
1514
3087
3555
2553
1431
2399
3769
6515
12911
804
5362
1486
1690
1033
2138
7709
2053
221
943
588
1400
1396
1229
3691
1422
702
2240
3422
575
294
1053
382
4481
1911
3555
5490
1814
2007
2269
640
3820
167
6456
4356
6324
224
23
3673
3641
3966
1189
1541
776
4301
14
1586
4757
6761
2615
2667
159
886
3381
141
857
674
2743
7179
717
9084
477
1939
918
2148
896
1328
3719
3290
4507
867
1776
3043
3209
6425
4620
1893
2163
538
3119
3314
137
10419
7734
3903
1029
828
1728
1757
5280
3768
26
1679
4662
4905
1691
792
1600
215
2981
1468
2737
1541
1393
1006
2596
2861
3182
580
5082
1099
367
420
7289
729
1179
969
3852
3715
3239
794
11322
61
14589
504
1195
3946
1192
2799
2941
1501
1122
1785
6291
879
420
3756
377
6621
1101
710
4482
1665
3198
3336
5341
1436
420
7297
1057
385
3819
111
145
1049
3006
4086
3552
8585
5602
121
4469
9754
8507
1742
616
3580
679
1463
1220
473
3429
1766
2523
1076
3184
199
4519
100
2102
1893
2209
1657
4904
319
1566
6692
3952
5184
1227
1248
2213
5121
1202
693
765
8399
1690
5407
1938
941
302
6119
828
5913
2522
2860
1051
2684
2169
5099
3238
1507
2829
9054
2324
1492
7
3098
8435
6151
2833
598
3740
693
2874
816
3561
294
2040
3474
2636
230
63
1395
5357
1543
563
317
882
1854
1505
3947
1891
92
1701
2932
74
2574
6273
173
902
2481
136
4192
3072
1823
6796
4987
4909
1312
3455
8515
1992
1614
787
35
7503
2311
5294
4507
437
1251
4804
455
529
6261
8052
196
1428
4238
8494
3788
170
354
2752
562
53
2163
647
6412
878
6859
8384
896
1245
945
429
254
1624
549
2738
2800
1482
872
1087
8594
1767
1369
1990
5137
1899
3638
3081
1683
734
2908
1214
4551
1882
2033
2594
1186
503
5193
7364
316
1553
3092
2751
215
2775
3585
2791
1306
4075
2688
2435
881
60
427
724
2086
5240
2523
2509
2807
975
6204
6662
1213
4715
306
869
3019
1741
7349
7321
2190
40
2703
8675
5921
11152
1526
3139
526
2373
2775
59
2220
4055
1789
388
5035
64
776
1436
6921
968
1433
5410
6017
861
2293
2653
4330
5498
5182
5767
5530
96
2851
245
3192
1228
2355
3219
5980
8216
6675
1942
4711
3719
1160
4390
434
2431
3292
403
1881
458
6499
983
1016
4453
1601
12
201
2033
18
5399
11
708
2344
3257
4362
3111
4778
131
2235
686
2933
906
4321
1740
5652
28
849
2674
3760
2624
2290
8991
820
2766
651
7217
1405
7005
1909
199
4963
601
182
96
2879
502
408
348
7655
2471
995
1397
5930
1727
7696
2395
8287
5484
1196
1979
1859
875
834
267
4491
67
188
11
311
837
61
218
2139
307
4454
8281
3092
2359
3170
2212
2093
3574
7978
407
5824
2679
1346
2635
511
4842
72
1495
683
5231
916
1033
2907
2106
1146
2185
2114
2194
2138
2932
2616
3803
13346
6306
6328
509
8319
3625
3600
2006
766
1489
2205
1910
2020
4337
103
1244
6082
1793
2547
732
3120
11125
4382
2165
1193
270
9175
5243
160
1895
1759
20
448
4226
4112
1542
6114
284
291
5670
3096
2991
110
1924
1441
942
4651
3261
2635
3770
1890
4291
2081
3084
1782
1289
4165
954
558
5725
3294
189
1267
6987
565
2501
594
9165
8531
3456
2839
102
1601
7914
1359
2007
7562
678
1036
351
5233
3609
4253
71
4927
1574
25
5596
6141
1411
1563
372
19
3448
3205
984
2328
651
4992
4735
1479
694
3577
7051
1809
1207
4086
1366
1446
1555
798
1583
2920
439
2342
5561
334
916
1864
2970
1509
3421
293
804
4022
2386
832
12459
134
3212
34
1081
157
1199
6209
2295
6253
1763
719
724
55
391
1362
338
1048
77
2372
395
1234
154
685
4734
1886
554
2063
1778
1981
15280
2903
5088
1290
340
1850
52
1640
3957
641
45
221
2657
647
1037
12094
6680
207
3749
1526
1032
1427
1804
133
2536
951
705
15
1319
534
9231
307
2526
339
175
2739
178
101
6041
3766
1709
3646
1327
3380
1735
1195
2682
7527
60
4298
2
5686
1041
341
8472
1831
6032
2084
3969
3684
753
1173
708
667
6431
8341
1047
2596
459
708
1129
3691
567
698
7346
20
1390
4432
1517
2129
5220
1565
7022
3132
3402
1919
4934
928
6305
3598
3491
1094
2013
3150
6549
703
1091
1926
3773
1290
3515
3990
3528
467
785
2838
8293
1379
1511
610
6422
4198
3435
492
1300
925
391
70
2506
3594
517
1544
491
5425
673
3140
7097
617
676
2719
416
6356
4263
3340
1276
76
579
1643
2786
1143
2720
5680
12995
1218
28
686
1151
340
9279
6905
1756
2704
1624
3623
1163
6830
772
1779
2528
6299
5014
98
1554
4228
3123
1033
4139
1010
566
161
500
310
8
204
524
1860
1170
5249
2445
1690
338
863
1265
17415
3063
582
1186
771
7214
3243
179
52
4191
5684
1490
5977
1115
2965
1235
742
21
3278
2252
12094
5796
1946
458
781
1824
867
1151
2576
641
2765
1391
2521
7454
279
2659
4379
1086
3893
2225
212
875
874
475
460
391
1880
5198
1917
4523
598
762
2687
2886
1492
631
5423
1670
1151
1507
385
951
174
1415
3041
2558
974
6847
3564
544
3362
936
196
494
4266
839
4118
2308
3828
593
3308
803
90
1388
3923
8058
510
1365
1488
1841
15976
1588
7982
2086
119
2095
803
4678
2368
3844
4113
712
5480
2277
4838
1676
3397
3178
2641
4419
1783
2289
8019
2416
6663
6349
590
2122
2780
892
1373
939
1047
1679
659
9626
2166
6038
3445
15899
758
7631
3489
359
1692
2163
10518
2915
1055
3015
895
317
2394
432
5641
3630
682
1081
2132
4697
3456
1697
3648
4182
2553
1839
3942
1016
113
334
414
695
1998
2708
738
7138
5462
2002
2745
2947
3734
177
583
658
160
4267
3061
4156
5424
294
83
867
382
5685
1647
1018
1938
3106
4265
630
98
1014
2484
4811
1675
754
203
5960
3144
5011
4908
1622
6914
896
342
374
6156
2906
1327
6012
1986
2761
5437
2934
829
2143
1692
2536
464
4536
4129
2214
240
2681
6366
5866
4164
3597
1183
750
3867
4296
1554
1074
621
5318
1642
3370
3096
6457
85
1923
6334
622
3786
3818
52
5768
1535
113
2008
3
3163
392
3884
1778
3207
409
2142
46
1094
386
1511
604
3911
5556
1232
9231
6227
2883
2774
679
347
4874
720
13276
862
7088
1608
2537
703
953
4630
6885
6441
3677
2381
1980
40
4177
2179
1663
1922
4491
1139
10736
5297
7411
4656
1092
1249
6066
7464
5096
3028
1157
1290
849
135
5150
9322
1103
737
516
1368
3727
1159
287
4570
224
1364
2486
2978
4783
758
2025
382
1967
746
14733
3145
1768
3158
4848
881
4130
1153
5736
4117
89
1616
2319
205
3626
259
391
456
5343
427
4226
4726
842
3130
3625
3809
4339
592
9446
2757
1623
5844
2169
2487
6106
6118
1782
6532
1848
9710
12178
8017
2061
5301
694
2260
2439
4713
5077
880
1763
428
2745
1120
7811
1190
195
6823
4774
760
10469
390
260
12471
7919
1206
1755
184
580
3207
2303
1240
1006
3516
2562
581
976
5862
1471
23
2123
1377
2518
815
84
37
1108
581
345
3220
1328
689
1983
4168
6893
4230
273
3581
24
2083
1398
1916
1358
3356
2056
35
9511
4683
596
643
587
1163
1777
50
653
4665
3441
2375
8747
551
1580
715
3245
418
1360
1465
1615
684
1469
3563
2782
1512
734
98
4699
3957
6939
2722
1030
796
1280
1971
1032
565
1825
1738
4825
858
2604
3823
636
3611
2812
3150
6584
9506
8769
223
2194
1360
4392
628
4105
3232
1326
4999
2217
97
477
2374
489
2977
2438
2195
1693
3227
1939
1204
1488
1578
4381
126
3004
2685
9400
3861
4944
31
3136
1889
529
2224
607
4615
1865
2326
8783
2716
259
3917
413
4951
258
1797
379
6040
545
7556
2873
12
1069
134
2854
4560
2081
6608
1094
747
3175
4821
704
2538
3342
6905
2102
1923
7124
1342
515
3275
2510
2573
1097
4655
1879
5900
4139
1762
1777
5246
833
766
2947
2241
997
883
909
535
3963
1834
3168
3028
426
56
81
1319
649
3389
2665
115
2388
3779
1803
407
1394
643
1116
3243
2387
2071
2032
177
3385
5167
2905
3258
4755
2106
2126
1503
1085
1700
243
499
127
937
761
789
1637
4833
5154
1588
938
2062
10750
891
258
1221
5462
2069
6968
2631
1163
3411
2086
1773
6553
10247
837
102
1182
6523
2356
1780
974
1291
3008
6423
1189
2771
3239
1682
4954
376
2152
1049
384
5166
9647
4546
455
2378
1167
1389
4987
2577
2177
396
625
1458
1452
1720
489
2565
585
7641
2989
1695
1644
2892
2037
1340
321
7960
139
858
463
1086
6470
3491
2248
513
2540
1041
2455
6713
2389
1714
1348
3046
285
5912
81
967
721
1908
754
2367
1827
1953
8722
1662
2192
3323
1096
766
2637
442
670
1937
4779
2376
1359
3640
570
162
6986
6834
1678
8220
44
2141
483
422
13294
5763
167
3006
1101
9732
3406
74
264
2387
1690
901
2778
108
262
243
673
1078
1935
1182
637
1606
2841
1523
3037
3149
3208
3586
623
853
976
2795
3196
4142
657
651
991
4751
367
4675
1009
4452
4811
174
3999
764
1456
981
6271
2214
2973
1634
322
1231
6672
288
75
496
5255
1282
2344
437
226
1043
6479
4216
4061
4983
106
1886
427
3634
2064
340
893
781
1415
5870
390
1073
1004
6123
1349
205
2467
903
1193
240
2882
5521
42
1059
1213
2320
608
4493
3629
1663
244
2102
3568
1748
327
8669
704
589
2372
1330
1332
1606
34
932
3050
2534
837
8582
1200
2205
556
195
3534
5206
6521
1965
170
1473
2140
5649
175
2508
2122
4140
4439
3043
3611
23
4150
1639
2363
4801
5796
145
6616
875
2598
507
3577
5508
2406
2000
2848
81
6514
1068
711
2330
3020
3375
1210
1402
8212
3030
256
1653
2142
3204
994
6436
3827
1345
2319
603
2355
7469
5239
5461
4692
5210
2247
5684
3731
1155
829
218
2506
1315
1166
2432
1385
645
1261
371
1864
1431
4546
6725
1250
1744
1840
677
325
2625
3567
2049
1009
1822
1429
252
4713
6451
2533
490
925
858
3967
661
1682
823
741
3950
2314
5138
13
530
355
2353
2918
744
1842
1645
2409
564
1966
6591
103
417
6683
6980
3568
3807
1954
6877
174
5899
4893
3460
4137
1536
1840
4239
3601
3284
7033
3625
494
4667
3777
2206
1612
298
726
81
1566
2181
5924
762
3674
348
728
2886
2595
16
131
8475
2541
1418
1242
2638
5771
657
9452
119
1113
6903
1410
2444
4439
610
2448
2582
2384
1214
605
1426
1445
2200
434
7997
494
5180
3976
748
4686
3976
6001
5875
8338
407
1438
2136
6455
1303
367
3949
2711
11459
944
1249
7474
5418
4606
861
3437
82
541
922
6122
4635
1110
837
82
2485
6602
3582
1608
1043
1038
1263
12006
6897
6181
1781
562
3150
2463
6093
1851
1103
2483
11463
375
1021
1896
7322
1874
4688
428
2261
1809
7157
9252
255
3594
1711
1929
830
1300
17
2378
1944
1566
1085
809
570
3259
206
7677
5074
1584
1451
1849
5767
1701
187
1868
3845
838
4461
3184
818
1507
482
324
398
227
4300
502
7771
423
1759
436
1196
225
1716
21
849
1608
127
2894
1008
2729
438
434
467
2468
3340
4237
3418
2467
4355
1855
4475
1138
812
2314
194
5508
877
1427
1
2265
5330
3397
1137
58
1
5853
4532
131
1669
3606
3188
1138
363
1203
1295
95
7124
1648
3030
10
1161
1563
4530
965
964
1124
2899
364
4294
1997
95
1275
1151
4373
1908
3329
5547
1257
229
144
878
191
7765
421
2358
1575
2516
704
1221
5291
2010
3081
3056
4413
1004
778
759
1455
5645
1685
3379
250
4129
2040
172
3992
3303
2667
823
1253
1559
2098
6787
3018
166
5492
233
2075
6317
4295
3181
2401
1723
3956
526
1191
839
2479
1262
3925
1523
1801
3059
3590
37
74
440
900
1908
10219
210
7936
1722
804
6286
1093
3525
1033
341
1494
1971
223
616
819
3430
3
1798
4651
2180
3839
1177
1486
1099
2382
3501
610
3494
3534
4566
6546
3222
2237
1030
2166
3740
672
2641
883
872
2720
1032
1290
10461
3499
891
3829
1206
5013
2917
482
4797
938
228
2912
654
2110
1526
13640
352
2610
83
4167
158
2933
3169
8917
981
4354
788
885
861
902
763
1665
1605
277
158
1530
1315
1299
5776
146
3788
320
3937
650
120
1956
797
11420
12397
1634
8512
664
7130
5320
1450
1878
385
309
4648
4130
3708
1247
3679
930
1839
175
2395
216
236
2876
1574
3315
2480
95
615
1986
1738
4410
4395
1220
6322
2456
1114
1238
2425
1489
1953
2331
1182
952
1546
3595
844
2489
1487
1200
85
3907
4096
2341
1915
278
3358
7286
7795
1215
564
234
180
984
1508
16157
3077
1645
2856
749
3273
2125
6100
3218
4534
816
5659
4898
4
1917
3386
420
2420
1020
8369
2346
3588
843
5637
956
1818
698
3090
4509
5477
4497
2650
1571
1864
1529
2240
285
251
1894
2205
3698
508
1442
431
4555
3367
2707
2871
3101
2729
163
603
2083
1721
185
834
1385
2091
470
443
227
3521
1212
1093
14132
1756
723
4220
1182
3227
6537
1231
2201
878
2640
5684
1105
309
5306
561
4249
1620
2926
1580
2226
14396
2484
4240
1358
1672
2662
1688
2772
1742
6667
522
5842
3991
2652
2595
430
2093
5382
4782
1654
5706
1295
1286
3474
4231
4884
2136
3829
1313
212
1916
964
2885
2069
2297
3506
3327
4425
42
4516
3551
714
3222
328
1832
7940
424
3082
4859
259
3189
4577
4067
383
3379
9424
4608
8629
8494
10246
45
886
2849
68
2720
246
7382
2081
2682
3363
10358
636
3588
3285
1791
2155
1119
883
2206
237
915
3241
114
987
7414
295
3717
1274
2421
3447
4485
2209
2411
4165
9308
1663
6005
1576
2911
877
1342
1153
8369
4646
3561
276
2526
6296
773
2224
10722
1232
3976
879
4568
4975
8527
1477
8780
1239
1141
3950
704
1996
2225
1862
3600
4813
1292
247
905
4254
2194
1804
1630
45
2043
804
6761
4053
3098
3603
812
5308
1020
134
1041
3348
2024
332
2793
2274
3526
1417
1276
5332
1957
2048
353
7905
1889
6548
1103
185
4100
2953
895
4032
271
1936
2539
3899
3902
3377
378
671
2475
5450
1855
274
374
536
2240
2794
10436
5814
1139
7279
2183
1190
271
1516
3430
1418
2068
1643
758
2384
46
1584
1757
2030
1268
2229
286
1633
2559
752
1334
594
572
125
1964
760
2768
265
45
4554
1632
2966
456
582
2050
1346
3811
5474
100
2026
6461
884
3573
2444
1998
252
9688
6542
44
1162
930
3033
6740
1515
7544
4551
6398
159
1145
2648
397
1021
3176
2188
1320
372
823
1662
849
4994
328
344
3471
1770
1783
5781
4152
9924
1549
5877
2592
2956
1839
521
3148
1096
791
1572
2148
391
182
3920
3818
203
3614
1034
2786
23
447
3316
3376
1733
865
6428
505
6794
581
3610
1994
3026
1263
89
6772
256
367
4232
1055
1698
1568
2325
508
1623
2422
2112
1603
1340
1047
9614
1817
2264
2894
237
4990
815
2765
351
2590
217
2328
5152
1801
1751
16258
592
1006
825
368
484
6260
5411
6240
2520
825
341
148
888
3925
404
968
2528
782
451
1585
1950
1412
761
7323
419
4199
432
1461
1051
3380
482
347
1531
12921
3580
6118
2656
5382
4971
1889
6805
2175
335
266
8446
362
1875
1065
5931
2858
2148
1689
1915
2619
293
857
4320
459
5987
2571
2654
1055
1244
5217
2562
1389
1735
2586
114
715
480
1020
1374
2698
213
5523
2450
5876
936
4113
539
1043
3150
1447
301
1860
571
2688
255
104
1697
8918
1684
4290
649
1181
11163
823
4013
146
3189
3832
3107
3662
1017
1392
10554
1578
1282
2061
2904
3296
1837
1888
12083
2984
2273
1630
1753
9317
2148
3609
994
233
208
2852
6847
3462
1919
71
272
964
2521
292
4645
2089
637
871
2738
777
6495
3070
3097
2356
256
6331
4240
12349
677
1550
824
584
1572
4030
23
613
3956
1556
3344
3862
595
1264
5122
3148
1408
10727
1306
2020
2871
5176
1754
795
620
212
106
4254
1521
43
991
2074
278
2637
930
889
2652
3304
5024
3565
9069
60
1365
411
2483
756
737
1989
1224
8878
653
1375
235
3066
1361
181
1070
2574
1456
3034
5230
409
825
4750
5016
2977
2028
100
1922
9284
3987
1341
7435
845
1636
1338
945
922
1765
462
987
2021
415
5574
1459
3720
159
476
5759
2265
879
3933
10425
3603
1170
5866
713
7986
1300
10598
1067
826
3426
9991
1491
2669
308
1160
10434
2044
369
3801
2974
505
1329
1407
6314
23
396
2502
936
343
1423
632
539
8608
3904
2604
2636
1134
1390
80
1833
136
1369
1109
3069
391
5376
4520
3827
3839
2059
818
2322
2005
12411
5188
4992
157
1913
803
5219
2375
688
664
919
3646
2140
8622
1873
398
651
3491
627
5436
3250
3761
5331
322
725
2344
2523
6080
399
1973
2782
25857
1191
2097
788
2517
1338
2760
2024
2349
1884
2217
1115
2610
7573
3117
9229
554
4469
5405
922
2650
2330
2071
7615
2740
7243
3807
971
2764
2240
9897
2891
1453
1809
7040
2386
638
5936
1043
10577
76
291
421
132
2714
1322
123
1451
6445
255
2217
4806
441
6284
782
57
1103
5069
280
2207
3304
3600
3153
3133
335
4146
3696
1244
2323
2246
182
15
2158
2816
1590
1007
3389
603
6652
3571
9820
1371
1992
1716
4427
1411
1420
1548
1644
309
1590
2400
1083
3333
816
992
484
6972
2039
1325
2866
1204
2450
11240
586
8180
1102
2441
56
1468
2188
659
3832
3317
1341
1129
2256
640
2940
614
3652
2250
4223
2803
3008
2470
1743
2332
4757
1648
3609
315
2829
950
6384
1097
2866
328
749
1283
282
2489
3017
521
490
2379
3797
1502
3304
258
2045
991
391
2976
2917
1609
8503
4359
9486
1680
397
175
2749
1656
2604
102
1012
1072
1760
3290
2251
2190
1073
1530
201
2379
2112
1934
607
6908
2953
4519
941
296
467
82
1405
2922
2279
2965
2708
9919
568
1352
1749
3470
1742
1107
1640
2623
4427
3045
9472
2202
1624
948
56
725
3081
1609
2747
1541
718
1206
61
1379
2324
3304
1068
3593
8798
2376
17310
4059
235
2505
1790
2178
6415
2390
1061
5930
4402
1684
1717
3083
225
2651
5335
1962
4365
935
3854
585
6749
1661
2427
721
4341
2046
1971
1021
542
4713
1047
5136
4239
5028
1840
2335
2757
289
2405
2376
3034
2795
1426
77
1608
1275
1792
544
3274
4842
570
1211
2297
2858
623
147
2149
707
68
1201
5187
2837
2462
128
188
4172
5369
2659
1727
10429
10719
2588
222
3687
3957
215
4474
1166
1933
3814
2418
4646
1865
1102
909
1163
267
433
3552
1527
3255
1439
34
717
79
2382
3042
7472
4303
4265
1576
2838
504
1561
3093
3531
1021
4484
1919
3753
293
2904
4729
3507
2121
1228
100
3571
2167
2457
1211
1422
8127
6132
1119
666
3799
4075
4519
4442
2677
928
717
1378
7308
156
6649
7
1889
955
1730
3950
1891
206
331
882
2497
5129
132
1349
8234
1494
82
203
1246
2744
67
3185
3188
1711
4416
69
3306
382
3980
2898
3030
4767
2259
180
2659
2563
947
1150
4437
4083
2550
3758
947
7765
9284
2655
3538
5733
4439
6571
4281
914
2575
929
5024
353
1696
604
551
517
1598
2839
11563
6830
6921
5214
2447
730
3244
1666
13
1794
3834
3458
20
5505
1142
2202
1646
5622
3824
738
4112
418
10121
694
2264
1857
2132
10603
988
1868
5731
2248
1275
433
9712
241
3993
137
1233
5176
3681
2116
999
516
566
3319
750
2430
5637
655
198
1360
2656
7437
97
1893
2873
3383
4000
726
1036
2248
896
1756
1754
46
725
313
5149
2608
686
1560
3670
1377
4726
2235
1271
1723
146
2547
3918
2859
5660
770
358
6242
5776
4782
736
5733
965
1682
4178
2217
3408
81
2782
971
2309
121
6674
490
1831
292
3677
1534
1636
4839
2950
1746
218
3910
1242
520
3303
1483
1987
3854
1761
6066
298
247
223
2954
4248
4328
608
476
935
1533
2280
1879
1192
8205
441
6367
6696
269
2779
1044
4350
1617
792
1388
2908
3208
2387
2255
1324
6506
2982
224
1352
3537
7608
3819
2704
93
8731
42
2537
4
4341
3846
2491
460
1545
1118
354
18
4707
2885
1981
6255
2932
1154
2310
380
1054
3095
53
2081
427
512
1843
1406
2348
3538
2815
997
790
5566
2760
1740
8756
5898
659
5575
4003
211
6652
3239
2593
193
1798
8918
233
3466
663
3692
5816
3815
1408
4557
979
354
3047
2418
1657
660
513
852
661
1675
2117
4585
20
1649
4358
2596
72
1156
2129
2888
1840
9156
951
5314
2325
2529
1815
716
1309
6
5021
4349
5886
3032
1101
327
690
4632
4278
2254
2147
4305
1227
8182
4629
4763
519
4042
1707
68
7618
1977
5220
763
321
265
603
1281
1905
2087
3036
39
4186
1772
1024
601
1972
1233
354
483
2751
842
1013
1475
110
2832
2008
149
2329
3927
2786
471
3194
3441
1742
404
1000
5154
459
1590
5471
2884
6120
3760
1108
3046
530
4341
1658
12
2866
2618
783
192
7098
5524
2116
1625
3232
276
512
2201
6181
2995
352
287
5192
5388
2020
5859
490
322
4600
544
216
1097
5112
2305
1929
1485
518
3764
704
1086
3672
3328
780
2807
3626
3486
1321
3250
1468
2741
549
7851
1579
3678
2393
4201
1068
514
307
679
464
4069
199
692
1519
388
5920
97
2514
1689
1304
2268
1614
2541
2898
847
4296
7710
6202
4434
6291
1057
3604
1469
477
963
3099
17527
1379
3728
1532
185
211
523
3717
2597
1659
961
2572
1082
4497
1379
772
1036
1677
560
1211
2034
116
980
2147
808
5517
667
2100
258
7597
44
2081
2653
1661
1983
629
2803
5669
1546
2345
2317
4799
159
2716
140
4832
4353
2195
4002
4859
1047
2938
4368
7181
755
946
640
421
1532
8135
3395
19784
77
340
206
4630
5932
2765
1821
2341
638
337
78
870
1902
6410
5066
5331
3738
478
124
2954
4507
999
2878
1604
3342
429
4220
5320
5781
864
379
223
1939
276
3981
1661
4392
86
690
1181
3070
2774
798
3549
25
3836
2246
672
2129
2943
1216
2901
318
2360
2703
2303
1150
4753
1128
2742
179
2023
586
5645
1157
4485
3922
987
2380
1018
1083
5613
8763
1907
3733
2798
274
2371
7620
1478
2292
2306
2020
392
160
1234
128
4059
6
4279
487
1425
2838
1398
466
5131
927
3672
4555
1244
579
7145
1680
2365
2464
3429
1063
2404
5379
2686
793
1494
1449
851
1708
415
2493
3325
6373
2429
2918
2332
510
2123
137
15153
308
371
3700
185
11827
1944
564
347
370
331
18
1429
6978
2413
7753
557
427
2762
2443
882
182
3046
4423
3686
5373
1685
1259
2051
2532
1723
6021
2145
1672
1226
3357
1185
5956
3095
5673
2549
452
7564
8456
4898
627
2337
1372
2339
1257
4306
10736
1634
497
2354
382
1403
1625
7188
730
461
695
3925
5760
1661
839
1355
6137
1308
2191
7270
521
5747
2806
714
2012
1570
3650
1883
2403
157
1864
6683
50
4495
115
279
1053
5
219
172
3225
3260
2313
235
891
7
7236
1216
7227
1551
641
9854
6822
2396
584
327
585
192
6226
2476
2893
4260
918
806
3366
1359
2155
3451
319
2916
2587
3673
3121
2614
5069
2059
1472
3331
6319
2706
2494
2418
916
1499
5168
5392
2428
272
2173
6428
6786
1122
7
1928
5640
697
6427
425
3177
2726
5454
947
3061
2107
3453
574
2245
2160
5141
467
1430
3494
762
4102
843
1446
1474
907
910
3718
2659
1195
3802
6422
614
2107
20
3897
3087
259
7304
579
677
540
5694
2388
2875
1222
998
4605
4697
3060
159
154
547
11062
904
2196
6188
4134
6145
630
5441
4458
1058
1980
9220
5169
2623
5083
3333
4325
5070
3839
1230
671
4040
2144
3456
1373
1207
2371
857
1615
2727
922
8814
6811
829
2307
387
8733
733
4634
1013
431
3767
1347
2577
138
2683
5021
2460
11709
2071
16953
1303
2359
328
4643
6826
1341
5821
300
364
103
4790
567
3834
107
1544
633
2139
1733
7644
67
187
789
1698
1455
8789
497
4672
364
2653
6193
2916
4305
370
3528
2079
2497
788
63
4649
2769
161
2406
5963
1014
352
613
838
4294
2242
2693
5591
2216
717
760
5977
4255
800
5133
942
945
5769
325
5655
1603
4203
1271
348
10403
857
21
491
710
1668
3596
7132
2826
1031
688
944
511
4641
6200
5464
11443
2956
1254
2252
11
679
4166
5150
885
4722
5431
3429
1251
2736
4029
8
3491
315
1327
292
737
2264
1343
5034
2249
1294
1651
92
4000
512
3334
402
3335
888
2105
8832
2530
252
4464
5223
88
3721
575
125
1133
6272
2906
1422
181
2327
2010
2498
3036
459
64
3903
4506
169
3229
235
317
364
2962
1410
5091
2284
1909
2253
5570
628
526
215
968
151
1052
463
356
1895
122
266
640
2506
1105
145
6754
247
297
1943
4632
534
580
2385
2720
10879
810
365
2910
1037
4449
647
2006
928
1898
2972
1097
661
891
198
4559
14771
3571
2556
1810
1499
2274
1130
233
7826
10274
10062
2997
1511
1443
6892
23
2676
612
3922
311
4178
3121
7284
7243
1275
555
4122
5867
240
665
1442
1060
2067
284
107
768
1496
4702
4629
1942
2340
1334
1767
190
12470
2196
1416
1357
5643
2148
10777
2167
1555
3315
403
921
1345
3442
273
1212
1280
11627
2815
1486
680
2093
353
1052
2985
1138
7100
2902
1933
654
1456
3211
6214
6467
1471
3941
996
4041
2993
4862
390
2591
1142
209
7134
1080
70
348
4264
1022
793
2883
3836
1832
25
2258
2426
5018
581
650
1163
1067
4264
2819
951
1886
9678
6637
5665
2536
3123
2098
3061
1794
1609
745
2525
3009
2040
1290
728
1427
3829
5612
1542
3720
507
3368
5957
98
1664
6467
2643
1786
1042
718
1839
442
92
3485
6908
3944
4707
6348
5283
12607
2572
443
2236
364
700
3047
587
3491
1753
2184
2587
2815
863
3835
8573
6593
143
5
2055
1466
561
1846
3696
4225
1154
493
2167
5238
110
160
340
5640
2938
433
113
2976
6555
626
1670
5711
596
14095
5503
402
256
3724
2239
828
504
3976
469
6972
2483
4355
707
2021
1483
3238
2690
1837
3077
245
836
4237
3816
25
1808
395
980
3448
250
1449
715
2222
1107
3528
1859
2663
5874
2640
1517
661
411
2415
1556
7250
2247
162
3001
715
1675
1610
1313
551
4245
8253
8364
2096
1442
3745
1161
3224
4979
2130
3173
1522
599
192
1943
4369
3679
4828
2173
4492
2352
1848
871
6017
7660
8759
989
2569
3871
875
630
1048
1660
860
217
7028
1564
1884
3228
1924
2073
2559
3571
71
840
598
2167
2516
350
4440
1728
14880
2512
219
2669
2733
4514
2781
813
239
6440
3715
4360
1903
1588
1123
2052
855
6476
28
6514
1624
988
1251
1800
5811
561
2296
1906
2095
2903
707
345
534
6796
188
888
1713
1004
7794
1204
1378
1242
91
589
1065
905
2608
1527
94
3028
8471
1773
678
3893
100
3075
3045
1945
1005
2684
445
3071
3276
1646
1071
85
1081
93
3952
2726
822
7925
2106
1099
6702
6025
5429
7829
1853
8
6167
703
362
3776
6476
8172
791
6547
806
956
723
1270
2259
1767
5568
481
3555
90
9023
5608
228
513
1101
1517
234
2643
1587
578
1966
1632
700
332
75
3448
3541
3784
12480
1316
2882
2348
2170
1293
1788
6575
843
3016
936
3194
178
466
6276
7027
2088
4048
1714
447
2908
2
10627
755
2797
1603
2208
4356
763
3182
5902
2971
209
5611
845
5765
1981
259
678
16
1825
1309
1242
468
1342
345
4838
2463
1265
418
4312
1543
2284
467
361
7528
8317
183
1463
8334
3156
408
74
2016
276
2669
3012
886
3482
163
20891
1987
7531
1734
3252
2254
7559
5422
2420
101
1839
1387
993
969
2973
719
6361
818
304
5637
5134
348
3160
4753
8682
868
1789
8966
1702
3267
6838
4408
3980
54
400
853
788
220
1082
2237
1095
101
5097
2953
55
818
1653
5639
4970
461
7593
4558
1968
4586
2116
4964
1184
527
8127
1919
1252
1881
295
4094
3605
5820
3879
496
3947
4478
1719
5241
45
5688
1540
4765
2434
308
301
10123
3801
1329
1570
2808
1702
8976
767
155
5719
3797
403
3401
1578
6965
4070
1059
2154
5189
8616
3199
4228
3514
1212
146
5137
1902
2242
93
2084
816
7950
455
348
2931
6775
5641
3954
3618
627
1680
1063
1883
3837
519
30
230
3281
1077
1521
3764
1404
1455
2208
2657
3653
2629
544
5246
14399
1607
6353
1395
4257
1467
3649
32
5125
3783
8719
5188
5128
2901
1659
1799
289
6775
2369
2045
370
863
1303
3325
6121
1151
4550
1546
1569
1401
1464
2515
1180
1282
1560
289
2444
2698
2701
649
579
1710
2165
4138
439
743
3773
3598
2161
1922
305
13676
473
241
3171
3444
3803
1748
1204
2167
838
135
336
6842
2404
491
280
6097
3554
1444
1058
844
3131
8443
2046
123
771
3091
731
3575
4489
2778
591
2149
1370
4392
3015
3431
446
3433
3094
165
4689
368
1552
4708
3376
955
1179
537
3591
2758
1739
1728
3473
2640
4495
554
2162
3452
262
170
1102
2823
599
21
6177
8049
984
4837
5375
598
6314
603
50
1136
1093
728
195
2585
2143
184
4290
2324
4959
136
708
2472
5415
640
1828
3808
1030
2091
2379
2890
1678
6804
4918
3312
3412
5030
7714
1361
1572
2164
2931
1726
4949
3110
2353
10634
1042
1515
2351
528
5088
2437
1780
3900
3764
3500
9308
2128
2841
3717
5256
1402
5319
485
6090
583
4690
900
1357
952
6066
1669
159
1351
1141
155
82
2434
7506
1012
4099
1363
5277
69
1231
3933
4569
616
4484
2113
3966
296
2427
159
503
329
4664
3811
1117
1421
4987
1980
2654
16306
2578
1690
6993
477
6526
989
486
2134
4631
237
2427
1232
4185
403
295
731
3249
1553
1999
1738
174
978
370
2370
90
1667
1160
4651
1903
3132
2460
674
3594
648
542
2598
3672
2016
5053
175
250
2253
1864
347
4760
2794
12367
472
4494
10424
1838
669
3281
1280
6180
1682
362
3073
9298
149
4356
170
55
5932
334
3052
215
7032
2073
829
3563
554
403
885
751
2298
646
1084
1811
901
2597
453
687
543
2588
5153
1377
84
3427
1883
8689
249
6700
10971
615
6882
4909
2403
1055
1174
12424
686
2991
144
891
8138
400
3271
2680
1286
4576
3598
4410
1285
1008
76
96
3566
5398
185
434
2919
5136
1286
2573
4318
1886
5798
1442
669
3818
335
85
400
1345
2018
3416
123
1628
2738
2022
2484
650
46
1891
2530
10212
6074
6352
4799
2728
4717
2322
1669
2371
893
610
5133
6658
866
6752
1087
3302
1882
4371
1528
417
3597
10637
2219
2885
3796
1623
681
1054
2770
11798
1082
1770
2023
5778
774
3547
5948
430
330
5860
283
324
1751
324
1887
1259
13750
1404
4296
6246
443
158
101
2416
2670
5547
218
2594
7225
2874
873
387
1198
2356
7159
3246
3747
2784
871
1688
2473
768
6968
123
3050
4013
3847
4396
4332
1217
2868
2926
163
1225
2925
1203
2807
3099
3398
3153
932
1160
1295
1030
1524
6513
672
322
75
3084
2863
38
2797
345
549
2067
4544
493
5483
855
120
1072
1680
1602
885
153
4512
2201
483
1859
6974
5610
1026
5065
2602
5476
2894
2113
1795
10316
929
3469
2704
1224
1207
7044
1340
2037
4038
1447
5202
168
2431
2482
4351
1904
3259
397
412
14
7152
3609
842
3519
764
2730
2794
672
2028
4578
1508
2374
5139
1128
6537
2183
1198
1724
1920
505
646
3180
2040
3266
1205
8777
2482
1701
1596
75
1219
1289
1430
75
1
1342
1287
2298
7218
50
1671
1227
2752
2686
692
229
782
1190
4893
3484
17084
1002
2155
1777
6600
2875
6430
716
1102
7824
142
2283
1944
3415
6365
3101
2408
3276
5844
1815
1490
567
3604
2746
3847
3485
296
586
3210
2452
2841
2208
1795
1380
1796
6475
4622
2282
1977
1769
1157
557
386
114
5636
3367
1091
607
4553
323
2530
792
1761
701
1629
9960
543
78
2065
2216
4091
547
3731
8700
4021
1959
308
23
1312
803
598
1613
1136
4323
2612
1853
4324
3634
7920
6288
103
1709
4677
1944
784
1314
2112
2487
5324
2887
1065
644
453
1245
4155
3930
1986
933
1171
3113
934
4964
1055
1231
1775
2445
7691
1735
3843
5602
11461
813
5878
71
1202
766
4420
3710
14
728
3182
636
3297
3472
6914
1465
4527
3624
255
4430
852
4209
1672
6039
1774
17
60
2997
5082
2729
5254
913
612
4409
341
1758
4213
188
1446
161
8159
947
2864
17781
2219
1988
2926
2704
7618
3931
1419
816
188
1574
624
5458
1572
7631
1420
3753
1522
85
3795
1084
2906
337
1834
18
1928
1343
1091
2180
415
526
1085
2299
20
1797
4355
3283
3931
791
4907
5819
9464
8588
8127
1308
2393
1873
3130
2874
1607
512
3572
2306
1159
897
3276
42
10523
2919
1799
263
3621
156
978
4942
1264
4272
3624
12461
5348
1864
2990
4985
1918
2971
903
1278
4412
1017
598
2884
2417
4486
1344
3843
1636
1082
7298
405
230
218
2384
736
665
729
1177
3711
3861
11896
4874
7810
1464
926
1441
1019
222
1277
10786
2018
7148
6996
143
469
4193
6638
7710
5215
2273
888
5313
1201
2461
708
2361
5257
7100
408
872
18
8676
7842
4329
7035
2084
176
2037
988
461
101
4662
7482
1090
6493
1787
816
840
313
5044
2620
10918
1
398
944
8532
1060
3915
1563
8773
338
727
749
1676
3883
655
5721
9086
459
1236
1529
1581
5758
916
222
584
2236
20
1160
8104
2073
2847
71
2299
8599
2064
1578
1853
147
1331
9204
1529
1355
508
7002
3757
3850
3544
1220
2639
3754
4218
178
5042
20
2626
1930
1629
808
2497
753
419
4432
4658
942
18
604
1048
2861
2109
714
1944
1685
2273
1385
557
2158
254
1441
273
6388
5488
1524
33
5412
3497
1971
273
1774
2383
754
4617
3715
6015
1476
999
2269
37
7078
8085
1065
2802
1329
631
143
2599
794
302
152
3960
3777
3955
8804
1309
242
8844
779
6081
1805
3137
75
5715
4856
634
3420
3637
4615
7874
15
1258
4784
3050
132
11220
1023
6564
4067
1377
6147
13
5591
1606
525
4635
2839
287
1015
4582
1407
808
1951
2437
5744
1208
50
1374
153
5192
5888
3848
1293
2616
2858
4895
157
79
894
409
5923
689
623
528
2056
1851
6896
1013
759
1225
3778
8628
183
882
3994
2771
3441
2215
938
655
3628
1206
2910
1198
4242
956
6713
4359
5746
40
3545
866
4985
532
4122
1252
2139
1749
741
11985
3299
327
167
508
1128
4601
10646
6703
4751
370
312
8503
4289
1394
3195
753
2476
3010
1379
4610
2269
753
5941
1091
213
1372
1415
6700
3625
1767
5505
3682
4037
1316
2267
1631
2699
285
2087
97
806
639
7482
1123
2353
4849
734
436
2644
467
1361
1801
5508
3687
2364
622
1664
9679
1599
2766
4152
386
665
1457
1054
687
127
485
393
2886
204
7240
1697
6439
7710
3164
3360
827
708
3937
270
16224
3401
12
366
532
11451
713
12362
3849
12827
2750
3443
131
4652
1400
5296
105
5168
4174
1271
997
382
4715
749
1041
2267
204
2551
7630
66
409
718
1892
5904
1871
5187
576
5097
1854
4599
380
7372
1204
1117
2211
2565
1127
317
5955
3197
5642
1643
2390
1937
8935
989
2578
624
2647
164
1252
2743
7913
4597
2513
995
2656
1469
3644
3328
551
386
3851
4221
367
1756
36
555
2157
234
2525
696
7918
97
485
594
962
1654
976
1021
7207
160
6766
2322
2478
3584
12238
1400
7411
3072
337
2660
4368
425
1
1476
2553
702
5913
4090
1233
54
1490
425
624
6920
449
8547
2207
4520
940
327
413
2115
1073
2680
404
382
9502
307
2441
2601
1048
2447
253
4329
4623
167
564
646
7810
4582
6889
583
470
643
285
2622
890
531
223
3865
2588
249
1046
35
2900
8854
7044
1704
7605
4482
5538
1963
2060
3248
3076
1811
6227
8128
3601
1813
2771
3953
3042
1954
3152
181
3061
184
8943
537
4507
2546
381
439
2149
2490
4275
2079
3721
2095
5828
270
1698
1958
4821
3748
2363
3875
3436
215
5536
4822
7338
3769
991
9380
248
2536
755
1725
391
5826
14186
5318
911
4311
138
890
2073
1580
103
3637
101
1946
1433
3984
404
5341
65
168
2616
5064
2218
1992
801
750
284
267
4942
541
963
7963
8814
4190
3392
1209
1026
3018
89
2960
885
4076
1809
739
4406
6329
1857
878
2180
687
2701
5921
4837
3538
2869
1827
72
3502
5514
3304
1438
4036
7592
908
1649
80
2107
718
5133
3521
1040
2830
2187
3614
2906
1020
4766
3428
11413
1045
2535
1126
933
226
2074
3327
761
1179
1422
2492
5684
469
4139
3309
867
1513
5092
636
3661
2423
754
4818
8122
1488
8010
1672
1031
2256
2721
2967
1936
2099
1039
2368
2327
3807
85
1558
219
1108
4407
11762
990
3425
354
789
4247
1149
4195
55
826
1887
243
3652
4220
348
486
2537
899
50
567
4760
3037
378
5495
1077
1547
700
1729
3241
5325
15519
1788
11839
2891
652
1865
