310
3637
2119
4385
949
4827
5458
651
2013
2438
3285
7761
4491
1585
2128
9512
1672
6861
10453
852
2592
5481
8792
12754
965
12617
2601
13234
8081
6743
8545
3089
1010
5599
6776
1056
1375
5532
7634
3000
1823
2495
2278
3115
6307
4928
1043
16501
493
3901
1299
3159
10142
3539
7916
816
1816
3364
476
11174
4437
11657
4596
1348
4035
5255
2919
15919
4307
3268
15704
5089
1198
5273
2163
763
1901
3955
4099
5418
9838
8047
22
14850
9938
6806
16789
3812
1515
11515
3825
9749
9879
1078
2875
3272
6502
127
1778
18002
8859
561
11719
6036
855
3694
1161
2230
2657
22556
3181
15913
7470
6538
1861
1639
2436
1922
14603
10345
5309
12654
3343
10509
6452
3172
1526
19143
15479
2419
3433
9203
3427
375
3983
8198
1833
727
17719
1145
3806
6695
2619
730
8372
13530
2811
1100
2116
13188
21201
5432
3801
25028
8880
14874
5498
1744
12109
7848
26634
3659
8962
7382
711
672
3674
7085
1
887
16587
230
3686
1537
5390
30
3810
919
13203
11088
2081
4318
1980
6295
6433
6556
5591
15076
203
8713
4438
3964
7364
20959
2680
1486
355
14253
9809
161
692
15494
6617
22827
4338
6171
10665
6919
16163
1724
15355
7163
1934
22475
11269
12344
6713
165
3912
1429
2769
1109
10861
8501
8698
768
12497
29565
7654
6754
11332
11479
103
4006
17379
24667
365
2271
7374
4664
11322
135
6408
864
686
29165
3520
4056
893
9840
6102
1332
10397
8016
14516
4900
8124
8649
953
17137
1289
12151
6178
4390
5834
2810
2347
552
224
23822
3030
6854
1845
2995
2702
5687
5001
4834
3135
399
652
6222
8413
2709
21938
4121
3597
2055
3939
13436
10601
4903
4902
2666
2491
4660
20306
17181
727
424
14970
8892
6243
363
24791
10986
3093
3892
8361
664
10734
2781
3734
12851
21537
5859
7374
2483
3145
9172
5267
12070
11077
1540
8499
10651
4470
2303
2588
19943
9549
8652
4513
771
7092
3575
2100
1805
660
5567
19957
10406
8029
6526
1389
5120
3717
3609
9767
14074
27806
6482
10695
6249
3008
11888
12917
2274
9316
15686
4429
560
3623
17388
597
10308
11221
11414
167
5338
16558
7874
9371
7445
1763
9113
11896
111
1243
3630
8414
3482
602
9487
1916
11961
23880
5940
7553
19754
16000
13711
342
4559
16932
4998
12521
7079
3744
8704
3047
2535
23
12159
5305
3134
11807
679
1781
10257
2372
1291
326
427
2497
3826
4891
19914
18083
162
7670
2801
6662
2690
574
5482
2007
2201
4182
3597
4736
8222
19436
26352
7042
4698
11880
11325
536
6173
37
3319
7978
18162
6013
21770
29211
7522
579
18089
3307
2864
19869
6028
8666
5602
2360
3842
2593
17998
1282
19757
7197
512
18712
486
5575
4427
473
645
8494
6794
208
349
1411
4623
6406
4478
10424
7008
460
29256
31375
2946
274
5683
7830
1047
2585
2829
845
6712
10509
4998
3445
2757
1094
368
5042
4291
13934
11205
940
18955
3267
3816
419
14668
13808
638
2605
507
1284
5448
2362
5996
5391
4421
19027
727
21787
3833
8496
1097
27366
4244
796
2189
1390
39
3116
9691
29
9032
15823
1924
15759
14105
749
5021
78
7575
7532
6691
27668
2447
985
333
12656
1203
1533
26
285
14303
4157
632
2698
15233
12035
1567
2011
6103
5840
11670
2503
270
14969
1699
1625
7313
1890
6705
8131
6266
63
189
248
768
4259
7426
705
1921
3149
5273
12553
5958
5667
20688
6653
7834
3470
16882
1740
3131
1917
3997
4677
5707
2940
5209
6559
5986
5623
2958
8242
2911
4968
1077
700
7548
454
4208
19746
17433
233
1079
11655
8908
4726
11443
9145
3323
5638
12334
1747
12236
28809
23161
3810
4219
8472
6430
2811
13924
2973
1159
4387
9354
13880
844
11715
3500
10249
13717
3893
489
2256
6254
4930
17148
4184
7118
15433
12404
5182
824
1043
6946
803
28587
523
4503
9663
826
5810
154
748
23429
3561
7016
2866
7406
12796
3491
2331
2893
22097
114
4155
1250
20447
26996
3881
10967
972
8704
1377
174
2575
11187
5264
12457
183
3288
4282
1103
5004
7971
1201
4110
3778
7101
15689
5015
9611
10335
5715
14291
8789
3079
4640
1333
50309
4508
5735
5919
5311
4979
385
2912
5129
681
4539
4231
2113
3800
9373
4704
5029
4857
27163
1657
3127
11810
2931
1236
6525
15051
95
3912
9954
4837
8370
11121
7282
2072
19868
6206
1568
12938
202
6723
935
4812
9016
9951
1171
23377
2535
7191
3194
7794
15740
5265
8369
1018
4373
5154
3697
1738
7147
2981
3939
141
293
5356
78
1303
4648
2806
12985
2499
3347
2645
5488
11401
7227
2127
2270
461
4284
1754
2081
13538
19767
1112
11103
7759
12780
781
988
7681
4245
26799
6163
1323
18190
5897
14076
18627
18215
6445
4543
4634
3082
3376
22381
237
4435
640
5524
4039
22480
2482
8211
1731
9380
12183
774
10783
29575
9544
25739
5694
16647
6909
926
3220
5932
6772
8964
8856
6478
5365
14492
2165
12564
16715
2419
2482
11742
10517
2187
5821
11386
2901
12607
18490
17154
1254
7013
2259
5169
3424
2628
3373
23720
6467
6063
1132
695
3989
3878
7164
20375
5576
17512
319
16233
9262
10145
6274
15009
2105
4999
3403
1553
5570
3068
3076
5285
522
459
5406
3267
4425
393
4561
540
3727
1487
1447
3387
11529
7811
45340
19461
19136
13838
23835
9878
1577
6981
273
5191
951
14296
11376
12805
8487
11700
9276
3414
3704
10878
11990
20110
8810
2164
7434
16793
2890
15158
17517
46310
3357
11003
3867
2461
570
25162
1835
2264
3192
5910
3568
5911
6169
1371
5752
13847
15481
14695
856
5953
3439
2594
22775
2532
6482
6078
19786
6983
888
9375
3435
11105
4544
16535
3140
1309
719
4537
2914
14494
11466
3244
6212
11108
14876
4236
7301
23706
4484
825
6706
4066
11483
8290
4016
3563
12203
11304
7491
1130
4085
10374
12834
1988
123
20917
6819
5337
2246
5683
4247
6886
4140
550
14951
30469
7629
8031
10461
9084
4368
19906
7814
8831
2856
947
6004
3230
10298
1885
993
11101
10217
565
760
9915
5746
2046
16445
9006
16149
3768
895
8764
11472
7610
13574
3183
5895
5978
3132
3605
12318
4554
11773
16132
1500
8423
4806
11907
1561
4854
3137
802
7963
2486
7226
3180
3044
4382
1315
1884
3410
14392
14394
6853
17713
9905
2031
10
2423
17532
10752
1739
5578
24134
14358
16442
8072
15411
1944
22565
5340
868
8940
9069
677
723
3382
1697
10138
63
762
15605
13482
4429
20551
3578
4494
3314
2978
827
18768
6674
5394
3353
907
349
11086
9420
1287
21331
1069
3750
3065
17661
40
10884
13491
2301
11737
536
2058
1210
5235
2043
7826
10990
7949
313
3857
74
4760
10254
5792
6348
742
26478
11118
3056
4691
3300
573
90
19654
1002
135
6630
2695
11415
2270
2695
2642
3485
12966
5655
6001
22555
7476
9683
11207
3808
15028
608
472
2206
6101
15461
10749
10466
7868
2340
11944
4861
329
7593
2192
2409
7777
2114
17955
2577
1607
22722
10322
181
800
665
209
5392
12358
3981
16212
2531
4758
2556
9771
3704
11187
3140
1989
4889
1468
2045
951
5694
551
5332
5520
2015
13858
35099
6341
6108
1567
6791
2266
873
1656
1527
11323
10797
1304
6068
496
9499
11240
2432
3755
14269
4778
32634
7473
1589
8915
8141
9248
20638
14114
6605
10234
977
8625
11077
1245
5181
3220
6871
14389
11544
2790
816
6068
93
3647
8197
10311
4265
5905
2106
2159
2336
2421
8176
7973
2989
3334
702
18573
8988
3523
12457
4995
6329
5598
9715
7964
7878
1067
31491
5474
152
2889
14228
4984
11852
11147
1523
3289
14321
8538
1119
11649
2760
544
5740
682
5443
11988
3068
3419
21515
5578
1969
8892
4220
2952
5466
9955
332
1642
2132
3520
18213
3413
4082
3449
10357
7384
10775
3097
1586
5840
2840
7043
3719
17082
7775
395
5596
2048
23
1662
2855
1802
20064
782
6771
299
3118
1786
3689
6408
1150
2527
25074
25123
2991
7810
2359
2403
1538
12280
2027
5475
8125
6341
1017
36357
121
4036
1930
12923
21272
10954
673
33506
6530
7435
2771
2526
1688
5340
10402
2105
18560
833
1007
294
10686
17418
7881
14580
2025
8055
2402
16900
131
1184
9427
1362
12146
9812
6968
734
19627
3178
4512
3911
43866
1665
2533
2179
19928
21645
1332
2251
9570
8960
800
2002
42
7793
8081
628
526
5381
3310
1093
4018
1315
437
7993
7420
7331
4847
3046
8825
4516
1088
5162
8403
294
236
2368
13439
19478
14736
13748
21717
7512
13143
17373
3874
343
8314
6009
12051
1269
6954
9460
2369
7490
13027
5440
746
27978
1709
2100
17662
692
2939
2686
9252
13784
117
1457
5589
800
17058
3469
1148
1276
6655
10361
21686
1234
9367
276
1270
14222
9275
1888
1856
4956
4216
1506
5724
1870
2257
15230
905
2696
5543
4017
4315
7789
2259
1737
539
9972
4641
7562
3082
906
117
4303
1533
23246
9653
1131
4712
3220
5273
4553
23491
3554
3472
254
6047
1142
8994
1973
4807
10781
8223
3026
1870
3037
5120
12331
3428
3032
4047
12447
1952
1150
20527
9284
7113
9826
1783
10257
1852
14012
4539
3557
1554
17063
1809
4032
2813
3255
5803
17822
1770
4393
13744
868
8851
10114
16910
17501
7766
413
6592
3976
16352
7959
1152
6221
4231
1919
15603
1039
10960
2439
8155
2799
6610
496
3225
7838
2814
11738
10799
7
56
8048
13762
9670
8214
5386
8391
2668
746
233
1562
4594
4825
4310
12414
5931
6950
6802
104
3660
9727
4684
2886
17712
29527
3113
3522
1118
10309
15228
2291
3201
3847
2742
9961
24935
7852
8164
8270
4016
32900
15938
8514
323
4453
6463
1293
1570
480
12071
1993
1169
3621
1360
248
11484
1508
1093
14078
849
6788
13846
19838
14259
15378
4265
1160
4130
2018
3433
16091
1339
1387
1112
1515
1828
7788
2916
641
927
6051
4700
9719
912
3396
7431
2194
8289
17467
102
3339
1173
2284
11486
25154
7570
9952
4969
1212
4723
616
7036
22639
3460
15348
7968
27682
34403
4929
4857
6091
16800
826
10267
2971
5787
4071
28636
1796
1653
137
16600
2222
4053
310
2412
2756
375
7418
22441
3974
2593
10078
14314
325
33292
4647
1616
14767
5589
1305
957
8762
4698
4351
4333
4426
6603
18
8435
2421
4348
1319
10917
11643
1300
5285
15147
12183
6718
767
1686
1733
2691
28395
4948
7031
534
4105
5800
3146
9741
2767
24154
3282
3618
4989
1561
96
2907
5207
342
2598
3209
7928
10881
2281
2731
1778
2329
7229
5184
3508
21643
10531
5604
5138
16317
11848
4195
2749
2435
5596
898
10116
2357
5499
2537
2117
2133
3822
252
826
9140
9851
3253
5721
12971
23756
1885
11917
3651
6041
279
10154
12545
2487
12137
5973
221
108
1131
3089
9375
18792
12092
4157
13582
6196
6580
3687
5782
8815
12194
18352
6003
3236
4283
462
5048
850
6924
2914
1000
10784
3834
5184
5079
4897
21600
1448
7216
4326
4039
1401
14607
1505
2150
6557
3747
464
11626
1956
16692
2860
10554
221
9273
1440
22306
3314
1845
3193
3228
19535
1706
3078
6988
9152
1492
6394
276
9856
4633
10542
2421
106
11049
15644
7866
4044
2292
1830
1868
7112
12047
1038
9078
2177
32012
1543
3973
10322
3894
3631
3866
23505
4180
7823
9137
8236
3481
8108
1645
11704
16518
9220
1839
4175
27804
18603
8595
2550
10129
22712
18017
4130
8236
4054
2041
7396
1019
1810
1729
4618
13035
6702
1120
29364
9940
16427
707
474
20657
3328
2713
2449
12680
3246
26017
22410
4672
4392
5472
6019
1690
1994
6599
4206
10703
4137
2179
4927
8773
10959
6038
8483
978
6429
7234
8417
6786
10598
5960
5535
10915
2671
13142
12576
26417
1323
182
2020
6898
7576
9094
6302
2036
2607
4254
3076
1151
10487
22785
5420
8781
355
554
10238
3855
2519
1088
10749
211
13733
8697
2042
3277
8930
2412
13413
16260
3898
4374
1536
9660
5876
7366
18513
350
1413
6159
6059
7208
1300
6331
12373
1975
407
2112
3758
23681
3876
719
9617
16859
2567
1424
10657
7698
10684
169
6629
4544
3276
3213
18530
10012
2704
667
3434
8969
5489
15622
26598
6555
17578
1236
6519
1515
10864
13774
13643
3544
11346
5987
1909
4296
1558
24356
13167
22205
15132
3525
2988
1615
7056
2216
7439
26530
8530
1505
3584
3317
3764
14060
22238
10139
16047
3836
302
6057
7804
2224
4897
12420
8056
20628
12239
3731
1836
5301
5520
5574
10983
5694
4961
6836
1593
1022
2583
13433
3046
1292
13095
4437
6288
5916
409
6161
13614
3090
9501
1081
685
17154
2196
407
1210
22037
576
485
8334
19798
13838
1665
5033
762
14441
5215
15879
8119
5519
17544
10723
1908
1291
5562
1046
4615
14361
8166
2753
3566
9534
19187
10153
4793
1143
9238
2679
1866
14573
991
9724
5558
16464
9303
16532
12778
13485
2945
8120
1461
5795
4568
16684
21710
233
1273
3669
6087
14
1560
3021
2345
390
10767
5551
5566
2004
1377
625
17727
346
5055
8515
3101
9109
13954
5545
22487
42
2389
5967
7225
1325
5595
2263
1350
1586
3700
6387
6138
3569
4436
1865
11320
2548
622
17414
2008
801
1739
9312
12485
508
1241
2822
10061
9517
10378
4796
4806
5373
1478
4983
8226
7778
5707
3325
14905
1170
9042
9482
7617
404
4380
13147
3170
3304
4255
7550
4423
5342
8193
9151
5101
3545
3806
356
6292
1361
7298
9592
2974
2636
13313
2805
1892
4527
22300
3158
2130
3791
15618
2945
5493
13556
1233
5699
3855
4949
8992
2074
3452
6550
4249
5210
6810
986
4192
796
2056
125
3953
13656
8071
1139
4869
4547
7881
4351
10800
231
3657
23073
1902
884
4191
922
6042
4817
7498
5297
915
2220
7620
7537
1703
2193
12105
2
4666
261
946
10369
175
2185
4269
17495
3293
7408
12657
12384
6340
599
153
2161
10751
9090
2007
23807
11308
15575
6442
24856
1376
4595
1781
3394
5196
2712
28110
1866
14384
6458
3861
3732
231
11035
1248
11744
15360
17926
5452
5110
15355
17157
6890
7518
2177
1523
3769
4743
97
22921
5268
14178
3585
4235
2219
1668
38
5850
11451
1398
5946
6426
4183
9900
2624
6274
13385
3758
41
5264
2581
11974
1222
521
2990
13820
201
4141
1990
4345
25682
15043
102
9336
18446
6813
24233
1482
1976
15213
3130
9796
1354
5017
1702
4098
3541
7776
6916
10332
10712
8910
892
13307
6618
7949
20436
28836
12940
4786
8691
3626
7310
10576
1119
881
16264
409
3065
2715
25848
5992
8528
1014
29982
8248
15884
7176
6531
10345
3921
1007
2071
7549
1443
180
18304
1057
577
8125
5096
9446
289
463
9981
4978
5901
834
12681
969
8456
5935
5664
845
17778
3081
3346
18815
21875
255
953
2159
5797
1632
15771
5902
4994
5607
15138
5663
6590
13300
15665
5945
11164
73
3365
6196
6526
9013
189
568
3024
3748
1247
14917
113
916
4738
9699
8671
3890
30367
912
6356
3659
3722
15071
3756
2418
4294
10042
4556
4394
4485
6797
6862
14275
5283
3103
370
3739
11931
13281
443
6035
14896
1327
2272
1826
6582
2728
14233
5241
671
3376
13943
16721
7952
7465
4942
20431
6203
9859
1009
1928
3792
12781
3790
7864
5511
3395
3462
22484
4848
1532
4606
9671
8105
6132
9062
3378
2852
4064
21795
4430
156
3372
7890
8562
9587
12482
11979
1990
220
8068
856
14977
4531
1946
3942
1432
15284
2388
8073
7282
6398
3922
23821
1852
9097
4685
14180
11493
2199
1932
7815
6874
871
13283
13316
913
3049
6846
11354
10640
4003
73
270
14371
4937
6455
3052
4712
9417
15600
7319
13241
3445
1345
855
7261
4783
165
28
3081
23359
4629
6629
7942
1390
4116
4338
28354
5175
3995
6730
3840
7107
4614
10469
14278
3164
2220
16246
3848
8511
7025
9925
6656
1355
5445
20749
1686
1518
1162
6727
16836
3505
6
10245
3572
248
18729
912
14192
13413
1775
17928
240
1999
26644
12717
9975
1587
33170
310
5322
9476
17810
22825
3790
8357
8427
2422
10433
2015
4110
1186
2880
1925
2199
5385
20709
4590
7992
13213
7636
956
11642
3018
16
2410
8264
6064
651
4737
3260
9056
2586
2934
24091
11325
5468
4220
11193
18564
7905
6563
7463
7990
1583
7018
3271
10982
5219
3297
11382
190
19620
5608
4708
19193
72
1605
16117
2209
27832
1658
12294
466
2202
14935
17915
2075
2719
16973
4943
2735
20941
350
5725
2842
741
7345
2704
7819
1392
1569
4213
3691
35168
8362
6003
864
16060
829
2735
3454
2277
3743
6108
2253
35
1054
1083
34
1451
5062
978
1024
5030
14614
14521
3922
472
479
15668
7922
8020
4941
19663
2068
4396
901
16459
774
5927
24488
1386
1121
5999
7128
328
13378
24513
1001
12664
29938
11518
7225
4044
18405
721
1791
9344
6624
2538
8526
43731
3841
6598
13111
1003
924
72
14650
904
3249
3755
9421
4651
9345
4015
6238
2549
2980
31862
1820
4927
26371
1587
89
20489
11353
5111
12919
8836
3236
11975
234
1388
6959
2015
11326
25358
13691
10643
4278
10133
19507
112
11769
9102
8701
12033
690
8574
185
25
2285
4469
3257
7834
7444
9709
385
109
1630
2567
1182
3745
3411
8713
1847
18395
708
10386
13042
11817
15490
1423
1751
11066
7415
3936
2633
1691
3914
1444
9090
1269
20756
25466
3012
16115
2521
27
12195
8255
6528
2315
17129
4452
1934
10919
9957
22714
2906
3521
1648
12782
2312
590
4332
3897
5330
6003
4666
9342
16744
4104
9479
2166
502
5201
24964
336
2504
13943
7163
3215
4637
5528
15960
16672
9094
4930
5167
185
2924
16854
6353
4773
2506
2059
8840
2407
9670
1903
3256
4005
1549
10614
11212
5548
892
1257
6243
296
5300
4883
5501
743
15961
6445
229
7091
2842
7374
11034
280
2003
11452
17700
4954
6104
6518
9624
1244
13736
7303
6585
319
307
226
7868
26086
10373
1955
11090
7688
7011
8207
3274
4614
2679
2280
2072
3675
327
5424
13225
7666
4758
8999
17943
386
3867
5401
7621
321
6122
4535
401
4078
4537
278
16306
9822
6822
8356
3897
4631
1765
2649
8252
6962
3747
24634
1015
5221
4558
12460
8674
2619
92
25983
79
1423
10316
6636
4543
2873
694
12932
1461
5351
8708
4700
6090
3646
7379
1421
6855
756
2683
1449
1374
5184
746
1718
5236
2339
3722
1764
3029
6877
3321
23408
154
620
8656
808
5495
2563
752
1192
3940
4565
12423
7282
2855
2843
7772
7570
5167
5275
22867
1288
1390
41760
17304
3064
7614
10207
6094
1489
2622
9389
2072
4530
12466
11797
15236
1504
6389
4835
11618
850
6769
822
8653
1494
1926
625
2555
7379
8280
24048
20778
8014
11047
1289
7437
13573
7070
7090
7387
5207
6813
6345
2289
7111
7421
3811
1086
1190
8721
7034
30517
1769
9752
5389
1926
3485
268
2578
34242
5017
7091
6013
8240
856
19695
227
5719
6823
10560
6649
4658
5991
33632
5552
17997
714
9147
11584
1271
3757
9395
7764
1820
2985
1057
3880
10443
3386
9684
1633
18691
8459
2717
21174
1230
9892
9646
737
697
5372
4448
3891
3870
7075
15661
7199
4721
900
5667
2017
1235
957
2350
2548
14492
6463
8669
1660
6040
581
11321
4315
9395
289
8766
2715
5642
26022
7845
2417
2988
1678
6611
10321
29845
5579
25982
9316
3569
1391
13275
4116
10317
3419
10222
21770
2057
10889
29701
4273
4036
5033
7847
4070
8577
2766
3204
6777
9627
6476
13151
3089
2941
13994
5276
13527
27488
3828
28636
19000
8980
5641
2318
4441
3862
11370
13083
12900
6716
8900
814
953
2411
1466
1878
3044
5691
364
8130
2256
27866
10185
15989
10978
6250
1917
5927
20486
1000
543
105
3396
70
8410
7756
29434
3085
7613
6845
303
3506
6757
4783
1686
1084
1419
225
1996
13294
6643
940
4191
11875
2967
17314
2396
1898
4683
3788
9156
9349
10277
19300
12732
28535
6151
6120
2394
129
13270
3739
1243
10937
3860
398
10203
5437
4689
8703
8996
2819
5770
6011
5513
5852
2231
1943
3102
2166
8892
2419
10702
5946
3170
10525
19573
13981
8534
5127
3853
54
12063
2672
13079
2776
4257
2352
259
6098
5031
5436
464
9471
728
1129
12694
5918
163
2650
14138
1169
16885
6212
10566
20489
26183
7450
9754
231
459
12159
9502
4739
2148
654
7408
3967
10569
2310
4146
5231
17647
16216
6971
22548
3778
887
22477
11164
900
10332
11955
9625
2135
2581
3809
8573
4036
2672
8523
22772
603
9249
14771
4642
2200
1435
7261
18687
645
1355
6029
8910
813
14502
1079
5315
7474
1285
19706
22815
704
2193
4434
2828
9091
2884
4314
2308
12767
181
3388
4328
5023
1435
6799
13071
2771
12899
5992
3537
5693
2933
327
2469
16479
127
27337
14425
22039
1513
3191
4360
5183
12538
6941
6297
4006
2468
5826
1374
446
21328
21135
8136
8075
17178
6829
2215
6483
7528
4609
18202
3550
17011
1012
4313
9007
11002
10922
7368
7413
2813
3847
6981
672
2497
1452
1504
17501
3297
10267
2116
8545
813
7386
4420
2439
16979
8300
7713
10385
6780
5191
4854
14012
2773
358
4304
2191
7075
5417
2774
5216
4267
34772
7800
1231
21620
3664
6467
286
9690
18857
9312
7238
21615
3984
9636
27207
6603
19132
13758
8956
14503
13112
1669
19447
3002
6940
5270
241
10300
874
7565
16452
14006
13994
9511
9792
6138
9671
17801
3794
4890
3864
4390
4174
4160
5829
19388
2960
1568
6398
15594
4834
10210
566
900
14133
3657
2747
2543
11101
15713
11787
1441
8286
7153
571
166
16585
7330
1680
106
7777
3791
2709
4214
1911
357
2816
1748
4280
10581
2107
2038
10853
3238
5648
145
4622
14609
865
3174
7694
2909
3128
2002
2054
3184
78
60
512
7213
2054
3876
12676
8635
3202
8577
7850
9077
275
8941
3969
18793
17390
3443
5749
10508
925
11504
3136
284
14798
17660
8402
27079
3313
2296
1423
5002
1890
14876
1424
1742
7491
2195
6220
8112
6315
2218
2955
1425
1690
1353
1197
8839
16515
5693
4355
9867
61
3303
875
612
40846
1575
10109
1396
2674
8126
3635
845
2512
3356
15381
2029
3981
4563
1776
1587
766
6981
10255
6699
1981
25889
4728
2866
3793
14525
3907
5666
12936
9762
726
14982
3020
6047
6407
6065
3575
6916
8912
7169
13505
3697
3350
2250
364
8968
1115
22037
7322
1024
6859
9611
3180
16945
9304
1100
1124
2985
4815
9601
2683
20931
16448
2330
22937
34275
9276
3459
13931
19396
5099
12877
3347
3835
3703
5384
745
4934
46899
619
3111
5268
9115
2183
6373
22512
5503
12408
24526
581
1830
10430
4991
1829
5225
2506
340
235
3979
10902
15188
9666
7410
12458
1222
12506
2474
2923
169
20270
7470
69
444
2454
17948
8076
17480
4
4033
209
3826
4708
10698
2874
13394
11124
154
5693
4525
7244
11633
9955
209
1494
8193
1296
1929
5615
13757
734
819
2397
6171
14819
4019
11339
22567
6529
4324
2725
13492
8316
2765
512
110
938
2845
2976
2697
6603
11607
7116
3395
2806
12834
5797
4890
7655
12616
6991
21535
2978
1375
11450
289
5880
7031
6806
23355
1021
10990
342
876
3167
6976
1823
6140
781
705
9937
11282
4279
554
18594
14766
934
13138
5094
779
2532
298
5550
3926
13848
3794
8586
2817
4570
13584
311
342
1687
2255
4456
724
10230
11654
5300
14793
1750
4527
1125
2875
4968
10894
16513
8902
6562
15866
26011
13292
3137
6828
1570
4578
212
11565
18318
11330
3760
8561
19611
365
4369
3397
3019
10776
5484
9584
1616
1697
6518
3489
1181
1311
26448
6090
4672
1722
21472
4259
119
8279
1067
3305
9172
3646
11576
2057
4548
664
12481
7141
11552
8888
10703
3415
922
7495
2795
4845
7737
18270
6882
10220
34657
7088
19734
13482
15998
3667
16871
9561
12847
2533
8428
1908
13502
3496
3375
2504
6584
10391
4649
3522
5457
3370
3281
6902
1314
12
19690
12865
5243
1236
2492
22459
876
4052
3913
5669
10715
920
22416
2503
462
18925
4502
5820
1012
6097
35591
2471
13842
1415
882
5011
8738
659
28158
11783
499
3842
687
8237
3765
2782
15247
9480
2528
6762
13906
3644
6778
141
1432
19627
6447
24
1500
14426
9488
3439
4077
4781
13861
6429
19185
1073
9818
7912
6700
11304
11745
11093
5162
774
8347
30370
4294
1717
503
9146
4221
30
1900
3478
2736
335
976
5910
18198
11955
16571
1312
14611
2408
10206
9868
5252
3877
472
2236
22950
9966
4715
7201
8000
12625
1911
6850
12462
1038
22699
5779
8516
2355
5367
6673
1049
3352
11963
6651
9604
2098
1833
5127
2151
10893
9215
5918
5037
10940
2456
16219
9074
6440
12713
6215
7294
18553
2154
10857
34295
5773
2872
5101
2471
5524
11233
745
10561
4168
3816
5320
19864
619
6824
2059
5256
10862
235
4254
15532
16761
5849
2053
11453
3912
1394
3295
15169
11894
7728
6552
14844
3064
17291
12561
817
9677
80
3074
6905
5012
9470
6251
9311
360
8521
1339
4011
25381
1167
31118
15412
8105
1444
1395
1923
12595
10439
2923
5960
3406
4878
3998
1274
13230
7229
25158
16025
6283
6760
4891
15507
3659
1318
3045
6645
1956
8315
1964
1977
5932
20256
12091
5584
12033
5462
2423
13689
4512
5339
3589
6757
22575
22952
12996
1172
986
3892
7924
4109
5783
2277
1478
5194
1624
1463
6744
134
3452
275
1213
13690
6739
1628
7695
3518
12358
2823
9690
4284
9171
13484
4303
4631
9215
4428
8829
29007
14573
8414
4885
2849
439
4490
11197
11275
8256
5341
17
4778
14431
2115
2298
5097
1275
2870
16365
4430
727
3303
477
23573
2943
3925
22092
3718
1221
18014
945
1015
6465
3251
7099
13222
10046
9589
8450
31
8493
88
6915
3431
14091
7100
12505
3198
4050
665
2468
9945
834
20889
8185
1922
3099
9961
3918
924
2278
9784
7635
11333
2282
2356
7679
2509
3783
2959
951
8694
1888
9418
8783
3452
3659
1395
4674
9042
10411
126
8308
3453
13478
7556
1490
3654
5573
19330
9764
1896
3519
13446
5254
1338
12082
1565
1099
581
9218
21
4743
2184
2623
1219
4478
1238
2887
1808
9059
8125
16913
2760
4739
19290
6135
1982
703
5342
11046
1098
11573
12147
1068
4079
6868
7293
12306
2760
5034
5838
1042
8142
688
10166
2793
7006
1138
4584
1778
14798
2549
2230
13118
7363
2426
3286
753
3327
88
1925
7386
8956
7447
5653
3743
15511
1842
20549
21181
8318
10469
902
4372
7787
11482
13585
19467
6503
4929
5291
3382
14103
5490
262
5296
6849
15591
4693
10329
7199
2925
17847
4701
309
2028
5610
9840
952
1840
2239
1455
7424
6851
1311
2151
624
19815
1230
786
6667
1751
7048
3130
5098
11810
191
1832
9939
4292
5622
1035
4997
9466
4839
10132
9396
5436
13444
5297
3088
8347
13586
1781
4931
6279
17055
8391
10021
1858
4600
6551
2096
21697
20706
17258
2041
15576
1990
25703
19525
4692
9431
6288
16431
456
356
5010
7214
11494
1680
6367
3956
116
4173
12185
7068
15473
7005
1321
1149
2157
9093
8457
24683
2659
8203
12331
4123
6439
365
1761
6135
3091
19070
3779
5156
10362
8367
3221
14524
381
6233
12010
3833
6746
5870
14286
23135
1027
3228
983
4248
4718
540
12288
286
12962
6329
1842
872
10827
4140
419
3820
6379
5536
4083
2818
1023
5267
8979
2859
2867
1824
1908
11237
4937
2557
4514
6479
276
590
13580
1471
2901
8597
22501
6380
572
639
1408
19800
5999
1542
21794
11398
5601
5769
9271
2602
912
2934
6166
3239
1226
2837
2601
14986
10110
7631
15022
21587
4712
3167
4012
20092
1517
16800
3722
2621
19373
2180
11117
11509
1523
13699
136
6579
3276
22639
127
4299
2659
12895
1952
11684
1714
9506
3128
9265
2389
6498
4279
13966
15074
10816
237
14881
6998
4230
11349
1942
1511
28
5262
2050
1273
21747
4000
9698
12371
6716
957
1649
4453
6471
8208
20929
5400
764
14284
7351
24572
5316
8647
266
33774
1811
19557
11477
5928
4327
17679
9837
825
14266
18317
1234
548
1943
7565
195
2737
5024
2183
993
3356
8456
2482
5035
134
1103
5624
675
4583
8468
8715
11439
4827
8797
22381
3299
9261
5036
3507
20785
12498
18765
13482
410
6339
14310
2727
2016
7348
2276
3855
15097
4840
16005
6743
6797
7805
4194
10658
3180
5960
7562
16635
4985
3434
12559
982
4812
5482
4950
937
16122
1519
3218
903
2073
14409
17425
829
5325
667
10713
19003
10327
9663
1431
15319
12859
23
259
4778
12593
670
6797
3805
10136
581
4052
23174
3100
5076
10039
565
2971
14971
5850
7521
6116
7818
2844
20542
11956
2846
15743
11676
8066
242
9864
877
2563
11099
12746
3872
20132
923
4517
19948
252
367
20472
4552
27208
10227
7364
3796
4272
2744
4537
28326
5745
27591
16311
4940
19958
5064
3313
15376
771
6769
2601
7969
13406
8512
5230
3762
4318
9577
8852
29490
2497
1750
7517
6625
1498
5351
2501
12058
11155
12606
7029
4417
11682
7918
3482
9627
3755
12836
11584
36
3935
1098
213
2193
11173
9827
22864
13509
1827
4975
4783
10891
6699
1742
9013
2063
808
11436
4918
10491
9165
12171
4490
2090
9794
19518
7439
2909
2271
55
5694
36631
15532
6202
2826
2972
7932
705
479
1017
380
10333
4982
3431
27
14251
11129
319
5093
2071
16605
429
10962
17423
1396
19375
8497
1825
2190
4411
8440
15022
13095
11524
8524
9964
238
8424
4829
34
724
5170
12569
783
347
2957
4698
2058
1944
16195
1264
2137
2972
3284
7452
2970
1611
5080
292
4149
16379
27756
63
5890
15155
5564
5446
3538
8158
8523
8054
13898
2721
9779
166
20547
1055
2025
7676
5488
4270
21218
6216
18633
1080
1502
1777
782
3045
3703
2245
3921
2503
5053
6074
6307
6864
512
5725
7674
7137
3193
1644
2715
1983
395
3370
4647
1901
3045
5286
9518
4236
4448
5436
576
3635
6129
299
5449
1835
3576
369
4028
340
1058
3166
6750
6333
3833
4539
5789
705
1167
2271
12271
4924
11539
13387
5873
6848
5861
698
10784
11684
6572
2129
14598
5128
6254
15080
4595
5926
14023
9677
7123
4060
5879
9824
878
9
1663
4077
7803
6258
2741
1087
2781
10674
700
6863
1850
14936
2530
9173
7404
1999
13804
6488
8802
5156
2551
825
5255
1346
2603
14071
4527
13671
4980
16813
5439
20152
4311
2075
19391
5321
4250
9062
9208
1347
4230
7218
19453
8800
4788
3106
5037
4448
5806
21144
477
12144
11755
3535
393
10853
3415
3304
1814
8745
12554
5601
12130
16484
1693
2740
3937
1272
3711
2516
8515
7002
4754
14788
4943
3362
13130
1257
1415
3495
10643
5219
15701
15361
2213
2203
9644
4409
52
9224
7685
12911
3170
3075
2027
2368
15642
2964
3171
7704
5995
1683
3036
7820
320
2885
1149
11050
20322
1586
12574
617
2569
2794
2722
8607
16990
20687
6965
6230
21085
1907
8346
10437
2727
5031
461
11993
2501
3288
12965
6551
44
14907
3329
9033
7791
2052
20484
12635
22084
12546
20171
6083
4612
6465
8533
9474
5044
2034
6993
840
4907
3021
13112
5190
782
7834
13106
9909
6271
16335
6221
5658
2255
4934
31
639
989
2188
3220
8936
27861
916
7992
2539
1963
781
17555
2428
7317
3446
6710
346
2172
2958
8365
11424
1777
3086
2420
6047
9017
2419
10812
4644
1550
2484
825
3373
2298
462
10196
10598
367
5853
3485
26793
2848
414
2216
10485
8520
6540
4686
26308
394
3184
28020
12498
1246
1545
859
3402
2983
12743
7534
3018
12773
4297
8258
3620
8020
9770
967
4216
5533
3311
4949
8052
3606
6964
711
1494
2504
1697
1309
15910
1632
1784
10036
6292
135
4036
7322
5609
623
2140
9808
3926
1187
1080
6215
14518
5613
11711
5084
587
10320
7618
4034
2555
2342
660
3027
497
1960
116
14258
1689
2527
6501
5660
12172
237
3519
424
6855
8719
31771
9913
1399
1367
1189
1979
3486
1807
9006
7547
9875
5945
7133
22569
616
11059
772
8610
1206
10132
949
5717
4078
7827
3949
2746
381
5799
2454
3954
7509
9647
1516
7557
1348
7310
1905
3589
23768
22241
5174
6081
3811
10878
343
3985
10179
18053
4401
12878
293
1922
482
5389
6963
10917
5267
15516
19693
1881
16021
7948
5678
6044
1175
6464
4451
5319
6105
1846
5135
94
1761
5762
9144
9659
4155
11535
10602
441
2224
655
3002
2168
1510
390
8522
3990
7893
12689
9360
14890
2857
3638
1100
5630
348
16026
30675
3731
13956
679
14557
15020
13409
7626
5752
9115
1233
894
3458
19930
6086
2266
810
5445
5454
304
8298
31508
2447
6092
5655
2554
17100
6730
3432
6917
2129
883
2531
30346
1489
1558
11046
19068
18532
4750
2768
11344
718
2945
3048
3034
1063
14233
2357
959
882
15047
8439
1893
8502
8845
3620
4929
13208
12616
5981
14758
5688
1998
11180
5985
8684
5651
10442
7312
11596
4485
6753
8432
483
16160
14881
15013
4291
22359
9204
25571
1878
4537
8471
21327
3296
12585
10747
1807
978
7385
1763
20750
2673
13552
30427
12401
3684
1655
2425
5582
8119
14270
2503
3037
2214
3525
9499
3368
12087
613
3786
521
2416
14046
4952
10728
632
1792
7548
2369
7744
11624
9887
17946
26304
16447
6019
5247
1379
1417
1559
1688
13609
3413
5050
31234
1712
739
13920
15567
4577
2481
1503
6466
5756
3020
9134
11383
12111
12381
160
8609
1613
4158
8897
6176
32041
919
15613
4638
3391
63
1860
1291
6105
14902
5684
15240
2095
4076
437
8872
14321
2170
8484
6165
15080
6611
8269
13428
10646
8068
683
351
3319
1714
11875
6880
11499
5911
14589
17
10021
20606
2294
5478
522
1134
5521
9541
3945
7560
18829
5136
4259
984
9940
23054
156
844
3574
3010
3881
9025
2443
22348
3314
6062
4281
27641
14459
2136
5043
9966
14280
9288
17061
10399
2185
16468
3863
20
834
3678
4670
3467
1694
4278
4460
12793
3061
7263
18409
96
7476
16905
2795
469
33604
1434
7486
17143
3991
10803
2788
513
3467
6295
2988
4503
7402
13370
9435
21210
1278
5021
14513
1138
1226
3793
15777
11520
558
317
4992
8969
1565
19480
10326
17069
7572
1260
12305
683
8315
2201
18531
6021
2995
620
2105
2016
2177
1782
6065
710
12482
2728
1810
2814
407
1436
8275
8333
1243
1662
19443
472
10143
3007
10971
7447
1916
1472
3072
6904
6978
10056
12466
3400
1312
833
15686
1405
10494
10949
16480
19525
2151
8912
1958
11219
23704
394
15069
8670
5339
5176
1957
7033
4537
8789
3002
8682
5334
2316
162
10005
1982
3343
5950
6326
24946
12443
5269
4319
7128
6108
5932
10575
17230
2417
1595
2089
1494
3430
2630
17883
16259
25582
8884
12028
43
1649
1687
14332
3198
14450
12290
1612
12272
10165
239
506
10175
731
2819
4756
12079
7605
27479
16257
15275
498
18
6166
2784
11248
3751
1564
390
3492
22940
4100
2099
1202
4392
1170
1940
8480
4123
7124
23609
6017
7232
3572
1202
1699
4299
4682
4233
8966
1382
3001
4914
190
558
9010
8804
5316
3610
39
4177
2365
8258
9259
7282
6910
4202
21557
3761
7788
19033
6330
5790
3291
5160
3723
4686
1314
2063
10899
20188
898
4706
6845
5924
10005
5206
8814
1221
9715
1724
4287
5828
4355
2914
2765
22074
2073
494
6902
10162
8382
2507
433
4479
1933
4940
23577
8281
9006
15360
11325
5366
5247
4065
12221
121
3769
7357
14751
4344
3615
913
4690
2844
6874
2994
6748
1996
8157
3402
3682
962
1513
490
6543
1335
4492
342
600
4647
30930
10188
10830
12768
4959
11663
2390
17116
17143
12479
2319
2816
10609
15073
12007
8707
3365
2214
10848
2139
2903
3070
15853
7161
11431
2897
3889
5705
6746
5056
3339
17535
313
13219
8153
8585
1209
2089
1219
353
15297
236
392
2610
19847
2824
1395
714
22489
7736
836
410
21363
2031
684
7555
2525
4160
8357
21909
5725
10157
3910
4901
13138
2658
8199
2462
900
9629
5399
2903
5048
1054
1430
2079
9692
7406
3174
2391
11137
26154
11254
4120
5687
5278
512
2667
862
5518
12042
7171
2968
12792
11864
5602
335
1057
4185
7728
162
2646
1193
3362
6232
2094
6637
3000
1963
10157
5902
3614
1611
1352
4847
9972
7915
15863
7063
8288
8906
5107
1767
11936
4863
1500
118
2165
17005
13667
14478
32772
1609
9952
6047
9943
11242
231
6105
21165
3632
12659
14181
225
4103
1182
11280
16525
3360
16203
3442
9878
3233
3010
392
7804
692
24297
9002
3599
10443
7705
8450
12563
430
312
7065
4856
12344
5106
3101
26392
9872
4837
1670
2527
4548
8906
1447
16209
409
10084
18356
15930
2696
5046
42406
17109
8209
569
17537
2038
9478
344
13093
88
4562
8223
12678
335
1430
151
6926
1586
3525
10792
1734
13616
28091
3736
5148
1629
542
2037
1753
4749
8146
5691
12367
6470
10410
6562
4977
7734
5224
617
9459
1179
14234
442
112
7472
5376
5535
735
17781
5618
2149
9937
5417
3562
5608
4172
40289
4614
4195
7324
6373
11472
7717
9172
11036
5184
12721
14699
11695
4627
5327
3538
1382
23205
5756
15068
18970
8547
6906
9958
23290
2234
7689
9292
994
18278
13517
18078
3123
1808
15748
12071
5406
6750
2302
2565
1214
4003
5314
7983
2763
17184
5095
800
4823
15678
18410
1773
6761
387
13253
7803
2503
8737
2149
11050
3707
5338
721
4486
7743
3542
5783
4477
4892
7141
29569
2773
237
626
20924
4469
7006
3256
16536
2597
8144
14800
3758
11012
10150
1923
9522
7034
8058
18340
23773
5179
1568
20838
8758
115
19172
18314
4333
1486
2191
2720
1737
1539
153
1988
26638
5540
5529
2008
3882
8140
3080
7839
2998
5220
15249
22816
8017
1007
8985
8245
11312
6896
3306
2817
6285
6
7347
5560
6015
8280
7397
7449
4074
2737
4778
7190
3247
20614
12756
1002
13511
12858
12883
7808
7342
4511
3397
6251
10953
15711
215
4067
1522
1325
3659
31652
5242
9143
1185
359
5891
8006
5016
13948
2487
654
17089
2401
19590
3741
7581
17853
1612
18208
1369
767
2186
5693
4983
3733
5011
2641
1528
6994
15611
11739
3809
5801
1361
10883
4191
4022
9794
1350
65
2839
5864
3565
2502
2633
3618
3374
16993
8041
3859
6216
3299
9979
4731
3497
9417
1248
3149
565
5187
13240
13538
3942
10488
17807
6945
4720
1515
7442
12237
2878
7898
754
13290
882
21990
9801
8428
13212
29591
14332
42667
9313
16841
9645
546
10914
5195
7815
329
5122
504
10869
8348
2152
2619
29333
2564
16924
4672
4531
10408
1716
6528
10878
16231
18890
6024
3701
225
1196
1960
2955
2266
985
1967
20356
7410
23880
2003
7427
306
2158
605
5613
19596
3217
20809
1976
2298
3326
1787
6838
7062
12318
10390
9772
17265
11812
5429
8748
2744
4545
7616
3541
4784
3146
9543
1965
4513
29268
3869
7427
1917
3049
5132
16010
15089
2286
3873
14514
12609
16274
6531
7842
6478
2387
6823
4702
7778
1958
2300
5669
5808
1055
4490
4875
2630
2857
2163
13468
4107
14758
3973
1441
375
427
1911
1108
2475
7943
4162
18799
4047
9887
1704
9269
486
10071
1660
6249
2915
8615
873
3437
2865
1356
17197
18419
25408
19188
4102
1690
12056
3126
2671
19510
4025
8473
12580
9718
469
5646
2430
9738
1943
9002
16538
11980
18184
422
1133
6076
1191
901
13025
8612
6146
1905
1801
11668
13212
1115
2635
13683
2480
1768
16005
1620
2608
283
408
5090
12636
1666
15325
1978
3440
2506
4318
852
12816
16551
2650
5239
5802
11639
7095
12777
5905
3695
8868
1198
5008
6718
11855
20607
3849
18859
7444
1545
3895
14959
7154
33080
4976
22692
402
22180
770
3983
4230
5454
697
9570
8515
1497
7291
5011
20322
513
20697
6183
1882
8440
1921
5688
3435
22163
1066
4079
1694
1536
10261
12013
9204
7626
4907
18832
2641
12659
3040
15352
19792
4415
9398
5976
12959
1873
8938
1893
9482
6418
1095
2343
2118
2841
1632
805
29439
2566
2306
9164
1907
15219
6829
6697
12143
664
4392
874
10628
5073
2178
7566
437
5761
18025
16118
4958
7095
4749
5417
1403
18504
2053
17394
12996
19653
4514
6666
1948
8370
8426
424
1666
4066
4766
11538
2466
1611
653
20793
6276
1893
6370
5764
5821
3611
826
2183
6677
3130
4179
3125
9984
1040
5528
7791
1139
3507
6528
7857
6143
2393
5880
3761
23988
11227
24687
5410
4456
422
9801
3962
1619
51
1248
6076
5438
1876
15917
2800
5945
8969
6837
7011
3186
6857
186
4965
2005
3253
6119
10079
8640
3174
2208
439
1410
10347
3212
3071
14480
3981
769
16191
10723
2937
13676
14263
756
11497
14202
3030
1449
11983
1201
6198
19426
1438
7732
5676
4883
2221
667
4588
1001
11879
338
5695
8521
3198
6637
165
1955
876
2740
9195
1880
9478
1050
217
9911
6260
7303
6513
1983
3488
4970
1884
3975
1778
4516
7329
3018
898
8122
1871
10197
11697
13027
283
10475
5074
2410
2104
3684
3953
8157
4903
23752
2702
9252
5472
579
10592
2554
2867
6414
10656
33674
13831
2813
3403
11025
5425
14659
17544
5170
2559
395
17538
6094
1321
1438
18000
1889
785
1126
5276
1613
4031
1683
1023
8179
2354
2738
3674
21731
19942
2025
2022
8974
555
4787
13758
22211
8901
11767
8142
4225
187
2534
9286
10798
1130
4172
6289
3811
8766
8508
966
4076
13280
561
456
865
2846
2350
3672
26227
8625
25
762
1246
25839
2286
15991
2510
4956
7096
15771
5549
8734
8182
396
3278
2460
14076
3082
14932
12187
13636
1987
6498
5901
15109
4205
6721
6535
3527
19783
23638
11940
3552
7266
3665
7928
2461
1308
2700
2534
1017
1892
8616
2381
21283
9113
9122
474
615
512
4005
13583
21361
6013
9568
18456
6029
2090
12510
13403
2899
817
1365
22355
2231
575
7408
7135
3464
2130
1150
8085
7850
6652
16956
16665
2023
15148
1043
9499
6927
8723
9623
6492
14188
2482
2290
6103
7850
2452
10164
2070
2324
19335
940
6170
10604
1963
459
8887
21490
4011
31157
1290
7165
21465
3860
5012
18496
5629
5092
2071
12933
5438
6482
224
995
6476
10944
20510
2668
11282
8304
5475
13632
3635
9954
15774
356
2979
13627
16100
296
11772
4667
17091
1190
16221
797
10398
10559
9126
2184
4642
6
6225
6168
11216
2565
18423
5625
302
1766
6629
11372
6204
6241
8638
5110
4540
1232
10957
23809
6501
971
5815
11152
3559
9599
751
2467
15714
1285
29
3761
892
4902
15811
20889
7767
10677
31582
96
3287
4905
11172
3251
5059
3614
528
29334
4421
2460
1331
1531
10594
5025
22182
29722
9372
8007
4783
6068
14962
532
4313
25566
1223
20802
23162
4569
5785
4630
4281
14556
12991
970
11375
3158
3046
11572
7862
9053
8311
15361
28685
3175
1554
3403
1618
1231
46
5306
3550
16257
3058
5495
219
6111
4642
3751
946
1936
396
1504
29215
2708
11045
7951
683
1897
5208
2800
9037
778
3972
1349
567
12389
731
6698
11998
19290
4564
4529
2753
15154
19172
6510
10287
10304
11748
3867
3435
20391
8634
1264
20241
16496
1981
5618
7173
18090
867
3885
2327
2748
2205
6871
5789
7671
3890
2348
3408
1415
10747
1312
839
3451
9350
6705
360
2448
831
1125
1302
622
7868
11855
228
8407
5924
3672
5225
2699
9026
6653
12687
7996
8295
3315
1752
804
5788
7693
11256
6091
1991
13240
3565
3456
2822
27020
4178
6001
5122
10250
1448
6455
2625
10683
1456
18009
6734
10129
16867
861
1852
6297
5947
7378
4916
16794
2554
4257
3523
16495
13080
22252
3169
14483
19998
941
1791
17379
2076
6058
3666
3399
3273
10087
3128
1460
206
3774
14947
1983
6950
10492
3182
1653
700
9915
5494
4818
29942
2395
7542
11107
6198
5056
9605
900
8355
9593
2160
7240
1687
8185
1916
2671
7383
537
2159
6542
6848
6583
2440
1810
2052
10746
4399
2477
1424
8468
9783
10375
2028
4031
21789
544
483
2507
16598
12974
2304
10277
13229
8615
1280
7583
4160
56976
36083
17375
68
7280
11243
12920
7207
3749
3779
7544
9576
7942
711
969
2974
1864
2289
36467
5041
5513
1095
32093
7103
7746
5771
3613
3609
7108
13765
13987
3020
1205
12838
7894
6062
6541
7768
202
3458
3123
3425
13431
1125
3418
5821
4675
4119
2041
398
1803
1352
14825
14856
3346
8720
16274
13347
1632
4509
14474
7508
2545
11388
9437
480
1792
2777
1322
2261
18376
935
16
6906
7969
267
2198
3225
27687
11841
783
5129
3037
4442
1824
6523
1319
596
8730
13663
4054
11070
13879
566
2593
392
8484
1726
23897
6092
13220
2139
6742
422
5278
715
5265
1327
1755
2155
1368
8371
3418
5154
15235
5752
14787
440
17034
1399
96
8264
8445
2271
2302
5650
4273
922
10883
763
587
1419
9815
19701
213
12013
7349
26491
925
3550
2369
186
8994
372
4793
12239
6007
4994
1848
7047
703
10670
2832
6996
13738
4175
8439
11309
10508
7209
4884
3852
4071
9332
24205
10851
849
1228
5722
8156
14603
596
8402
638
10006
5754
2949
19555
10298
654
16188
2262
5394
20373
12957
9250
758
11198
3116
11557
34
6835
2974
1407
8859
10552
8234
4970
3035
10170
5499
4826
1258
8614
2127
2175
583
3632
4617
3589
7839
10100
16472
8018
14278
17019
988
20661
6072
15753
5206
4088
6423
7427
7485
3551
9220
5596
18632
4949
973
2436
1524
5647
6495
33339
1473
1672
13345
3738
4123
15450
14085
7577
2948
13479
7068
1592
2056
1424
864
6634
6198
17321
9286
937
2139
10962
1608
6638
5682
20121
8431
7716
184
2918
4053
4724
5190
5117
4870
106
2429
3751
21511
1451
3221
4829
6747
3320
2223
4196
294
5370
2565
15415
2876
12391
1071
4348
3399
1529
14435
3186
20638
4178
3060
1779
784
342
690
1896
7016
7027
7393
859
4022
4149
3608
4312
14731
12565
2162
11322
11248
12718
7400
2391
28709
4056
4411
8783
7863
196
3925
9610
16174
2753
12386
7256
1726
2771
1599
5304
689
16645
7869
10052
1023
3607
13232
9329
13607
1427
7250
2934
7745
203
14234
2691
2451
4596
4531
17057
5935
11567
3815
20798
2522
1880
594
20831
758
2771
3017
7297
10316
9142
5591
3733
2608
9806
4026
5282
5925
610
396
2082
12454
262
3825
7644
12071
3472
8490
630
17338
7484
509
14256
16580
1103
3785
4770
4428
3022
57
6342
25785
19120
1265
13803
7849
7583
892
11551
1652
1399
3258
573
2033
4581
3376
4398
1043
9859
6680
6657
1769
9144
6318
5329
434
2445
6991
8160
264
3897
6630
6750
6779
3177
532
7589
452
8696
630
2746
9613
12026
1025
2176
2234
27398
2775
189
340
3445
2975
1297
3092
2256
4719
9262
15615
9109
171
483
5851
6082
179
16547
1330
4354
21281
1489
175
3052
9200
18805
4714
32046
314
378
11926
4499
3272
280
1473
776
9686
2678
938
7505
4334
14626
1138
2568
1951
1014
10990
2681
14390
2495
3979
1610
7391
2074
3709
2919
4743
2401
6507
7997
13326
6719
9052
467
5900
4990
2380
5050
1533
2364
1316
3544
1985
2756
5178
1441
6446
2054
2099
28230
4387
3214
12574
417
12459
720
220
1802
10915
5421
12179
1942
6904
33355
12772
6556
5999
14999
464
1127
4906
5180
3557
2524
58
2517
9502
15713
2310
24952
4634
9916
3443
3219
10700
9392
898
7691
11995
12602
10087
9682
12713
16524
5239
3016
8947
9069
3541
1039
17977
37
9942
817
16873
5117
7912
2552
1008
787
1670
10870
14606
700
3082
23989
2633
541
6014
6142
3882
4493
5819
871
25952
976
28885
4278
16270
3138
20025
2630
450
18300
5598
2252
6891
10257
7167
3949
8353
25
2260
744
7046
6825
3276
989
21470
5552
1487
3162
2396
572
10077
165
10960
4669
1112
5755
11747
4180
13660
13507
1155
894
8948
6975
7667
4011
7399
8452
3478
7948
1068
2211
6310
8552
3533
4982
8750
514
4418
6402
35494
2916
703
1196
410
28095
1510
7867
4078
3177
415
11350
1742
27799
10123
2519
1392
1851
1811
1637
4985
1735
2379
20234
2127
4365
3984
8055
13098
11965
10630
16604
12441
6719
1375
8049
13434
2809
2456
10137
3708
13863
8499
3697
8111
7133
2752
15624
4605
2202
5891
4940
9284
1417
3657
1088
4656
1554
6245
8551
3510
10141
10745
2496
4896
1866
8272
6115
290
702
26396
18343
1783
1484
7302
10859
664
2901
14689
5429
4390
4485
18330
16824
3740
3789
3876
647
26115
20805
3968
2674
13616
5162
7555
8245
9527
52
9458
120
21
1184
15510
7961
2398
534
682
1731
5148
11905
7620
21559
10682
2061
190
2150
9901
10104
16722
901
18988
1536
249
731
6231
639
3733
13372
14367
12449
28569
13604
3896
6788
9526
15636
5093
5467
19100
1643
12607
1110
38250
387
22397
11913
12139
14660
14230
12953
3626
8171
650
8809
7584
5280
5909
525
6286
5140
6066
9574
3741
17656
284
1725
1986
6573
6068
6054
1640
3026
8898
6710
6368
10409
15615
74
14560
1827
3934
4411
472
4475
9032
1729
4819
3930
13752
21749
29862
10043
4168
52
2137
11371
4613
18881
4257
512
5579
3783
20585
3623
1690
2063
682
5311
3155
2415
719
1709
1254
8476
4188
444
16264
8893
4983
3090
10636
16761
7331
8852
1974
19472
8108
5704
4021
4889
29768
211
2088
22633
12065
5554
6225
1524
5811
697
791
5649
7432
6146
1031
1469
4689
2014
3159
4744
6159
2718
3949
7049
692
23177
7201
2873
4201
8291
1112
1832
2363
6050
13887
5483
47
7044
6326
9411
203
6023
17243
28523
1043
778
8859
5191
663
1309
18166
7032
3707
6811
175
1315
24414
5640
9504
5355
3457
871
6618
4764
10702
10066
2832
6354
20653
16253
24379
23579
5705
16281
3147
22768
7275
1715
4514
4557
3816
1417
292
1782
476
8054
11455
1516
17
11069
6889
16489
1265
20671
3705
14006
14746
10239
2155
4796
2386
2639
2070
7484
18416
467
5893
8333
16328
385
1317
12455
6557
545
15154
7679
8093
12574
3596
14944
110
17685
2443
5922
7324
5178
1524
6010
9467
4275
251
19022
7332
5182
12943
2613
7716
8712
2429
4872
3997
14803
567
228
5300
11572
18154
1821
740
2433
5617
3132
10495
5057
1077
12483
959
6432
11322
2902
10283
8540
268
8488
1485
12166
375
560
10178
39414
565
35296
9914
3775
13271
4114
11207
5691
8599
339
78
11841
281
1068
2353
2871
6406
3964
1398
9108
17930
404
12360
857
8433
10147
8153
275
4349
13577
18631
3068
2680
1154
2788
9704
19036
4848
6970
1480
3989
9660
8733
1352
6469
22225
7575
4400
7570
14539
2078
4972
908
1550
5221
5107
7057
1995
2109
3286
4102
5648
3375
608
14054
6175
1934
2863
2779
64
2711
11155
1308
722
10724
4540
2735
11718
529
4223
5430
8771
2368
2458
16988
2179
14920
1395
3587
5288
7369
2038
2411
14719
5056
5346
4496
15929
1023
7138
6810
13045
1473
2108
74
2276
8866
4979
8270
4796
13433
1088
1597
19406
905
1846
12657
9621
8127
6314
975
1906
7749
5019
2890
13792
670
4616
14998
6457
864
2169
2182
613
1545
46
1602
9993
4143
2304
1821
8962
559
14687
2704
2387
2659
5267
511
1108
8965
2327
6003
1129
16084
3008
6760
11013
631
3605
2402
2939
930
7136
5343
21262
897
3919
1522
5879
16050
2867
6746
9135
9080
221
4243
1481
1793
19288
4982
5460
517
195
8916
9027
870
22406
22256
7976
8884
2165
2379
3527
11430
6445
2802
11838
10327
2904
1070
2268
795
3726
5117
2468
5716
14073
15290
2942
5736
717
9363
1786
5143
4995
2492
13008
3880
4335
19278
27
26930
2012
12222
5049
14468
2147
2663
4491
22545
6167
1842
5961
1887
5402
1343
11520
14164
14917
4996
6039
4409
4036
1248
8784
10206
15097
13803
3979
14995
760
2138
14734
1472
3403
22106
4021
1705
2525
1474
6382
2345
10744
17915
2612
18498
4948
15781
19434
1809
5530
2964
1513
16894
7816
23399
7448
100
1180
3534
18459
18739
11546
7634
20737
1030
6574
12314
966
499
1858
6539
1432
855
5006
1582
13516
1603
8777
3511
6464
897
2824
14335
7243
6197
250
4330
264
743
6874
7093
4762
1015
2146
5142
1188
14349
41160
31375
4855
4572
5207
2399
1523
1493
22772
13585
4517
14728
32264
11904
2096
6545
1395
8606
3010
5423
11788
16678
3717
16033
6446
697
28132
689
2538
5648
376
396
2622
8254
1088
3976
8549
6897
1876
2982
18232
2003
18790
4709
12141
1330
4745
5328
20356
7314
5274
5447
5569
15802
2102
1176
4225
15694
4935
24684
3565
9141
8409
690
7716
3809
619
1168
4233
4303
2486
10216
2764
6076
4993
5197
6383
8954
2192
1900
27974
3276
21937
10918
3199
9553
18200
2332
7385
10148
4109
19435
282
2866
3417
6597
8710
1743
3911
183
4642
6192
2821
8532
10254
7625
22421
2345
18334
21394
4991
4785
11220
3430
4222
3618
2943
3559
6959
1795
1951
1566
4190
21634
955
22197
5855
921
5010
7423
290
7094
1559
2699
3927
442
17647
592
3307
4478
183
1505
2219
8188
5959
4726
3639
12825
11134
7757
12230
1873
421
4774
6904
764
30727
2613
495
2413
1650
7934
939
5918
13616
14572
3686
2291
5262
1477
6681
4104
9603
1686
2420
3412
6
160
725
5151
4001
8717
3332
4265
6578
10994
8138
10083
4295
4572
3842
4076
310
300
403
6673
4649
9227
5806
2305
16006
501
6068
4751
1203
5418
4647
2377
6256
6321
1789
16385
5605
9349
2738
1084
4090
3922
6835
7874
1185
9567
11582
8072
6542
2615
4572
6419
3091
7533
17572
8766
2929
442
32832
830
7363
13793
18589
3472
4955
678
1915
3856
59
7840
5301
6832
1079
12865
1400
1270
3686
755
2736
733
5036
8112
14881
36661
1110
1525
6663
5308
45278
4346
2110
13934
5793
13574
587
18290
4696
3546
8201
22255
28696
10735
10069
3075
4063
3251
28075
14500
2516
11658
2319
1526
16842
11315
16881
4312
4281
2071
614
4001
1499
5984
11403
11481
2108
4991
4076
97
6092
4068
445
14966
7939
389
2883
7231
13788
39460
5320
11588
5922
6192
6513
3793
20475
5996
5499
9071
4671
6968
929
4815
1805
1186
6259
12616
18398
5798
659
1886
11518
1239
26657
13520
4267
5064
10395
3455
8994
850
16668
20820
9955
1823
5335
3835
2267
1045
6060
2424
1598
5156
11838
19273
2914
510
18791
10681
93
6430
11233
9306
1798
2079
6564
15271
2281
7755
3307
7154
959
2358
12800
390
919
8487
17820
5241
5180
998
3708
3429
23446
6673
857
2924
2539
169
12091
4121
5698
2793
3855
4566
7009
3005
10042
3548
3910
11021
3844
6057
1859
3246
1
1483
4240
6266
6691
39
7131
7646
12561
2788
16819
213
7413
8450
3304
4676
11786
9943
9013
20607
17254
3720
27059
9152
4138
2897
1009
10275
795
327
8546
7998
1403
969
12910
10508
7639
11672
4403
10119
5769
6718
29231
22299
1452
7680
8675
11505
2065
891
7159
8032
11364
14447
17331
40
10580
3263
223
10476
3598
1475
334
4348
3283
18301
12306
6344
5403
1160
2877
10311
10636
5037
4490
8865
10015
2099
4681
9601
9517
10764
14531
1292
12677
17725
9627
5851
5471
1472
6083
346
14320
5560
3803
345
1355
744
484
1684
3127
25842
2256
301
29438
2246
4643
9005
4298
22884
789
3950
20827
15809
3811
3751
8827
1761
2107
7403
1752
476
9751
19865
26140
1201
3711
26141
4475
10923
511
15428
614
1698
3601
14533
1055
878
4777
487
8915
5795
5832
9030
10555
190
3454
5686
6947
10156
10065
3289
6365
14249
501
560
15279
417
2482
6899
6163
2372
5889
10447
5919
49
6105
1464
5585
5131
6543
7719
1468
6840
1923
7833
528
499
3950
1342
10222
6134
3512
16642
2714
5584
17022
6504
12565
306
6957
8350
1748
2743
11915
4381
3625
12869
1568
12957
3946
1424
6422
612
5208
163
5024
8502
1085
1913
1197
2513
3072
5554
3174
11212
5279
3686
1074
963
16556
5274
3733
7522
3213
7681
4535
4407
11924
6769
5040
2237
7042
8582
2218
1504
9389
4244
4254
8873
4366
13109
10638
23130
2166
204
2231
7744
1065
20126
9621
22912
112
7651
8692
2992
20242
8235
4329
4851
2216
2982
3331
14451
3304
7441
1043
3478
7927
1074
1732
8525
2683
7002
3042
7636
3539
14558
3079
12937
1292
5181
2309
451
7461
6097
4121
1071
646
17
11566
4569
2280
6580
11597
6510
15493
186
19570
9329
4668
3911
12586
2841
4189
8518
3232
1459
567
11409
4699
5200
2682
1934
1073
5602
593
1968
11801
1490
2137
1839
7876
5280
2709
11975
4914
105
2297
6527
17351
10351
471
4630
11422
6310
3672
13423
12211
1672
20118
7663
3767
58
3731
5634
3425
14100
1332
2938
12764
1826
16506
10116
10445
895
9083
7069
4536
12763
6492
3990
2021
2455
22860
7968
10496
8913
3854
2758
9057
2213
742
1785
2598
11461
3335
22291
288
9859
12410
3371
5738
10435
5468
34179
11984
5671
1838
14846
6102
8966
36430
15538
618
10645
24405
3577
5775
15241
765
8233
1820
3206
347
15869
728
13269
31483
4239
4062
3889
1234
6011
1935
7267
11057
2249
2520
63
6072
6015
3079
10333
15877
7446
528
454
7997
28076
1504
1937
1508
618
4975
11031
3806
2366
5138
1719
6798
5273
4402
1222
2643
4543
4514
4312
2565
808
3688
3718
15379
1751
6452
34979
566
8550
8632
2484
13811
7656
8620
7243
3308
5061
10451
4851
3986
7704
1111
5093
12865
4926
697
3651
502
3590
8104
2226
24268
1038
689
7815
11958
840
815
8174
5796
7297
12947
995
19357
18666
9444
3570
9586
1156
2118
13134
9817
10379
4071
10171
16796
15869
6315
505
3563
98
2896
12987
881
6855
3165
7032
20270
15165
14652
23661
12538
3402
2667
2459
3917
1683
9979
744
1790
112
5923
4869
3264
1231
7538
7132
2184
11057
1997
8504
7202
3472
5122
3811
8075
2859
3008
15231
16576
3468
5248
4914
19063
3210
20645
2655
345
7980
5145
14063
2708
4063
2816
16385
2038
1853
1977
2363
5438
7732
2230
2321
8655
2297
4055
7113
24062
4066
6615
2091
8681
7341
1884
2603
2551
117
1867
2131
1576
12311
157
9514
13149
7555
1259
13475
1218
3586
12958
6907
1835
5207
1527
14301
16116
20873
3732
6650
9525
292
4360
3236
3619
5512
417
9247
10945
4341
8987
785
5879
7860
2844
1533
1244
2876
1340
1130
800
869
358
2537
12259
2361
1936
789
784
14770
28659
4243
1093
8682
1257
10181
5428
881
549
10704
10679
11472
265
1409
18665
768
3201
5551
1550
22003
5067
18476
295
12014
3955
4000
28
2782
1722
9475
8549
23063
451
1396
5837
4306
2250
5500
606
1398
9287
3300
9991
8716
2342
2310
6115
1742
12363
1163
18118
9122
9324
5158
7231
5511
20250
2144
7230
8349
4174
1748
2825
5923
3678
4552
706
7197
1888
2054
6996
1890
1024
7960
7270
1826
3485
652
13776
3843
4276
5508
10515
7912
4200
3095
1190
4008
12830
6106
5811
1308
3475
5635
1733
2470
1264
5837
8576
49
6706
8022
14440
3749
4574
13603
14497
17444
6986
1487
506
10936
2050
8385
11059
1045
16341
7504
18740
22743
22002
3578
670
1087
4210
18158
6870
4226
37408
227
12738
20159
10577
3003
8188
2467
3331
2441
3991
794
4722
7815
9495
36967
4066
8334
2327
7141
620
7791
22698
6964
5211
10274
22339
3063
27358
6585
2230
155
6543
10802
296
1893
3599
9386
13297
5042
3438
2523
4966
1700
73
2944
4728
4471
268
13244
173
3377
4232
1533
