3
4
3
3
5
5
4
5
4
5
6
3
6
7
8
3
6
8
8
8
4
8
9
8
9
8
8
14
8
8
4
10
3
9
10
3
7
3
4
6
10
11
7
4
4
12
4
5
12
6
8
6
3
6
14
14
2
6
10
12
9
5
3
13
8
3
6
8
10
5
8
4
5
5
17
8
4
4
18
7
6
6
12
17
8
18
10
6
10
11
7
4
13
12
6
8
21
5
4
2
13
10
14
5
22
5
6
5
10
17
8
4
6
12
21
18
3
7
10
5
8
6
8
11
5
6
16
7
3
3
8
20
3
27
11
8
18
9
18
13
6
4
3
14
15
7
8
11
9
8
4
4
11
9
5
14
13
4
12
3
15
7
9
4
22
10
8
9
17
7
4
5
7
6
6
10
7
7
5
9
5
8
7
13
17
4
5
4
4
4
3
3
11
8
10
9
3
12
17
5
18
15
19
6
23
10
8
3
3
8
23
9
7
5
10
14
9
5
13
3
8
7
15
9
9
11
3
5
8
17
10
5
3
16
5
3
6
13
12
21
8
16
31
10
5
8
4
4
11
6
3
3
3
3
3
4
3
3
5
4
4
5
4
5
5
5
3
6
3
7
6
4
9
5
6
6
6
2
4
3
5
8
4
7
3
13
5
6
4
7
6
3
5
8
3
8
4
10
8
7
7
11
6
11
3
7
11
6
4
4
5
7
4
13
6
3
7
7
3
10
9
9
13
10
5
15
10
16
14
13
17
5
12
6
5
6
3
9
6
4
6
7
6
14
3
9
6
8
17
18
3
4
6
10
20
10
4
20
3
6
6
11
11
12
4
5
3
5
5
5
6
6
5
15
7
5
3
5
5
5
7
4
5
10
8
7
13
5
5
9
4
2
4
3
7
11
25
18
4
26
8
8
4
10
6
6
4
16
3
4
16
14
8
5
2
22
3
6
5
4
4
3
10
4
15
8
10
19
16
7
9
5
7
11
15
13
3
9
6
7
2
6
26
7
14
3
23
8
10
20
25
3
15
6
8
12
4
5
10
9
7
12
20
5
6
6
14
5
5
6
22
14
13
8
29
3
19
12
29
9
4
17
16
3
21
6
13
4
9
4
6
9
9
5
9
22
5
7
11
18
2
4
4
4
3
3
4
4
7
5
4
8
6
6
7
4
6
8
7
7
3
8
7
6
5
9
8
6
8
7
10
3
8
9
4
6
3
2
5
11
11
5
8
3
6
12
4
9
12
7
6
14
10
3
4
5
4
3
13
11
14
11
6
13
7
6
4
7
4
6
5
18
4
15
5
8
6
9
6
5
4
7
7
16
5
6
7
9
17
10
7
5
19
7
5
5
21
16
6
5
5
4
5
2
9
7
4
6
13
3
3
3
4
24
24
12
10
11
13
8
6
6
19
19
7
4
17
3
8
6
5
27
14
4
3
6
21
7
15
12
3
14
8
4
13
4
15
16
7
9
3
11
5
12
12
8
4
5
3
4
13
3
3
18
4
6
3
3
3
4
9
6
5
12
10
4
2
5
5
4
12
7
10
4
6
10
3
5
3
4
16
22
6
7
33
16
3
9
13
8
27
11
7
4
30
9
3
7
19
14
3
14
10
5
11
15
4
3
6
19
3
7
8
7
3
6
12
3
12
8
12
3
6
12
30
6
4
34
8
5
22
6
8
3
3
4
5
7
14
9
3
3
4
3
2
2
4
4
3
4
4
5
5
5
3
5
6
3
5
6
5
6
6
4
5
7
8
8
8
3
7
3
8
11
5
6
9
6
5
10
10
5
3
3
9
8
7
5
5
18
3
10
6
4
6
9
12
5
4
13
4
3
14
15
14
9
11
7
12
7
8
8
15
12
5
15
4
10
7
9
6
7
16
3
2
17
9
11
5
8
14
3
2
12
6
18
17
11
8
3
7
11
12
7
9
14
3
10
5
3
6
6
7
5
6
8
6
9
4
3
7
5
13
11
12
5
6
7
11
4
3
9
4
3
21
11
8
7
13
5
22
12
13
4
6
10
8
3
8
15
11
10
19
8
6
5
7
11
7
17
6
6
6
3
9
10
3
14
8
10
5
8
3
5
10
11
10
5
12
11
16
9
12
5
10
7
3
19
6
6
10
13
3
6
5
23
17
13
6
17
3
8
12
13
8
5
12
8
12
3
3
10
33
10
13
10
3
12
10
13
5
10
7
11
5
3
21
28
5
11
5
10
8
6
4
10
9
32
4
16
3
10
14
4
5
19
9
8
5
27
