431
430
796
1177
1656
537
4301
2597
4030
3264
4211
5997
518
7220
1308
3449
1901
826
4605
884
8322
9654
1193
10479
1186
1564
12403
1278
12138
9221
2871
583
3321
14834
7941
3331
1440
9105
4405
797
2445
992
17
5400
18933
9057
1622
696
2221
13735
12614
904
2181
3624
930
3255
2865
13024
1946
2043
8305
2826
19505
4910
3255
4851
8431
945
2462
239
3687
4887
5426
3709
3319
4113
2205
375
240
2006
2633
1629
3130
744
5278
1552
3946
5319
4933
815
7535
5952
23208
5311
4764
5795
1766
4349
1737
6278
273
5421
2401
1242
1444
458
2566
2131
3652
2955
198
3145
661
1976
901
876
6800
5559
8177
188
1799
942
1029
12092
4345
752
798
374
86
2458
1874
3757
474
9230
1229
6540
751
5002
3965
822
4868
15960
3525
1334
6904
10527
6208
6377
1423
1554
3969
1488
92
24539
4128
4408
2001
6034
993
9491
2935
1064
4351
9584
167
2560
8430
338
3329
539
2764
6148
8207
3086
4142
53
3681
4294
2340
4292
3790
2066
3355
8475
2438
62
2492
11214
11736
917
11225
7140
2333
1204
5394
20121
1881
1723
6860
2780
2675
2806
1033
7079
6096
6670
642
2654
11101
4708
11809
767
2864
2547
5627
3383
3474
4101
1982
5880
4353
2338
4422
476
4197
8623
1818
4565
7479
5818
10107
641
9104
2397
7920
18472
11282
13695
2716
6701
14278
3577
1514
840
3024
5908
4364
5660
14455
3466
2640
9792
13253
5604
2398
427
528
759
508
310
1232
6089
607
5001
4585
4107
2118
10226
10524
1561
2624
11920
2191
370
3395
5445
7074
6517
3199
2820
12240
8975
4275
354
1549
3115
1196
986
5971
16675
8467
10161
5552
3770
8781
2990
548
124
1834
1966
9494
512
1438
26545
142
2229
7941
2594
4166
4337
235
2044
273
3199
11025
7628
10554
2232
2340
2750
11671
3044
5396
1990
3754
226
2931
4270
204
7151
862
19544
18155
8171
9262
3186
3196
2454
2898
3656
2510
2477
2051
2823
1295
1048
1810
5250
19959
2548
1479
1743
2572
4136
4111
19368
178
451
172
2097
1384
1133
5035
1731
1968
4227
1909
5649
12936
2902
2352
2110
2887
312
26507
925
2170
4170
1699
6422
88
2328
6684
6551
10578
351
295
6883
808
954
17101
5871
4844
3363
7171
7507
4694
1169
1946
2139
5863
6907
1671
1673
5544
17368
6247
6575
1005
1710
3937
5296
3035
5349
2472
7312
6953
9707
5936
1192
5852
2006
7679
11941
7385
10403
2272
7852
3689
972
5088
2058
1288
2409
7850
6711
7014
2176
4229
6660
8207
9938
2955
1840
6385
1624
154
6337
1335
22196
5698
353
1930
3668
470
681
2867
7150
15220
7588
3238
359
909
343
10632
5682
1733
5061
1278
8622
397
1901
1010
3626
7705
377
11094
5047
988
7131
9064
9022
665
10744
841
3421
1783
1618
15623
5684
2430
3174
6197
96
2358
1948
2160
1126
13453
7516
8010
8624
393
6450
1294
119
331
67
8423
6998
2535
10391
1875
1249
1650
1414
661
5670
167
4543
4212
121
4753
1948
3919
243
2735
1367
1552
4439
6076
3720
10380
2349
3689
3929
353
5070
7990
1867
8879
103
4717
4643
14756
19276
5423
748
2021
585
2220
3437
948
6804
2318
528
3779
6086
9041
790
4975
14665
4676
3204
11528
2233
89
4111
6417
4480
3751
589
7705
4568
5170
1858
3195
2464
4885
3101
318
520
1596
1474
11490
1527
1039
2441
1425
5128
701
31728
2106
1866
8147
8025
2380
1130
1500
1040
768
6536
4307
61
2323
577
1394
21691
3022
294
6522
489
2341
4171
4994
4385
1694
12644
10761
2036
294
1305
2389
1706
4142
12488
2254
752
3101
1577
4057
8761
15982
2201
5396
3706
5377
7111
2866
2900
6980
2776
3354
371
4632
696
7506
8070
1541
3696
10222
436
3939
13994
133
6381
699
953
20359
4219
5193
775
6987
10384
14804
3344
852
1274
8599
3864
3768
7872
2278
2889
3900
2523
2261
1331
4402
309
1437
2816
499
14099
6068
9700
13804
1591
3624
2077
4597
41
2241
4943
2899
3370
1723
1285
8743
173
1336
2511
6418
3508
5648
4882
658
2902
362
307
8207
6613
1157
1251
5230
13499
3217
962
4603
3341
3369
375
5987
2188
568
1701
63
5436
5261
2700
2070
7478
2528
1354
5642
5604
3689
5540
1548
302
4842
118
2066
2207
17415
4978
5635
1581
11010
11220
497
3056
1152
12347
288
541
9785
6821
879
4990
1721
485
2550
17037
20655
4238
7681
661
23371
1678
4161
1612
4992
1367
4843
5746
5051
5868
627
1773
16355
2267
2279
1141
7688
10747
909
11687
7133
5793
1684
5890
5122
12622
372
7109
6527
5309
6302
9520
11352
10542
16394
2193
2887
988
2956
19
9013
530
3475
3974
3806
6649
8299
2457
1479
11505
257
7453
6201
818
5353
4868
3056
1731
983
261
16858
1810
444
2168
11477
1665
3368
854
745
11876
10384
3254
6476
1279
1692
5385
1811
5415
2888
3002
5667
1463
2848
3082
1656
1823
8094
550
4535
368
1093
12198
1451
2489
24422
1495
11915
19747
2933
371
4197
6044
6742
1787
11571
3196
5668
27
1491
7911
814
15056
7704
8465
3489
3738
1400
18261
14786
5909
1606
438
1251
1323
2251
397
4768
4234
1338
1110
9196
3124
4429
496
2951
1953
794
107
316
13437
1827
2955
2239
2117
2230
35
5315
1234
7377
898
2153
1301
3159
3199
3389
1048
1790
22448
216
3122
1115
2423
4539
7929
3041
2208
6299
5921
2154
7132
1439
616
430
3933
6510
491
1344
4271
3220
6833
2598
8143
132
6083
26677
3340
842
3807
9224
1486
5810
816
42222
10336
2846
1879
16058
457
5305
98
3742
1362
12716
13373
3391
1723
4075
1122
11827
575
422
767
6111
6559
3364
76
9455
2612
4304
1158
2809
3142
7603
1843
778
4522
12363
8967
3453
3392
140
2693
4597
3057
11378
544
17965
673
3941
999
2623
11199
539
3895
7
1334
4207
440
1050
8803
3316
2951
2655
4376
2358
4746
861
9745
1321
1612
8040
2789
9120
6633
798
1836
9422
10583
4176
1254
131
8610
8716
1725
2870
2700
244
504
24811
1865
34448
4716
343
4544
20321
12175
261
1163
2770
7764
930
4327
739
17887
696
2324
6748
6401
2929
5773
10502
9723
3670
4852
3441
288
3254
3264
3855
1336
6395
5099
8008
15345
1835
5100
17076
903
2872
829
5992
3379
54
6416
12839
201
444
2643
12977
6912
932
7734
3152
1895
17271
1432
5560
1886
7403
485
5250
1649
447
2957
255
15270
222
1604
874
4260
7289
2852
13358
483
5140
2278
5369
10282
8767
2692
4202
5031
3657
2890
797
5896
1975
6319
3622
9917
9767
12873
13070
2917
4848
2378
187
2216
327
21337
959
1065
3260
5519
2118
2996
9022
3473
17343
283
3558
4485
1798
8158
6422
3013
4348
7368
7891
2209
980
353
8108
8298
15600
769
444
370
3961
5534
1468
2485
14804
11657
4122
8535
4718
5215
6646
971
4003
1404
10392
2568
1557
4973
1643
2358
1561
3712
1178
3959
150
7083
5295
2468
2913
15847
2839
13613
5477
9698
3842
6863
3317
1712
3304
6097
22962
5004
257
4114
11757
2610
901
1657
1934
649
1786
22915
3680
3273
2439
1103
3265
5012
3863
12876
8169
10103
4919
2987
2942
8380
12938
7129
5019
20312
8798
6555
1347
8574
1023
5295
4496
18541
3230
1447
4581
7
3207
50
946
3137
877
3612
4210
2448
6445
10287
3245
3910
2475
3771
2765
12820
7156
11651
3007
274
3587
2358
14495
1164
1424
3619
2713
905
5003
696
3977
2200
1967
2815
1246
3382
3841
15818
3540
4808
13831
2373
1449
2367
25459
3428
6650
9750
9439
454
6204
195
1974
9717
2460
7927
7802
8935
1316
3686
228
5399
3824
1771
13388
959
12408
15697
484
17725
884
2255
2470
6687
2326
2759
9674
6041
15861
2452
10652
6768
415
1523
1325
2695
19987
2197
181
1546
2787
55
2329
2962
326
5630
1891
8390
1926
4602
1483
16067
4151
1444
3561
1658
2195
3808
6604
915
1193
9211
9961
7497
6822
1681
568
5820
3861
6420
6331
5010
5190
4206
3586
1651
2445
7568
9410
6024
23007
781
1661
15163
282
818
6841
6164
546
23261
9013
5552
1893
4663
9076
1323
2915
1994
1195
6839
510
7559
2996
772
181
8042
10045
1975
496
6153
2444
2111
4457
16597
9416
2293
2413
834
722
9091
25000
97
1645
529
2248
1896
4590
1280
434
1576
11357
12639
9072
100
2459
362
1250
2943
96
527
2975
3099
179
5438
864
2396
5012
1019
6162
2242
2500
29
3991
5312
5541
1890
331
10692
671
7259
2308
12270
8574
3210
841
3354
7178
10646
14834
2733
5602
4032
1275
2883
7950
2348
9799
2676
1068
3105
3509
10584
1282
1145
1835
7444
702
7989
3500
4348
4652
6605
4985
14494
14877
105
4720
1853
1749
2411
645
1538
8216
743
1271
811
4526
7285
4373
245
2299
5508
12674
78
386
432
9003
8114
1189
5171
2276
20780
2478
7118
3851
3990
26
8091
1226
532
129
3699
1741
14656
3778
511
8463
5135
12099
2553
2046
8741
4406
4619
565
727
6565
1584
2090
10123
8996
4606
4734
3345
10309
5075
1024
401
1963
974
3414
13645
9346
227
3041
9509
13487
3766
5857
2596
13191
7232
1786
1477
3479
12843
10655
1324
6747
3814
1409
6703
527
2868
637
7646
2289
5370
2385
1008
8047
236
4731
6980
3942
4700
734
13608
3980
13950
6107
2488
4339
454
15589
388
2107
3126
12407
119
544
4489
3098
14764
5110
4345
1991
5188
3642
10476
1327
6411
25297
6107
169
2947
1645
3603
909
5841
4097
1044
1351
10185
3728
6220
7591
3606
2251
12172
571
7355
1027
6099
1790
937
2129
11403
876
809
3716
2297
5661
364
4213
4154
6423
1048
1886
1739
15371
6659
15058
1825
2771
761
2374
2269
648
3245
799
4614
8159
758
563
2129
8176
15554
11644
257
381
2251
25570
6056
7439
2391
266
4681
7050
3160
4280
1033
4508
1973
2429
888
1824
2979
4209
8239
7445
519
3306
9359
13914
5620
2788
5870
1111
27962
2109
289
1203
1909
2374
16297
11551
1100
7464
10437
3568
7601
5094
7343
3003
1064
2361
13098
7588
11960
5978
3904
841
1944
6606
3804
29
189
8090
12064
1398
2513
1345
3844
961
389
7483
5236
2299
6322
859
4153
202
742
20677
860
1548
3500
2199
11695
6561
5488
5602
6348
13541
2287
2884
9758
5272
8001
1531
3471
1015
8842
4216
4
7887
226
517
5516
1733
1170
4282
2244
14657
1997
13942
329
893
4215
5388
3205
1182
1164
880
5168
6422
505
3505
2922
4660
1463
15306
377
1797
24758
4088
1915
2357
5978
4026
11771
2418
255
1891
6476
6793
2854
27
5160
734
933
1260
816
4633
4649
2116
13422
2717
414
1589
3522
13
234
7547
574
804
21
8087
3841
4720
20108
2767
429
327
1796
10533
3258
4013
772
742
2238
9921
3565
10427
3243
490
4223
4931
3853
6081
3519
875
776
3928
2122
2964
30
6885
21208
1175
6091
2829
1047
2611
397
1656
1475
15619
4051
6695
1983
2947
6249
4357
4526
2058
13117
950
1083
11035
1144
10710
3477
302
6417
3418
12476
4825
397
1816
1051
1253
1337
4372
6610
9695
120
4653
1598
5528
2637
5120
5902
4155
58
3924
2309
713
760
3085
3592
1015
4232
7
6849
1612
8862
1867
2780
4887
4065
966
2046
10966
6053
3155
3857
2304
5110
2298
2274
6218
4963
2717
3002
13051
12938
10425
1866
7978
290
4885
1266
1380
7114
3765
6622
3976
4468
341
123
3727
8241
3710
9859
3381
1315
6743
48
6109
14940
242
1158
675
3159
2023
2571
7150
1725
4045
345
3404
1080
4200
2903
4995
3106
1122
114
1562
6407
1370
656
6314
564
279
3339
13238
4680
1007
422
1062
6083
6748
3212
4017
9490
3801
11998
683
3939
4468
7064
4107
221
1136
1696
2465
4024
442
5846
27615
1669
3251
1991
14437
788
1728
2923
2238
10417
542
5395
7816
757
962
809
266
4112
220
3585
2242
15172
11300
2554
11928
16229
10049
173
2992
422
6943
18076
5048
8899
2099
546
12083
2858
6065
825
3890
3669
489
1828
93
1655
1178
3922
10892
4362
3612
2583
5471
8527
1246
35
13000
3432
405
374
14501
989
2954
245
6127
2269
17949
2321
13676
7175
2135
335
5368
4937
675
16497
7389
7598
696
2151
3664
978
397
5828
17317
1723
2149
5
593
1068
1967
5280
8770
5614
26
1843
3645
6558
2606
2572
7267
5222
2184
8236
6260
663
14451
5068
858
1065
839
1591
5706
5794
5949
3724
2676
2468
235
11073
508
130
152
1726
4672
3876
4959
175
349
1593
620
1243
2484
6789
7733
2870
431
3171
7982
11719
17598
10986
3864
16874
9622
6933
4916
2696
2149
3551
4572
1158
2576
4934
6121
4025
6560
1777
4780
4296
3868
1407
763
5797
8062
581
3894
4308
6018
552
4729
3675
5186
4495
5342
1626
3247
5234
8056
104
14628
2162
1534
14911
1336
97
8304
367
1853
5112
7185
3388
3250
7744
2093
6699
1430
10586
463
7468
3443
5586
1085
9538
3065
9069
7492
282
4416
250
911
7817
2149
276
11081
3663
4493
19831
4910
1339
192
241
8511
287
8124
335
1218
7159
4591
803
10122
516
8488
10404
2497
167
3594
3070
1500
806
7275
7552
13322
2504
821
9918
4048
5979
263
15412
24115
2075
2173
1888
1967
24770
3981
2476
10616
3395
8668
4827
3399
22532
17866
1377
346
15348
4299
531
3013
1746
28172
1008
7291
6914
643
881
2975
2965
943
6467
1624
1756
22391
1326
716
10395
3771
2190
1712
16609
6397
1035
1338
1297
815
10898
483
1737
5832
231
8399
5601
502
1077
13848
424
6605
5276
501
510
189
1320
2184
2885
5129
157
263
6942
6781
2083
3803
656
2577
185
1073
2185
4356
359
4618
4266
3243
7085
19
616
2616
4737
1160
12161
1450
1999
6626
9189
720
4344
765
9957
2834
27817
10391
2707
13979
7016
113
313
9963
763
5599
4351
9176
2961
1128
3269
609
5264
2917
4317
2407
4447
1791
69
3863
3962
553
1762
1982
2180
1357
5484
3200
3770
5809
6160
2901
18082
8268
4462
1655
13033
5071
555
3449
8826
1836
1115
146
7209
10402
6711
2149
2701
25615
9120
1547
11371
1062
530
272
722
772
6890
3411
5996
1209
16756
13077
16864
1704
7428
1571
5382
3571
4638
7305
3314
470
6447
4549
11287
578
3721
3115
1562
4471
5269
3804
2026
5350
214
1071
2379
6665
3676
215
4201
1496
1672
13037
8538
1900
3137
4531
1251
716
9287
8657
7555
102
5670
592
1269
1143
318
3714
3516
8354
14080
3169
7240
7511
1166
428
2546
3142
4278
2594
787
4224
6681
3033
557
3242
184
5684
9820
2635
3788
357
6867
6698
2119
2015
1760
4442
884
1544
3468
2109
1182
659
2099
4788
14416
199
177
1032
4165
23396
1918
2762
5341
12365
5302
480
2283
2051
866
685
373
5370
458
1252
10806
6528
397
159
1129
551
817
5210
3409
625
7808
16818
650
1023
943
5391
618
3710
4840
5326
1634
1807
6296
5540
644
5706
1928
2448
5500
5754
6631
266
26
4095
1747
2729
6249
3940
1354
5122
4483
5274
7346
1245
1429
306
8213
4548
4127
1380
3114
1993
3493
13337
9762
7609
3692
2474
246
33581
1344
7493
460
8691
1275
976
820
4411
3114
410
5202
5462
4099
5837
6354
1040
10767
5549
510
1404
6017
5136
853
11499
2141
4110
3318
3720
11190
12229
8003
10761
5149
11707
3953
2151
2742
10982
650
1946
903
15128
165
1193
2974
3677
213
2192
10121
24000
7535
4517
7321
1409
746
2973
4051
2936
6397
7269
5413
7153
3416
6624
5781
7746
1050
2915
2359
3988
651
1619
1383
2042
8949
4181
9555
4621
1741
14345
1308
1831
14697
971
19245
4858
377
8885
1036
6618
9907
12093
2139
3554
655
13081
8710
2071
9646
2072
2970
7320
8014
21778
5572
11018
6792
1180
3289
3525
3123
983
3162
12980
847
2973
5401
1692
1509
1545
945
2637
14145
9427
262
395
502
7117
3499
229
8137
2447
5422
8231
1025
2092
4900
2292
1804
3133
1871
2307
7673
5819
4104
5408
7258
4698
2487
11624
9480
271
171
5889
1384
3332
1667
12102
4149
1398
1009
3448
10876
7112
18048
1073
103
2696
9086
19588
3384
4621
17475
8082
9560
66
2675
157
446
3747
408
4241
642
2356
2523
1205
3471
11103
5504
7409
517
1075
3759
3227
1067
3905
2057
1434
1142
729
388
1766
856
3864
8592
7422
5097
506
3281
4832
13474
11275
7252
6716
1655
10514
7209
6863
3291
657
1965
2636
897
4385
7771
484
9036
3397
14386
918
4562
96
2614
3852
3428
4426
518
2686
5325
19
485
316
505
3578
2948
6778
432
5087
628
9538
1884
13217
11001
65
313
8995
6
11595
9001
7142
7718
11092
337
1381
3149
5342
1263
2739
5641
200
267
2932
2225
2187
1477
2605
331
3
2943
6227
2490
22428
11255
2881
1782
12597
7601
1180
3389
490
4781
5647
3188
12016
14001
1687
6413
4755
4894
10133
1162
7191
545
6728
8913
13919
873
3631
1722
3089
3252
13124
487
1243
10373
6077
1106
535
4183
1692
1314
1671
6038
9440
2506
788
3525
1180
397
9800
5319
5571
7097
1515
12749
4934
6882
1110
10797
224
12594
5121
9706
2497
10499
13047
334
5212
74
2584
1259
1372
3712
1426
233
1386
6694
17424
1107
215
252
3303
4715
932
7039
1835
4678
8515
846
8300
500
566
214
1036
3334
2720
3248
5565
2471
1518
4611
4228
6650
5628
2149
7658
1218
944
961
4375
3522
384
1911
2678
4382
1071
835
656
2951
717
6116
865
144
994
2757
5955
22769
4582
862
7585
5790
2618
20464
2465
1596
2242
1215
1364
1035
149
1830
1280
13203
275
5498
6688
1088
1486
16921
8875
126
17550
2125
686
3018
5503
4881
2311
2638
10564
2472
4426
1815
15
1396
287
723
8275
1233
566
10324
2916
3026
4697
2485
81
8307
580
233
1210
14165
9464
7102
2176
1640
3895
574
17633
906
981
6854
35761
5537
7244
4885
9246
1384
6773
236
6361
14747
3504
4496
2819
17430
8242
7807
6387
3202
1612
3189
1996
1938
2280
4688
8176
5376
3014
118
2391
1297
5581
4770
3369
2178
1347
1711
1344
2091
3016
27362
4386
3211
29515
1638
3769
334
1396
3266
1908
5056
2678
3617
9811
1725
949
871
24002
8346
723
1215
1454
3305
6171
108
3346
398
19422
762
3074
1281
900
3455
3409
4556
16060
7329
1623
7990
499
5088
6498
252
3388
3820
1442
2325
2991
1319
1492
3349
3687
6871
3152
3370
3548
8675
2691
142
5721
6702
1013
8155
4544
1068
1218
6128
7527
5931
2591
1371
15557
2718
4944
6890
2110
18666
3779
1587
3285
1489
488
889
7867
822
806
2970
6766
1603
5446
407
2551
7477
771
2875
3450
2673
2630
1342
1374
9620
3604
12417
9657
3484
1646
2685
6421
890
19694
2956
442
3240
7444
5641
11368
3604
6863
4198
1009
4501
10103
800
317
6230
2030
1857
7045
3856
3137
6013
4631
284
4983
1345
696
6725
3805
2262
2451
910
2555
6952
8346
2065
6366
12312
2604
520
2799
3299
6886
6840
6150
3707
18021
6946
9083
935
59
5850
10229
1345
4930
2977
1393
546
1243
5496
608
1880
3351
1966
15392
2631
74
117
5006
1524
1294
347
8048
806
823
2979
7621
3557
2304
11595
2592
364
3597
5250
1177
3278
1238
4008
3195
232
8494
5491
3065
301
1348
3198
2461
7121
2830
3342
1801
13388
5117
3693
34
4566
16902
325
3586
2408
11
7381
20147
538
7894
565
1914
1571
3965
181
5824
4918
590
963
1306
1000
8143
10801
70
5759
16701
421
2041
2781
9683
1945
9118
4187
2706
5967
3947
6500
4439
4811
5178
3208
2560
11803
1536
5770
11484
4423
3608
6553
578
5587
421
6337
2374
646
4947
4386
2718
2015
148
5716
1568
9872
983
4689
10097
9711
4068
628
3728
2575
4771
2180
2036
15026
394
8064
8707
9718
3499
16123
3286
5098
203
5634
2710
1771
30708
2113
1480
1760
882
4926
719
100
4894
9643
6584
6015
746
6824
15764
5114
3016
9178
425
3007
1815
498
6186
1804
2813
5485
2938
4181
11645
3329
1895
3794
6308
5819
5358
335
5242
15276
4539
243
238
6503
537
2092
2695
757
1285
4277
4428
5029
2048
2726
1973
3704
1764
882
8020
5861
1457
1852
4575
2340
3140
2595
2897
599
6113
1712
3229
12595
3706
236
6856
7242
1784
1756
6101
8198
2123
1572
843
6398
5652
9120
14494
1288
288
15809
323
572
24595
12371
11944
1176
1463
3111
104
982
16699
5455
8431
4957
2131
1351
6110
176
46
172
9753
7682
1572
4052
3219
4497
231
14082
1142
1007
6397
2396
4469
4186
3445
5083
2521
1930
813
9483
4324
5479
1190
1627
690
9769
2810
7575
2056
2167
2332
569
547
4480
18585
1400
423
2864
6339
98
3412
1081
446
3935
2935
384
10623
574
15701
363
7103
1276
1077
2865
3034
507
520
1193
8475
714
5597
5431
5816
18207
23519
3724
2614
2030
1822
5158
2609
6106
961
7611
2414
958
1024
5156
6188
4948
1746
1257
5504
8138
812
482
2858
1423
583
2029
6829
707
351
4231
10165
11592
5053
1071
2281
127
4120
7592
3647
4725
4326
5683
9413
807
1685
10433
1085
1927
1733
8232
397
8954
4294
3640
13702
7453
1453
11699
1252
4112
4872
3381
14009
8456
11337
2104
3769
86
8133
3072
423
793
1836
3335
1383
290
1799
1564
3369
3396
5039
14401
772
3556
11423
2497
1260
1677
472
1107
4092
12190
12645
148
1170
1385
13594
5227
1082
6411
20566
7134
178
756
5039
451
1595
6853
1522
207
4192
10953
6742
15724
41503
6207
276
481
12458
1581
773
3485
2221
14094
3411
5690
2610
1824
818
8843
815
5909
690
6413
2735
8697
4554
5152
52
2179
17695
5315
1600
7706
4428
2011
2073
12207
7047
42562
451
1801
8198
2391
1442
7485
964
5045
4045
9417
20247
7894
161
1709
867
5582
2332
3486
2722
3767
9506
1458
7845
2045
734
2310
172
5239
8211
2244
3417
14351
4547
2566
5524
12330
1888
9176
2197
4263
162
668
8787
5194
6232
16660
1910
5663
2567
1046
2645
4904
172
11669
4590
14106
12829
4480
11884
6089
5975
3972
12741
1748
2354
731
1598
313
1576
2245
1139
301
6740
251
2566
742
175
1136
2656
4221
584
5127
12173
378
386
2656
566
12593
7461
2151
92
5038
1655
14860
7072
393
5021
2365
5468
6546
11852
148
3114
13425
4134
1901
11484
12155
4191
8264
2521
1082
267
760
7734
7318
2454
204
1685
4289
2132
1581
2912
208
224
5896
3799
10491
10191
26396
1931
2469
1572
4596
13393
2320
19047
3789
2549
6168
10060
547
279
6931
459
4029
4849
11519
4385
9417
3298
10893
2567
268
1300
104
4379
4021
1405
6993
1169
11332
3779
11623
4029
2040
2344
12711
2723
7697
7628
661
6579
487
3123
4901
2126
660
4991
3599
619
3764
12308
1891
6313
10127
7018
10532
1059
57
2486
25599
1721
15703
2784
690
942
5859
99
2179
5388
1573
7474
258
2414
397
4405
1095
40
7280
2225
8204
587
13141
1933
6451
2429
1881
1270
499
17201
1032
286
9654
5440
200
3389
1479
8390
173
255
1824
550
1341
7581
122
5554
8500
1259
2441
4240
2925
4579
14486
833
1596
14427
6877
4420
1805
1876
7858
986
4405
177
3637
3347
7228
1462
4282
2778
2340
5905
8468
7422
7140
2406
5482
6542
5735
4887
2147
11838
9751
16455
243
3257
6225
2058
14907
5064
1346
5610
75
219
6536
22971
558
11687
455
2454
5420
4225
115
1671
8797
4997
5184
7188
1978
5753
2917
1114
419
9437
4587
5502
10747
499
2846
3421
8578
1446
8489
985
1103
1251
4263
10445
1189
6182
2076
5447
946
1054
1203
9340
2396
38853
7672
3001
957
437
208
2406
3225
701
1143
6247
6462
3808
19344
2762
6627
3086
5726
7291
5568
10178
8985
1657
10932
9653
3160
9395
1624
75
6464
14913
1363
1392
1785
6019
1127
785
1216
2109
10025
806
20509
3963
7705
3073
4825
7600
5453
6868
1709
2247
607
2654
2504
7702
967
11131
1611
7232
1191
5278
53
11679
3656
5892
3247
263
4299
386
668
2934
2680
3520
4779
160
11568
1844
616
2851
789
141
6970
2521
364
18475
5576
2147
15791
15627
1086
855
8709
4576
2637
1473
2750
7144
12063
3133
7929
5179
8928
10334
3084
1183
4228
11080
6910
4224
10414
3265
1458
649
13340
40
3543
9507
2988
2652
12979
947
1245
2044
206
1290
3685
18959
1327
1738
2057
2252
1072
3550
3501
7713
1770
1480
1517
814
357
5690
4434
9452
406
2937
4888
2996
2921
3889
2693
1102
3769
501
967
1106
2929
14550
4459
1621
327
7372
8399
2922
2
4081
19289
13835
402
6661
3216
13614
267
2602
4647
733
7085
7871
4235
8169
2177
5703
1692
771
1201
12614
11715
7149
2482
90
162
1393
5090
1432
3585
8577
1838
3626
1907
14030
8520
1038
2329
2121
2747
2562
2815
11977
659
3180
10308
11551
8847
10663
354
4369
9175
11679
6896
4305
216
9914
2266
6943
3124
5642
4501
1492
1981
2648
2998
4001
127
675
1314
5177
11768
1467
7998
8298
3894
8285
3220
5292
3300
11834
465
7599
5521
1979
2574
864
4947
1897
2004
6427
9089
79
9844
2978
2041
4771
296
2837
8003
971
2729
2573
5219
13472
5471
6647
449
4330
2244
1045
12029
1697
1564
4306
3733
4710
7471
1442
3973
3683
1288
5873
509
17303
13035
5379
16600
7001
18312
7702
1077
11549
1864
1868
4766
453
5061
1180
849
5284
6728
20305
3053
25679
5494
4239
4283
11367
3686
2972
4122
4967
5534
6627
1296
2826
22424
1981
9578
15942
8349
6316
6703
3890
2240
826
1732
4538
1005
742
10928
2301
950
2197
11632
5502
2024
17990
638
2172
6420
5959
1466
442
4050
10830
3664
137
18921
2149
2283
5346
1905
2989
8157
175
8859
695
5684
3393
1507
7148
3039
6312
7524
7252
441
658
14870
542
1657
1926
1957
2872
7134
12852
4717
4821
93
5511
4335
12316
6927
313
8463
9801
8043
3158
3746
9207
477
1116
11936
15222
103
8082
3705
950
98
848
296
7050
2335
4086
2831
1134
2022
6575
10430
1356
811
4497
1473
1965
6341
2589
7403
4222
8182
1582
4720
2800
1089
912
4752
1535
1947
2700
11327
149
775
5418
2145
1114
13402
86
4885
2683
2254
988
4142
10261
438
11056
5064
3320
432
13309
5999
6315
21655
7122
8217
7398
8452
3691
6086
5808
19836
270
534
94
842
3668
889
7397
2744
1886
1712
104
7415
6220
18584
1512
3652
5031
4854
3552
4962
10519
112
15408
6110
677
1434
791
21009
638
6528
63
5308
436
2400
9032
344
6319
998
600
3965
11540
623
8294
3995
13655
1364
4394
1968
13119
4326
221
12191
2396
10250
1391
8402
928
2730
2033
4007
8467
28781
10194
1844
5698
1635
1084
111
19844
16737
89
10880
3248
16502
5170
1810
3789
3084
2284
13225
785
7297
5113
1688
12502
5111
1535
2091
75
16515
1260
1006
2374
1221
7849
680
2178
11008
37762
9699
64
7161
6206
1346
1448
2028
5999
2052
1635
1266
1606
933
927
8123
1415
4289
2255
4799
651
13149
5498
3898
836
7679
9085
1035
3452
5207
5883
297
7679
1753
2170
3646
154
5603
1848
225
1528
8061
5988
3054
7861
2853
1103
32
6388
2996
3666
446
2738
6050
2994
2294
6329
4643
6868
3811
11390
792
6892
690
8428
8726
1272
120
1891
9021
1517
5312
3410
2224
2911
1370
1383
7896
387
1046
7282
6099
2528
243
6411
140
932
500
6672
5626
2868
2227
11625
11539
1522
5616
2554
11327
6022
918
4535
564
23
3157
16550
14384
845
2985
386
1657
2705
5392
1080
3381
598
6565
2465
701
1029
1841
8016
12686
860
6645
2633
10323
2107
1510
3541
8140
350
2039
670
6543
627
4312
13989
763
4273
10068
12661
5279
612
16200
9820
57
4841
8694
1167
1166
237
1409
2492
6302
4768
3977
11280
1512
4185
6060
3847
11186
646
3233
941
3182
219
10717
12402
3756
3773
24589
5224
5189
1643
1501
2763
2085
7674
648
1202
10679
1203
416
700
8271
972
8465
404
9701
579
31101
9179
4452
6065
9453
273
1759
336
7529
961
79
1629
2602
3043
3122
2760
4113
1027
1246
2542
14039
1724
4841
1234
885
1386
4541
1875
3949
254
12679
5917
397
565
634
6491
13990
3907
7273
9287
10484
952
10472
25596
1690
538
5846
5805
2686
21825
10286
8293
5696
1845
3635
13975
3979
5632
1049
3538
14665
2773
10982
18205
1882
5485
2124
10421
7375
10856
951
349
11057
1599
2749
544
3505
5248
2389
2989
1021
1269
1212
268
6871
24005
2166
40
270
1477
4602
813
1627
7189
6538
4003
18672
4393
1903
11543
3588
436
6748
9540
4224
4354
349
954
700
1023
2023
3114
5413
1192
3047
470
8606
6598
1797
908
3667
4536
2993
5534
5347
5561
5564
5265
9104
5717
1549
2610
410
4316
7709
3171
6350
3966
1918
1518
7091
707
13637
7658
2392
2366
3341
50
571
5120
6105
2729
1269
3408
11977
7037
3227
13859
2558
486
1297
3719
628
6643
2814
1810
12668
2454
552
3371
1581
489
3058
1132
1648
1105
2515
3881
1163
5223
1412
7145
3171
5182
7151
4763
741
3891
10405
5095
268
4783
2551
15893
5884
3569
6873
1273
499
174
5161
3376
15424
17193
1290
9025
1833
1268
3679
3525
2087
3238
508
16582
1809
6819
7029
1445
1583
836
2786
9161
825
488
10002
9932
20447
1584
3848
16720
8456
822
743
180
1822
8706
4144
6559
1664
512
552
4676
305
2527
7757
4672
3465
448
734
947
6858
1050
4490
5599
1608
2957
1587
4977
4170
4675
3951
103
1600
533
2219
3498
1268
1569
8760
10797
216
7705
3118
6493
171
18841
789
591
6493
19349
5756
1159
1118
602
294
11485
3635
2071
1337
811
7141
13200
961
1643
3140
3226
1320
6667
36
3486
3537
4230
212
7483
2779
3251
2064
5290
699
5788
12016
3319
1411
344
1069
7039
3027
22862
4029
1130
1616
3640
448
4481
4408
2498
2026
3712
4958
518
8229
3721
2943
4794
10392
6505
34
13486
8922
4617
977
3367
3223
14203
2817
7064
1627
2435
757
1547
13191
4055
3105
1131
4394
5368
4014
5975
4171
2544
3332
4072
564
1529
2571
4226
7865
7137
1695
197
1246
1396
484
14957
23747
10536
1256
3914
5364
3769
146
4407
4843
3987
18911
2215
6440
1448
1176
64
6248
541
6837
7548
1354
8986
2927
5586
2887
4358
1298
3836
4047
2311
2697
232
3007
1058
854
4291
1852
3827
1605
5874
12182
14785
2466
2446
1059
728
7873
2513
8778
1140
2917
840
9840
3860
1399
1474
3264
3488
3466
8045
138
7438
4547
18747
7051
1126
1391
1615
1437
9334
9025
1376
5403
3371
267
166
3432
11348
195
11626
974
2750
440
8266
5892
2991
2416
2824
5942
4759
1057
6841
3001
10165
807
8315
122
12143
2903
1644
11070
10394
13249
8676
13184
1695
2
3271
781
2285
701
5645
6626
13364
5021
6
5508
2930
13912
1450
2520
14003
2538
6841
713
283
4828
6653
14823
8348
3682
731
3052
3359
1049
9573
8754
2185
1809
3203
13129
12787
5049
9116
632
489
5092
10244
711
1798
665
1181
3877
6214
2335
963
2243
99
5298
611
297
3817
5944
4790
5782
16561
4738
3948
8195
4644
1835
490
4420
12569
737
2282
868
4266
271
12127
8805
1121
4956
3193
2114
1219
357
4185
3665
2697
11254
10007
1717
9
6163
1417
1529
9290
2122
3599
1466
3588
1380
3739
2915
3310
5421
1623
1474
5993
22660
1931
597
1906
3823
13
24
5859
2931
823
11051
1080
699
1351
167
12519
4535
582
9091
2918
1151
3693
1754
9
9083
278
16925
7319
1827
1771
5784
1700
2953
1284
1159
3157
2093
3300
9468
142
2169
3152
1805
1983
2760
2242
603
15767
2447
2214
5717
5353
13611
44
2103
5603
5978
92
151
10463
869
6654
2227
7880
2501
15962
2853
766
5469
2271
1273
5101
8367
1524
2167
15837
9595
10253
618
2002
1554
3099
98
6637
12014
10660
7296
1718
1415
1378
7508
1093
1260
213
28203
158
1349
123
4997
12302
5262
6683
5035
587
5341
9277
3246
2278
2001
219
5910
3849
1971
3031
1164
7322
13406
9024
8132
4261
2189
3529
5081
688
3280
472
3415
13554
3808
3679
3665
4502
1022
9327
6104
14502
1900
2949
5487
8178
6608
8962
673
6138
10356
166
12
2166
7194
795
721
9
4047
9683
160
1641
706
2922
1877
11705
978
3528
1272
2158
4769
2635
212
4332
5956
3487
2352
18581
5140
9651
16228
20528
6901
22463
354
1055
8373
10591
4567
2273
2189
748
4849
11775
2962
732
2535
12665
461
13991
2411
1345
388
960
2635
19003
7782
20901
2048
8443
9612
717
4289
1165
1881
2927
165
18577
12216
2725
14
3773
8075
4644
21342
215
3280
6003
1051
9873
1770
446
80
13128
85
3418
4442
3002
2508
3077
2087
28761
5670
1979
9828
3117
2138
7874
839
9708
12152
2347
13498
9
5185
4591
2040
7915
5851
1067
1390
16871
224
6464
3226
626
60
5453
2594
5535
1868
2575
880
9281
1303
185
2520
3793
7944
1062
6314
2865
10422
3155
3892
1527
9936
1168
4485
778
310
3970
1285
5130
4954
3455
1572
10039
862
2460
1178
433
5806
927
698
1069
447
12229
613
4334
4143
332
9191
2611
1168
1277
5811
3728
5871
3564
844
6226
4481
1491
4299
319
5331
3490
4951
794
889
2898
585
2230
8805
6774
3150
425
16488
6807
7196
2737
12470
2929
403
3745
5506
7579
6677
1398
7980
7712
2501
4885
9471
319
1952
1428
1190
8586
3314
74
3359
1705
9479
3909
5078
252
1409
9308
2496
4129
5325
558
813
4545
1914
1817
3099
9367
14903
2030
11820
6923
13354
1224
2230
2221
3893
573
12366
3421
2919
21256
8201
250
6065
19659
1689
405
2380
5046
2482
1614
4240
6282
7355
24494
6567
6251
884
2642
1976
2120
7663
5281
3032
2725
978
2045
3941
162
6272
17876
18864
3112
2340
1115
11390
1931
3903
2001
2775
15065
494
14307
4011
39
4834
915
3517
722
1756
2995
3855
4575
5772
3940
3850
294
4322
15015
3513
12658
3019
6642
4319
3842
1361
1244
3498
4335
2507
2197
1980
196
9325
7508
5755
5992
6658
5477
10018
4933
3116
2345
2366
1922
5318
2837
1162
9615
9292
6542
158
4503
793
885
2791
66
4161
8833
1772
7412
3145
5641
437
5208
1305
7933
651
9903
1076
1892
8920
600
11405
3572
3270
3937
7564
2618
1226
1048
2323
866
327
36444
461
1104
2840
10779
510
1670
7218
8848
10368
5146
11964
3691
7842
9325
667
4074
1410
3142
1198
971
751
7691
1492
4527
2138
4008
5049
6996
6123
23529
14223
677
2343
2066
1418
4504
523
2662
4241
9118
31532
1032
352
738
2817
2506
1872
4235
3950
5190
8909
908
1324
1211
799
2533
8417
942
3759
1154
2333
492
1783
4210
15570
1140
23471
22213
5832
1802
4509
5400
651
19791
1670
5046
6643
895
2300
4253
2583
3989
27723
7465
9351
1726
4894
1857
3292
7878
1293
3109
3422
268
65
4163
5024
4643
1480
497
5911
2953
7597
1360
9670
2472
2189
4220
2739
3958
2748
5112
3237
9771
5335
6242
5964
4882
4374
5584
1150
2811
1610
7126
2173
1117
4714
4483
3123
819
5434
2192
2173
553
323
2781
11799
358
6302
1706
20206
3956
2974
4186
2195
5457
89
5599
6935
219
3912
651
2448
75
19845
570
4477
4962
670
10877
3574
9369
2649
2055
488
2367
437
723
5774
124
12124
2121
8839
58
1367
9577
10506
1522
4316
3988
583
10873
1382
3845
2918
11332
4034
261
3920
9534
838
1134
2660
209
4194
605
2856
1562
2448
4514
2082
3266
1339
6148
1818
4520
380
722
382
2558
1770
7781
2487
1427
8696
5960
1072
1373
64
4378
477
2896
2308
5386
2283
595
4642
3440
5068
1655
1896
4303
4416
6326
9076
9846
2732
971
390
3208
248
11014
4044
9466
1265
10025
17648
4298
459
1306
1434
1267
1905
206
834
16232
4084
2801
2007
6330
167
6860
10105
787
6702
2227
1401
19092
3441
2276
2620
4908
14555
1033
5868
4971
8913
1825
3817
7652
1759
5432
2041
7086
407
1419
4088
76
11912
1971
3796
3108
4059
2928
422
2676
6713
198
2096
4962
110
19557
5190
8275
6689
4553
832
2574
315
14119
2000
10573
314
1023
13598
27261
3425
331
5064
2682
2545
2930
8247
3015
579
9606
3939
442
6155
933
45
313
6728
4872
3149
596
4433
6720
4171
8392
2064
2835
1576
3690
324
163
4703
6132
4109
665
1254
8742
3847
1853
692
450
1570
9491
1070
271
3246
129
3338
1456
1985
2028
2050
727
1584
3403
776
1464
8051
4524
348
3023
15463
2170
3054
10058
15440
947
5115
1449
316
174
418
393
168
7174
12058
1444
4208
1098
399
8855
28212
504
10231
6917
13623
10011
2815
4638
3864
4120
1109
514
28
1397
885
2308
938
899
4395
761
469
259
306
1037
1815
1635
2568
6190
3825
194
1810
3542
6490
14251
934
4243
8278
2042
1332
529
16
18748
3301
826
2366
12642
2448
3596
1974
3366
3012
8005
549
1583
195
1684
13313
1556
2687
3134
1977
6906
2027
787
3618
10855
1876
514
745
19799
4382
3107
1139
4373
9976
795
3061
3060
519
12932
6924
3939
1516
8214
7676
405
189
1273
724
8513
3297
4018
8539
2837
2271
3657
4388
1887
1597
20702
455
2471
503
120
2177
3568
6425
120
4209
1560
4543
3061
462
3289
368
12755
10155
5098
3121
3684
4817
1727
2053
15873
1539
7868
746
4274
495
512
21881
9546
1595
3888
2943
3433
1084
12986
11002
2045
8890
473
1398
1036
4100
161
645
826
3812
2805
2692
898
1428
2991
6255
10152
939
1348
5433
1038
1651
2956
8199
10753
5173
255
7506
14645
9781
2824
1334
819
4237
73
5063
3265
2148
2969
1107
6475
1439
2841
608
5422
7508
565
10592
4445
5067
5337
4200
3929
3737
1366
2266
14074
3645
695
1663
6044
2195
1931
82
2633
2443
7085
268
529
734
1235
3476
587
21502
6517
7474
967
2814
4116
5928
1117
3532
4264
737
1215
5771
1741
3113
2130
1058
1188
16030
3754
26922
398
12046
7017
2092
17588
13605
3075
5618
320
12822
271
2483
1682
5646
5942
5102
5262
2927
1796
5814
2363
101
4628
2724
8413
5202
1898
7475
2926
7092
5140
1981
4802
4615
396
863
1417
1760
9803
11610
6124
1123
1725
2089
4696
15373
1747
2964
1290
632
6441
30
4393
2082
675
7055
6136
1314
1371
2628
560
2173
2577
7234
4960
164
7319
1386
9706
281
5357
2573
261
1652
1000
3842
2570
6163
5461
529
1676
6947
2237
3790
3991
5731
9480
4568
1682
1589
1842
4539
1999
7249
16113
41
3601
189
3742
10770
452
6050
2147
9489
10151
3202
2156
1396
8727
6876
154
5972
2368
9923
2873
607
385
4753
11989
2910
9319
2285
9488
313
3583
3632
627
2548
3554
2224
129
10266
16
677
754
3561
2062
2131
7239
11140
7480
5667
1522
7610
4016
9553
4993
821
6505
9277
4771
1172
2392
3517
1969
7339
3061
6877
866
386
7167
7419
92
4960
2224
1006
3785
8773
4495
11077
3063
2212
9928
11995
26229
6529
4753
776
366
3599
3671
1842
12061
2650
3356
1024
1652
4549
2088
3177
2570
1344
4561
9524
361
612
10235
2152
4191
2149
15453
4877
1576
1602
15752
1031
10229
619
345
6872
3049
792
18017
3890
8802
1899
5136
152
5945
3687
5517
368
746
129
8981
3991
285
4468
2641
2730
2722
3686
646
17547
3
2051
594
8633
6890
12254
299
4325
2457
2899
2778
2295
2047
466
26722
2891
1753
6976
10156
394
6096
375
656
7241
1784
310
663
4001
3118
7975
2891
11010
2247
4207
1435
775
4049
4781
28731
4401
7779
1606
5284
8799
1906
9537
2338
1986
362
9915
50
593
14544
16433
21449
1848
4971
2055
511
6586
485
7115
132
1991
7786
6475
6874
1595
5563
1505
74
5063
1140
1755
5214
1572
3744
2760
1717
6058
1661
349
785
4155
8481
19846
3507
967
1778
105
3264
50
7484
2074
7164
1178
8916
1018
2383
11266
7388
5924
6481
7499
5149
512
6230
1436
8872
1982
3635
10214
650
9033
3898
151
2217
4627
2690
7776
5179
14858
22326
4538
12651
23706
4866
5349
1890
4582
2230
7525
1183
1031
435
6077
4203
424
2235
2799
5627
973
14716
761
3942
6554
4465
3521
7523
234
8289
3694
6963
1795
1736
1858
288
10254
9014
124
1062
16049
3709
990
1022
333
1668
2184
2916
3922
757
1050
12849
3318
234
24766
3965
958
14219
2186
13733
3052
877
10288
2000
1067
6652
1221
1777
2917
8783
273
4762
179
648
843
6709
5242
3210
3496
5903
5121
2455
6896
680
405
518
3578
7196
4941
3401
7055
1237
12670
101
5158
1805
14971
1440
9469
8910
8918
2807
3001
82
9263
3764
22677
1574
1804
21100
10458
545
4816
2944
4741
454
5275
2263
875
3454
3702
38
5310
194
5729
3344
5013
6448
5504
22441
2995
1766
586
775
2096
1067
439
2963
7587
3029
1349
1808
403
1060
2203
659
2827
3863
762
2592
1599
1507
1624
3924
992
6345
765
2487
3807
8721
1442
6007
4219
1067
1287
700
5621
6501
279
1494
102
1178
1996
1230
563
1111
930
8688
4113
1359
660
12683
4878
5127
4467
76
970
1925
15968
14628
7832
8212
1895
5600
19084
12842
2397
3942
5983
2399
2315
4059
4953
7132
2159
7155
1692
4100
1294
4998
12517
5583
25288
2680
1459
15
3678
1624
5981
7685
750
2160
2313
84
34124
3318
403
1650
7007
6740
15681
1231
1977
3433
1314
2226
6558
1448
9194
3004
1341
7437
1057
6210
1986
4485
869
5218
3366
59
1908
5997
3314
3833
1049
1852
6470
4762
1047
3439
6349
3306
6705
9338
1392
10414
7508
3581
936
2026
8986
294
2738
1015
90
1981
17955
2473
11059
1298
6804
12389
2265
1257
21494
3336
2641
6838
35
11321
5588
10650
2886
1508
2642
3975
15094
3181
1482
4349
3318
2779
6625
9660
3294
7547
1065
1976
3172
87
5780
4369
9399
7116
1133
6399
3499
5445
1708
1832
3364
2044
18343
7365
1803
3601
6824
3425
14425
903
353
6970
20418
2715
832
5266
420
1633
8887
1150
14411
917
3209
6517
4609
1770
755
2396
4805
3365
1529
3394
2817
16251
10517
4405
1031
8428
99
515
448
1798
3048
3961
371
5022
4416
5185
9540
5990
4387
988
5658
4191
5844
1829
1130
10131
725
741
4333
6143
5139
722
4249
1708
3787
11559
2511
2640
1538
1750
5983
1202
7582
167
1651
5537
10492
537
615
2529
7183
6845
5833
3324
5025
5325
10806
2674
6586
2523
6291
308
7662
2992
3787
3339
1353
3173
1217
7037
729
2404
365
11920
5384
599
3506
6994
66
1448
1254
6746
3410
890
7683
6649
1950
737
9709
2062
3296
666
3416
5557
6700
1922
8975
884
7262
5097
2151
3760
7302
349
5949
6100
5400
4289
333
931
5
11802
2472
831
2160
640
5253
4226
6815
1616
154
1251
4062
5190
2813
1378
7710
8831
25
5177
7818
7602
4713
2770
9944
4104
2243
8639
14889
5524
488
115
6791
4919
2778
1480
9132
10273
7958
2920
5721
2268
28
9042
2010
1892
8369
1568
1560
3337
2478
577
5810
6143
7141
12917
2883
2182
87
2121
8996
6181
5451
623
7077
1580
2754
6578
15494
10263
5587
1296
13872
2042
1005
19256
956
857
6350
1126
2825
1632
3058
2801
5842
8705
3236
6155
4623
9010
2130
1212
4948
9282
6810
2098
3833
608
4404
305
3248
2852
6768
5771
2409
12391
4007
19780
1400
685
4465
3673
886
1737
6521
981
6870
12374
1182
1643
2330
6353
653
67
577
2810
4392
9378
292
146
4068
5097
1737
13829
1574
6294
3734
7781
3232
2211
2850
7507
8927
162
4614
4450
11008
9864
139
2759
2499
1684
1930
872
2706
12
5951
4650
1221
3309
4640
4959
2364
2396
10063
10402
2430
12241
3908
2122
7986
2905
5823
4478
4598
3593
3560
8024
8264
4315
24418
1126
884
10147
30
4354
265
9080
12317
2039
5849
2249
1223
3886
7343
5012
988
536
9164
1744
7543
101
893
4557
2443
505
2416
7250
9511
10528
7889
3183
9769
4658
3446
4261
9544
3506
331
6528
949
6246
565
2364
8838
20016
729
5979
6345
1508
1100
2577
2913
1416
7624
7110
2574
6936
8082
10222
10706
11158
10365
15325
2373
2840
6985
7102
907
2735
256
15648
1190
4808
173
6973
7678
3211
10393
3267
4509
8202
1313
824
4610
1537
1743
6119
1906
4341
5402
1811
11040
2264
2267
7850
2852
4127
787
4081
3034
949
6417
601
2521
12085
5723
2460
8052
3312
1835
1404
1338
880
2429
6271
16088
1918
15432
10142
5390
4671
1552
3230
7887
5108
14660
6440
2389
117
12589
905
2167
2672
630
1451
9327
3277
6572
8519
3854
9969
532
4081
1008
51
3716
9565
4483
32
1359
2596
812
19040
17364
10456
6177
1345
7166
829
650
1643
1192
11157
5034
983
7564
17794
4345
2129
1632
2458
115
911
1623
4766
717
13336
5600
1939
1007
13721
642
3012
2125
366
4378
3635
123
2369
2739
2338
3880
1294
15539
3812
1226
8586
177
3579
2364
4651
800
2558
4037
5681
9662
2708
1631
29484
2489
11100
903
7282
869
2965
578
6291
2218
364
5614
2392
1009
19451
7491
1439
4923
3875
14250
877
722
3628
12404
2517
17550
10146
1048
3987
12004
8332
6493
5596
6214
114
3264
5362
3021
5941
5603
6921
3315
3813
6342
3924
8429
3766
6077
634
2136
818
2399
496
391
7517
1862
1923
14896
4464
1684
1861
11520
6404
5082
4519
3557
2881
3142
2377
3654
3012
4957
10294
2021
5320
2672
1074
3242
624
427
1783
7261
1730
1763
1944
6937
2548
2595
3525
321
4940
2145
6371
2751
6529
1611
16448
4933
21531
694
1039
6699
7514
4319
6169
662
10445
329
10978
990
17207
277
1086
4308
5206
14071
8403
1071
3063
11790
2687
8010
136
3552
520
4552
10833
15364
3927
715
7129
655
808
1032
1378
7783
59
8972
2984
3486
2829
4015
1083
1863
2358
1524
7109
679
3218
7069
124
2478
3367
2007
5806
933
4751
1498
6539
2108
2993
377
1405
952
4680
6867
5592
3103
3862
3255
1084
2101
6647
3730
2385
11222
6938
7609
6753
12244
1162
6992
993
7418
1815
778
21705
731
4670
1127
5003
5945
1260
168
1978
7496
8865
358
5458
10138
7197
4244
14755
8505
291
6169
3995
5102
1144
5140
639
16062
20050
2431
1259
14691
899
1033
871
347
1193
894
7507
2178
5076
2646
3499
6005
337
11026
8504
1284
3613
5520
3451
1183
2835
4049
697
1343
14861
357
5601
7486
3385
2198
3016
775
897
2072
8814
5491
14357
7295
2026
5707
2809
1737
3675
7493
14195
2968
2787
10141
383
1118
8026
1691
4287
5842
2815
1490
560
3691
3556
2454
14791
2
6242
4069
4599
2958
1135
5107
3188
4216
6920
147
666
30086
5796
1091
4067
1639
4068
8982
17789
6032
252
34
3187
8391
2689
1645
12217
4307
208
2177
1840
1268
949
800
6158
441
4130
7931
7149
8092
13759
784
20205
939
2274
41
5294
1704
2573
5318
1768
591
5919
4356
5723
1765
9204
4070
6027
516
8983
8086
2642
5532
1043
4836
996
4036
2811
15036
541
1867
12953
4999
8047
16141
1482
3300
3142
6588
7221
564
13344
6846
714
16757
3113
8740
6782
3734
3637
1942
2128
3063
582
1048
3327
22755
10351
4500
3800
5733
5645
2995
8020
3182
1486
205
1366
6585
12718
2258
2449
198
4909
1812
6488
3965
2278
2148
15396
800
1498
7966
7081
567
3526
4547
732
1063
2826
4915
1219
4701
206
758
194
2354
5194
7236
3474
7618
2787
1703
3010
1219
926
3305
331
562
5797
9209
821
16237
13241
1867
584
2999
3868
1520
9170
2505
2540
1523
6447
1243
1040
4943
5764
5731
4766
6781
1843
650
2575
6596
284
1355
378
15934
6814
23899
7020
6846
8671
4722
5386
6090
3141
5077
16237
9657
3775
600
126
1024
4802
3856
5295
1446
12522
494
8747
1479
5964
3848
963
10780
8682
537
1902
1268
4011
223
1171
86
965
6232
237
6264
1161
9467
16407
1784
7131
2744
6229
18148
1678
722
2016
7953
12789
299
116
3807
1209
10451
5380
1158
107
9300
1994
5939
11423
5075
4453
385
9687
6803
3067
3835
2797
1814
8170
14461
3038
20543
2095
8255
137
5235
880
4426
17385
2129
2717
2376
3900
8546
2587
14666
1799
2228
10487
5510
2555
3336
934
17775
3936
1112
442
1379
3330
4431
1582
4197
2058
9862
3946
1105
3461
2416
4482
9835
6484
9064
2080
11923
2905
566
28774
723
5257
2871
1088
1345
5192
968
3725
1628
331
13351
2257
1559
194
5986
2550
5039
6099
7656
13310
8751
1437
5370
7178
6536
4224
8702
6631
1099
2998
1284
7013
993
1932
823
6966
2014
2945
14462
1560
4013
1124
1666
30
3568
3143
15098
910
6200
1806
13370
1404
3193
9874
755
36379
147
746
5187
3778
9470
382
807
416
1255
7107
756
404
8910
5009
368
1
880
550
623
16911
1289
398
6555
4231
3968
4629
15982
2233
11984
2843
43
11625
3070
5045
11471
2402
873
7212
1768
708
225
369
1605
461
1663
41
2749
5688
1462
1126
1623
4511
364
9272
7869
3263
3147
2247
6658
5338
2013
717
3652
3281
1454
1075
3663
412
172
8469
5902
1187
15381
539
8095
4377
3290
1920
1977
2286
3796
4633
912
315
3264
8161
1593
2834
9658
136
1320
1386
644
374
4069
2538
2895
3855
2521
1778
2563
4392
2856
14101
3299
8946
2796
1163
3441
7304
575
6514
5468
2189
1720
1416
2679
11479
4088
4784
1712
415
4795
11576
2156
475
2346
8805
994
10463
3204
6814
5118
239
7802
11539
3179
13660
7100
8000
4016
2521
2054
91
9536
4047
81
1629
4824
1782
1535
12003
5957
1543
446
1119
5748
6401
11563
1067
912
4594
755
4675
49
3511
85
3144
6237
2423
9890
683
10246
529
72
268
2070
9169
2241
1826
283
8622
884
15811
11794
779
8631
460
3489
10961
4176
1425
1046
6161
8047
14492
2259
2157
1458
3772
471
1132
8420
3538
6535
11845
1974
10919
11149
18239
441
1485
82
12137
3946
115
183
5632
6517
1364
3974
6899
2591
22
4102
2072
5631
4374
3628
10179
28710
6697
1472
617
8583
11674
1393
5299
947
4254
12286
5999
1665
4865
862
4593
2993
3325
2726
1700
771
304
2573
791
8565
1374
455
1295
4023
2463
6279
6392
16309
9939
12
213
4968
730
5207
3835
3588
148
2515
1771
8801
2106
9606
16713
5266
6011
279
2322
8201
7122
4182
6223
3793
5679
4309
14632
10385
3349
954
15514
12708
10579
5116
7979
5696
1605
13015
3768
296
6141
6993
3078
535
842
931
2742
21562
942
2195
3426
7510
3779
9049
535
80
2294
4620
2679
661
12527
5214
172
530
2051
907
1491
4385
19376
8088
600
7116
9522
4597
5242
2002
5636
6656
1207
14507
9527
3520
558
999
2045
12116
4123
2588
349
22394
853
2679
17359
2078
2973
755
8604
4208
1981
6374
1629
1198
7814
1328
6180
965
7741
1362
2758
259
3630
4358
5790
892
4866
4350
2062
2635
1116
5437
2320
952
1893
29304
2418
56
2252
1718
9670
3995
356
12800
10754
10503
1023
1466
2139
2331
3157
514
928
3625
1447
4615
2935
2192
1326
3675
6729
3035
304
3925
1113
5822
1883
6275
44
1435
2693
12495
781
5462
3203
1317
1549
3169
1035
1264
1005
162
3644
14597
4237
2246
16960
6607
3473
4206
852
884
3782
1873
4474
2021
5917
5617
2254
3943
24610
462
634
3379
6022
2084
4350
882
13525
12391
1175
212
16245
2510
6059
761
15269
4611
8338
5509
9290
11837
5500
192
187
7007
3293
1122
13553
532
4342
7524
5441
740
6071
10004
7303
3552
7938
2730
182
2996
4723
1470
6173
564
1876
770
2877
5034
208
14665
3157
8216
4590
3402
685
7683
4340
5588
3797
1958
80
8589
6006
4455
3423
3499
1345
6205
3266
10174
16455
11396
2694
14417
418
848
6421
149
4903
3714
1446
3349
249
1191
7950
1471
2561
220
84
10012
362
2795
948
2028
686
271
308
1422
11119
7292
1050
4625
14973
1978
986
1946
575
9683
8000
1575
2934
1074
553
6861
1037
714
181
1893
3419
8016
2465
2012
1249
1153
52
3823
694
804
2698
6119
1969
6458
10673
2121
754
8146
635
4415
1140
2671
3340
1094
665
3630
10184
10145
14031
2510
2647
836
3083
9089
7944
2265
1062
13950
8689
14709
1838
91
6831
5362
11049
1248
2060
8669
8894
12002
7868
5132
6154
2737
639
4613
3210
10032
376
8217
3968
515
47
2850
2364
972
237
5710
2497
825
10823
2843
21126
630
2613
2460
3997
796
3122
2536
15474
3732
8157
1907
2529
1938
5728
4511
1319
7253
2254
2401
3528
4310
6079
5440
1176
1422
3814
355
2746
9785
3725
10289
1918
414
2190
13045
8819
187
852
1198
5575
9710
1843
480
2522
6816
209
2010
6312
980
4160
1260
803
977
1683
4857
8472
1060
539
6615
879
14545
9026
14657
4745
12139
2132
1691
3806
12879
12381
6677
423
9141
2289
2886
3300
10203
3221
1066
7299
16756
6536
5762
4636
3489
236
6271
595
4682
2100
3272
1137
20
241
3701
2201
6
7771
1529
22254
3551
275
3459
9634
3291
8287
1055
8333
1433
3227
11917
641
3663
594
11605
12646
1531
7467
411
4470
299
2641
758
4557
8333
5686
1620
1889
22891
6363
16107
7317
14281
2258
7042
14505
2271
489
2193
16653
9603
1759
318
4717
2602
79
4808
2436
3836
2438
4156
1186
2976
2777
11985
4369
2240
1179
1040
1235
5929
206
9289
2525
704
10490
796
3436
74
5285
4929
20294
4132
8950
1511
5511
25
630
6377
2603
6951
8559
3088
2923
878
662
6446
8033
1128
1769
804
1130
14931
2673
7758
6559
3852
571
4689
7891
9401
1631
862
3203
3412
8708
695
10866
14163
571
210
1158
523
7427
3223
4222
5183
1457
5339
143
5913
6416
4879
1751
15775
1049
3468
3465
9317
6580
1068
11818
12407
3387
4871
427
7809
3582
5721
6219
467
12
1513
2299
4478
2949
828
7370
2855
206
4736
59
8856
5663
893
4111
14166
17373
5889
4973
1870
4782
11013
19366
3280
6173
11041
6795
24280
6862
9604
3336
505
6507
1619
1226
130
4325
3414
903
328
5671
2563
18186
211
2529
2635
1015
645
801
724
1624
7402
2013
7726
4409
761
9618
320
2590
110
127
2937
3979
4614
13911
1733
1227
1366
4293
570
7561
18090
2435
1305
1201
1025
1686
5815
2920
994
8442
392
3185
3803
4557
2928
243
10817
1366
1816
6075
2943
1138
2084
5014
1129
9289
3688
12239
1626
5192
2477
3678
2180
39
2989
4835
1011
5293
1538
2310
1186
7066
6221
138
1236
1631
449
3350
1140
3227
7308
2719
7827
8557
1242
1984
882
7817
3550
10683
4561
1569
82
288
929
1606
3171
1505
1455
3726
6291
1940
8933
6333
2627
840
11467
2423
14556
3846
15537
61
82
10547
11371
2134
18298
7113
7233
5452
16528
1774
8476
63
16430
3798
4820
1514
4303
4520
1643
534
165
2124
1658
3922
411
7508
2771
7990
7425
1144
1425
8770
11960
3398
2463
9810
11137
9547
3090
2582
2506
6724
10638
1752
6321
198
4228
2990
273
2573
2494
1666
1102
3560
275
12884
1005
2407
4047
2032
5731
542
10002
7150
18132
4704
863
1771
2434
10352
2271
1796
1448
8057
1911
5457
2073
6690
7743
4606
2641
21073
2711
6622
2209
197
9025
2409
2487
1895
904
3658
10270
16022
6575
11853
5716
812
1354
3362
215
6126
5638
7095
1979
7482
1197
2192
14996
6646
2259
8865
6175
1966
5416
2449
1518
3097
1742
2456
1352
2301
3118
3455
5242
7783
941
5299
2855
3228
5722
2726
3658
1909
757
17897
2926
5888
3830
4964
3581
9732
6422
6790
610
15868
2180
5716
1360
6694
6930
4993
12326
233
331
1520
14689
5191
18
4787
9066
21177
9861
6835
2951
5726
258
9258
787
6101
5011
889
7722
1463
2497
7068
1148
340
1412
222
12269
2121
11957
8845
15883
1043
4128
4421
2668
1015
1726
2252
47
4003
1681
270
405
3159
1828
27439
2043
3337
3000
21921
5363
435
4690
6476
5558
3302
2403
4804
14309
4789
7452
1496
25936
8170
462
15197
10528
812
2683
14777
10485
164
2955
5996
2403
4696
3341
12831
1280
7268
4298
3001
737
633
2867
4090
10326
1911
1439
6798
2553
5594
26079
1012
1363
4753
5047
1125
1740
297
819
3972
3417
14468
1718
2566
10106
1932
9408
5123
2603
1061
892
2111
3174
9353
13635
1942
7569
524
1289
3921
9973
1889
5338
10803
1865
8092
4870
699
1365
3418
1748
1142
2776
2663
3926
10282
840
510
4228
4251
3744
3395
8146
1894
136
631
14736
198
8229
5254
1757
1892
2446
3681
1240
2943
1105
5552
4861
3599
3901
1998
8209
13197
6828
343
1884
2794
8777
77
5167
1889
204
501
2305
4516
3437
6425
7430
11706
860
3962
2462
529
12591
1849
2058
932
6013
753
13870
2959
8152
189
1127
1089
382
3320
3307
4369
2986
1536
2831
5315
756
938
10665
5047
6632
5440
5410
501
2699
6588
2209
4036
8305
1124
3625
5080
649
13462
9817
1265
2564
8682
5265
2678
8141
8757
1277
12379
12936
4067
6555
7660
8346
1625
2934
12963
9366
3262
212
1586
2347
3354
3874
1234
12681
364
13994
37
1706
5930
7738
1504
5545
14255
2967
2082
1812
5673
779
6674
5777
756
3764
2720
4065
25872
363
3770
733
1224
5961
17626
2208
2885
7528
247
610
207
16
1588
379
4619
4106
302
8815
2703
1159
132
2892
3172
6597
6362
1539
3549
22261
6594
6232
13558
6130
10145
6584
6626
2994
1745
366
4173
3823
1544
5855
1974
1313
13435
3925
209
1441
4316
8635
5057
245
6416
5267
167
425
329
12991
665
2745
7113
3019
16664
7028
1701
1080
4974
1219
12298
1392
7428
12645
5761
1385
321
2176
530
238
5299
11341
3019
1418
1329
4514
3237
2860
283
634
16337
2319
2586
1051
1947
1141
474
3768
292
1099
16790
3476
10143
1552
2978
5906
6925
2409
2550
1452
17920
9780
1352
11064
12157
120
347
3469
2149
6846
780
8004
18832
823
1253
722
2744
21055
2852
10685
7860
1280
3161
604
260
4238
3688
4734
3329
15778
2993
7515
