5
4
1
1
7
1
4
8
6
2
2
2
1
8
1
2
9
18
1
1
6
11
3
8
5
1
5
21
7
7
8
5
2
8
4
8
1
1
12
6
1
11
2
1
1
18
9
7
1
9
1
3
1
6
6
6
4
5
2
21
18
17
1
3
14
8
16
12
5
3
26
12
6
4
2
13
12
1
7
6
15
6
5
3
3
3
1
22
22
7
18
1
3
2
9
16
1
10
9
13
26
1
6
29
34
4
2
8
20
3
11
10
2
3
12
1
6
5
2
4
1
16
3
6
3
2
8
8
5
2
14
2
4
2
29
13
2
6
16
5
3
21
2
22
1
1
2
18
1
33
46
1
29
3
15
7
7
7
3
5
3
1
6
4
18
1
7
3
15
6
7
1
8
10
2
13
5
18
3
1
2
6
5
4
2
17
1
8
15
12
6
3
9
6
3
1
3
3
1
5
2
2
1
5
10
7
6
2
5
2
1
4
1
9
1
7
4
3
2
2
9
1
5
25
9
1
11
11
6
13
17
5
9
10
6
15
6
24
21
15
14
1
20
2
5
2
3
19
6
10
3
4
13
12
1
11
4
15
13
20
6
15
2
4
8
5
5
13
6
10
5
5
4
4
6
17
6
19
6
10
2
12
26
10
3
2
12
5
23
3
7
11
11
6
7
10
8
9
7
18
5
1
10
4
6
2
8
2
9
2
6
2
3
2
8
3
11
1
7
5
3
6
19
5
1
5
1
2
22
4
2
10
5
4
18
1
2
3
10
6
3
4
13
1
12
4
1
1
4
6
6
7
3
8
2
1
8
5
12
1
5
9
6
3
3
9
1
8
1
11
10
1
12
6
10
4
5
24
8
1
4
2
13
3
9
4
25
6
14
3
12
13
33
2
4
12
1
3
2
6
11
4
2
8
32
2
10
2
3
6
3
10
1
10
34
22
13
7
7
9
2
9
3
3
4
3
5
9
2
11
5
2
4
22
2
1
3
14
17
6
12
4
11
4
1
14
12
3
8
14
8
2
10
3
14
6
4
9
2
12
4
1
4
10
5
4
6
1
1
2
4
1
21
1
13
8
1
19
4
14
8
3
9
5
4
8
4
17
1
12
3
30
2
14
16
16
10
9
3
5
5
30
16
17
5
6
2
6
2
7
2
5
16
1
28
13
1
14
1
8
4
5
7
23
8
2
9
3
10
7
8
6
8
3
12
6
3
7
2
4
1
4
27
9
8
10
9
6
8
6
14
3
8
2
7
6
5
4
6
2
2
2
6
8
3
21
2
4
8
2
1
10
5
1
16
3
2
3
3
5
3
1
2
3
2
18
17
15
9
16
7
12
4
1
1
10
2
4
13
14
1
2
5
13
4
3
8
10
2
4
3
5
1
6
2
9
2
19
4
1
1
6
7
4
13
8
2
4
5
5
2
6
8
5
6
4
1
1
14
3
5
7
7
4
7
20
5
7
4
3
1
3
27
26
2
3
2
17
8
30
8
1
8
1
2
18
15
2
14
19
6
1
9
2
2
9
5
9
9
14
20
5
3
2
14
7
2
4
5
25
3
12
14
1
2
26
25
17
4
2
3
1
3
4
24
13
7
8
23
2
13
19
5
9
1
1
17
2
11
6
2
12
4
2
14
5
17
5
10
16
19
14
2
9
2
4
8
6
10
5
4
23
2
5
1
10
5
22
3
4
1
1
3
4
5
2
8
19
6
7
3
1
4
10
2
21
7
37
1
7
3
8
1
2
4
7
2
7
53
11
31
3
3
2
2
2
5
1
4
4
10
11
4
1
5
4
5
26
5
9
8
4
5
10
8
1
2
15
36
4
5
31
5
8
6
9
5
8
16
7
1
7
3
5
1
3
6
8
3
24
2
19
3
2
5
6
1
4
4
6
4
7
8
1
5
13
4
7
28
1
3
3
1
5
11
6
4
7
2
15
3
34
7
1
2
12
1
4
18
11
2
7
4
8
3
11
3
11
6
1
3
13
11
3
12
18
10
2
11
7
3
2
16
6
1
2
5
6
3
1
6
12
1
11
4
1
5
5
12
10
14
11
19
1
3
7
2
5
7
20
1
3
7
1
4
3
1
9
2
2
4
4
36
1
4
3
3
12
5
2
8
30
3
10
4
6
1
9
1
4
4
10
11
6
3
17
2
4
9
6
11
14
16
5
8
2
4
7
2
7
7
15
6
4
16
3
7
2
9
16
11
5
2
5
17
10
4
3
16
17
30
1
1
8
1
12
7
9
6
3
