1
25
15
3
43
8
1
5
5
17
4
4
1
13
4
28
16
31
38
105
27
38
7
72
38
7
4
5
16
51
52
15
7
9
37
3
8
114
130
3
12
5
1
10
22
42
23
24
47
9
41
103
8
11
81
30
3
6
42
30
59
57
61
4
33
99
11
5
5
29
6
22
12
31
37
25
6
9
75
4
23
103
15
136
15
2
11
47
1
13
18
33
12
18
45
12
36
17
6
75
35
43
9
9
1
37
1
3
18
7
40
4
87
134
1
5
12
64
5
9
35
2
19
23
11
17
96
7
47
56
8
24
38
32
2
30
13
6
40
5
7
25
40
4
44
30
4
26
141
89
7
38
31
11
11
38
22
95
34
35
2
4
26
21
24
45
6
31
49
25
35
37
53
48
3
5
1
59
43
37
9
60
10
8
28
3
78
172
6
13
6
9
27
61
37
33
133
22
24
14
26
65
1
10
9
48
20
40
58
1
10
11
3
37
16
60
1
18
5
28
1
7
38
3
17
13
21
38
8
3
6
82
22
33
5
1
34
39
28
4
91
1
11
26
33
10
26
61
19
42
28
12
18
15
7
50
15
113
92
17
8
11
19
30
11
12
27
13
3
78
32
10
73
133
113
11
24
47
46
16
2
5
14
5
33
72
112
3
7
27
5
32
35
2
26
8
100
6
40
27
22
16
45
81
10
37
82
58
24
4
85
115
24
15
4
22
5
36
8
12
8
56
56
105
51
54
40
4
7
14
9
19
27
42
25
11
45
34
21
36
24
51
30
54
28
1
5
2
170
10
89
59
28
25
91
56
40
4
21
8
29
30
96
6
53
12
29
34
105
44
21
11
11
34
2
4
24
8
34
44
17
19
71
24
8
10
1
32
30
86
5
23
6
15
109
51
66
45
9
1
21
15
40
2
19
68
11
14
15
18
25
48
14
16
26
21
36
1
70
112
32
4
30
18
30
51
67
14
9
4
7
23
11
27
17
13
32
41
23
12
8
90
50
6
7
30
4
30
16
2
18
56
10
123
41
75
72
53
110
43
9
11
71
36
134
22
25
3
17
20
2
91
9
33
17
4
5
99
64
57
31
8
6
57
12
99
15
13
17
52
68
49
47
6
3
1
85
21
4
17
38
18
38
30
24
1
2
43
84
4
40
29
38
60
23
12
11
103
58
2
22
51
24
50
20
11
1
4
113
27
3
56
25
45
24
7
105
15
35
8
33
34
7
63
8
22
59
45
4
45
2
78
18
21
35
95
52
6
40
6
15
5
39
39
78
53
31
66
35
24
34
169
45
208
46
37
83
27
47
11
18
8
14
11
37
32
2
2
6
6
15
10
14
29
20
49
14
25
9
8
29
36
26
53
1
10
3
12
2
14
29
1
14
20
13
12
40
7
35
127
35
11
43
2
9
3
2
19
13
4
10
128
36
3
25
7
67
41
19
66
17
38
41
20
27
17
14
3
46
1
53
3
10
51
40
16
42
13
21
5
29
13
17
1
15
34
48
42
23
12
38
56
27
49
100
11
56
39
14
143
8
12
80
35
6
7
20
47
17
92
57
84
70
7
17
4
23
15
1
44
6
16
15
10
22
137
11
9
44
24
85
13
25
25
4
14
19
21
35
2
26
22
14
14
85
27
12
72
37
60
82
11
42
48
17
1
2
41
44
30
19
18
8
58
38
26
54
79
5
14
21
10
9
14
71
4
23
77
10
18
125
58
27
5
21
13
39
1
19
12
44
10
16
111
34
6
4
110
55
35
34
5
43
4
47
8
10
67
34
5
15
40
9
13
3
2
7
64
40
72
3
46
24
41
30
82
20
17
39
91
16
35
4
38
7
6
62
41
3
3
20
3
25
44
31
12
24
44
23
15
45
48
20
15
1
21
127
23
45
4
12
4
15
29
6
17
6
55
9
16
6
66
92
41
23
9
14
22
46
2
6
52
8
14
12
15
36
10
7
16
9
5
65
9
46
11
31
45
63
65
2
13
26
28
22
3
7
115
57
77
12
14
7
15
67
47
174
25
2
19
27
38
79
2
16
114
71
8
41
19
2
22
27
4
32
10
18
10
11
22
5
16
109
24
13
19
31
14
114
9
44
51
13
62
46
28
82
13
23
15
36
175
45
3
136
48
5
50
56
150
5
16
38
15
31
7
11
9
21
12
71
60
22
19
67
69
40
23
84
14
2
52
58
18
111
24
118
56
6
67
7
23
14
40
11
45
11
136
46
56
1
19
74
49
52
7
64
31
19
47
