83
46
44
134
259
120
9
93
670
1080
1267
944
289
932
1626
55
947
158
96
256
214
2247
109
48
954
315
668
28
107
454
277
216
243
35
920
14
337
2282
148
293
856
589
206
14
95
236
227
776
235
122
1082
1664
1523
25
314
80
297
1999
868
611
819
264
143
237
318
554
1052
29
419
580
885
245
366
369
808
49
152
915
28
1350
215
550
89
60
42
14
484
310
17
128
85
229
747
336
267
327
346
598
62
453
1514
375
95
1465
15
1109
322
37
53
51
796
337
732
219
2000
301
196
1243
87
117
402
1005
405
1098
326
898
955
464
34
48
511
1203
523
355
490
92
35
978
160
667
200
1204
84
1421
1184
1762
365
710
103
365
1108
145
52
1238
23
311
162
259
531
55
3
1321
141
1222
7
613
225
85
704
579
59
164
232
235
100
247
228
1
1353
399
65
125
1026
601
1220
234
53
159
294
201
196
154
221
255
1646
1729
96
133
380
189
39
588
714
434
212
143
2782
271
120
299
288
335
250
1934
20
80
225
334
322
513
255
467
926
618
353
426
181
682
444
458
31
124
744
199
559
3
447
659
280
686
741
540
294
599
2
251
31
582
702
705
244
349
182
143
70
450
1540
866
37
1506
23
1258
529
1447
1976
47
253
129
906
6
327
454
400
978
292
145
453
1056
57
115
139
66
220
141
79
16
1733
1468
55
601
1078
16
315
869
150
316
126
354
263
310
394
1013
365
50
316
291
254
897
1043
378
486
54
149
478
105
449
62
5
438
170
819
435
555
272
392
63
1070
137
23
140
466
197
819
737
207
618
534
87
1008
238
196
279
219
72
402
158
17
31
222
449
959
422
478
304
571
143
236
1515
873
625
305
48
207
438
122
248
555
291
954
699
35
252
4
713
572
664
144
70
274
51
1286
370
460
855
838
1187
947
224
157
894
675
647
344
178
157
851
406
139
270
690
716
154
228
37
249
86
254
814
978
114
738
171
115
51
60
15
310
440
91
42
1001
235
899
169
75
9
697
85
330
80
57
714
1839
858
811
82
21
198
250
831
430
114
598
444
1419
440
22
96
18
809
273
390
148
1012
263
417
261
148
202
953
1048
1960
74
170
148
1405
174
471
1189
310
297
383
537
468
1361
208
272
614
1523
75
331
154
122
86
680
563
441
588
665
682
177
388
2343
196
160
525
1029
872
1166
1039
1306
213
344
145
192
246
2102
545
1140
206
405
1
162
439
176
965
254
722
315
764
70
312
464
14
91
554
273
85
49
168
48
130
1519
441
991
59
531
521
347
271
521
1148
228
227
858
128
689
753
9
438
191
895
615
253
315
415
331
290
485
1015
313
2748
392
151
66
257
235
399
123
179
440
259
527
1063
16
1159
109
56
274
223
351
372
443
246
439
178
749
50
245
40
43
103
211
221
23
695
1096
216
988
922
2186
26
35
524
712
540
1557
332
563
234
129
819
753
90
304
159
318
49
304
1230
155
1064
6
189
1061
53
171
291
463
268
98
304
327
269
221
49
183
610
750
145
753
151
70
216
218
163
205
151
286
671
1170
173
41
1118
212
409
147
1731
265
1076
758
241
147
13
131
89
58
496
201
203
1
126
355
929
20
89
1212
1014
989
262
207
113
323
9
366
1895
1231
866
725
292
354
665
542
468
183
616
160
823
85
7
25
286
325
393
557
13
159
558
243
774
2253
1060
27
762
114
570
146
821
687
245
318
483
44
517
181
1726
33
102
96
470
102
192
385
608
236
35
647
65
565
276
331
38
1641
344
175
943
12
169
227
722
948
621
246
465
67
79
274
19
81
254
291
154
934
490
280
512
72
143
278
269
125
218
163
524
359
267
775
186
228
1101
86
43
211
700
487
1797
631
216
539
155
822
63
121
568
848
982
457
701
248
57
311
245
149
1256
1062
568
153
1450
62
344
353
379
1215
633
90
21
84
886
10
153
131
972
876
717
257
451
864
171
112
688
782
197
364
92
372
556
206
1351
205
100
255
117
29
28
1053
82
395
455
25
189
830
336
45
295
977
396
759
1341
297
607
2256
179
663
197
224
1034
187
717
759
269
2008
427
1202
484
1285
1515
1459
3
19
925
564
95
101
323
21
115
80
420
81
65
481
40
3
244
102
157
462
320
376
77
927
362
137
92
588
2043
135
807
198
610
145
358
1216
295
206
485
349
190
336
637
194
815
440
66
253
44
36
163
188
433
586
464
829
844
793
246
1369
1745
174
566
795
397
43
145
375
254
361
82
642
371
3
1
999
136
258
430
95
513
363
89
704
215
825
365
396
524
287
554
425
22
352
325
46
2640
228
1854
1079
947
114
448
228
279
273
1152
57
636
439
437
97
654
65
445
625
636
145
272
229
135
177
895
712
215
162
560
188
259
1608
315
448
18
1160
519
187
628
446
347
751
825
283
12
207
425
72
516
251
811
46
1734
382
262
149
248
274
851
122
209
536
213
1024
42
291
634
197
199
408
734
851
420
1363
831
133
23
686
7
921
652
543
1365
887
1913
87
111
373
286
298
13
2450
143
65
1851
1203
144
221
398
329
338
441
832
555
62
909
355
268
38
290
46
137
244
2081
512
494
111
373
525
94
1619
505
307
495
182
3318
270
778
336
168
40
443
356
127
813
285
137
170
348
322
530
226
510
130
115
701
817
116
1254
27
1836
900
1140
560
111
132
30
18
270
564
345
35
1044
246
1181
78
40
1277
721
153
136
187
473
465
380
131
355
19
944
29
96
126
66
932
191
248
698
45
61
1199
235
653
431
397
31
76
214
60
158
1
329
155
192
131
153
466
98
40
1097
625
395
331
42
219
9
249
713
1270
210
1624
145
224
1688
226
25
165
1171
173
5
366
129
149
1602
308
1401
193
1392
162
314
215
123
237
365
65
164
213
286
578
952
1025
1271
124
995
535
161
980
326
405
309
452
118
194
415
561
1298
133
52
469
51
771
61
295
315
606
526
184
72
46
1064
882
493
410
304
847
186
351
131
2850
556
774
287
198
24
362
702
77
500
739
374
322
1091
666
97
41
212
64
305
245
277
8
89
159
1
1266
176
458
688
405
2
414
173
131
767
455
339
309
168
858
191
802
1185
911
1304
855
76
1123
189
134
8
1084
194
395
120
317
74
5
265
462
95
330
629
272
1555
1068
1756
1185
130
177
127
284
355
1462
350
856
268
167
27
226
1280
1160
527
833
487
316
445
389
925
1023
910
160
411
70
91
1369
341
784
1164
89
836
97
796
92
20
387
499
1980
592
379
267
72
139
1048
152
1081
824
749
357
624
276
469
235
190
5
350
3593
870
1041
476
101
410
127
498
6
194
70
10
271
38
947
109
300
1139
97
351
63
189
624
546
1010
101
591
226
558
683
130
1
580
297
1444
652
988
251
610
348
333
430
1065
93
152
363
117
30
526
40
87
480
499
162
497
85
34
1093
968
284
90
72
1040
1378
487
1479
260
190
265
167
116
633
13
311
2256
71
145
866
15
190
384
134
78
372
246
367
175
1129
33
485
1117
92
725
32
269
717
452
454
236
648
803
401
745
29
190
292
360
1553
154
120
2
144
95
1309
53
535
144
261
362
300
377
1292
766
1015
22
618
896
560
540
633
465
832
1016
86
247
36
128
150
610
34
298
87
458
638
1162
82
526
829
1642
57
29
1585
22
354
383
257
475
11
2
911
1154
984
193
103
405
142
916
641
1122
545
417
800
62
306
5
391
380
489
339
342
224
734
480
906
111
366
1523
39
33
33
204
902
1071
162
923
279
1074
7
374
779
125
80
429
308
142
184
684
325
379
935
967
660
2042
753
243
556
275
294
770
300
641
558
923
58
99
1177
1647
692
408
231
213
390
83
137
231
324
1421
963
537
171
376
342
855
266
689
1218
339
35
553
535
110
512
196
214
455
31
150
2093
192
773
229
753
422
1314
327
725
857
52
628
336
29
2468
19
122
253
61
848
539
263
25
246
249
72
204
393
118
707
1119
398
576
84
326
226
760
31
412
1023
33
44
1061
1005
208
291
173
230
606
396
1315
105
1723
525
228
798
247
686
527
269
1386
746
236
70
175
120
1369
528
623
158
324
283
328
162
675
743
71
848
1990
116
254
355
2120
1234
84
291
1471
567
330
516
301
27
1067
372
182
1015
321
985
69
259
34
778
183
298
98
1152
222
349
112
590
765
12
36
11
1453
123
478
1311
826
25
409
248
32
1320
130
173
338
1440
403
468
794
858
403
1083
92
142
1481
169
114
97
389
14
619
1595
304
237
627
332
80
227
209
104
476
221
173
732
1138
464
1840
388
1369
571
206
1177
83
802
102
299
78
699
1039
427
7
350
910
699
665
113
47
727
66
563
807
261
1673
2775
563
483
132
559
204
88
178
36
219
467
432
699
262
558
280
1228
2
371
175
20
325
3147
60
683
56
342
47
24
384
223
483
91
131
461
257
271
519
357
61
602
341
577
544
235
4
905
898
631
2106
1342
275
178
1455
435
496
174
697
917
197
53
110
590
243
232
272
81
443
360
265
210
424
229
459
221
437
102
30
800
857
286
616
60
63
260
515
176
153
1701
228
160
878
122
45
103
309
407
58
446
834
25
283
8
194
423
532
440
451
36
691
475
453
1546
2139
1187
387
1978
127
880
890
321
93
227
1353
333
101
294
113
109
769
153
405
119
15
620
261
20
316
137
297
364
39
716
45
482
53
221
654
494
53
139
242
62
230
362
160
891
705
120
733
64
1511
1168
370
211
755
75
166
1348
221
720
296
725
291
7
911
26
708
471
81
390
1605
416
216
480
40
281
296
734
311
435
244
5
328
1033
130
81
80
1726
4
43
660
3007
503
1012
827
828
1520
292
330
1135
642
1137
1148
1735
224
785
524
82
206
28
5
33
684
898
336
435
516
147
112
384
339
7
128
162
2474
121
5
383
56
788
696
195
263
503
103
41
148
1742
798
266
73
487
234
301
880
2361
515
752
65
945
439
426
18
360
1055
251
28
510
273
103
407
56
1370
664
186
81
367
685
1710
940
404
97
1332
662
598
354
878
1464
233
169
330
312
162
611
600
756
6
60
69
1588
1161
158
381
2413
145
103
123
217
93
461
1675
810
299
807
150
503
1690
117
140
182
411
1261
613
32
1067
407
370
1071
275
166
1033
298
303
1134
723
263
2294
117
2497
570
502
391
294
412
318
890
188
521
72
319
421
82
82
465
699
86
599
226
926
499
90
132
1536
236
268
70
979
389
146
459
279
683
1091
479
261
326
799
192
1641
107
452
382
1128
393
12
107
155
33
52
16
25
2438
189
64
443
206
136
603
782
78
545
456
89
252
108
107
3247
417
255
12
14
68
861
118
392
524
656
335
96
1882
92
464
66
3
201
2523
589
1068
293
72
534
236
479
147
311
126
563
574
130
17
93
152
313
106
580
1045
111
495
270
22
1754
53
17
134
1844
478
1517
370
181
79
561
12
723
691
25
248
446
548
465
668
46
125
88
593
766
752
366
66
733
12
661
63
232
466
181
244
10
151
41
660
612
629
233
1169
1164
211
355
122
341
692
1705
622
563
146
159
509
498
160
245
50
1384
342
2306
1248
817
457
1527
178
58
1135
760
209
6
109
67
129
288
391
148
2269
189
84
162
1802
135
209
1601
240
1160
770
55
206
541
481
1296
265
113
181
306
591
169
81
104
126
379
982
602
594
908
1312
56
293
645
125
78
1256
225
170
261
203
197
849
144
604
391
516
373
546
1740
890
1318
954
73
1323
207
209
359
1151
70
146
2228
496
79
1070
93
856
861
1369
159
122
546
108
78
191
570
74
1297
250
408
480
1293
558
1429
1505
15
152
611
217
806
629
1352
209
1011
1350
123
7
110
997
454
427
26
201
368
329
1029
85
128
441
360
547
1521
12
643
473
1614
1262
1425
52
696
1089
146
300
36
340
152
392
508
332
302
173
2
1505
1074
263
323
180
634
20
287
740
1843
85
600
487
353
78
1136
1684
349
6
190
34
813
157
482
810
523
99
105
912
408
255
659
263
1091
859
2093
40
815
2653
504
26
486
137
430
75
210
531
134
381
480
536
1624
676
339
131
30
355
74
480
1189
237
601
184
470
375
26
691
63
280
38
141
296
67
436
192
453
370
159
68
153
352
164
205
721
894
1077
423
1269
293
40
957
929
117
20
732
857
145
65
347
58
639
674
712
432
110
154
86
1365
298
237
798
362
954
858
512
384
3192
55
848
199
1047
264
351
797
193
1681
320
556
263
226
16
401
184
204
140
30
584
1177
11
1212
1112
152
84
514
250
77
851
171
117
13
580
8
198
656
123
20
180
482
649
420
363
1851
130
460
109
292
656
423
317
988
3
112
487
128
1083
27
20
1448
1047
47
29
1483
428
310
266
375
524
15
649
272
245
384
205
337
260
279
100
909
117
182
46
877
76
2058
67
1104
232
185
59
1323
130
1462
405
1192
196
802
150
346
290
20
856
697
967
446
921
326
214
1307
145
7
58
488
173
544
1033
862
563
227
16
398
386
107
274
186
307
263
566
185
125
177
337
107
455
631
792
1356
930
91
663
42
714
1082
692
256
128
125
578
642
493
174
32
141
175
178
117
275
382
897
168
376
455
258
811
82
17
3
25
179
429
81
77
115
343
355
535
278
45
572
33
372
269
453
718
94
158
568
613
200
615
8
132
915
1810
162
403
198
463
86
679
581
612
363
641
548
94
54
4
22
319
200
112
567
904
40
58
586
2649
647
208
383
600
51
286
224
17
498
216
628
433
415
124
202
126
452
303
283
65
1226
698
295
365
476
267
119
403
78
410
96
193
1409
17
162
331
730
703
47
301
229
1012
46
56
276
44
199
973
11
837
1170
870
288
738
317
22
205
121
676
116
205
892
149
133
107
1262
261
245
2
149
156
1344
187
342
126
29
615
35
586
186
294
256
1027
352
3
2088
527
667
49
34
235
381
441
378
381
670
415
218
1547
240
288
247
169
139
202
548
2384
10
805
212
575
194
565
747
63
1529
828
201
103
61
103
410
82
1983
210
233
20
348
1
32
638
90
1055
336
58
324
124
54
202
954
407
309
1976
99
654
646
11
651
27
1068
91
120
312
802
47
160
744
759
618
758
199
27
119
711
913
2213
679
118
384
96
39
191
328
109
780
294
766
1561
869
1254
65
30
37
1395
54
615
126
187
279
41
576
530
151
111
108
421
760
661
221
364
48
52
20
139
176
56
462
1030
995
8
49
21
1372
1041
622
1451
702
471
1949
20
274
475
1299
13
523
1541
245
404
62
1060
1083
495
263
251
894
549
681
206
819
495
434
343
463
1283
235
1248
1168
482
24
843
589
1206
783
34
162
184
306
10
912
753
509
165
881
60
262
2
374
129
20
11
412
1536
532
258
331
1366
574
40
1017
159
341
29
445
136
349
33
470
94
446
46
20
442
1683
290
169
307
1057
900
350
1200
132
105
49
576
515
1594
181
263
106
255
283
36
329
164
54
214
29
773
10
402
345
578
249
376
106
218
47
153
271
490
913
360
137
638
4
277
618
137
328
1510
7
736
197
47
62
13
591
72
676
72
230
529
5
158
406
232
4
2120
382
616
86
119
102
212
3
807
90
447
1051
255
98
17
454
144
86
42
377
63
1250
115
672
1139
473
75
762
466
212
971
301
1082
7
173
203
530
228
462
472
1919
154
765
689
688
429
337
656
1377
1819
138
280
291
717
468
655
9
268
164
140
812
662
238
338
17
1075
287
472
1923
775
184
161
14
610
481
301
63
633
316
61
3139
53
225
9
338
298
152
1015
689
362
38
52
40
428
871
54
142
1816
19
26
884
57
358
3013
194
83
111
161
89
951
403
345
256
58
110
212
105
416
131
145
283
52
22
1330
275
612
863
569
1285
1845
317
795
530
39
236
111
59
1147
131
280
141
161
665
168
1034
16
1030
336
865
627
1978
1721
29
32
330
1201
313
1100
293
976
130
1002
437
1219
154
336
312
735
342
50
387
726
100
79
407
603
1091
155
126
1048
1006
43
1801
22
920
435
88
2337
1833
660
99
402
1677
258
7
278
525
716
42
466
826
497
424
199
43
377
275
893
48
106
409
47
294
376
1267
793
1245
210
196
325
33
176
629
738
446
240
1415
82
265
1007
237
1047
51
203
76
98
398
671
912
117
554
77
2200
756
75
1430
430
519
218
97
2
530
517
4
325
249
693
213
233
47
217
492
690
598
799
174
334
127
556
496
73
180
43
878
745
449
132
87
157
58
103
20
372
504
230
303
2434
241
495
146
1902
707
181
629
770
391
789
1062
85
3
466
306
405
224
281
70
1395
297
272
111
411
1
22
941
159
531
1149
312
156
386
334
447
201
410
749
114
16
1067
296
1403
203
19
359
447
126
231
110
106
100
280
707
1747
177
783
287
21
433
1208
314
108
1059
306
1041
249
722
261
1135
187
537
515
620
75
1060
265
1472
11
410
713
209
332
259
209
310
157
370
298
6
110
13
250
819
118
533
572
451
7
59
830
860
23
4
921
66
590
1733
370
537
110
521
154
1120
172
35
17
627
178
398
565
1170
871
858
164
556
872
174
73
807
13
429
1015
109
289
1920
80
276
157
162
368
57
829
89
928
416
1598
927
841
567
2
40
393
65
75
201
87
486
756
170
37
27
68
1544
1728
281
926
133
418
319
1864
458
185
1407
3
841
17
299
1218
135
14
130
1270
280
518
40
22
186
337
2059
675
126
91
113
20
287
301
271
385
596
508
114
589
110
1541
920
926
37
144
177
1250
3343
253
287
714
973
765
7
286
198
404
122
20
138
326
132
307
1194
552
785
405
156
894
187
1037
253
724
73
194
725
1087
190
1014
84
38
72
379
598
433
775
145
31
359
59
145
304
1488
45
182
67
159
349
887
1073
61
811
964
727
451
395
134
7
328
227
311
68
10
356
149
1071
123
1363
314
82
16
445
766
695
495
103
430
847
177
83
15
976
348
823
561
707
549
52
47
396
544
495
147
1148
1514
155
756
645
597
375
166
324
287
58
57
35
503
724
138
357
23
671
115
111
7
184
1348
373
770
903
1108
37
390
59
244
1033
314
1455
154
770
200
600
315
338
64
1023
844
424
284
303
459
606
42
867
139
1058
318
53
1121
490
946
81
496
171
104
159
951
472
814
82
384
37
329
484
324
287
5
1680
132
163
92
333
1153
2544
306
299
115
395
648
395
15
1005
69
1024
141
174
710
188
293
105
265
561
10
151
48
37
648
425
1923
70
68
533
399
667
13
1725
601
191
74
1210
2
688
309
645
1222
241
2
344
42
394
154
150
208
672
141
101
262
121
1177
210
820
592
182
973
484
664
338
389
165
430
2095
499
606
1525
50
426
438
1289
630
865
313
65
531
690
213
1458
105
16
80
336
502
498
238
864
223
220
284
71
436
646
537
1142
354
52
996
34
72
212
54
611
3247
470
1226
546
25
52
225
3363
162
1145
1331
49
1366
1449
407
829
54
42
653
306
128
2394
862
660
323
423
85
710
522
246
49
135
163
280
43
2603
1575
10
48
145
253
26
1599
82
1866
465
207
706
1015
455
523
93
55
69
6
60
230
92
599
168
709
159
128
1884
324
475
247
463
162
84
381
227
516
99
546
554
562
44
67
286
181
1548
484
568
266
51
810
456
607
330
896
481
672
614
72
85
704
1059
334
306
511
1374
416
364
44
382
813
552
307
172
122
244
213
238
642
214
172
471
305
1456
684
159
313
308
671
1264
182
154
382
231
374
21
3032
25
427
157
808
1519
180
114
38
104
258
93
450
2083
25
1076
229
192
325
767
372
945
303
126
111
585
60
768
17
748
220
161
16
25
966
1946
425
1212
87
61
169
278
207
38
2877
63
344
69
1766
598
1088
161
792
2009
344
995
597
153
819
23
8
128
1028
71
28
280
494
558
188
514
748
63
1364
298
546
836
54
121
544
40
1081
404
391
279
70
260
209
50
302
110
292
1456
119
108
471
186
134
108
731
25
115
72
896
119
827
852
64
200
101
487
1552
720
156
665
259
171
1145
22
490
122
26
1148
270
255
41
90
98
543
56
533
76
601
361
865
180
63
872
1302
600
82
51
421
893
99
61
287
168
606
402
391
404
269
154
284
738
145
609
384
334
738
1246
80
363
836
227
491
135
816
237
187
368
380
810
62
810
414
1042
171
110
854
268
1825
393
1700
1029
41
617
313
281
127
928
1272
494
207
374
189
225
744
756
1210
1038
209
467
841
2397
434
197
225
75
168
44
1163
444
23
301
278
470
602
65
427
99
68
154
54
126
475
147
156
29
123
25
162
234
107
25
213
408
331
1256
404
430
486
88
238
1135
294
324
320
14
318
51
28
750
275
66
697
239
318
783
215
197
183
715
218
58
204
547
47
808
1775
928
156
102
961
214
206
42
1241
324
707
517
261
2459
15
1452
972
2064
1210
228
1008
1356
433
1338
589
1456
386
1210
238
1231
539
211
755
541
134
2203
80
214
338
80
73
24
498
64
915
365
557
790
305
1464
329
285
1166
254
164
9
35
1799
421
260
311
968
546
6
56
775
1338
106
909
1004
372
657
191
611
533
24
190
224
409
1283
642
11
18
1748
2095
106
181
222
266
58
924
154
43
671
781
516
7
1246
189
82
1110
70
1154
699
599
158
294
30
1135
253
208
290
123
111
122
110
333
235
1038
1430
155
303
196
441
805
588
117
550
668
167
162
249
143
63
731
373
307
49
117
1557
71
406
1076
129
655
166
13
270
762
363
210
143
139
127
447
319
138
582
222
55
34
26
742
233
561
69
57
445
1137
520
639
432
71
980
123
924
797
109
88
27
54
375
196
462
31
545
1837
204
1170
169
133
396
183
359
17
250
358
900
87
31
248
589
73
30
533
335
598
300
76
39
104
95
77
358
361
707
1
30
548
865
866
1239
744
448
8
7
194
46
451
727
457
580
246
1207
694
177
663
69
683
1073
281
228
408
224
98
2
734
1517
1375
212
467
271
215
62
35
288
1079
427
149
6
438
630
157
116
574
729
91
425
330
1229
603
244
364
283
493
65
93
596
313
45
349
163
786
240
79
422
440
383
1921
992
438
239
215
1203
329
415
1259
402
199
145
263
1188
315
748
1281
643
548
586
528
717
1544
145
67
178
872
301
53
431
620
522
60
51
45
129
111
214
81
220
290
137
87
211
448
378
271
453
118
419
339
382
94
93
137
234
234
1616
1043
121
25
343
1982
266
295
217
39
109
281
328
23
236
417
56
1314
18
106
924
751
298
1048
180
664
228
588
545
244
253
468
634
168
449
1458
1019
80
76
166
87
393
747
846
75
507
18
311
194
288
172
165
126
84
255
427
31
735
242
323
113
221
273
82
1237
51
37
1
698
702
460
131
401
103
371
159
172
823
224
392
852
903
406
309
95
596
29
178
741
292
962
1287
409
111
98
90
194
530
2384
231
558
111
560
62
910
394
247
1315
1380
420
222
359
748
329
330
652
451
202
56
472
190
483
228
158
171
322
336
334
1259
328
85
1237
162
446
523
1074
433
1252
230
103
192
13
295
445
828
281
15
259
1481
214
450
176
84
1008
320
177
147
372
305
41
715
210
668
296
1918
388
170
566
418
97
20
19
49
821
569
452
269
193
52
635
45
44
54
264
157
609
659
1005
289
160
502
1087
201
1052
320
213
73
658
691
591
346
890
369
744
629
223
949
320
293
166
178
403
209
362
255
11
39
166
1002
76
100
456
219
172
134
371
122
243
321
44
196
81
694
1208
929
473
293
73
740
108
97
148
302
599
488
234
556
710
663
33
305
203
956
196
110
65
254
98
24
194
216
55
155
285
26
414
117
276
105
221
167
374
796
197
112
389
523
121
456
865
89
552
18
530
59
201
123
228
190
345
193
445
121
60
292
173
70
440
115
211
884
280
1027
11
1211
151
363
688
68
330
486
1456
320
9
259
244
95
298
462
38
130
214
851
222
91
141
607
179
844
333
971
453
524
68
437
244
1732
108
933
3299
744
116
859
66
985
442
151
892
510
614
893
707
957
224
16
449
102
4
788
230
586
766
247
242
987
278
682
1343
892
50
161
125
825
24
307
102
889
118
151
59
283
137
44
1579
221
395
44
1480
73
1388
95
581
896
2602
26
1074
266
605
1809
54
96
487
37
2123
321
483
357
499
13
419
76
172
1065
460
616
1008
190
372
520
156
537
331
158
1443
435
715
294
432
1098
87
627
1462
132
14
678
618
67
623
595
328
118
317
1418
766
1900
121
114
1520
286
187
191
1883
230
10
1441
633
205
87
893
93
346
786
95
429
346
12
930
160
448
90
611
139
834
89
916
1430
1131
770
1697
189
2155
116
155
141
1036
245
172
145
591
560
136
538
370
473
392
49
486
49
54
202
249
859
185
670
43
889
26
314
170
124
249
1532
300
151
296
59
175
268
271
481
958
718
17
107
243
229
228
2915
218
494
42
37
388
328
61
49
221
651
252
252
140
82
655
4
919
736
132
102
4
1644
22
3309
325
603
29
350
225
266
218
867
135
237
27
479
261
243
328
494
393
1999
301
124
142
360
450
111
882
322
782
885
168
922
650
131
316
530
126
2261
342
95
4
221
1038
1477
565
12
101
169
242
391
127
787
157
401
363
34
352
134
241
427
116
628
1011
2094
467
133
494
124
320
410
708
753
28
358
44
458
676
661
149
579
152
513
213
112
166
124
295
156
1244
636
261
637
377
1613
457
694
285
89
144
350
1
122
449
119
303
485
229
482
320
43
316
332
1098
440
33
70
1758
274
838
481
698
288
322
134
162
696
349
798
557
121
337
418
200
1010
47
373
561
44
146
1010
695
766
555
615
202
565
302
1711
718
2301
1558
827
2683
938
71
743
113
342
297
556
294
111
404
421
111
349
559
36
592
76
981
217
1046
1662
39
92
298
52
383
67
576
181
20
1393
429
150
222
1238
55
717
341
146
133
9
368
147
565
322
46
460
721
18
1228
785
668
52
223
89
277
111
140
12
129
99
644
97
857
434
162
247
30
657
201
402
2281
565
361
79
496
72
228
269
909
825
288
402
87
1509
1094
78
253
190
124
166
362
106
77
822
616
304
134
671
9
372
662
293
229
577
188
253
379
105
170
1824
1006
616
2334
29
860
68
42
642
213
307
788
2807
584
869
2104
3388
15
781
840
898
123
947
161
276
16
201
1548
1953
1600
469
175
1381
599
79
30
321
73
27
392
1501
321
281
318
136
693
1894
615
23
296
195
346
253
13
257
1747
478
90
332
285
202
581
716
58
1247
92
102
110
673
116
75
498
378
1009
159
36
291
428
569
407
82
866
423
557
539
155
164
348
35
159
1177
647
57
78
521
729
699
719
21
234
328
29
833
198
608
300
42
66
212
486
1043
1351
349
50
50
606
51
522
1468
2
564
547
313
186
170
444
499
1059
40
907
954
54
411
1129
199
148
174
379
235
3
834
1198
2
566
1192
1275
120
1118
644
273
93
172
23
127
31
394
793
331
255
332
50
191
9
169
1228
13
113
1027
174
105
240
63
202
632
125
239
12
443
545
10
232
101
15
1297
102
1114
850
143
248
151
35
858
312
7
55
75
102
392
169
503
133
946
1250
12
525
159
37
71
51
21
1066
802
40
905
997
142
767
226
107
401
686
175
18
14
470
54
279
187
41
67
9
90
249
877
283
245
1966
245
74
1290
34
883
76
22
360
348
21
237
12
262
1176
100
223
53
702
321
28
2479
122
143
427
29
1056
477
757
315
281
1577
92
233
48
453
596
325
112
75
94
416
1179
501
244
522
476
159
208
317
518
86
473
167
12
296
157
174
450
506
154
314
330
400
886
1228
777
392
476
292
300
91
963
128
253
172
133
77
156
168
379
1092
254
647
931
693
516
20
404
402
358
895
15
843
288
339
424
862
1313
90
272
615
446
26
180
347
58
95
164
330
949
357
370
4
189
48
1432
975
367
350
148
399
521
72
28
13
1390
431
598
419
2268
822
375
70
414
30
734
388
230
805
1432
1383
545
1278
15
410
698
141
868
128
512
638
616
530
125
2334
910
342
719
54
404
136
874
632
138
11
161
3082
778
182
38
139
96
707
271
875
136
844
373
94
96
693
458
428
20
390
2175
339
5
638
256
425
100
881
279
190
358
45
588
1042
850
292
182
263
52
126
10
331
774
402
34
888
411
7
1627
104
269
833
1486
1061
37
1071
570
445
161
946
49
272
221
35
114
451
167
881
95
277
91
460
883
74
456
1397
181
223
41
824
92
188
49
842
56
400
110
633
263
358
382
241
912
675
331
864
32
209
286
202
159
207
332
1227
1003
489
2151
314
1800
41
123
105
632
857
180
45
760
86
348
310
92
164
298
363
2610
160
74
63
379
342
90
633
559
81
44
1024
2091
93
114
1082
543
45
507
753
13
1251
248
250
261
115
4
871
575
113
361
355
81
2254
550
425
425
301
397
486
668
157
65
156
378
458
355
583
952
109
145
229
252
110
1255
485
193
935
449
346
455
2515
176
7
392
308
619
529
1095
267
542
2064
914
9
699
200
932
128
309
651
586
1237
569
165
334
1322
315
651
1457
426
566
256
1807
344
477
734
107
769
898
1661
133
1253
141
177
1061
692
305
3
83
375
751
760
205
150
1232
583
1277
71
168
52
237
15
28
887
42
909
1484
203
72
870
38
1243
73
70
644
324
9
72
590
551
685
246
1287
911
305
269
1494
334
289
216
419
133
79
400
45
556
134
73
239
783
20
207
241
672
637
451
959
373
235
1061
43
888
1612
77
1910
1096
121
418
461
283
67
275
977
63
639
548
340
368
158
43
2755
617
306
520
596
52
46
1578
751
162
42
277
321
1563
292
1558
126
821
75
1153
670
790
1530
1118
1474
282
481
435
364
155
851
581
340
2
359
160
1786
251
420
83
10
355
541
30
342
484
315
236
391
123
12
490
288
612
92
428
53
317
973
492
1158
1261
117
23
438
20
231
198
546
244
183
691
55
222
290
587
906
407
123
287
26
306
289
8
99
121
388
925
727
119
365
124
373
341
231
735
745
862
95
347
375
36
928
239
74
151
100
518
659
85
191
983
152
237
575
895
413
905
222
661
102
467
96
894
1580
788
1162
229
645
32
291
609
242
292
539
192
970
401
130
427
228
33
531
669
919
308
90
535
56
393
778
48
601
2032
4
738
530
219
147
1297
116
85
210
270
1394
365
645
667
351
106
102
244
1151
202
916
523
591
45
575
356
1123
191
244
541
6
1815
90
949
226
177
857
494
563
321
329
317
569
13
809
1812
235
225
304
439
224
383
207
129
115
178
56
1695
385
9
283
435
47
667
891
306
35
179
77
96
23
596
432
2249
375
215
37
479
84
1314
158
113
470
82
489
142
808
57
196
874
302
50
379
607
189
397
148
1079
271
540
303
730
301
347
125
431
224
248
212
24
31
501
123
246
843
681
64
244
109
61
474
664
134
530
485
910
55
376
579
688
862
264
285
466
13
1253
343
346
395
129
295
536
178
94
25
254
173
348
807
392
574
794
16
592
967
855
41
433
571
84
83
9
806
280
960
536
134
1263
9
551
52
166
1186
773
114
166
231
455
113
478
1100
237
334
503
503
95
356
54
1410
179
1216
968
7
1059
495
781
36
367
314
423
154
276
803
517
118
440
517
586
297
328
344
1003
556
312
165
109
4
323
1005
541
91
307
953
277
1602
630
48
495
436
947
164
309
258
41
967
6
537
843
213
471
197
92
147
50
1347
1750
72
92
1026
908
2090
76
420
413
226
405
546
185
44
121
76
395
712
629
43
91
280
1643
537
90
381
235
86
324
185
132
279
59
34
192
316
676
431
130
44
377
10
418
855
334
203
686
470
688
473
777
98
154
1
1705
1139
317
772
182
1031
810
162
78
1107
148
67
48
39
1043
326
186
281
355
501
98
675
355
515
1223
458
88
369
487
212
205
1192
690
466
211
106
1510
1318
520
85
100
1127
366
391
1099
2142
1146
1317
52
504
2
807
786
1205
661
896
188
245
845
447
3
603
735
109
289
277
290
968
711
650
76
864
184
530
221
585
120
271
169
13
761
777
1011
325
346
84
138
2254
106
128
906
142
17
676
44
1232
2403
1023
45
474
702
1733
266
620
3
102
130
218
326
536
9
601
951
213
431
465
344
415
225
153
61
674
154
220
443
165
538
616
225
434
419
770
674
345
254
455
17
1489
12
271
316
392
70
957
1030
492
540
102
10
30
36
657
881
1272
195
908
1006
1004
2
883
77
358
859
290
751
281
3
73
1371
468
110
39
472
191
803
735
418
266
49
2254
159
29
346
354
85
52
80
303
496
421
1819
3013
353
255
19
367
96
89
384
205
592
52
237
1279
411
103
111
22
951
5
522
278
127
889
381
64
310
69
426
1789
341
256
155
931
231
604
105
25
1205
465
560
781
204
211
842
1580
111
327
622
147
631
1126
367
193
158
232
138
324
1403
75
101
480
1065
124
1141
268
157
379
810
919
350
4
26
118
86
241
527
60
582
11
1036
200
71
522
339
570
225
1370
190
368
448
405
198
1000
620
165
219
619
101
11
220
2030
270
282
29
318
56
223
126
31
181
161
113
743
122
849
1211
535
45
969
379
194
97
27
333
233
54
1397
241
1018
457
1649
140
291
62
27
606
7
572
1086
389
34
46
79
10
232
204
306
564
27
6
251
722
436
305
185
451
1560
92
69
410
92
586
328
210
743
444
546
35
169
381
76
474
451
525
40
941
717
510
922
333
1200
573
180
160
520
563
64
539
174
555
379
634
1456
90
49
1875
697
178
241
80
719
444
16
78
83
945
2527
27
879
1214
134
609
422
122
1
520
6
648
169
344
315
70
7
725
586
428
79
12
135
597
265
850
685
618
455
583
384
280
458
193
538
598
1658
993
109
255
49
61
396
594
451
357
60
722
11
18
218
741
7
626
67
1534
218
290
453
201
484
305
43
30
433
100
212
615
231
229
674
523
46
418
573
124
376
383
481
491
77
135
149
249
431
278
160
166
438
33
494
1231
731
1332
81
304
78
1168
202
349
127
194
157
626
673
1050
836
32
85
2482
234
35
332
38
599
595
326
524
458
63
358
403
453
102
138
311
473
153
85
67
183
32
138
200
141
19
1116
122
40
321
717
12
7
294
298
57
666
749
64
512
242
457
52
107
478
1029
394
396
1816
152
283
442
165
248
28
498
2370
515
301
706
1012
551
684
443
257
335
830
131
38
454
399
72
473
564
140
306
167
414
1531
693
507
1186
507
233
27
312
489
240
1125
154
649
93
455
1192
166
2168
410
612
331
50
57
60
140
360
291
3090
78
785
132
310
130
1667
108
207
663
64
348
67
1127
644
527
590
397
249
12
767
668
286
28
315
438
338
176
186
515
60
553
132
305
702
606
416
661
215
1716
446
181
971
650
815
731
249
332
483
624
267
645
237
298
2013
362
909
423
130
1352
1569
8
116
546
981
1718
11
452
143
522
678
546
789
427
119
38
352
1538
575
8
233
92
102
46
331
353
577
238
771
1189
233
1089
492
4
99
462
636
270
420
125
1809
941
153
763
307
79
402
699
214
126
574
421
53
131
129
1050
98
454
952
570
140
316
98
1238
98
1971
969
275
318
34
929
702
1413
469
75
59
158
194
174
69
794
13
182
141
227
632
74
177
701
241
68
780
100
570
164
7
243
355
254
677
145
260
1093
924
27
46
724
145
461
1978
1900
260
84
143
210
68
1207
1186
130
1207
241
479
107
167
672
599
112
241
240
896
63
64
11
54
72
580
11
274
513
557
433
325
270
1014
134
289
189
1002
406
756
151
490
81
392
458
176
1001
489
12
1089
114
163
187
52
236
843
14
438
177
33
294
145
2087
659
274
105
23
296
237
195
284
82
485
510
1071
666
486
579
18
179
223
884
669
410
25
913
382
1695
292
502
7
20
450
758
62
1028
1338
315
550
134
349
132
289
98
374
147
366
20
43
703
970
110
79
250
662
2511
196
513
655
426
606
188
386
59
499
265
673
227
127
617
319
355
895
240
50
10
544
1664
12
106
12
743
329
378
116
79
8
773
402
371
207
594
2639
6
114
628
1543
13
186
738
76
165
376
38
85
428
174
777
192
216
143
492
192
1019
153
998
321
121
262
153
39
375
859
247
81
572
977
45
182
57
335
149
432
17
1329
862
11
469
5
294
173
297
473
237
294
1180
172
782
94
32
146
225
1470
358
255
437
41
129
66
359
23
733
78
761
132
285
661
126
796
774
604
643
75
615
50
8
717
50
263
696
426
1028
153
498
935
48
323
436
112
356
287
515
564
112
542
2
340
163
57
491
237
991
1672
975
127
86
14
951
472
75
413
155
518
353
845
283
107
498
843
97
972
953
305
456
184
561
1503
2254
118
639
905
951
244
64
37
8
53
131
573
320
209
614
14
500
292
280
228
1223
93
725
260
219
407
951
549
431
584
10
244
40
721
230
472
366
336
607
1635
380
33
84
296
22
214
256
811
649
112
54
119
1681
58
16
231
810
290
198
367
167
3081
545
687
1394
180
529
9
846
615
578
984
54
1933
634
32
615
442
294
839
197
516
188
101
45
534
282
506
219
599
1824
583
263
411
64
211
697
1118
1941
95
180
92
1431
44
401
368
169
33
1209
572
197
951
439
134
140
437
194
513
538
1045
222
425
698
781
724
115
1739
423
357
71
682
239
273
64
121
441
27
468
212
1950
548
1375
217
754
942
308
171
65
163
342
160
476
87
269
599
149
94
218
512
4
316
850
32
798
128
548
239
473
71
114
36
38
261
940
107
273
184
1162
340
1428
1595
779
1285
342
164
604
114
263
152
18
1123
118
132
245
41
136
312
467
93
276
414
769
186
172
272
1303
523
1818
127
56
316
10
137
93
318
632
477
688
828
59
304
192
139
289
291
209
400
392
220
530
252
1083
306
1
275
88
545
477
629
109
637
1112
204
529
290
490
390
54
283
8
22
138
258
217
1757
232
7
292
1720
255
817
187
914
179
459
583
286
72
38
677
904
151
173
432
245
15
157
917
180
322
251
1070
108
8
623
912
170
1128
80
72
174
113
64
543
1535
101
152
393
618
1587
309
79
80
597
809
620
1738
173
1026
344
386
642
123
1003
40
545
1283
526
96
208
56
781
1674
632
4
85
874
315
2466
439
23
86
316
643
305
103
1003
426
86
92
1818
764
902
286
495
1361
203
55
239
944
107
660
69
51
1846
336
912
164
1180
1420
191
81
12
2
8
377
317
601
544
42
103
1356
7
942
125
227
298
26
567
197
30
29
455
681
4295
1230
250
156
32
62
204
611
417
1982
325
244
98
87
355
268
189
1407
88
852
295
535
931
212
823
358
423
459
50
1210
450
174
816
52
212
56
248
578
146
386
134
41
323
18
841
132
499
136
381
84
474
496
2081
1348
242
414
291
388
299
263
2161
595
101
46
168
86
54
1310
152
172
1228
4
191
692
237
385
318
158
72
373
35
418
1117
977
177
4
820
99
113
1069
909
258
310
498
1082
831
395
100
113
675
83
429
132
620
236
193
565
65
127
161
638
198
73
678
663
247
565
799
225
287
48
212
1374
28
380
408
422
54
724
283
91
146
21
154
40
1640
75
32
51
177
207
559
397
161
980
3322
80
1234
509
477
398
167
272
767
261
95
47
367
818
88
708
277
133
547
605
802
988
597
1433
309
1413
222
440
686
244
272
177
351
111
13
143
648
48
915
73
130
317
23
1139
322
22
364
266
6
609
2953
166
2105
95
459
312
557
121
791
1163
557
1131
854
561
1658
283
91
122
48
435
317
153
70
4
200
758
34
234
496
36
164
1110
173
506
459
221
1193
173
446
215
105
743
330
600
1281
283
329
412
83
39
1113
641
869
629
123
171
292
230
147
396
1061
867
2297
53
138
594
1342
13
10
656
12
536
495
600
1122
728
477
439
435
108
991
81
548
900
556
175
287
289
379
69
464
81
268
103
450
78
671
1497
230
476
1944
907
907
436
220
877
501
838
223
163
32
36
38
97
642
402
12
128
839
297
276
604
600
781
774
246
315
1
1430
161
105
1072
2826
480
537
983
1606
19
813
171
558
349
341
138
175
267
190
657
109
142
845
358
159
692
326
535
97
541
271
1066
25
495
20
238
170
153
293
688
40
47
252
575
1323
85
8
193
441
622
376
1041
176
106
1
86
29
274
219
322
371
92
291
215
789
14
746
86
214
686
101
240
1127
234
82
1740
521
1024
423
1370
288
119
401
781
440
417
239
422
137
806
413
36
1909
104
124
592
386
168
177
141
61
1232
1
122
205
1259
120
528
1576
990
91
446
1054
207
541
417
469
237
330
188
10
171
427
456
88
669
185
4
126
227
963
33
92
155
525
264
781
414
626
407
1330
2191
541
184
239
539
474
208
139
314
85
819
100
1452
354
239
560
21
206
6
319
671
605
92
223
157
171
109
480
9
13
821
22
161
1169
90
47
159
1087
892
422
1120
783
86
13
171
25
153
974
1726
251
790
154
105
449
129
1808
1560
233
417
356
283
266
1084
511
279
735
12
621
808
90
45
273
677
249
1034
1283
426
175
192
459
32
455
1633
108
107
1053
342
57
252
16
69
1467
2464
190
256
2819
86
168
640
1469
147
560
87
139
180
642
222
631
697
217
179
149
2131
12
501
764
603
1122
226
1134
360
262
38
112
322
970
972
16
1424
209
518
274
575
1674
366
1177
498
11
24
829
1025
329
503
650
393
373
579
181
1174
586
374
231
1002
409
157
340
195
113
392
265
263
264
87
1454
260
320
38
240
975
378
733
215
71
1153
265
43
97
1247
157
184
198
50
361
788
34
211
217
1060
94
410
732
265
1147
196
92
602
26
100
345
1463
269
301
414
152
47
266
992
43
60
384
89
44
521
17
28
463
184
117
701
143
91
384
494
399
98
142
59
2189
764
1387
384
300
172
689
200
3
118
259
600
123
734
215
420
36
908
249
1063
982
543
1712
266
213
190
1358
155
18
1167
495
472
61
498
821
80
383
535
684
185
291
507
203
322
542
127
215
181
461
294
199
197
35
559
207
222
924
1416
533
8
301
567
58
120
551
98
983
161
1048
625
1095
1164
678
201
196
526
33
874
1242
189
126
1106
378
135
216
30
335
515
42
811
373
179
216
547
121
352
1590
248
1068
805
1034
701
307
440
1745
240
842
71
204
613
61
1703
358
50
1195
259
1077
524
354
424
159
32
171
745
577
97
411
374
38
441
1098
118
118
58
2008
283
156
3
730
166
368
595
6
208
17
432
171
1462
1548
274
133
109
261
464
218
299
28
158
1104
648
78
98
1096
334
243
639
1327
1127
481
72
1
1248
1117
1173
15
2321
624
969
190
202
165
713
149
770
698
93
718
608
184
168
20
346
2356
1325
1064
367
1256
816
1789
1128
183
128
344
1160
27
387
1267
134
104
884
152
7
342
665
318
949
137
47
163
519
986
65
198
806
1507
149
191
751
473
461
328
177
433
86
728
492
1130
205
39
308
2275
841
126
333
16
373
829
276
720
370
198
2571
459
25
161
410
335
141
106
1069
93
735
19
243
935
413
90
1360
120
153
372
700
190
521
678
880
287
349
956
11
896
519
741
107
57
3894
139
231
1112
463
718
304
656
460
248
50
133
292
472
596
645
1224
340
144
369
359
150
202
498
69
1330
282
696
369
566
159
221
238
280
363
875
1408
31
645
1303
467
111
1260
1137
1534
2209
839
486
287
101
564
66
232
141
311
629
371
419
404
156
796
300
702
1673
1430
98
256
985
726
835
504
45
510
45
309
456
6
206
64
42
767
375
311
1070
116
64
1276
5
5
203
1044
1496
489
280
614
349
1193
456
255
620
56
120
83
256
302
58
42
793
499
532
251
179
154
27
211
432
5
262
546
34
55
499
905
216
1517
480
828
429
53
1237
12
67
491
343
237
451
900
94
905
583
1298
350
16
552
111
137
437
1103
343
741
535
1730
237
32
509
291
1053
224
25
564
845
205
694
16
171
759
396
144
189
895
894
60
895
179
140
59
1682
2098
378
275
119
635
95
1407
223
1594
262
105
265
1112
266
122
831
243
19
19
54
128
180
203
800
1525
257
700
315
98
352
222
420
457
572
39
257
268
1453
611
234
327
799
157
597
840
244
854
595
211
23
127
217
59
70
355
717
1433
129
1319
161
119
586
353
70
211
1116
559
489
502
223
52
465
105
300
602
571
198
782
966
381
484
570
305
739
92
386
451
8
1205
40
567
970
108
603
232
39
291
777
401
656
374
1250
312
253
174
72
515
141
247
889
1499
580
424
2268
762
1612
813
90
864
428
202
95
92
1361
29
168
400
16
103
643
6
1577
64
473
170
40
220
360
8
57
901
263
149
220
23
735
331
178
164
17
26
460
1111
403
2229
251
423
893
428
471
283
1078
334
365
90
479
189
101
598
451
294
14
96
618
304
637
66
186
29
348
304
211
66
782
355
146
177
123
1593
897
289
1467
1742
214
217
581
556
247
345
8
496
106
123
725
513
343
151
530
137
1569
201
294
553
304
90
646
296
294
1021
893
49
231
1572
532
228
143
567
124
293
98
139
789
1391
33
9
279
77
740
88
332
1513
337
281
1112
533
99
288
305
75
49
988
645
968
78
192
233
92
392
208
202
1046
52
369
262
477
222
580
49
143
502
967
191
586
151
237
691
2003
373
234
40
816
210
360
54
544
4
785
301
772
244
30
759
493
253
101
705
169
224
785
1154
530
364
805
431
1105
487
29
483
308
606
1309
515
197
71
372
102
140
173
307
80
26
2109
19
200
1079
424
565
228
176
23
281
563
468
647
301
1393
178
21
8
555
1385
1179
252
215
133
144
684
61
5
5
673
751
445
42
1650
590
1376
84
348
51
342
91
913
571
776
516
1285
85
396
336
370
86
185
952
870
297
3419
120
652
2386
13
445
1440
1468
508
599
55
239
803
221
421
21
162
313
37
104
69
86
931
691
283
280
262
960
1232
202
462
1088
218
539
189
678
506
361
72
463
14
242
337
86
166
1066
482
373
133
60
854
1480
173
47
1031
359
1831
1
469
124
468
41
330
120
945
149
104
297
273
293
221
367
182
658
63
465
1593
95
75
380
168
451
429
265
220
33
48
1011
296
676
558
19
36
162
310
108
837
989
229
57
97
64
552
281
343
118
252
618
107
380
399
83
1848
527
320
210
187
176
1983
729
142
487
136
185
61
483
693
257
252
23
716
274
1370
279
1661
174
252
16
268
40
495
271
430
407
622
19
43
112
45
651
305
315
911
335
491
574
168
726
228
209
83
496
117
18
99
1647
499
534
498
79
548
19
16
1321
154
195
135
431
32
133
839
188
160
361
55
330
71
262
678
19
229
917
189
336
708
230
196
374
536
325
701
1156
1862
301
174
549
268
1587
509
1056
1362
330
1
208
25
1002
758
47
29
125
89
497
405
155
224
308
12
6
269
550
97
1721
25
1153
481
336
460
68
408
219
194
1444
174
195
569
737
1961
981
39
932
34
415
1641
669
180
112
142
1019
607
84
109
254
26
1011
1339
1492
380
96
190
944
439
456
86
18
360
135
271
852
831
1420
1398
302
1007
253
600
479
958
420
17
186
242
39
393
1830
1489
1252
445
1041
666
821
314
32
1166
551
228
1003
42
1688
7
285
925
245
163
99
1737
661
314
310
119
135
183
189
