1165616
335866
294880
282156
279454
283829
276008
277980
279888
275058
270375
268533
270011
273906
270435
274456
268357
267533
273198
267357
267558
267301
271823
265733
263562
270784
263225
274637
265804
269271
266887
264641
269816
263638
262272
267335
265420
265657
263277
270782
266047
264440
269408
263726
266873
263505
270577
263007
265685
267602
263819
263108
261010
268114
266739
265816
266914
263303
264046
266639
268836
263724
262977
276155
266742
262593
261917
269964
263723
263903
269047
262231
263804
263956
265684
264009
261833
269587
261666
263849
262222
270654
263372
262088
265993
263288
263629
267119
264449
265142
278927
277969
262357
261741
267362
264680
263529
261869
265037
265649
262491
268012
260263
260589
261707
269341
262755
263397
272537
262115
261444
263032
266413
262523
273432
271137
263321
264478
265486
275796
264068
265031
271998
264585
263884
263699
266531
276151
270076
277369
263585
263723
267289
263470
290092
274225
270298
260266
260462
278338
265188
265493
264360
263433
263006
261723
274332
260317
261347
266337
260245
262691
262303
266252
260394
262553
261147
261861
258972
260250
268702
260532
262785
265710
262644
262992
262182
267735
258670
262063
264918
262988
261597
262070
272753
263242
260272
267930
260239
259554
263256
265642
260853
259137
263123
257980
258980
261234
295062
275694
262399
264319
262701
261874
263305
263582
263596
258977
263819
262362
258247
259243
263768
259842
259800
261846
261975
261518
261554
263483
260360
260553
262992
262508
259004
258396
281093
260368
265241
267838
262069
263013
261821
267522
258542
258587
263461
259000
260129
259063
262317
259354
258801
263494
258471
257703
259911
265586
260790
260401
260158
261723
261449
274344
270436
260448
263288
265352
264477
260239
263439
266733
261076
263604
263148
261415
263567
259558
266742
258977
264420
267263
261253
260835
258580
266135
261418
265034
264118
261879
268898
261080
273614
264460
260227
267499
260676
263535
260568
263592
264402
259017
265017
261370
261249
261307
262912
260863
259241
266040
257965
260147
258812
266828
262827
262007
267310
271712
261569
259128
273981
259741
259438
262828
260586
260193
259152
268480
262538
261647
263153
261151
259974
258126
272845
260524
260266
267100
257539
260533
259326
264747
258126
259597
271497
261070
262240
264088
264757
261583
258061
267362
258816
259914
263932
265824
260740
257886
264417
259113
258302
261817
270753
260845
258532
263829
258013
259303
261321
267198
259139
283403
276218
270779
266669
267818
269708
264490
267643
267265
263794
265202
280235
262551
261758
264319
267231
260273
262992
261536
270160
262797
260763
269297
261810
262482
260362
259621
273594
261268
265303
260383
263414
262410
261759
266285
262366
264704
261569
260524
259391
260478
260486
260324
265616
260615
258561
261192
263292
260734
259363
265491
261216
257984
260580
281071
269025
268920
269318
267983
260634
264501
267001
265306
262961
267744
260515
261600
264261
260257
259964
262374
266765
263230
260824
272370
260158
259187
260917
269765
261714
260413
272790
258479
260735
259981
272343
260195
259062
265371
260947
262184
261620
263777
259807
262751
285278
256075
261841
262998
266719
263019
261824
271817
260099
261525
262539
270626
260452
273289
264503
261620
262685
263478
265732
261692
261609
264550
258135
262057
259504
265218
258935
261061
264611
257470
261873
260250
264129
261507
262514
270404
258747
263293
258442
266127
267081
259049
263926
258700
260832
260935
263495
262385
258672
261961
257030
261189
261724
266144
260367
260742
261903
258197
259445
282527
259623
264968
261426
270460
261718
265624
258193
277661
261807
260681
263900
260296
259002
260072
265952
260206
258917
263138
261262
260897
260073
266142
261305
260354
265603
256683
260828
259881
264737
259065
260841
274159
258300
261017
270372
308143
300499
298619
293515
276237
271509
276729
266175
265364
264979
301255
298970
294236
280523
268224
265170
293534
257552
263182
264736
268216
264874
264529
278195
263513
261776
273929
279594
263539
263423
266191
263013
265762
263818
260907
266523
260008
372173
269709
263069
262248
254396
264074
262610
259987
265511
257902
263914
260721
273227
261682
259239
263814
260576
264899
259857
262686
263834
262221
264672
262039
259689
259954
263650
268618
259354
263654
261483
261858
259647
267547
262086
259818
261559
263814
258198
259079
272376
258549
258511
261600
271365
258743
257925
266816
257916
259868
266634
260799
259705
258589
262369
258563
259509
263415
260144
260389
259138
264932
259372
259169
260756
262444
258816
260507
270750
260476
258609
268465
261208
257564
263814
261985
259836
259818
260032
261498
260354
262435
263955
255598
261400
260559
265811
259815
259762
269073
257547
261660
259169
262558
265248
259170
271553
259530
268098
262915
261888
261652
259841
267612
257996
264233
258714
265674
261509
261203
262635
259697
258486
258043
262400
259850
256944
263634
258889
257971
257878
265395
258790
258304
270278
266070
261462
258916
263136
257469
258936
260290
256785
258780
258889
261009
261134
256649
263024
259744
258775
257992
264983
259393
259066
259484
258987
257553
257747
264451
259508
261880
279286
261780
261942
259672
267376
261500
258663
262909
260635
258521
256896
263411
259621
260278
259758
261455
259494
258212
261829
257525
258636
260042
262213
260165
257982
263339
258051
264146
258858
274562
258348
261492
266596
259426
258068
258778
263550
260061
255868
263679
256736
257185
260523
260781
259035
257110
262308
256872
260376
259362
264794
257846
260276
261864
269129
259700
259029
274868
259886
261684
265845
260521
261745
260041
263612
258372
258399
263607
260357
260775
260024
262383
261503
258235
263015
259668
259095
258633
263392
255794
258313
263292
259730
262310
258774
270218
257300
259013
258596
259313
259902
259070
264173
260825
259260
259812
265199
259775
260670
266191
255928
258792
260286
262957
278328
257384
263165
257567
269317
258304
261765
259153
258657
273911
257840
259167
260468
262173
259314
258553
262977
260592
260450
257780
263154
258964
256903
262434
257762
257732
258844
261755
254744
258116
261443
263593
258932
260130
263453
259684
258591
268240
258982
258174
255579
266153
257148
260045
260068
262886
260172
258327
264369
257874
260050
257444
262945
260894
258893
261470
257257
257458
268929
264312
259474
258899
261051
257713
258303
257541
270269
258184
258905
263834
258360
258180
259307
263295
256592
261089
262462
259321
258420
261449
263599
259490
258034
264212
257680
264850
260422
264376
261712
257428
262105
256808
258309
258681
268322
258348
259155
265586
258563
258243
278850
263592
257320
258132
262796
258993
256776
260896
263511
257845
260263
257172
279489
269210
269239
270428
263522
261478
270325
262911
262744
260461
273173
261230
262039
263951
260867
261810
260524
264244
261839
259507
264527
260373
260623
259172
263019
256490
259656
266636
259285
260646
257692
264673
257590
258241
258434
260303
262951
258315
268439
256675
258101
260478
263349
256821
259404
263117
258393
258350
256713
263035
259289
256826
264428
256879
276633
287175
271282
262025
265470
267348
263867
261984
259692
268678
262476
260086
272245
259228
261083
261041
261730
259752
258961
265644
257961
262952
262728
282611
262237
261839
265143
262581
261628
257827
259346
257379
261595
266889
257202
260478
260711
263016
260873
262235
271657
258645
257920
257983
264420
258301
258674
265988
257581
261190
257609
262041
259651
259846
278103
259927
262590
262448
281408
270672
261152
269133
260472
259969
260561
261190
260582
259330
271532
257347
260848
258913
262932
259450
260185
260361
257499
261375
261865
264317
258917
264064
264557
257846
256341
258487
261510
257097
262607
282325
257901
260221
261321
265621
258237
258312
268094
257340
259000
258609
265902
260464
255456
261128
257694
260224
257299
263737
270479
260155
265082
258143
259945
258202
263835
260559
258176
262030
259294
261766
257716
263256
261061
261368
269158
260106
261243
260060
264801
259668
259375
262130
259760
258532
257760
268152
256599
259099
259532
262040
258458
259310
263729
256705
256867
260336
262970
256809
261527
266571
257435
258914
257407
270835
259859
258657
262977
259365
258780
259284
263241
260512
260821
264976
259919
258428
260206
262726
257121
256862
263180
283168
257316
258542
259603
262504
259103
259473
259917
271936
258512
255906
265151
255939
258382
258545
261670
258698
260086
261912
260342
260311
258414
264308
258195
261503
263911
256340
261518
258649
263782
258262
257720
264634
257811
259970
260129
274247
260451
261171
265813
256736
258818
258022
263692
260641
258588
271688
261642
259815
258113
262456
257781
261189
260913
259664
257751
260269
268007
257936
258500
262047
258806
256188
259788
269058
258162
256087
257932
260953
260126
257791
265174
257183
263124
259897
264089
258579
258332
264260
258764
261919
261857
265609
259608
258828
262178
255614
257657
258689
261328
257924
261106
267850
258547
260159
258786
266941
257648
260735
263117
270385
260547
259319
263622
258872
259470
261599
257949
260361
260565
265694
259516
259387
260803
258339
259430
260914
264036
258577
258654
268126
260364
257498
261219
265804
257057
257605
264541
261487
258296
258633
264045
258327
257771
258019
261694
259691
260478
262856
258528
261498
262940
265572
259002
261071
263055
258996
258725
260133
270661
259380
257347
264429
257586
269745
260844
265620
259136
259266
265069
257143
259420
260094
263464
258283
259402
261922
257805
259177
260807
261929
258342
262112
263970
258876
259561
260470
268582
257645
258518
261929
261538
259691
258014
263359
259870
261522
262973
257412
258638
258725
261575
258068
258011
257946
258070
259810
257365
262755
261677
258273
257848
262848
259103
258404
269639
259612
256231
269930
267018
260687
259940
264462
259728
258509
259337
262561
258387
257501
260410
256312
257174
257739
264554
258557
257667
259877
258126
259705
263755
264466
258509
258578
269496
258794
267053
258400
264843
258934
258558
262168
260455
259478
259367
264825
257658
258765
258391
259370
256024
257616
263142
258766
258135
258326
263952
258608
259085
262781
257578
258232
262195
281812
259354
257414
263954
257971
259092
259954
262738
259556
255722
264300
257822
260029
258937
263230
258858
258658
263265
259634
261340
262035
265581
259853
258436
262980
256287
257723
262912
271597
259202
259477
264713
257469
259787
258362
264741
256926
256895
261846
260798
257603
257104
261442
256191
257072
257493
262889
261999
258605
262277
256582
256845
256387
261509
268818
261896
269921
260193
260417
261268
283461
258725
260801
260684
257270
258805
261687
262903
258538
259934
262989
256873
258426
257542
262957
257843
256330
259761
256985
257732
260294
266764
259823
259089
266291
256290
259247
255121
265391
258064
258044
261687
259933
258458
258641
263306
258958
258106
261479
262790
259614
259542
265208
255620
258835
259276
265681
259179
277135
269755
264264
261988
261384
261969
261174
260938
264659
260393
262658
263923
263353
261169
262777
266197
258458
261357
259835
260708
258920
260400
263697
259437
263423
260402
265797
266447
259805
265511
259382
259242
258485
270096
260673
259458
263315
258098
258854
261004
264737
262078
259600
265287
258702
259058
258634
263060
260085
258871
264098
258020
256898
258192
285560
266988
262990
266850
263989
262178
262472
271640
259633
262017
265528
258429
260183
259979
263290
258771
260086
264819
257138
257728
262963
263627
258506
258612
263008
257292
259508
264053
262332
257967
261109
263663
258521
259017
258630
269148
260696
257969
262526
258848
259277
259673
260614
258272
256899
258588
258192
261948
258337
262637
256457
258154
260355
265054
1426098
310373
289529
284082
282244
283666
275960
278199
280522
293171
273917
281715
296919
266365
270889
263964
264907
264076
270823
264298
264299
264554
259566
260840
262426
264880
259924
266082
263200
262629
263566
261775
273511
260736
268176
269297
261168
259863
260560
265865
260867
259070
265470
260360
259086
260085
263011
259978
259790
264022
258902
258822
262486
265520
271111
260612
264437
260302
260734
261947
269949
261563
261539
264815
258879
262146
257407
262362
260437
259882
261698
257873
259287
258525
265186
259358
260506
263247
257811
262201
258839
267683
260543
259517
280172
259232
259453
261509
272729
259513
258074
264487
260261
262669
260885
265088
261126
257679
263979
261169
259077
259572
262970
260598
259736
264853
258223
262652
262013
267307
260072
260107
262654
261505
260490
257915
271061
259640
259503
259592
260306
258052
260095
265349
257810
260007
260530
263793
259255
259490
264268
258974
259682
257885
264788
259995
263741
263381
257563
260649
263065
264021
261495
259319
269673
258878
258737
260110
264648
262883
261086
263616
259850
259554
260414
264233
261380
259531
262441
258408
260371
259300
263759
269862
258289
262340
261674
258759
259243
265730
259099
259129
269624
261190
259698
259670
264886
257351
259693
261985
259713
259253
260105
265558
259153
257482
260780
260923
257680
258598
267968
258472
257578
260135
260152
260695
261086
263771
261575
258680
261262
270217
259761
260233
263818
256178
259533
260235
264924
259360
259170
265847
255936
259316
259067
261504
258091
268559
264594
257638
258791
260007
265976
258111
257916
262086
256049
283432
252854
268168
258947
259411
262132
256678
257928
259969
263275
259166
260483
265320
259751
256896
260566
264414
262563
262443
261817
260794
259494
260593
263150
258062
260117
261912
256352
258680
259114
266963
258139
260418
260486
259832
258841
258199
263294
258518
259476
257756
262914
260307
261786
276591
258975
259328
259463
260145
260358
261905
283021
255609
257413
259041
265193
261065
262751
270321
259369
259365
260199
262972
257882
260378
262838
260343
257753
260288
263270
259134
260826
261805
255768
258218
261357
266908
259561
257752
261213
256681
258789
258215
265244
259013
259340
267016
258073
257321
259122
261297
258906
258311
263648
259131
257554
257800
261716
268790
257814
258538
259867
258173
260240
263282
258979
258179
256730
263314
258723
258426
264258
255248
258838
257489
268760
256792
257495
261079
257273
258841
257583
263654
258708
257787
267313
260941
259245
258782
266398
258588
258370
260891
258969
258888
258103
265278
255347
258924
258516
260990
258458
258917
270214
260121
261798
260747
258086
258887
253445
265344
257773
267765
258726
265260
262039
262039
266532
259666
261359
261040
265163
259874
259589
265637
257224
258615
257676
262169
258932
260455
269529
256880
257291
259762
262600
259238
257893
263593
262019
259802
258490
263803
259332
258682
264335
259700
260436
258593
263119
257478
258421
261477
258644
258167
257198
265371
260095
258343
270417
259392
259018
258337
266859
258118
256929
271876
258273
259054
258745
262916
256165
258170
259266
260266
258637
257204
264615
256613
257755
258689
265465
258422
256035
261553
258547
258854
257713
265316
259974
257808
263438
257773
262255
258578
266278
258102
257464
261830
255786
259219
259060
261680
259547
256780
262706
259482
257196
259845
263007
258312
256921
257353
262062
257280
256493
268764
256247
259464
256912
284734
271389
270497
272604
260435
262977
263743
263029
261661
261788
267640
260036
258608
264141
262396
263466
258542
264353
260642
262979
262160
262161
260025
261250
270737
259979
260140
261845
262091
261257
262547
266141
258249
261477
260982
260539
260749
258623
265232
259038
258331
259791
259376
260270
262073
264907
260334
261615
259309
264608
261597
259827
270786
259337
278715
262567
264182
260630
264318
267587
257651
259830
260704
261438
258702
260715
265095
258998
259288
257299
263874
260432
258938
261905
257861
261139
260137
264040
260235
259543
271103
263701
259017
260922
263607
259919
257634
260083
255745
262006
258516
262132
258035
258613
262502
258730
259531
258916
263552
260157
254668
262812
261192
259045
259841
265018
257867
259439
283544
265150
265910
264246
268988
261466
258973
265006
257896
261151
259603
264998
261134
258980
264120
259939
261905
259725
265507
260905
260010
263490
259474
260515
260505
265961
260991
267780
269077
262949
257362
262164
264288
258823
260429
263287
261520
260624
258317
263888
262385
258687
262753
260351
259063
258121
262900
260782
256975
264243
259024
262196
260158
264576
270948
260393
270254
261328
258762
259604
263749
258204
259059
260410
260052
263258
260965
264352
257893
258782
260652
260364
258485
262300
263054
258051
257467
259940
263777
260057
259323
267589
256922
260202
259257
270512
257397
259545
266671
258504
255693
258365
262423
257630
260019
261962
259751
268643
264772
264960
263336
267868
262841
260923
264036
258503
258970
262095
264696
260785
260064
268563
259274
259719
258393
266792
258905
257615
262111
258417
259830
256953
262956
260148
259072
262950
257985
260496
258101
265352
259652
257771
259344
261301
259839
256710
266374
258170
259129
260879
269797
258715
258335
264918
259299
258573
257294
263984
259302
258297
263401
259468
259934
260819
262833
258432
261182
263203
259609
258034
259883
264283
259397
267988
266452
259746
281792
259111
271854
261884
258442
265824
255983
279837
256197
257595
257865
257593
263236
257866
259384
258453
264973
259872
259865
261882
258481
256944
259319
264009
265189
258634
260912
262030
259245
260840
269568
261085
262222
262215
260058
257800
259598
266854
258905
259233
262574
258975
258384
261166
264081
257542
257948
262311
261926
258562
258705
273463
258932
258034
259429
261313
259091
257198
270694
257216
259156
259345
266345
259228
261870
262478
255232
258071
258293
263115
257421
258835
263797
276951
258705
251814
266322
258713
263032
265707
257228
259837
258830
283950
255145
257709
269862
259473
259045
258062
262453
258841
259154
262982
257583
260351
259278
262129
260076
258090
262238
260804
256818
257587
263311
266645
258981
262248
259369
259906
258307
265703
256065
258411
259102
269261
259915
260866
265643
257037
261714
259698
264621
258925
260094
263837
259048
260504
259090
261783
260085
258102
265630
256659
259015
258791
264408
262237
256917
261681
255736
257906
257964
277016
257319
260108
263243
258115
257949
259068
262382
256508
258969
262617
257274
261432
259233
284932
255444
270264
266974
259077
259771
260869
266120
260222
261365
262458
260378
258568
258710
269800
280281
254066
264018
257543
258099
258960
266564
258069
258086
263454
259018
259725
259696
262244
263190
262290
263748
258792
260325
257906
262690
257372
259194
259273
258406
258489
259016
269202
255630
258928
256944
265133
259263
257054
264742
258899
260748
256873
260946
257795
260010
291997
257884
257900
257714
264297
258656
257741
263924
261941
260662
258883
262590
261455
257482
268928
256180
259001
258987
264046
259399
258508
261162
259877
256523
260102
262159
257053
262943
263192
256912
260200
261600
268887
257355
258223
257998
261791
256193
258606
261221
257240
258513
260511
268216
258941
257836
263739
256881
258721
258426
263589
259632
257149
264035
266713
258121
259920
263452
259790
258315
263087
257095
260141
259255
266523
257342
260211
262465
256557
256849
260153
269420
257569
259485
262069
255436
257344
259209
264934
260348
257878
266116
260336
259082
258608
265361
260262
259995
263862
259798
262244
260817
264098
258358
257068
258817
264180
258513
258251
269122
258152
258513
257310
263233
256437
257817
263375
259108
279251
270150
271863
265893
263684
266149
262800
259990
260388
262566
263814
259592
268189
259654
259192
259640
261738
261809
261503
269431
258828
259117
260247
267006
259860
260563
264826
262784
259980
258545
263598
257699
258750
264533
258531
259016
259404
264108
260064
261210
261485
258740
261503
258450
268287
258581
258096
269208
256213
258131
258912
264554
260193
258247
281454
265253
265853
261444
268699
261305
262099
265614
256978
261212
260184
263370
259835
257611
264787
259316
258874
259179
262593
261159
259908
267105
259076
259932
260581
263572
260414
265594
263431
261962
260573
259211
264961
258651
260467
264663
257321
258834
258094
265340
261892
259387
263243
261341
257845
258250
263920
260682
258687
259295
259357
257077
258882
264784
271334
264187
265342
263544
262380
260354
267469
257500
262132
262112
259804
258106
258644
265901
258914
259947
259348
263619
256111
258256
263501
256655
258860
258207
270880
262042
258402
270232
254754
258828
257674
265583
259144
258297
262055
258044
258944
257992
262671
259342
258920
260669
257456
261765
257841
262911
257320
257359
259911
258788
259423
260500
268555
255117
268246
263021
260558
258568
258671
262993
256345
258846
256170
257413
258819
258631
263259
256693
258083
257839
261611
259879
259570
264534
260360
259381
259511
265220
259482
257171
269760
264053
258820
260897
263627
259966
259508
262254
257819
259288
259123
262345
261571
259693
260463
257363
262642
260210
261997
264801
259548
263194
257468
257868
259994
263228
258078
279379
270239
259677
260518
260693
261921
258587
258768
263684
257655
258581
258103
260943
257865
257475
263530
261859
260653
259686
261598
259522
258288
257591
258159
259494
258742
262011
259771
257263
262437
257892
259717
257854
265078
258406
260139
256748
264462
258625
258387
262051
258826
279846
262050
260639
256673
259686
264785
258136
261443
259341
267449
258531
259691
264614
257873
269910
265993
268837
260954
257176
266240
260233
259427
259641
261148
259979
258797
258900
257375
258802
258589
263014
259038
257208
261289
257770
259082
258692
262847
257897
258846
259376
263185
258773
257552
272117
259415
258706
259603
258840
258415
258200
265897
261072
258398
258370
262442
260892
261214
263627
261243
260041
257061
262467
260063
261166
261906
258504
258199
269720
262216
259976
258428
268855
257042
259031
259509
263828
260614
261491
264352
260105
258715
260261
266575
258970
257483
264621
259349
259000
262958
263120
261041
257477
264940
256884
264163
262211
263302
261414
257159
269848
259369
259481
258504
264283
261862
282139
261984
259417
260138
261234
262884
258801
258807
263605
259069
262349
259760
263629
258917
259122
262275
269711
259797
259757
261858
259846
256046
258767
259438
260665
255816
263619
276276
261734
258930
261113
258716
259863
263376
256650
259005
259610
263416
280388
262682
266007
259274
259145
262213
260175
257427
259360
264060
257977
259337
257261
270346
258117
258818
261638
259787
259688
261648
264034
261300
257991
263324
257586
260009
258128
260807
258761
258494
262909
260621
272095
262152
264166
258867
259314
264945
257237
260395
258115
271087
260748
259026
264409
258270
259211
259954
262666
261945
256677
263665
258127
258745
256923
264783
257462
259589
259562
264563
260275
260713
266391
262631
259555
263629
264837
263942
259391
272241
267373
261844
264135
258149
260626
258920
266607
259523
256762
264115
260200
261692
258541
262512
258093
257958
274753
262504
258200
2174069
274089
259648
259999
260972
266314
258835
258785
261953
258682
258354
259862
264955
257966
258192
262672
258528
260238
259915
266015
259899
262540
264264
258655
264702
261036
263008
258196
258329
270218
258429
257868
258557
263044
258423
257261
262660
257513
256792
258584
262788
258523
257727
260310
265591
261459
259935
263436
258856
257605
259910
273455
260038
257173
262870
258917
257348
259197
267085
259471
256883
265075
257064
257660
258133
263158
260965
258819
262108
256437
259015
259296
263332
257678
261196
263685
259122
257886
262711
263496
261779
259162
263119
257164
258819
258458
271044
257482
260355
258720
259888
259292
258371
265325
257272
260979
258706
259389
256860
257558
263680
256798
260235
259053
263950
276941
261005
268792
259553
260148
257982
265867
260527
260682
271020
258932
258216
262783
262468
259041
258110
263370
259554
260749
259875
264096
259241
258605
262987
257384
260629
259233
266851
260721
259405
263111
258212
258088
258409
261928
257770
257419
267477
257364
260158
256711
280400
258999
262052
264676
257577
259575
259685
261553
258652
258101
261195
258983
257998
277903
273504
268739
261138
266959
265193
262830
261626
266191
262831
260509
272617
260926
260732
259797
265436
258593
260801
266550
258984
261785
259261
262736
258325
258381
263014
259896
262341
260209
264693
260484
258749
263898
260991
261278
260121
262031
258711
256495
263455
259998
261994
257703
262783
258424
260298
258157
264879
259644
261125
262356
257171
260610
259873
279263
260673
261169
263459
259699
256867
260533
265104
261530
259322
264186
259210
258099
260553
269804
260367
260106
263717
259904
262218
260978
264089
262077
260642
263993
259187
257693
263731
264599
264338
257925
263618
257593
258060
258371
264981
259720
258706
261105
260008
257695
258575
268608
260542
256629
264198
256895
260649
256989
264779
258604
259693
261881
258488
268954
263422
267206
260959
260919
267213
259274
259530
259593
266022
260804
257464
261740
261262
257755
260433
270367
258776
258861
259538
259085
259761
260580
265260
281288
259352
257872
265014
260110
264354
260397
260356
263393
258388
257825
262604
268010
259883
260208
263622
261014
257275
261279
267366
258534
262686
262966
256134
259486
258754
263128
260241
258342
261017
258570
264216
257576
264118
260945
259849
262372
262041
260022
261035
264141
261904
261123
257992
259007
259801
260760
272403
258657
258949
256690
261564
257774
260808
264386
259485
261118
259479
266960
260096
262241
266334
259936
259469
262254
264809
257920
260150
260978
257641
259568
261931
262996
258683
260087
268701
257582
258652
260905
264081
257055
259528
262535
258534
257867
263542
264785
261197
260094
262567
258991
257628
259277
263213
258157
258982
261223
259017
258957
257229
261946
257799
258523
267001
258304
257636
260186
262656
258408
260501
257427
259176
261964
257513
261411
259201
258420
259377
263225
260856
258312
261521
260107
258693
256934
264927
258261
259323
262495
259240
257750
258294
272029
260008
257017
265195
258721
260131
258807
273016
259932
256848
262523
259572
259516
262646
265940
259096
257361
262739
259069
259342
259396
262023
256364
259213
262146
259504
258791
258973
268475
257366
258315
259046
261698
261568
263524
266826
257003
259465
257345
272039
261595
261390
267288
261376
260242
261558
259528
260849
261085
266473
257448
258658
259476
264480
257829
260871
268582
258662
257303
261704
264108
270366
260067
265075
260583
258177
258157
264148
256399
257040
262460
256940
258128
261549
262246
258165
257648
264032
257638
261131
260172
264552
259720
259852
269147
257615
260910
260815
270058
260199
258131
262950
259187
260711
260064
265567
260027
257361
260759
258694
257380
260864
266199
259503
260735
264150
259539
259984
259073
264480
256416
260714
258952
261620
257080
268989
265875
258030
260041
258540
260622
258140
258247
262669
257282
257109
255895
261191
259087
257244
265061
257539
259386
258881
262607
259503
257326
262924
256513
259238
258729
267776
264305
258869
263207
257101
258263
257482
261010
257318
257862
261202
260540
258199
257537
262946
254775
259563
257509
260315
261800
258575
262530
257161
261562
258147
265119
259391
258340
277835
259800
261753
259437
268722
260425
258563
264539
257481
259643
258810
264113
260677
259148
264455
257055
258725
258792
260728
260189
278928
261929
257549
259677
260364
263995
258563
264632
271590
255493
261996
261034
264463
260922
259905
262257
258265
260679
259100
261671
258686
258876
261031
256300
258345
258696
264383
258278
259573
264542
260266
258964
258376
264865
266937
261455
271086
256967
259834
257398
263439
259736
260078
263791
259703
259766
258340
262902
258957
257426
258884
261501
258815
259342
263310
257814
257276
258022
264622
260156
258133
265798
257927
261149
260245
269230
257694
260274
263036
258057
258536
260943
264354
259311
257690
265222
257648
257690
259043
263783
258404
257284
258557
256917
260961
258521
264077
258217
275857
265525
262964
261682
260008
270477
259193
259111
263919
261458
262408
259161
265603
258520
260976
262820
256393
260301
259644
263722
260140
261228
263836
260260
258861
258503
264735
262459
259361
262359
259452
260318
259262
272260
258948
261016
258257
260645
260607
259185
265979
259461
257801
259724
264340
260045
280261
263807
256477
259740
258134
268502
257980
258950
284319
266113
268692
265569
267041
262700
261959
272329
260997
259878
264093
259809
261958
262851
267755
261022
258981
264377
259326
260778
262636
267210
259318
260532
259444
261992
259355
268506
263102
257828
258405
260576
261667
261352
261632
268227
259363
261646
258583
261310
264328
262318
265921
259656
279235
257228
260135
260263
257532
265598
259081
259071
258461
262581
272065
259351
266250
260825
261750
261513
265641
262175
260825
268762
258332
259604
259165
264366
256826
259874
265917
257407
259627
258993
266134
259304
259010
264394
257680
258420
258158
268156
257579
259527
262392
258246
259933
261451
266332
264559
263282
272014
260088
261107
260455
265133
258256
260954
262937
260218
259984
259813
264715
257951
259777
264799
258110
257782
1553667
291693
288943
288912
277612
278546
307448
293167
279534
280740
285598
310366
268112
275827
276184
291388
289222
266025
285954
268760
264416
261455
261275
264761
282449
259515
263992
263644
260923
261092
264078
262483
260356
273799
261651
258122
260805
264253
261581
261254
265941
260090
261085
261426
264943
262333
261331
264050
260690
262196
260714
265629
261045
260300
266291
258016
260355
258570
264486
259204
258179
270080
279508
255584
256423
264371
258995
255103
265798
259493
262269
259901
261726
260245
257740
263086
258795
256690
259494
263503
259354
259775
265622
255907
259802
257921
264084
259703
258911
270649
258594
256425
258911
266150
259604
260625
263742
260192
260268
260338
265958
261817
262193
263032
258752
259005
257585
263359
260648
268505
262685
259274
261604
257660
268438
258422
258404
258298
262324
260153
259518
264560
259233
259822
259396
261619
261546
260695
264332
259051
258363
260416
264386
259116
258788
263726
262413
260362
258498
263489
259250
258314
262456
260960
258610
259160
271423
260715
255520
263753
258103
258651
256889
264145
259309
257206
265281
258563
279448
258025
262587
259425
257345
274348
260118
262381
261869
263714
261452
260763
263820
258863
258103
257875
269032
258042
258337
262069
258245
257796
258213
263908
259091
258544
261549
260323
258866
259188
264908
259907
263150
259120
258056
259655
258310
266773
256784
260055
257585
260551
280103
255150
270497
260207
260042
259488
257456
258634
257919
263491
258703
259364
257502
263912
257834
257973
266886
268130
260154
259704
266063
259093
259920
263687
255748
258691
256971
263995
260076
262678
267666
257967
258368
258445
262619
260211
259377
264239
256724
260350
259219
263049
261299
256729
265401
258742
259416
260296
265066
263182
261469
264174
260462
259078
257969
266173
258977
261760
272093
260247
259401
257423
265501
255404
261805
258561
260836
259878
278031
265966
256151
270635
267446
262938
262792
261275
266533
259393
259694
264204
257868
257303
258766
263520
258877
257004
260721
261519
259869
258381
265112
258141
257309
258411
263163
258073
258126
264302
262813
258146
260350
263681
259708
257434
264886
259671
261023
257726
262903
258017
259740
263058
254946
259131
257806
269759
262736
258527
261909
256511
261401
277524
264610
258215
258466
275156
261185
258734
259711
264277
259762
259974
260392
260754
257846
257793
263175
261316
258069
263363
259775
258153
258964
267890
256288
261868
258006
260258
259739
259925
262894
256665
262180
259070
263461
259491
259374
261271
257616
257439
258814
261314
257854
257729
263730
259399
259173
259294
263116
259992
258068
268567
278309
257379
258417
264182
260749
261369
264369
265545
260340
259701
264323
256997
260167
260796
258667
260177
261255
266722
258239
261511
261476
257590
259522
257446
263387
257506
277736
267669
261346
260922
257676
265951
257938
259664
266689
259376
261888
261212
264700
259781
258784
263378
260111
260281
260396
263513
257382
261280
259427
261059
261096
257055
262893
259251
258571
259542
269079
257530
258741
263378
259607
275410
262347
268917
260664
259024
269562
261286
261274
260722
264122
260968
258538
265388
258938
259686
261220
263746
258893
259498
265506
262895
260533
260247
268382
260099
261381
261792
261333
260560
258784
264392
260869
257058
262816
258841
261967
258979
263937
257223
258863
260957
259356
258771
256838
265132
259852
259324
261668
259881
260897
259933
269509
257251
258145
281023
268530
267645
262150
271743
262563
261901
266855
260431
260815
260352
268071
263830
263202
266499
258044
260397
258081
265165
259192
259115
264528
259822
258935
260263
270046
260546
265130
262733
257370
261496
259523
266484
260984
261913
262561
261939
260395
262912
264846
261682
262060
262077
260885
262029
259763
264405
260495
259243
265009
261802
260152
262050
271368
271038
264064
272087
263614
265054
260764
267051
262873
262400
266178
259902
260962
259514
262234
259798
259382
264687
259261
260579
259947
265014
261462
262915
264032
261690
262167
262428
278271
257671
261300
263038
259253
260733
257394
262336
259529
260443
257697
260954
260676
256930
262884
256116
258402
258677
261884
260935
257389
262792
258217
257308
260853
263602
258466
268131
271838
258833
281216
262850
261220
267130
259825
258348
263251
258674
263978
262429
264809
261773
261772
265678
258805
255731
260937
263650
259490
258250
262458
259027
258368
259934
277824
259482
256017
261208
258084
255374
260318
263805
259780
260532
260573
259735
261204
262210
264144
259632
258189
262651
262565
261475
259180
266051
279752
256549
261291
259682
260041
261113
270250
259704
258581
264213
259906
259684
258536
264474
261124
259872
259311
258648
259931
258994
262223
260011
257377
257985
262686
257958
259199
264129
257265
258852
259651
262253
260073
262841
270541
258905
259822
260674
262871
262053
256515
264455
257182
258245
257323
262166
259406
258533
264562
257856
261409
261851
264560
262112
259501
262608
257141
259839
256835
262578
273073
261418
266737
259758
257799
262625
267398
259054
259141
264928
259894
258240
259094
261980
259240
257235
262354
258162
258242
257226
284348
254763
260611
257947
258839
260495
261331
271459
256584
260347
260778
259383
259090
260841
264892
260873
259855
259506
263250
258594
259564
263683
256077
258651
262085
265608
259621
259611
263093
258096
258668
260923
263820
257999
268368
264889
258355
261090
260374
268925
258021
260117
263584
261061
259846
262246
264334
259500
258532
261941
256074
259789
260251
268541
261081
261447
262250
257490
259001
260499
264291
262813
261924
263974
259223
259689
260651
269079
259821
258944
264324
257137
259262
257074
266475
258135
257909
257849
260419
257693
280091
263495
258484
258283
259768
260343
262506
257047
274390
259387
259153
258983
261574
263322
260841
273006
257489
259392
258930
259797
259121
259506
261836
257186
259543
259404
264911
258650
260834
263331
258850
259187
257829
259614
260411
261268
261835
260011
257941
258365
263745
257611
256291
269413
259230
258466
257704
263386
256746
258620
261304
258685
258645
258502
261365
258381
277422
259287
256815
259043
258842
262014
268140
260586
258475
260673
259849
259048
263109
256846
257170
258408
267185
259960
257370
262483
257155
258721
261591
262701
260598
256971
263297
256283
257488
258481
263220
259934
257319
265776
256214
258740
258723
264506
256973
257951
263498
256289
257898
259451
268523
258676
256870
262557
260594
261379
257147
265755
257899
259253
263505
262153
258470
258424
266183
255465
267282
260250
280447
258823
259564
266236
258208
259499
261630
261431
258451
259747
272762
258693
258962
256645
257530
261025
258431
263743
260746
256376
260969
267746
257862
258862
263885
262508
258606
258683
262664
259781
259049
264420
256788
259034
257531
261260
257156
257497
267359
255440
259766
256274
263154
258687
258363
265004
257220
259346
258031
262249
257904
259828
270995
261215
257838
259878
265798
258648
260091
258608
261781
260280
259117
264825
257179
259151
259864
261906
258178
259761
265104
257128
258722
256289
263266
257490
259086
260786
257020
262512
259476
264054
259324
259115
262641
256685
260983
258274
262326
260071
276128
258415
250294
260299
257921
268391
258746
258432
262487
257643
257828
259213
264447
262530
259949
260219
277706
270145
268764
270434
264795
263336
266268
260731
262197
261303
266734
261719
261017
265894
261792
263563
262058
270277
258946
261242
264100
258903
260811
259809
264918
259186
263716
288378
258569
260983
262245
262637
259872
259643
263741
257020
258424
258463
263126
259994
257772
265212
258322
261093
257121
271065
261657
259147
261627
258336
258472
258858
264870
257071
280138
268884
260026
258889
261992
264429
259085
261677
261624
261216
259104
259789
263791
259088
259260
263407
257861
259206
259561
270052
256694
259505
283548
258868
258302
260445
263354
264902
258554
262901
260293
259391
261527
266607
257340
257725
259182
261174
258792
259365
264365
256653
259316
258064
263356
260707
256615
271701
258035
259874
260132
262593
261215
260871
276127
263855
265809
264506
268258
264481
262723
266676
259366
261705
260766
265336
259954
260883
262893
257197
260548
260537
263338
259296
260398
268021
260711
262108
262183
264542
258510
266491
262679
257182
258774
259877
262676
259955
261276
266148
257529
260936
263554
264188
259230
259377
263041
258465
262365
259870
263556
258650
259868
267720
258544
260836
260997
262548
269590
262274
268189
259996
261471
262131
264671
260402
260586
264604
259366
260638
259006
265591
258281
260410
262021
259160
259417
261694
263517
260046
261131
268872
259821
259988
260250
267879
259524
260805
261451
260770
258766
259675
266375
256826
258385
259690
262342
258893
258991
261482
259314
259638
256301
267510
263775
258946
263341
255942
259468
257910
271314
260638
259867
264289
256033
258720
259264
262160
258383
258224
264473
256382
259230
257476
264498
257905
257682
264738
259006
257152
260332
266588
257166
258481
263077
257547
259495
257353
271748
257686
261783
265798
258574
261950
260028
262236
258304
258370
263492
257627
258514
257986
263094
257478
258933
260797
259848
262051
259971
262804
259184
259843
260220
263375
260663
258844
271214
270429
266829
260978
263463
260449
259533
266767
262970
260260
258610
265148
260277
258982
264281
258679
260437
258619
265240
260073
261600
265888
256975
259118
260233
262357
258666
259573
272763
259578
257252
259212
265014
259314
260130
262383
256957
261104
259772
264095
258933
256810
263587
259079
258485
258164
263374
259357
257796
263295
260572
257913
259666
265639
260524
271446
271306
260018
258604
259062
264331
257237
259552
263052
260164
259058
260018
261425
256606
258095
257865
259590
259418
259710
263089
255729
260495
260527
266494
260757
258870
263378
262054
261490
261234
271612
257341
259042
261758
258550
257949
258650
264736
259578
259518
262345
257189
257733
260453
263607
257947
259502
266943
256815
259540
259183
262360
259793
258863
271599
259292
259707
258141
271732
259388
257922
260380
257830
256921
256279
262501
260021
258355
259005
261926
261433
256525
264942
259811
259957
260043
263272
262323
258933
267095
258129
262413
257813
263000
259925
258925
271005
258404
259110
260046
265034
258831
257938
262140
257343
255857
261674
263567
261498
259611
260712
258323
260981
258308
265578
259567
257992
266362
265926
260168
257174
265489
261442
258911
269154
259565
259819
259332
263234
278413
267799
264390
255608
260119
259814
262522
259669
260086
263522
255213
257330
256006
265034
260182
257098
262017
259947
260132
259734
268024
256836
257795
257163
266845
259164
258920
265826
256705
258520
257904
264236
258948
258458
262549
256952
258754
257031
262675
258315
259210
261089
257687
267811
259550
265592
260778
257973
265617
259064
259459
260708
270767
260021
258190
266166
257739
258893
259077
262916
259625
259022
262853
259117
258441
261129
263876
261095
259003
262819
263858
259589
260755
262940
259621
260362
260828
255998
259224
258926
269814
258380
258564
259571
260448
260140
258356
264848
257664
258422
258411
263829
260721
259694
263855
257654
259819
269611
262180
258452
260101
265404
259094
258442
279652
262728
259961
260836
270599
260174
259735
259558
265703
260341
261395
263253
256527
260499
259167
260759
258500
260884
261506
258652
262844
258915
264757
258174
258521
262367
256376
258615
257254
260536
258876
257211
267338
258564
257315
259606
263469
258168
258837
262058
259593
261380
259148
262934
256275
257718
260793
275400
263903
261068
265304
257407
258624
258264
260635
258168
259352
264052
257246
261426
258238
269514
260084
258351
264378
257305
258779
259304
261688
259264
257076
262241
259456
259867
264517
262862
261802
261953
264565
260165
261307
260893
264337
259914
257859
260360
258792
258860
261811
272480
259975
259869
262984
263323
258695
259403
264636
259180
259842
263153
258685
279406
267138
272109
262105
263061
267471
261812
263549
263054
265614
281697
260786
264934
260578
261404
260938
271597
260272
259409
263863
256834
261052
259335
263921
261447
260917
263476
263523
261348
258899
267202
260026
259900
265533
256949
259786
258321
262986
259876
258272
262205
261128
257180
258015
269730
258724
257983
263098
259765
259419
260233
264875
257581
258694
275679
260842
262775
261911
265810
260489
258925
262697
258294
259177
260741
263934
257041
257512
261942
258765
260244
258887
270598
257712
257668
258374
263253
259221
256573
264065
259713
263928
255960
260887
258023
256572
261528
258028
258707
257667
261497
288007
252565
257624
258477
259388
260575
260869
272140
260526
260819
265314
259013
260233
259964
263658
258632
259258
270255
263038
264795
261744
266021
260211
261279
261152
258967
258788
261749
265611
257168
260046
257622
260074
259677
259017
272217
259437
260486
256999
264953
258125
258862
263742
260072
261732
257550
263109
260015
260048
262822
257877
257410
260853
265866
258902
260036
263875
256935
259632
260386
262917
259000
261779
270469
256398
257768
259578
261117
259029
257374
263051
259929
259474
260357
266314
259310
260139
259848
260210
258606
262876
263101
258209
258878
261151
260335
258059
259440
263791
257837
257401
258246
259436
257860
256776
265132
257452
261413
256663
269611
259253
257744
262615
256357
259219
259638
264449
259909
259319
262363
258469
258519
265992
263397
260188
259279
261153
255490
258646
259118
267082
258441
258594
261996
256692
255146
267656
266666
259937
259967
262281
260526
262028
280881
262494
258382
260670
262155
260131
258096
258598
264594
258747
260705
264284
259696
257524
277001
267437
259189
257854
262875
260625
262820
258964
264302
258710
259246
257694
261900
258605
260570
262561
257898
259217
259799
261701
260623
258912
263078
256179
257340
260233
264940
259692
256712
270506
258167
260777
258358
273429
261312
258932
263226
257628
258490
258473
262732
257351
259588
263564
257522
259324
258662
262257
257742
258929
262333
259242
258803
258686
264830
261188
260448
266434
258993
259989
264045
267217
258278
260896
264416
258683
258407
259156
263831
259158
259145
264742
259571
258075
261191
264129
256204
258393
258783
260308
259894
259863
263054
256501
256864
258524
269186
264771
259061
263083
258008
256139
258674
262836
257981
258193
262118
257144
261155
261543
262907
256931
257792
263125
255411
259107
259293
264220
258367
258571
263022
259197
259305
259585
278334
259585
257497
264763
260046
261636
259203
267072
258476
257809
258741
259792
259533
259268
264867
258012
280863
260265
261672
259592
261025
264750
258240
259888
258594
260669
261166
270343
267660
279631
258558
264302
258643
258594
260013
266894
257733
257466
259328
261684
259216
259624
264871
258624
263401
259551
262480
261090
258969
263886
255822
256557
260314
262312
262973
260752
270614
259244
258160
258853
265049
260027
257594
263901
256475
257159
259335
262361
258074
260542
264479
258424
259682
259178
266124
258818
259127
261370
257677
258655
258853
271832
260568
261534
272360
258650
259821
257924
263695
261364
256091
263758
258667
261108
258347
264477
259934
258530
257377
259773
259959
258541
261845
256517
257993
258520
264914
257808
261359
262814
257907
258461
258205
267701
261121
257529
264822
254825
257951
258482
266318
257361
263614
264424
259049
260590
260562
265980
259990
258751
261756
259628
258354
259186
269287
272181
262176
263583
258680
260271
260481
270617
259515
260454
263438
257849
260418
262392
265593
259020
258777
264035
258916
257500
260752
268284
256713
256858
262974
259682
258975
258046
268419
257519
259702
259851
260441
259939
260964
271099
258882
261747
258754
262140
261032
257344
265395
258789
257615
259034
262504
259932
258747
262457
256719
259760
261460
264364
259800
275877
270734
264496
264307
264633
264577
264457
262354
271533
261341
260291
259674
264775
260218
262128
264519
260507
260044
260843
266509
260855
258386
266943
260917
257835
260541
265679
263230
259658
267598
261507
258073
261621
262020
260325
259827
267728
257485
260489
261881
262773
261324
257463
265540
258338
258983
259821
260865
257621
258648
260666
257485
258987
258413
283511
267231
266492
267033
261998
263384
282000
264925
261904
260769
271023
259903
261713
262650
263694
260428
259535
265191
259357
262095
261418
266217
259411
261893
264382
257531
258971
263026
265460
260750
260309
262748
259985
260880
258249
265285
260047
258017
268026
259992
262013
257831
266974
258898
257561
260867
258720
260934
260572
263277
280186
263954
264260
259033
273185
266998
272844
265619
263722
263922
259655
262339
264451
264990
260048
261056
268846
260832
259750
259275
265439
259396
259911
263859
259882
260416
261185
263636
261040
262238
266764
264260
259866
261336
264152
261286
260904
264574
260371
260415
261568
264605
260497
257990
269257
257517
259069
260838
267031
260356
258906
263281
261938
258279
259135
262944
255977
260805
272009
261525
263807
259724
267956
259263
261723
263784
260086
261254
273722
267173
258015
259785
267550
262778
259289
260021
263869
256648
258773
262518
258631
258242
259725
261945
257733
264038
258887
257603
257175
259807
264155
256185
256447
257462
265231
258118
262345
264498
259028
257918
261886
269610
260224
263430
264672
257648
259463
258714
262562
259685
258965
262517
256822
295098
291934
285091
290362
285350
281962
316978
284029
296023
282697
287441
304959
274482
290507
297545
271099
276766
264507
262150
261195
267662
262546
263747
264462
261107
262309
261452
273161
261199
260532
267086
260881
259999
260585
264530
261975
260974
270323
262024
261522
261015
265538
259986
261009
261736
259521
260424
263217
264982
260365
260857
262795
260519
260330
273174
269535
257912
265172
263888
263029
264146
261129
265705
258911
259801
271383
262087
258292
258862
266947
261055
260417
263273
263580
263391
260562
267674
260197
261021
263368
256916
264570
261097
265072
260494
259929
263854
260304
258479
261993
264461
259953
259345
269158
260152
260450
258891
265315
258133
257543
258923
261385
261187
263036
264690
262238
262324
258803
272159
261023
259623
266668
261263
259299
259669
257510
259953
257583
265610
260478
258423
259786
272901
258863
257486
265402
257873
259649
259767
265433
259902
258676
264761
259503
260455
264592
266147
259139
258011
264312
259783
260297
258983
264016
260425
259774
262755
258577
260752
258672
271041
260051
258574
262911
259134
262371
261957
264686
259943
259375
263535
258761
268968
259860
265555
258720
257942
266213
260746
256641
259600
263490
258973
259221
264255
259386
259952
259611
270933
258874
260183
264480
259800
259481
260011
266188
257953
258892
262891
263345
259650
260382
263156
259626
259222
259174
260628
259077
261278
262502
256069
257155
259716
264360
261526
259884
268650
257666
259822
260844
262101
259759
260518
262457
260458
258758
269134
264264
260780
259905
261538
257593
259947
260398
263075
258487
258754
259900
256229
259921
259065
263759
256768
258737
268264
259913
259553
261287
262487
257671
259193
263500
255706
262357
258004
264474
257667
257830
263097
260711
258319
259468
263217
260911
256544
258773
264276
257377
257975
265383
260868
260749
258715
270236
256311
259679
262566
257156
260594
258380
273952
259259
258106
263201
259188
260490
259394
260571
262152
259159
261593
256671
259638
261536
261697
258227
256930
263240
259246
258595
259986
268957
261903
258848
262637
258084
257697
261198
264911
259234
256437
260605
260035
257424
259741
261001
254885
258712
256025
261979
259828
259677
261923
255575
256792
257819
266433
260848
261340
270666
257261
258132
258837
263683
268021
261699
263373
258965
258593
257234
262014
260207
258499
261644
259345
258105
263118
260687
264109
257846
263467
258573
258310
258576
264657
258286
259098
265387
260581
261807
258334
283548
261325
259654
262978
257950
258447
258621
263548
258169
257248
258211
258953
259223
261049
263990
259451
258508
259932
260730
259872
257462
267509
259246
258976
260098
270941
259992
275202
273804
269190
266277
264400
262935
262275
261247
265874
259661
261205
257816
263871
263561
262847
263491
258777
259254
260524
262997
261309
262844
274521
261843
260089
261309
262663
264973
261201
270999
261901
261755
265789
259642
259180
259904
265647
260220
259248
264089
256499
262074
259587
263928
262714
262242
262384
261464
260410
258756
266726
258289
260517
261462
280513
264472
264608
267844
262448
262942
265425
258163
259718
259789
264486
259957
260358
263014
261044
259240
261132
265884
258864
259375
259431
261571
259421
261683
264580
257673
260806
263920
261330
260490
259288
264216
261408
257132
259707
264380
258459
257873
262871
257655
259944
259835
261813
259864
258303
262611
258802
259854
261458
264551
260438
257480
264128
258356
274813
263401
275436
261042
266056
265134
260805
263664
262676
266135
262651
260825
265475
259346
260237
259392
266300
259947
286962
253768
264846
259199
264253
260918
267444
260641
261293
276737
256317
259983
259656
268315
258503
261088
264980
262509
261561
258579
264867
260267
258021
264662
256068
260539
259285
265655
255939
260315
262057
258092
257150
261444
266660
258782
270478
269522
262003
261027
263952
263176
259546
261194
263012
260557
260494
261135
263724
259073
258656
261791
260873
259450
259279
262657
257325
260759
263746
260199
259650
258631
261872
263406
257744
260442
263049
261968
259558
265826
259923
257655
257063
261250
259504
259671
264139
258581
257469
256145
265163
260639
258060
262848
258686
259243
258977
264208
257890
258777
262066
259005
257095
255583
271218
258301
256749
262998
260402
259420
258614
260479
259966
259008
262199
259995
256875
259762
262946
259988
254347
260246
257981
259724
257952
265781
257646
258176
262579
259919
257877
259311
269271
258416
259721
261118
262859
259992
259993
264413
259448
258522
260139
263567
258879
259252
264362
259894
262751
261550
262328
260923
259379
262482
256852
269916
260189
262462
260709
259671
269025
260150
259649
262059
271851
260764
259538
262035
257379
259182
260229
262159
258187
257503
263846
260450
258891
259987
264837
259151
258225
262329
261162
258413
257505
265025
258111
256853
269452
261534
260874
257023
266143
256771
257777
258643
258126
259846
256838
262227
258342
261063
257866
262846
257972
259179
263377
259955
258629
270735
265298
259110
259528
264223
259949
258541
259499
271190
259137
259022
265726
256504
260183
258883
263292
260185
258611
262378
256154
259498
255778
265671
258926
257869
264408
258280
260856
259747
262429
259675
259252
260365
259588
258707
259865
268862
259956
261056
260685
259896
260307
258068
263521
259245
255970
258718
261098
257006
258732
266666
258562
256853
261589
272546
260550
261694
266334
260221
259580
257768
263018
259206
259536
267982
260675
260858
257072
264159
260264
259393
261318
256608
259002
259087
265030
257465
259915
259879
258825
259676
262642
262552
259413
256694
265837
259935
258445
257334
262298
256430
258299
266048
260038
260631
255278
262779
259943
258660
264595
259401
260201
260121
262977
260032
257179
259662
261533
268094
262140
265462
258010
258098
261486
258324
260870
258296
263468
256386
257496
258113
269399
255755
257607
261596
258068
256116
257482
260156
255465
258836
260660
258694
258304
258467
266906
257371
258630
262559
258016
257351
258203
261371
258990
257019
260822
258507
257890
257764
267568
260092
260354
259198
260776
258376
257846
260125
259747
256559
258634
263665
257125
264989
263605
258980
257057
259864
261926
258600
256902
260770
254437
259320
260472
265652
258576
257463
287701
256829
257405
258453
265275
260688
257386
262426
257455
258576
257899
262577
263549
258144
262864
259523
261488
258733
265354
256772
260769
258154
259419
256784
260697
265288
259655
262443
257610
262411
260431
260743
264588
259750
260059
257781
259648
259360
256784
272944
259063
258266
261280
264752
257971
258853
263513
261206
258378
258045
262919
260170
255449
264966
256956
282379
256603
262944
260975
258642
264455
256037
258541
258476
262966
279427
263037
266108
260209
261264
256868
264577
257277
257049
263905
257265
260608
259416
265027
257477
259027
263407
257011
258453
258427
270273
259488
259072
262176
257152
257960
260176
264867
279490
268435
274454
261509
263019
262338
267449
263356
261079
266370
260368
262471
261643
263187
262349
259201
262923
258742
260105
260841
271095
259442
259707
262459
261351
260238
260345
268984
260806
262358
261397
262394
263655
262937
265414
257437
260633
263201
259133
261094
258587
265194
257032
258946
259584
260713
261243
261060
268485
258694
258212
261679
265914
260416
281175
267819
262419
257083
259311
261632
260040
261146
261822
261130
257347
259978
263315
260887
260014
262096
259217
257340
260285
265537
258704
261689
268901
259349
257346
259784
265863
266553
257740
263272
261294
258309
262884
263571
257966
260379
262946
257078
260067
259445
262533
260779
260784
262678
259028
259336
261155
266994
258967
261058
270590
259412
260675
261028
278226
263831
264966
267555
261735
260104
260737
264422
263570
260769
262362
258831
261856
257506
265547
258671
258476
260840
258266
260013
263529
264705
261079
258128
271022
258203
262223
266838
263401
261089
256880
263300
258469
259449
260416
264114
258443
261579
264987
257790
259659
259223
265193
259069
259957
260794
261188
261726
260933
265048
258405
257652
260207
268906
269633
258361
265064
256548
260697
260555
262850
261556
259103
260448
259116
261693
259897
264801
259126
259973
263040
259994
277585
258427
265815
259023
258439
261810
259615
256915
258456
272214
256662
259448
265890
259474
259302
261365
266579
257767
260285
263864
259875
260520
257647
263933
258606
259547
264185
264173
259585
260002
264370
258321
258452
260930
258266
260279
259508
271121
260069
259796
264781
261010
259186
258752
263802
256346
261506
262608
260445
257293
259912
265155
257953
259623
265868
261695
259115
257820
262224
256402
259083
259140
261430
258059
261935
272153
261091
264053
262423
261118
260222
259528
266960
258171
260256
257643
264255
262503
259865
264387
257207
262334
257484
264676
261004
261991
260888
258359
258449
259297
262355
269491
262275
272333
261840
261606
259087
267269
258204
260182
263959
258494
259388
259653
260604
258169
259808
263374
260309
260533
260698
264232
259214
259403
262609
261687
259230
259237
269427
258738
258417
273780
261372
260887
260170
265765
260456
260747
264532
258546
259198
258516
265877
256000
260091
263605
261005
263100
260488
265714
259339
257125
263799
260744
259569
269971
268012
260188
260310
270373
264661
257980
260529
264742
258845
262157
263927
260527
259930
257926
264873
258487
259896
260352
261029
259375
260107
265686
256849
257188
259182
265882
264863
259812
264160
259297
258933
259917
272658
256139
256879
262851
256064
257056
259739
262098
257700
259922
262928
258429
259943
258208
263495
258904
260896
261383
258952
256712
257735
273159
262078
261962
264912
257495
260326
256958
269181
255799
259466
262447
259504
261411
257684
264957
260317
256913
262255
260022
258923
258487
265965
259739
258995
257184
260685
258682
259736
261307
256708
258541
259443
264895
259924
259492
267006
258574
259699
260160
266054
259211
257135
259867
258200
258739
255561
261564
256372
257392
260223
258031
257296
258474
261778
267975
259548
264985
258881
259997
261805
262778
259604
261059
270068
259904
256576
258256
263717
259113
258508
258003
260817
261694
259990
262188
257390
256513
255985
262997
259709
256428
265994
258311
258781
258535
265728
259182
257314
260167
259309
257429
257910
266382
259067
257904
263240
257647
258489
257164
261431
256200
260496
262427
259105
258799
258774
261551
256236
268046
264808
260087
261065
259676
264548
259534
259367
265414
258997
257144
257441
270054
255771
258783
257181
262015
257017
262280
264594
258727
257621
257295
261873
259749
258292
264343
261691
259302
259592
262097
261557
260492
263263
259119
261236
258671
265926
255907
262679
267953
258765
256939
258330
266172
258691
257420
262856
257290
259050
258161
263607
255193
258265
271546
260213
260726
260178
264594
259228
260136
261598
260351
258341
257332
259512
257019
258340
257709
260698
259081
257943
263970
258274
261134
258938
265440
258263
259469
264644
260292
263295
259641
266212
261883
261012
264463
257264
260674
259431
266230
257271
259706
265251
256381
256591
260357
267716
259381
258391
264040
256664
258949
258530
262848
263244
264185
264575
275097
267509
265438
266180
261231
260361
264373
259664
261323
260362
262706
262855
260099
263572
259101
262581
257768
271572
258084
260951
263570
257187
258438
258180
262337
257476
259212
267249
259105
260136
261499
265221
260356
259928
263489
258832
259803
260403
263270
259617
257329
261796
257654
259308
256390
272326
258842
258212
257141
259544
258719
257523
262101
255177
274986
267809
268255
263858
265786
266018
258748
260362
258887
259906
259843
259985
266056
260864
259859
257300
264402
259554
257192
266504
257399
258709
259881
265321
258725
258447
262137
261250
277535
258792
264662
260985
262205
265146
259433
258598
259851
263090
262381
259524
265746
257316
259884
258031
263433
258340
258667
268961
261516
259386
261061
264909
272692
287641
269743
263256
271353
261649
262874
260254
265690
259604
280348
262977
260407
260045
259696
262458
259516
260622
265563
260153
260179
259421
270786
260802
256750
263844
262052
261255
262043
274135
258816
261820
263948
260216
262428
260528
265056
262383
259929
260876
256838
262418
259410
263799
260995
261208
261834
259355
258796
258951
272670
258774
258242
264208
257048
257091
270800
269291
260500
262109
270876
261495
260121
261580
265795
259699
260334
265185
260820
279322
259895
266277
259714
258985
261952
259716
260314
258641
270339
257487
261156
261977
262464
265935
257334
261596
257063
257930
279976
261443
257900
259036
262529
259080
257763
255723
262156
260342
260503
262488
256898
264646
261528
264117
258419
260120
271827
258584
257105
260854
265070
261244
258289
263534
256215
258564
259804
264189
259864
258839
263891
261314
259634
258378
265074
261536
260223
261210
257005
257969
258995
261300
258513
259961
265932
259837
260533
258531
267941
259070
259283
263337
258913
261729
260693
265246
259891
262981
265204
259606
260534
260875
263095
263630
258224
263142
260869
260845
260943
268419
256585
259767
269212
258872
258474
269200
270826
259567
263030
263834
260104
260962
260684
261864
258239
259097
259031
258281
259623
258925
264869
258150
260758
261032
262774
262194
256515
264998
257184
258748
258292
269666
263974
259000
263588
258684
262814
261936
265831
260730
260159
260273
256632
259066
259865
261316
258565
260443
263083
257473
260480
259073
261362
261530
260052
264607
258168
259037
258275
278434
262831
260714
265525
260939
261052
261062
261385
259508
260645
260523
258626
259867
259206
263394
256977
258157
263077
262973
258404
259156
266651
258493
261142
255955
262533
260296
262122
269062
259534
255972
258104
261759
259602
257833
265910
258366
259492
260549
261714
260341
260413
263463
258777
259181
259970
265062
259961
261345
265293
257682
260945
257344
264387
267451
260740
270844
258116
258894
259731
264518
258861
260067
262805
259133
261153
260849
264631
256441
260741
263189
256831
259805
260144
262829
259334
258649
261828
262021
262212
260306
265941
259409
259311
268256
260597
260270
258921
263247
257626
258822
262438
259683
258983
258444
264214
258406
261122
260768
258543
256272
256866
261595
257008
258006
257920
263699
255581
266870
262270
259069
259999
258725
266930
260309
258931
261588
259579
258588
256288
262651
257118
260532
264292
257204
257203
257646
262971
259464
260780
258822
259430
257775
256589
259357
261823
257092
259280
261106
257590
257523
267452
255734
256941
257316
265976
258646
256657
260555
255626
255926
259352
263692
259722
256215
264610
255444
259183
256029
265412
259259
256792
276409
259526
279064
257405
262325
262785
260719
266546
258123
260127
258676
262574
260297
259061
263277
257218
260689
259123
265442
261568
259412
263337
258137
257838
260428
266537
260173
267902
266040
257525
259916
262015
263879
258501
259636
268122
258634
259175
260398
265654
259581
260478
262957
257029
259435
256498
261999
257321
258605
261306
260050
258207
257417
262244
266944
260853
259823
265776
256500
260791
263590
259322
260805
256216
269888
256700
259376
263444
257944
256464
254821
259519
255706
256275
260588
256362
256701
257576
264871
257751
258499
266275
256145
261677
258504
261943
258698
256394
257471
259469
259276
259470
266402
258159
256343
257475
264362
257608
259931
261195
261268
259348
258265
262312
258258
259631
264838
258344
278975
268800
273919
265948
264273
267880
261407
263977
257866
260626
263408
260664
273241
259341
263713
261433
259755
259494
258985
263435
261273
258051
259327
265219
258744
258370
262856
262364
255711
259050
262312
260087
260572
264308
258440
259263
257909
265233
257652
258981
269304
259415
258679
261041
264351
258998
262461
266078
261038
259829
258008
263591
259989
258101
284480
259644
262117
260647
265595
260175
258618
263507
258862
257447
258302
263317
257173
260170
269967
259317
259734
256060
261993
258504
261121
265374
259820
258143
258891
263917
261573
263422
262439
259335
259957
259455
266915
257963
259680
258500
262120
259986
260156
261159
260864
257142
258908
270609
260014
259291
262568
258642
258051
258918
263653
256692
257314
261858
269787
265584
265936
267754
263692
260026
272793
261397
257535
258355
266821
259354
259109
261342
260824
259413
260196
269009
260417
257502
263761
256557
258185
261001
264902
259887
258975
269752
260452
260725
257851
265551
255823
259135
264353
258046
263142
261459
264363
261943
259234
262311
259642
261029
257590
272884
259844
259953
260408
260449
257352
260550
263763
260996
270324
265455
258771
258029
260068
264039
259349
261583
262832
260136
260602
258740
265062
259315
259551
265030
261079
259129
260290
269202
256810
257752
256693
259746
259527
259798
262518
261919
255068
259376
260971
260180
257567
261382
257195
257928
257273
261348
259403
259482
262945
256015
261015
259699
262418
260638
256721
267134
260432
259708
257536
263549
258888
261789
264158
257146
259778
256519
264611
260340
258040
259823
257181
259251
257968
261656
256485
257969
258925
259410
258649
258318
264169
259429
258128
258006
273391
260614
259803
263912
259764
260970
261270
267273
254253
262288
265271
260731
260864
262368
265268
260751
257660
264613
257687
261997
259745
264521
260563
262109
263181
258446
262531
259107
272123
259476
259115
263754
258263
1599720
291313
287477
280739
293459
280355
276621
285079
284753
290450
281683
289197
271548
287318
276191
307629
269541
278927
263933
263907
269540
262740
263164
262794
264730
262429
262340
266830
261037
260717
259577
262490
259037
264614
265880
261950
259329
260276
261707
260457
260252
265169
261074
260165
258654
263172
261722
262228
267687
259259
261560
258383
261066
259913
271626
266648
261711
262969
258319
262116
261012
262365
268177
256655
262320
262115
258781
260384
264277
265396
258289
259973
259095
261085
258753
259069
265338
259531
258342
260510
282003
260352
260706
265894
259672
256713
260070
264203
260236
259953
263856
259367
260811
260106
263458
258096
256471
262539
260649
259406
258662
272587
260101
260275
261429
256962
261383
261697
272841
261169
261227
263805
259770
261227
261254
262842
257658
258805
263728
258013
257857
259035
261126
257176
257546
261229
259729
258494
259012
273936
262532
260158
262835
259696
259821
264173
266048
258970
261087
260813
258119
257863
259807
262745
256572
258848
259298
261227
256580
256297
261543
261235
256530
257393
263258
257445
257697
265928
260949
259344
259289
267171
271385
260932
266600
257011
263014
260498
265129
257547
258044
262377
256314
259152
259323
261754
258307
258972
263556
259091
257472
256791
286174
258930
259179
269372
260301
256938
259057
266652
259045
262079
262243
259134
256099
255824
260508
255951
280353
262637
259713
260428
260112
261853
259372
258936
262150
260768
257526
260202
261661
256660
257362
257070
269533
257327
271097
269273
259906
261789
256831
263950
262470
261646
262611
257084
258489
260598
264051
258752
258049
264255
257211
258809
261373
264387
260044
258727
264548
258034
260115
261564
271518
264382
259896
263574
259681
259724
258503
262034
259142
258105
264044
257761
259303
259775
262051
258866
259181
262492
258828
259182
260039
264889
258357
261275
261834
258817
260930
259683
282968
260533
260260
265199
262298
260078
259617
264273
259360
257814
265084
259541
262372
278475
262098
259843
259275
262374
259652
256417
258246
263834
256293
260213
260517
258941
260102
260306
269708
255777
257805
258621
259471
256513
258999
262226
257386
259516
259220
266852
260737
259963
264190
258598
260300
258785
261838
258762
258049
262846
259298
258899
259681
262588
279444
269393
278229
262278
264077
262215
265738
260084
260835
264633
262381
258807
258430
264547
260420
257497
262753
258031
258105
260782
267466
259881
261172
263175
258409
262438
263783
266942
257570
257150
272232
257758
258811
259048
265755
259000
259297
262618
258399
259251
257925
263387
258804
261154
264019
278489
257796
258711
262880
260974
257656
262519
257264
258521
276857
271613
267978
260292
273145
263414
261307
262149
267495
260738
261084
264385
260441
263213
261051
266632
260120
257701
264437
261526
260603
261321
266348
259098
260350
264739
256799
263937
257762
265396
257962
257363
287901
256842
265973
261338
260988
265577
260483
263316
261658
267014
259651
260779
265547
257654
259254
259960
262138
259782
259360
262362
258105
260111
273277
269770
263769
262309
272457
258619
258872
259997
266068
258151
260008
263821
259946
260979
258704
261598
260422
260695
265488
256853
259423
258634
268517
255802
261122
260906
257778
263278
257999
265826
256661
259919
267613
260322
259984
260201
264183
258163
258515
259659
258918
261431
258137
263759
257100
259020
258298
265264
257464
258206
262848
261504
257724
258807
273628
262796
260406
262755
260167
258963
257685
270535
259621
260314
265198
259752
259644
260166
264280
260868
259705
263856
256705
260965
260523
265445
261297
260509
266784
260897
261301
266377
262835
261611
258369
265602
257970
260130
257028
270718
257990
259951
264067
259728
260842
259399
263735
259132
260936
265474
260098
259539
260457
262362
260005
260701
262435
260566
261392
260644
265761
261130
259424
262533
258945
259182
260175
269726
257649
259926
263184
259001
259908
257052
265654
261132
259032
259881
259279
258966
258678
264610
258205
257802
261222
258890
263846
258691
262162
260512
257909
260959
263640
258928
259946
267148
258259
257985
259384
284120
257669
261243
264728
258712
258781
261366
265079
259849
259408
263276
257479
258792
258374
273842
260988
258709
263388
260202
260614
262868
263184
260642
259228
269329
259538
258850
257267
262044
259996
258400
263317
259245
258575
258706
264799
260110
259433
263163
259187
257692
263492
265686
258065
259470
280510
258550
261485
261436
272167
259837
261814
268642
262272
259410
258842
265106
259124
259348
261757
257181
259307
259687
266074
260364
260849
258785
260066
270579
261481
267600
260429
259348
265974
259025
259016
259952
265606
259908
262166
259250
264327
260689
259334
262889
257801
260585
260546
258974
259342
258077
264920
258367
258460
260388
268188
262034
262317
264391
256259
260227
259800
265594
260119
258950
265564
258076
260341
260593
271407
260521
260199
262634
256472
259469
258521
263684
258854
275730
261640
259056
258231
268054
267608
262256
261193
263645
261812
259753
259623
261168
262503
256676
263126
259568
259168
259925
271483
260119
257438
262323
256464
258293
259058
263820
259350
257460
263906
261063
263720
259265
263251
257600
261323
263979
257684
258716
258837
263250
257286
259115
259008
261386
262122
258371
269571
257448
258458
259044
265134
259560
261810
263957
259814
259789
259338
271587
262653
259699
265830
257090
259731
257879
263854
260812
261162
264783
260104
260568
259327
263067
259308
259381
271530
260190
262283
262485
264070
260400
259424
264565
259409
259295
264989
263787
260604
260552
263981
257895
259349
261225
264271
260995
262020
263958
258993
258860
259600
262092
259873
259741
270401
261430
260339
258104
266675
258395
259116
264283
259595
269464
261694
266844
262244
261704
265031
259352
259762
258401
264406
259064
260211
264457
257908
257727
259164
262356
258418
258627
259506
263910
259714
258759
264473
257587
259041
258644
268452
260655
256735
263519
259529
260278
259417
263166
261949
258592
262590
259242
260361
258395
267249
259642
259467
263313
256995
259271
257623
270323
258701
259904
263015
255995
260716
268831
264976
260208
259168
261692
255962
257559
260635
264546
259955
260910
260639
259571
259982
258882
263691
260885
259219
263204
260763
261048
260534
270404
257599
259521
263206
261361
263851
259722
262982
257519
259760
259339
261229
259532
260050
262750
258297
260577
261753
263518
261554
258382
263196
259253
262900
259644
265776
260791
262122
271246
261724
260034
257726
282505
271086
268072
269439
265286
262798
265625
259910
261974
258821
266888
260886
261848
259132
262508
259806
258964
263765
260479
280299
263946
258008
260307
261532
270116
259775
261512
262510
259402
257766
261078
265884
260343
279693
260057
259999
258335
259828
263121
258342
258380
263091
260481
261109
259820
261365
260243
259849
261523
264270
259489
258112
268687
258635
279018
266976
266283
264134
264253
267225
261557
262252
259839
261496
259865
259647
263255
257691
260570
259255
262979
258217
262049
266293
257926
260169
260676
264240
258082
257716
266416
263182
258276
261725
263280
260362
261587
263423
259834
257011
260870
264176
259729
259426
263840
257956
257676
260191
263172
259142
259508
266488
260091
260341
259023
264205
260158
260268
287333
263567
268120
265798
268976
261307
263119
266609
259207
261782
262300
263648
260687
259549
264992
258069
260722
259563
264059
260577
262341
