6285700
6124000
6131300
6118200
6103600
6123800
6120500
6106900
6127000
6115700
6067100
6113700
6061700
6082000
6058600
6072300
6071800
6069900
6087200
6088000
6077600
6065700
6653500
6099100
6078600
6120100
6119000
6096800
6130000
6201700
6260600
6255500
6254100
6249200
6260200
6261500
6256300
6210600
6263900
6251600
6269400
6239300
6219200
6192700
6239300
6224200
6198000
6238800
6204000
6228200
6178600
6248800
6185400
6188400
6215700
6616400
6103700
6072800
6075900
6072600
6078400
6063700
6133400
6203500
6236400
6184600
6910300
7107700
7126300
7114000
7120700
7129800
7110400
6336400
6066200
6103100
6089100
6081100
6112300
6064500
6132700
6103300
6097100
6124400
6131400
6133500
6080600
6138400
6634000
6095400
6094900
6090700
6094400
6117500
6107100
6238800
6212000
6241200
6229900
6241800
6281800
6261400
6276500
6215100
6257000
6271700
6224300
6258500
6247300
6266500
6260600
6254100
6257800
6230300
6252000
6258000
6242300
6222500
6238100
6233400
6914300
6124100
6138600
6137600
6143000
6141500
6146600
6136500
6277500
6251600
6263100
6282800
6210200
6156700
6129600
6133200
6134400
6138900
6123200
6211900
6131900
6153600
6145500
6131700
6136500
6146200
6149500
6263200
6142300
6180600
6132600
6139800
6129100
6767800
6092500
6101400
6126200
6078400
6081800
6076600
6089900
6214500
6233200
6200200
6218300
6201800
6233700
6205700
6216500
6210500
6216200
6203500
6107900
6057500
6067000
6056400
6144900
6113200
6108400
6092900
6180300
6113700
6114400
6103600
6114100
6144200
6733900
6129300
6121700
6092900
6102800
6101300
6237200
6171800
6263800
6232000
6229300
6280700
6276300
6248400
6247400
6196000
6206400
6214400
6265100
6226500
6244300
6235100
6206800
6215400
6273100
6220000
6200700
6226400
6253100
6220800
6258400
6186500
6185000
6745400
6194800
6194600
6221800
6220500
6185500
6189500
6217300
6184600
6216500
6251500
6215800
6246400
6205800
6235700
6212000
6180800
6179300
6214200
6223400
6286600
6188600
6181600
6201500
6209500
6183100
6241800
6209000
6197300
6259700
6247700
6225500
6274700
6639900
6063600
6073900
6075400
6068600
6084900
6109400
6146600
6265400
6173800
6224900
6233900
6239500
6255300
6233200
6216200
6239300
6317600
6257300
6194100
6233000
6213600
6210400
6234100
6223800
6222200
6231200
6270100
6281600
6240800
6243700
6255400
6237100
6763800
6267500
6238900
6287700
6215400
6225300
6256300
6293200
6215900
6179700
6177900
6259200
6207100
6262100
6218100
6245500
6081200
6067900
6059900
6075500
6070100
6061200
6061700
6137300
6094600
6071200
6074000
6056400
6053200
6057300
6073300
6062500
6768600
6142100
6073700
6090600
6094300
6072600
6085600
6078900
6204200
6217700
6223300
6223400
6218200
6208200
6218000
6234300
6212800
6214300
6187800
6214400
6190800
6261400
6264700
6235400
6318700
6235400
6302200
6164900
6250600
6247200
6250900
6265700
6272200
6884900
6134500
6092100
6137400
6222200
6233300
6247000
6184400
6185100
6248600
6206400
6221800
6196200
6262100
6237100
6185600
6232400
6212900
6264500
6198800
6107100
6078900
6089500
6084300
6120400
6069800
6060200
6081300
6093600
6121800
6083000
6113900
6109800
6692200
6110100
6109200
6085300
6123800
6064300
6058200
6084200
6202200
6264700
6211800
6254700
6074200
6064600
6066300
6076800
6069100
6065900
6096400
6100800
6082400
6056000
6111200
6102500
6139000
6105700
6067800
6113000
6075600
6077000
6085700
6123800
6134900
6812700
6144400
6206500
6098300
6076200
6126100
6117900
6118400
6252100
6242100
6223400
6222000
6238600
6250800
6194200
6226300
6197500
6254400
6223800
6273000
6224500
6188300
6218900
6209900
6218700
6223700
6209300
6187200
6188300
6219700
6189200
6214800
6217600
6714600
6127600
6123700
6143900
6196500
6155500
6143100
6340800
6280100
6238900
6297700
6282400
6272900
6259600
6311900
6288700
6247600
6237500
6301800
6268400
6264700
6342800
6247700
6272500
6272900
6288100
6272900
6281400
6298600
6258900
6274100
6243800
6269600
6755700
6281500
6289900
6227400
6353800
6282500
6277800
6274000
6275300
6274000
6300500
6268800
6292300
6308800
6294900
6174200
6157400
6171500
6150400
6140400
6798500
6254300
6136900
6103500
6119700
6097800
6105100
6099600
6114500
6091700
6093900
6107700
6086300
6649900
6112300
6145600
6153200
6168100
6167100
6134700
6311300
6286600
6320600
6411700
6245800
6256900
6280000
6253800
6260600
6478400
6289500
6243700
6262800
6267900
6251700
6310700
6238500
6269200
6273400
6748200
6260000
6225500
6318900
6286600
6227100
6999300
6129100
6118100
6162900
6090400
6119500
6106800
6119500
6326000
6262900
6315600
6266800
6363400
6301400
6259600
6276000
6295100
6269800
6284800
6239600
6227000
6294900
6265900
6260100
6245500
6284400
6281600
6282200
6337300
6250200
6281400
6240800
6080400
6859700
6106100
6091200
6118200
6113900
6115100
6104400
6115500
6250700
6268200
6267400
6245900
6240800
6269100
6273800
6222000
6254700
6261300
6270200
6284800
6242800
6334600
6266900
6205000
6208500
6055900
6113500
6098900
6106400
6104200
6105900
6114600
6100900
6708900
6139900
6130200
6114800
6119600
6140600
6139100
6222800
6262000
6268800
6303400
6285300
6331300
6286700
6259600
6246600
6256000
6317300
6258300
6273200
6244900
6238600
6247700
6275900
6271500
6228000
6277000
6288200
6254300
6225900
6227000
6288400
6269500
6323900
6222800
6388300
6304600
6257000
6266400
6250700
6258300
6323900
6236500
6274400
6255600
6263600
6197600
6274000
6247300
6189000
6226700
6229700
6237300
6240400
6107500
6094000
6117700
6120600
6058000
6084700
6101300
6123000
6081000
6062100
6212000
6722300
6099400
6107000
6101700
6117000
6097500
6124800
6122900
6238600
6245100
6226600
6261200
6249100
6260500
6260100
6254100
6222500
6226100
6268500
6210700
6249300
6253700
6268300
6251100
6253900
6270200
6243400
6221700
6240600
6255500
6246600
6224700
6205500
6686100
6129700
6111100
6118700
6110400
6132200
6115800
6181100
6232900
6275400
6285000
6253400
6287400
6207900
6265000
6240400
6279400
6296700
6234100
6123500
6130600
6122900
6116100
6088600
6124100
6113500
6118800
6154200
6149800
6120500
6112700
6204100
6133400
6648700
6183100
6336600
6108400
6129700
6078900
6076500
6215400
6224600
6258200
6149200
6264900
6205000
6209500
6222600
6179000
6237000
6257500
6249500
6198600
6220600
6258700
6186700
6205300
6291600
6345100
6260400
6215100
6195400
6198500
6252800
6194600
7005300
6114400
6073800
6068700
6053500
6077100
6059400
6101800
6246400
6251500
6222500
6243100
6254900
6217200
6200600
6192300
6217400
6233800
6268400
6229000
6225000
6199800
6232300
6237400
6242200
6264000
6269500
6236400
6234900
6308600
6299000
6256300
6266800
6866100
6117600
6102700
6133800
6096900
6105600
6117000
6104200
6173100
6175500
6206700
6256800
6262700
6091300
6064100
6118000
6075500
6061900
6065300
6062800
6070100
6067300
6106700
6088500
6136900
6051400
6092200
6124200
6124600
6100200
6062600
6095500
6069900
6571100
6078500
6086300
6060500
6088900
6056500
6049800
6123200
6189300
6216600
6208700
6072900
6077600
6062700
6079800
6108000
6086000
6115500
6084700
6052200
6098500
6095800
6083000
6098600
6073700
6078000
6062300
6052800
6058700
6053800
6111900
6060400
6760300
6116400
6075500
6120300
6098600
6100100
6126800
6114900
6200200
6294600
6228200
6219500
6222300
6197200
6189500
6217700
6226300
6237500
6209400
6244800
6250200
6238500
6193800
6204900
6185300
6203000
6221800
6234000
6196900
6212900
6218700
6262900
6221200
6894500
6201400
6237200
6250600
6207900
6263200
6171900
6221900
6212900
6210400
6257800
6193000
6236000
6218200
6185100
6213400
6197400
6081300
6077900
6070400
6062300
6087500
6121100
6088000
6071400
6077100
6073100
6085800
6072100
6060300
6066000
6057300
6088600
6667900
6059800
6099500
6098500
6112600
6083100
6117500
6167200
6251400
6248300
6252100
6262100
6256900
6251100
6107800
6094800
6089600
6091300
6148100
6098900
6087800
6101700
6079400
6112900
6104000
6115900
6112700
6105600
6091200
6091700
6114600
6102900
6124500
6635000
6068700
6111400
6116000
6119600
6108300
6110000
6215400
6238400
6277600
6237400
6270900
6245700
6231500
6247700
6236500
6209200
6282600
6217000
6236700
6198300
6253900
6253200
6247400
6273100
6292200
6261400
6205600
6244400
6231900
6208700
6233200
6787200
6099700
6075100
6103000
6081200
6052700
6107800
6113800
6234800
6230000
6204400
6243300
6259700
6236200
6228200
6203100
6236100
6201800
6210300
6213900
6219100
6233800
6218900
6237200
6214000
6268500
6244100
6230300
6232800
6203900
6193300
6224300
6207700
6660400
6059700
6080300
6065600
6081900
6066100
6072900
6134700
6217500
6213500
6258800
6205600
6244700
6182600
6242100
6232900
6256700
6247000
6246300
6286800
6229400
6274900
6262700
6294100
6258600
6264800
6280900
6281900
6272000
6264100
6283500
6438200
6859200
6111200
6097300
6113500
6091000
6074800
6071000
6071700
6197500
6200300
6219500
6225600
6235200
6242000
6202900
6194700
6204700
6221100
6284500
6294600
6233700
6228100
6260400
6265600
6247100
6173000
6222100
6222700
6199000
6217800
6223100
6223700
6198100
6826900
6238200
6068800
6081900
6102300
6101000
6226500
6111500
6177700
6218100
6200900
6238100
6233600
6229500
6211200
6172500
6191500
6210000
6261500
6251500
6232500
6237900
6257400
6233600
6218300
6217000
6174500
6176800
6237700
6229000
6207700
6180900
6245600
6664100
6058500
6073600
6086800
6078600
6100200
6078600
6157000
6196900
6221600
6242700
6199200
6186900
6272200
6221800
6210000
6223600
6218300
6225100
6222900
6223300
6199500
6221200
6198400
6250500
6185100
6170700
6229400
6206800
6227800
6202400
6215600
6871700
6069400
6075900
6098000
6109000
6089300
6100200
6066500
6224500
6200800
6215000
6205700
6203900
6204000
6263400
6243100
6262300
6234800
6250400
6260900
6238800
6268300
6207900
6308300
6220300
6242600
6217600
6192800
6256000
6200100
6207900
6061200
6076500
6757700
6100400
6091800
6090100
6127100
6066000
6072300
6121600
6201100
6200500
6198000
6230000
6176300
6200900
6189500
6166300
6215600
6181600
6214800
6250500
6243300
6228500
6244900
6192800
6202300
6218800
6207200
6220700
6212200
6202800
6207900
6203100
6234600
6638400
6067000
6059500
6054000
6074400
6057600
6075300
6214600
6211100
6213800
6219300
6289600
6183100
6271500
6229300
6257100
6241900
6192500
6207100
6228900
6211800
6197500
6222400
6204400
6226000
6196200
6261900
6361500
6251200
6230000
6243900
6184500
6967700
6115900
6119000
6065600
6072400
6083200
6097500
6119200
6241300
6245100
6214200
6264400
6223200
6237900
6260400
6252000
6241900
6230800
6219200
6230000
6274400
6190500
6192800
6204400
6227300
6226300
6235100
6227900
6211900
6204300
6273000
6200300
6189900
6767500
6103500
6073200
6124000
6087900
6095100
6115400
6124600
6252100
6233500
6237900
6238100
6231600
6250900
6233800
6277100
6252500
6250300
6250000
6261100
6274300
6247600
6224100
6254300
6269400
6247900
6224300
6223000
6253700
6269300
6219200
6282700
6257700
6639900
6096400
6108400
6115400
6104000
6126400
6117900
6220900
6280300
6254300
6302900
6270200
6253200
6199000
6280000
6217300
6168000
6211000
6242300
6180800
6181600
6248000
6204100
6199400
6207700
6150700
6211600
6256900
6261700
6257900
6241600
6195400
6893600
6111400
6097200
6070300
6075300
6113100
6075100
6058800
6249800
6202800
6208300
6192700
6261700
6213800
6204000
6235600
6227900
6250500
6244700
6235700
6237300
6243400
6277000
6257700
6297500
6265800
6254900
6255300
6289100
6204300
6112200
6127500
6113400
6700100
6062300
6178800
6121600
6082000
6085600
6107300
6160400
6059900
6051600
6055600
6060000
6113500
6089200
6117300
6081900
6081700
6112600
6122900
6130300
6140800
6126000
6125000
6138000
6092100
6068300
6112000
6151600
6116500
6093400
6084000
6072300
6070900
6672800
6133900
6094000
6080400
6126400
6124400
6106100
6191500
6248600
6238800
6208200
6207100
6215600
6242600
6208400
6083700
6055200
6086200
6153800
6061500
6072100
6099300
6092900
6119800
6103300
6089200
6076100
6070100
6069000
6063700
6132700
6064900
6723600
6064100
6062800
6063600
6055500
6067000
6061600
6110700
6216200
6207800
6209100
6238700
6219700
6236000
6211500
6203400
6208600
6192800
6285800
6238000
6220900
6266600
6258500
6240100
6257200
6247700
6243700
6267100
6242800
6267100
6326300
6234600
6277300
6723900
6115200
6109400
6114800
6111300
6105800
6098600
6162600
6209300
6245600
6104000
6106000
6094900
6149200
6131500
6112200
6118900
6116100
6120300
6117700
6117500
6104700
6115300
6109900
6102900
6142900
6098600
6096900
6102000
6090800
6128700
6088600
6106800
6553800
6093700
6146000
6092600
6111800
6109600
6120100
6175700
6236900
6248900
6241400
6232800
6262400
6280600
6229800
6222500
6261600
6229600
6280300
6234400
6296500
6243700
6266300
6240600
6228600
6233200
6247300
6268300
6263000
6264300
6217000
6242100
6975000
6242000
6265700
6243300
6262700
6256100
6243400
6251400
6249600
6234100
6249400
6250200
6227400
6234500
6280300
6252500
6272200
6266800
6250600
6236500
6244500
6242200
6245100
6231700
6232800
6244000
6264600
6236800
6242800
6232400
6259000
6219100
6256500
6768500
6114500
6106600
6113200
6115900
6118000
6148400
6173700
6267300
6254400
6267600
6266800
6220800
6239600
6279300
6262400
6251200
6198600
6243200
6280600
6090400
6095900
6099500
6077700
6111100
6117400
6120300
6118200
6066300
6080300
6071700
6105700
6112000
6631600
6132900
6052200
6086900
6094600
6068900
6081300
6226800
6260800
6216500
6253400
6209000
6207900
6207300
6218200
6244100
6266000
6236700
6207300
6242600
6207400
6265200
6200100
6204100
6238700
6236500
6281700
6251800
6216800
6248800
6210700
6223300
6956600
6174900
6232300
6236300
6279200
6192700
6226100
6252700
6238200
6210900
6194100
6238000
6229200
6228900
6216200
6230400
6192200
6209600
6206900
6224000
6202800
7216300
8208600
6125200
6115800
6075500
6115500
6106000
6071700
6072500
6077800
6087700
6059200
6769400
6072500
6126900
6067400
6103500
6064400
6073800
6052500
6199800
6215600
6058500
6055200
6071200
6059900
6063800
6103700
6123100
6120700
6078400
6111800
6087800
6087100
6094800
6131200
6106300
6086400
6110400
6117800
6110700
6099100
6143500
6106400
6099000
6753900
6112700
6095000
6101800
6127800
6121700
6090800
6177500
6231900
6265600
6259500
6241400
6152100
6258300
6227000
6202800
6209000
6179400
6210400
6208400
6193100
6195600
6172000
6261500
6187900
6219900
6243300
6260500
6053400
6095200
6114900
6087600
6106900
6611000
6123400
6121000
6060200
6142900
6129000
6392000
6162400
6195700
6260100
6209100
6230000
6415700
6067000
6093900
6113700
6051100
6058900
6086800
6103500
6093100
6067900
6073400
6077900
6059600
6073200
6057500
6077400
6104800
6069700
6126500
6114200
6830300
6075000
6135100
6127300
6110500
6110500
6125700
6130700
6125000
6122400
6117200
6154200
6130900
6113600
6134500
6141500
6129600
6122600
6181800
6147100
6128500
6142900
6127500
6127800
6127500
6116900
6103600
6085500
6167300
6127000
6114100
6108100
6121300
6710800
6137500
6131500
6097400
6114400
6116100
6108200
6187800
6231300
6205500
6228200
6282400
6268000
6314200
6261900
6238500
6284600
6263000
6271400
6267200
6282900
6290200
6234200
6246600
6239000
6205000
6255700
6220900
6233500
6223200
6197500
6284400
6331100
6593800
6132600
6108500
6119600
6110800
6121000
6131600
6287300
6160900
6150300
6169200
6119500
6150100
6234500
6116200
6124100
6141800
6123700
6212800
6118000
6137000
6104100
6123000
6105300
6185600
6103400
6126200
6133300
6125600
6227300
6108300
6109800
6774900
6100100
6076100
6072500
6096000
6106000
6073300
6133700
6237700
6238400
6268400
6293000
6238600
6275700
6204300
6211100
6210300
6193500
6212100
6280300
6256300
6121000
6111000
6376200
6110400
6128100
6116100
6102300
6074600
6131800
6116800
6076500
6101000
6615800
6123000
6088200
6092000
6086800
6069400
6081300
6156200
6258700
6228800
6208500
6257200
6213800
6231300
6222000
6202100
6230700
6230500
6173200
6214200
6223300
6243900
6244800
6246100
6252800
6204200
6253100
6198800
6190400
6219700
6210900
6246300
6949100
6179300
6150600
6129300
6139800
6111200
6129600
6144000
6264700
6303900
6258400
6331200
6299400
6275000
7493800
7818500
6129300
6106600
6123300
6145500
6121200
6117300
6117500
6137400
6134400
6140000
6120300
6101200
6086200
6102900
6079400
6099200
6096000
6719700
6076600
6107500
6099700
6129900
6162600
6069100
6088200
6226400
6245600
6280100
6256300
6273500
6262100
6213400
6233200
6218500
6240300
6248100
6216500
6212000
6210400
6219800
6188500
6214600
6215800
6236500
6222900
6220300
6178900
6201200
6205400
6235400
6767100
6246600
6213700
6226500
6254600
6226900
6210600
6224400
6207800
6232300
6194600
6253300
6239900
6250400
6258100
6257000
6271700
6105800
6078400
6077500
6140000
6082400
6095600
6093300
6125700
6117200
6126900
6098600
6135000
6111200
6112200
6138600
6813100
6076100
6065900
6096200
6091900
6127100
6115800
6136400
6244500
6190000
6207500
6232800
6175000
6215600
6263800
6273700
6270300
6267400
6279500
6264000
6279200
6257800
6245500
6260100
6275400
6228500
6259100
6263900
6257900
6237900
6278100
6257800
6240800
6809200
6128100
6130700
6145100
6142200
6117100
6143800
6172100
6263700
6265900
6221800
6299200
6247800
6259600
6281600
6306600
6273400
6213800
6314800
6243700
6278200
6266400
6292400
6240300
6226200
6217300
6211700
6207400
6189100
6230100
6227000
6218700
6243600
6667200
6100200
6103500
6104100
6092500
6090400
6098900
6159800
6190600
6250700
6255100
6261600
6254500
6214300
6182000
6253000
6277000
6228800
6231900
6209100
6206800
6204400
6255900
6214600
6085700
6066000
6091500
6076300
6088800
6091600
6073100
6075800
6820900
6118900
6132300
6131400
6210800
6135300
6153000
6130200
6303500
6265400
6299400
6259400
6275400
6299800
6269100
6312500
6106500
6078900
6146200
6110000
6082300
6112400
6111200
6058500
6071200
6126700
6089400
6084400
6085500
6120500
6070000
6102900
6120200
6671100
6084000
6077700
6118400
6116700
6105300
6092400
6160300
6251600
6206200
6259300
6234400
6224200
6163700
6132000
6111600
6108000
6074200
6098300
6113300
6181900
6113000
6066900
6091500
6104300
6093800
6070600
6066800
6108100
6135900
6110700
6135800
6065200
6606800
6098500
6092400
6126100
6088700
6091400
6096000
6220700
6248700
6258300
6260700
6242800
6253800
6214800
6231300
6231400
6218600
6273900
6238100
6255400
6214900
6279500
6211000
6091300
6097400
6088400
6131200
6090900
6107800
6091500
6093600
6115700
6814800
6119100
6116600
6155200
6097400
6124300
6121000
6134100
6248300
6252400
6246900
6236800
6226700
6131900
6120900
6111500
6155700
6137000
6147600
6143900
6135000
6126000
6120900
6138600
6132000
6103200
6136500
6094800
6124000
6063800
6106000
6104700
6121300
6654900
6122500
6129300
6108100
6109500
6155900
6089900
6122100
6290700
6639400
6198500
6195800
6231100
6265100
6234100
6284500
6252200
6194100
6236100
6228000
6071600
6076700
6076300
6105300
6142800
6082200
6108700
6297500
8535200
6513100
6117600
6112000
6076500
6596300
6088700
6092500
6111000
6094000
6062100
6073200
6190400
6235200
6216600
6194400
6202200
6082000
6096800
6097900
6097400
6079000
6075900
6094800
6085200
6084700
6068000
6130300
6121900
6081000
6108600
6088600
6073200
6127000
6116600
6105000
6116200
6834700
6092300
6097000
6085700
6069200
6071900
6084400
6096600
6215500
6207100
6233900
6202700
6231700
6207100
6242500
6226600
6267300
6273600
6212800
6281400
6207400
6257300
6247200
6199900
6259300
6252600
6305300
6284700
6248100
6245900
6271400
6254300
6250200
6772300
6238200
6262200
6215600
6219900
6312900
6290000
6255900
6225000
6264200
6197200
6244800
6218200
6233000
6211100
6200800
6213900
6223400
6157500
6074400
6073000
6068200
6071500
6081800
6057900
6079100
6070900
6083400
6064300
6064200
6094700
6114300
6078500
6541100
6086900
6093200
6108700
6071100
6060700
6113100
6241100
6233200
6219400
6199300
6207600
6242100
6215200
6345400
6278200
6289400
6317500
6293000
6268800
6292800
6256000
6272700
6265600
6313200
6292800
6260800
6302100
6293900
6272700
6281000
6240000
6924100
6071600
6095300
6094800
6099300
6090500
6102800
6122700
6129800
6136300
6119000
6152500
6125300
6117100
6098600
6111800
6128400
6114300
6132900
6093000
6117200
6107400
6079100
6071100
6066700
6127700
6112500
6091900
6113700
6135300
6094700
6082800
6073700
6673200
6107500
6103700
6158800
6184700
6082700
6068500
6122300
6192700
6059800
6093700
6047600
6083300
6097800
6098600
6089200
6042700
6088600
6045600
6061700
6123300
6062500
6070300
6077600
6067200
6039900
6040700
6087300
6048800
6062700
6101600
6065900
6790200
6122100
6102200
6069700
6105600
6081700
6070400
6070200
6225800
6241100
6269000
6221300
6249100
6256600
6243800
6244400
6218200
6194400
6197600
6197900
6244200
6257500
6228900
6239200
6202500
6231700
6273100
6259100
6262100
6365700
6263400
6280400
6233100
6839600
6114500
6149100
6085500
6108600
6124700
6091200
6095100
6246900
6253100
6224500
6198600
6216200
6223500
6216100
6065300
6057400
6122100
6074800
6058600
6075900
6057200
6125800
6109700
6128500
6068200
6078400
6072300
6061400
6062100
6070700
6073700
6078900
6609900
6075100
6069300
6062500
6155300
6082300
6062000
6169900
6221800
6242200
6239700
6222100
6216600
6231300
6217600
6258700
6272200
6246900
6232000
6119700
6118500
6106800
6075000
6066000
6062200
6056800
6066400
6071500
6062700
6078200
6089700
6126300
6906900
6127000
6084000
6096000
6121900
6098700
6097500
6102500
6253100
6259400
6247700
6240400
6232800
6237600
6235400
6233000
6204700
6282500
6207200
6185500
6212700
6204900
6219900
6186000
6194300
6214100
6226800
6267100
6243500
6283700
6239900
6249600
6227400
6744900
6108900
6099900
6073500
6127300
6109200
6104200
6105200
6238200
6191900
6195500
6232500
6231800
6246400
6242800
6252300
6259600
6253400
6228600
6198200
6235200
6246000
6197300
6195700
6242100
6204500
6070600
6118700
6066800
6082700
6060900
6068700
6087500
6645200
6055000
6126700
6079000
6075200
6083000
6080900
6168400
6231600
6244000
6201300
6194900
6277100
6228600
6242500
6266000
6212700
6228600
6226300
6240500
6261600
6272000
6231200
6273200
6267300
6272300
6266600
6257000
6238500
6273300
6284100
6278200
6920000
6119100
6097700
6123600
6125000
6117500
6115400
6104200
6191800
6177900
6259200
6230600
6225300
6198400
6242200
6186500
6189200
6266100
6220100
6262900
6212300
6225000
6175900
6225000
6249100
6261400
6193900
6169500
6074400
6060500
6089200
6095100
6067000
6707500
6065000
6081500
6113600
6068300
6071800
6076500
6157800
6283600
6265100
6219800
6200700
6218000
6200200
6232800
6224800
6204600
6213900
6226700
6193400
6211600
6203100
6222200
6173200
6193800
6217300
6162100
6204500
6253300
6198000
6233100
6247200
6205400
6549400
6057500
6077900
6062200
6078800
6074700
6063500
6129300
6163700
6220600
6228300
6227700
6209100
6258400
6259000
6221700
6221600
6188700
6231600
6215300
6247000
6068500
6130500
6068100
6061900
6076200
6082400
6073200
6061200
6096600
6097800
6069900
6758400
6085000
6073800
6093000
6111000
6128600
6105800
6095200
6303100
6201700
6248300
6244800
6492500
6988700
6064000
6110100
6078800
6106200
6077900
6073300
6063200
6074900
6068400
6080300
6096900
6077900
6079300
6077500
6091200
6061500
6058200
6102000
6057900
6610700
6096500
6058100
6065100
6076100
6065400
6054900
6118500
6246200
6265000
6237400
6266000
6211800
6214200
6545300
6226500
6234800
6220700
6210100
6200300
6253400
6266100
6233200
6257900
6278400
6226400
6213300
6074100
6059000
6073700
6079300
6102200
6077100
6631200
6086900
6090600
6063000
6059000
6068200
6118400
6193600
6216300
6161300
6196200
6192600
6069200
6082400
6074400
6077700
6072200
6068900
6107500
6057600
6072400
6074500
6072500
6059600
6065500
6073500
6075000
6107700
6067000
6116200
6071600
6094000
6793800
6128700
6100400
6049000
6075100
6061000
6062300
6111200
6069500
6065400
6058400
6103400
6078500
6092100
6065900
6064100
6076100
6071100
6065400
6051200
6067800
6090000
6060800
6091500
6086700
6066100
6089900
6068900
6081900
6074500
6063600
6051100
6105500
6642000
6066400
6067200
6067200
6094400
6058500
6097300
6183700
6233700
6073100
6102700
6088700
6072800
6126400
6114500
6106500
6162600
6078600
6106900
6110400
6067500
6086000
6088700
6061100
6132300
6088600
6059100
6147000
6166600
6203900
6096000
6107500
6114700
6595600
6104200
6160800
6067800
6061900
6111000
6078600
6184700
6190500
6204500
6224700
6209500
6251100
6244600
6252100
6205700
6073700
6071700
6084700
6073300
6078000
6064700
6069800
6071400
6081200
6077900
6065200
6053600
6054600
6061700
6063900
6061300
6670600
6057600
6091300
6107200
6069500
6061500
6063400
6114200
6202800
6261700
6243200
6194500
6210200
6188200
6207700
6221200
6271200
6260000
6282200
6236300
6238000
6249700
6251300
6247800
6348100
6275300
6256700
6227800
6233000
6237700
6241500
6294800
6234800
6746400
6105100
6105200
6096800
6096700
6066600
6051100
6138800
6219100
6217000
6222300
6201100
6189400
6181200
6204600
6192800
6241100
6231600
6212200
6225400
6238500
6181700
6219700
6187700
6253700
6218200
6275100
6247300
6195000
6214100
6229200
6221100
6915100
6074700
6065800
6070800
6078200
6062700
6065400
6061300
6212600
6272000
6227500
6221800
6220000
6213500
6277000
6218800
6260500
6233400
6225600
6217600
6222400
6213000
6194500
6222100
6190400
6243800
6214600
6258000
6212100
6210300
6253600
6057200
6068000
6701400
6081500
6078600
6079900
6075100
6077200
6074000
6114900
6075600
6066100
6072000
6090800
6066000
6083500
6088200
6102700
6075700
6061400
6064200
6081200
6062900
6062100
6062600
6060900
6073800
6082300
6066000
6116900
6080300
6059300
6148500
6073000
6067400
6639900
6079300
6063900
6072500
6079500
6079400
6058900
6140700
6190100
6181000
6205800
6193900
6180100
6205700
6209400
6265100
6071400
6067200
6070400
6059000
6072300
6061100
6106400
6094000
6108700
6086800
6080100
6085500
6080900
6064300
6068800
6055800
6783700
6099800
6064100
6060000
6075900
6059000
6070000
6058700
6209600
6198000
6199300
6277300
6276200
6250000
6263100
6234200
6218600
6223600
6208700
6214700
6241600
6216200
6225700
6228200
6223700
6199300
6237800
6218900
6198700
6220400
6230600
6219700
6267600
6808700
6071700
6064800
6062100
6081800
6051600
6070000
6107000
6205200
6233700
6187300
6209400
6204300
6223600
6203600
6183400
6225600
6258600
6196800
6045300
6069200
6068200
6059800
6126700
6073200
6062700
6053100
6062100
6066500
6056100
6068700
6076700
6071200
6599000
6060500
6064500
6065500
6055400
6064900
6148600
6196800
6228300
6204600
6222300
6201400
6224300
6214100
6187500
6245900
6206900
6193000
6208700
6199900
6254800
6242000
6243100
6213300
6207200
6205400
6221400
6205400
6189200
6243200
6201800
6186200
6843000
6072800
6128600
6073200
6078200
6384800
6085600
6071700
6201200
6214300
6213500
6205000
6217600
6265600
6280200
6364100
6261100
6278500
6228200
6213500
6216700
6203400
6223100
6214000
6225000
6200500
6189400
6181100
6194400
6205300
6236100
6202500
6186300
6717100
6067800
6079800
6062300
6064100
6061500
6084000
6119400
6217400
6207800
6209200
6162800
6246300
6543700
6221000
6201500
6204900
6211800
6256800
6242300
6190900
6226900
6218600
6062100
6086300
6062100
6075200
6055700
6067200
6060600
6062400
6078100
6081600
6523100
6071200
6065300
6053800
6131400
6136200
6096200
6306500
6250200
6225900
6176900
6271600
6197700
6226500
6212900
6237700
6230200
6228200
6273300
6240100
6276600
6201300
6242900
6253000
6318200
6250000
6406900
6256300
6277600
6283300
6370600
6264900
6977800
6129400
6080500
6110100
6067800
6124000
6132000
6126700
6121600
6123300
6123500
6108400
6118800
6098700
6145700
6113800
6086900
6065800
6066100
6091600
6060800
6072000
6174300
6060500
6107900
6086800
6072700
6064400
6071100
6078600
6096700
6073800
6100800
6670200
6098000
6140100
6133400
6129400
6168400
6128600
6217500
6268900
6283000
6304500
6242400
6246900
6278000
6283000
6261400
6351500
6280300
6228700
6267800
6314300
6281900
6257900
6278600
6275700
6145800
6137300
6120300
6136300
6144400
6158300
6132300
6216000
6624200
6068500
6125500
6191800
6105700
6070800
6056300
6197300
6243000
6243400
6218800
6230800
6228700
6218200
6201300
6218100
6195900
6204800
6182700
6242100
6192700
6224000
6235900
6193500
6231400
6244600
6245900
6248400
6203600
6214200
6215100
6197000
6991200
6070300
6077000
6088900
6077100
6080100
6103300
6084300
6212500
6233500
6219400
6230900
6231800
6222000
6256900
6234700
6213100
6210500
6193200
6240400
6195900
6234800
6204800
6247900
6199400
6264700
6220500
6175700
6233600
6184600
6213200
6361100
6128200
6823000
6121300
6095800
6114800
6093600
6086100
6074500
6110800
6232400
6197700
6179900
6231400
6221500
6186700
6243700
6146600
6044200
6091800
6117200
6090600
6106200
6103300
6097200
6112300
6111100
6115000
6092900
6115900
6090100
6097400
6115700
6106500
6121000
6633600
6120100
6100600
6124900
6063500
6117000
6078500
6205200
6168500
6251600
6199800
6231100
6227700
6218700
6234600
6205900
6240500
6231900
6215400
6248900
6247700
6243500
6216500
6238400
6233100
6227200
6176700
6189500
6218800
6213800
6220500
6200000
6879200
6067000
6075400
6062100
6060800
6067300
6077400
6064900
6192700
6213600
6192300
6218900
6217200
6187700
6196700
6179100
6198900
6202700
6202900
6226400
6202400
6192100
6210200
6194900
6224800
6216000
6203700
6213900
6206200
6332100
6185300
6252600
6220300
6814900
6063000
6061900
6069800
6106100
6080000
6073900
6114800
6197600
6205300
6278900
6223200
6250400
6204400
6202800
6185100
6199900
6200400
6223400
6255200
6203000
6244700
6232400
6158500
6216200
6220000
6237900
6214200
6248000
6065900
6040600
6077900
6089400
6626800
6065100
6059700
6057700
6045300
6072500
6062300
6120600
6217800
6200700
6184100
6162200
6209900
6197700
6215500
6201800
6231100
6225400
6209800
6229400
6184400
6200000
6235600
6258900
6385400
6239500
6209400
6250400
6274900
6276400
6259900
6184100
6937700
6096900
6068700
6092400
6076900
6085800
6083300
6083900
6200800
6189800
6242900
6193900
6201500
6212100
6239300
6209500
6209700
6229600
6209300
6202800
6255300
6252300
6280100
6264600
6266000
6223200
6262400
6264100
6265900
6254600
6232200
6228900
6280000
7242500
7131500
6485900
6071400
6075900
6083700
6059600
6095100
6217500
6192400
6213600
6261200
6244600
6388700
6206000
6195800
6220000
6190800
6188500
6210800
6281100
6204000
6172000
6214300
6255400
6213200
6220800
6228100
6237400
6272000
6290900
6207200
6229200
6696700
6117400
6072800
6115000
6061800
6057200
6082800
6162100
6201700
6231700
6206000
6277900
6220300
6221900
6195600
6239900
6197100
6248100
6082300
6065900
6066400
6081900
6133500
6093100
6071200
6117900
6106200
6077200
6066500
6087500
6104300
6079300
6754700
6077900
6066100
6095600
6059300
6076200
6077900
6073700
6222700
6184100
6253400
6209700
6221700
6234700
6190100
6198200
6167000
6199500
6225700
6191000
6201900
6183100
6224900
6225000
6200800
6221400
6185700
6253700
6194100
6184300
6224500
6200900
6242100
6813200
6195300
6208000
6198700
6235800
6250000
6208100
6212800
6211200
6233900
6221200
6190500
6217000
6231300
6206300
6218200
6213900
6188300
6085400
6143300
6110700
6119600
6139400
6108300
6067700
6080200
6057900
6093300
6097100
6077100
6108100
6109900
6091100
6585500
6073800
6061500
6069400
6061300
6084300
6055300
6147400
6267300
6221600
6250200
6242200
6248800
6268700
6224900
6218600
6203900
6106500
6066600
6094500
6083800
6070800
6062000
6061400
6112600
6075200
6118000
6064600
6055100
6082500
6084600
6110700
6762600
6074500
6073400
6112200
6127000
6117800
6085500
6075800
6207100
6215400
6218300
6198200
6182700
6193200
6203500
6239400
6214000
6201700
6240200
6225900
6204300
6221700
6199100
6264200
6214600
6214800
6250200
6237300
6290100
6213800
6256500
6211100
6061600
6698000
6063900
6058700
6093700
6101500
6131700
6118900
6157300
6193300
6236400
6127600
6113000
6180500
6100000
6075900
6062500
6154500
6073600
6053500
6089600
6068600
6079900
6056400
6063300
6065500
6070900
6066200
6062300
6054700
6058700
6075600
6056800
6064700
6694500
6052900
6064600
6068800
6064300
6068300
6067200
6158000
6308500
6262200
6202900
6275000
6321400
6266600
6252900
6249900
6255200
6231200
6176100
6227200
6247800
6205500
6194400
6235600
6210900
6201400
6219600
6197700
6199200
6195600
6212500
6216500
6834500
6069800
6084100
6114600
6091500
6079300
6068900
6048500
6185000
6240100
6201200
6218100
6193900
6084800
6150200
6114000
6121700
6129600
6119100
6069900
6109000
6078100
6072500
6054500
6081300
6066500
6076700
6090400
6094300
6063100
6134600
7079400
7082700
7689900
7089900
7099000
7144800
6939200
6065100
6063300
6120800
6221700
6240500
6189900
6216100
6209000
6253100
6180800
6186800
6185700
6244000
6269900
6227300
6277400
6221700
6197200
6261500
6248500
6256400
6300600
6222000
6210900
6219400
6193500
6301600
6213100
6571500
6071200
6091000
6106300
6092800
6103800
6113900
6196600
6232900
6234300
6254700
6232500
6210700
6228300
6265600
6249200
6214000
6271400
6220400
6213800
6230100
6242400
6235800
6254600
6233400
6212900
6094700
6100200
6091600
6089800
6102900
6092100
6793400
6097900
6105600
6101300
6110300
6096200
6142000
6092500
6258100
6257600
6228500
6276600
6247500
6263600
6243800
6257400
6207300
6082000
6104900
6090400
6108000
6097300
6107600
6093000
6107100
6108700
6096100
6106700
6102500
6115800
6088400
6092900
6126000
6678000
6123600
6094400
6106300
6086600
6096900
6111300
6138400
6268500
6216500
6230900
6249300
6218200
6242800
6237500
6247600
6252900
6258000
6226100
6264400
6240300
6258300
6244900
6222100
6232000
6234900
6236600
6229900
6234100
6239300
6242600
6234600
6238400
6638700
6085100
6104300
6111000
6167400
6133400
6108000
6221600
6228100
6260800
6250500
6208200
6153100
6096700
6136000
6113000
6140200
6111200
6104600
6114800
6104500
6084200
6180700
6119200
6111300
6073100
6122900
6105900
6185000
6093600
6053300
6067100
6775200
6068300
6107800
6075300
6105100
6103600
6131100
6108700
6270000
6241800
6257800
6257300
6262300
6264800
6246100
6201100
6218700
6207800
6071100
6096400
6238300
6087900
6085100
6071400
6059600
6079800
6097000
6071300
6069900
6079500
6085600
6062100
6066900
6732500
6067300
6085800
6078200
6066000
6060500
6073700
6123000
6290600
6219600
6233100
6196100
6237500
6201300
6200900
6213200
6180800
6220100
6236500
6198700
6206000
6208100
6244900
6195500
6274300
6236200
6218500
6240300
6220600
6221100
6195600
6210600
6207300
6755600
6090000
6056100
6070300
6094400
6066100
6052800
6136200
6220200
6212100
6236800
6190300
6216700
6173200
6213800
6227300
6209100
6203800
6190200
6202600
6215200
6180000
6196600
6197000
6223900
6207500
6220500
6192300
6199200
6197800
6213500
6223200
6184700
6680400
6200900
6188700
6191600
6217200
6059600
6068200
6180700
6228200
6226000
6201000
6222000
6169900
6176700
6189600
6206200
6187200
6208000
6178500
6223500
6210200
6235500
6195100
6219700
6239700
6189000
6217300
6226800
6245900
6230200
6227400
6192500
6847300
6124000
6128500
6183300
6130600
6108000
6109200
6075900
6184800
6211900
6192300
6213600
6237700
6223500
6209200
6236700
6215600
6238200
6232300
6246400
6192700
6227200
6221500
6200400
6202600
6181600
6475900
6261800
6249000
6202800
6218800
6206000
6257500
6685600
6056400
6074600
6082900
6092400
6073200
6067800
6148100
6217800
6216200
6201500
6195800
6194000
6174500
6174500
6227900
6236300
6187100
6211900
6239900
6283100
6231400
6258800
6267700
6256000
6265900
6654600
6250900
6215000
6086200
6138000
6127700
6070900
6604400
6098200
6109000
6077800
6059800
6087300
6070800
6198200
6242900
6200400
6217900
6222800
6204100
6237300
6229000
6177500
6217000
6224800
6180500
6203500
6204700
6199200
6196800
6234700
6226500
6207000
6199300
6225300
6219800
6199400
6198000
6243500
6767300
6103100
6078300
6128000
6088500
6138700
6163500
6157800
6276600
6262400
6261400
6352100
6276500
6274200
6344500
6270800
6294900
6306500
6256200
6278500
6297000
6282100
6320900
6266200
6288500
6276800
6255200
6290400
6326800
6266900
6265000
6299700
6276900
6755900
6046700
6071600
6076600
6097100
6097900
6097900
6180600
6248200
6096800
6098600
6105000
6098900
6076700
6097700
6105500
6127100
6094700
6103900
6111000
6107100
6122700
6096100
6098200
6107600
6092500
6101600
6082900
6104800
6093900
6110200
6100500
6092300
6553200
6089400
6101000
6109500
6094300
6107800
6091000
6256800
6255200
6247300
6229900
6247000
6248900
6230200
6255800
6230500
6248000
6247600
6275100
6268200
6220200
6247700
6264000
6263500
6253000
6247800
6241000
6242800
6249600
6218800
6267500
6264800
6909200
6083000
6133500
6123000
6115800
6089100
6080200
6427900
6222800
6248600
6239000
6205800
6236700
6224200
6223300
6318900
6310400
6258800
6255100
6232000
6223200
6120800
6117800
6148000
6082500
6119400
6090800
6076700
6094200
6076400
6077500
6128300
6067100
6688000
6085800
6087200
6074800
6122400
6079400
6079800
6181500
6226300
6258700
6179900
6102100
6105600
6133600
6129800
6078300
6072800
6069100
6054100
6089600
6086700
6055800
6106700
6085300
6061100
6075900
6080700
6065700
6057600
6059700
6067700
6071700
6078600
6523500
6096100
6066900
6093900
6068100
6058600
6115400
6193200
6205600
6209900
6177900
6251400
6216400
6202700
6198400
6244000
6182300
6205600
6262600
6206800
6225200
6192600
6200700
6176200
6208900
6225000
6064000
6077300
6064800
6088200
6071300
6073900
6777900
6083100
6085200
6051200
6145600
6069800
6058500
6100400
6201700
6231600
6198200
6105900
6058900
6063600
6073800
6057200
6087200
6069900
6061100
6065400
6067200
6101100
6084500
6130300
6114100
6105400
6130700
6064100
6088300
6117900
6076000
6078500
6072300
6703400
6169700
6068500
6076800
6086500
6060100
6135000
6130400
6216200
6205200
6221600
6267700
6200900
6215300
6193100
6189400
6208700
6198700
6194500
6186500
6205300
6203900
6234300
6240900
6214900
6253300
6195100
6219000
6210300
6182600
6238000
6217800
6245400
6532900
6084900
6066600
6076800
6077300
6064700
6056200
6199100
6242200
6209900
6204000
6221400
6182200
6240700
6232000
6208000
6214200
6275000
6267300
6210400
6234300
6267200
6217600
6232500
6248000
6235100
6230600
6268100
6273200
6124900
6132300
6075200
6864200
6150100
6116100
6085400
6076800
6098100
6075600
6124000
6267300
6258300
6239000
6209900
6200000
6226900
6216000
6197500
6244200
6204200
6219400
6211300
6220600
6190400
6215600
6196400
6219000
6235700
6194300
6073000
6066300
6067300
6065800
6069500
6086300
6784500
6175300
6086400
6081800
6118600
6133000
6147400
6156100
6208200
6129700
6159200
6240600
6123600
6145500
6133900
6156200
6134500
6170000
6138400
6131400
6142800
6130700
6141700
6172400
6116100
6146800
6197900
6139000
6128200
6150600
6143400
6133500
6160200
6732600
6091200
6076400
6085400
6069200
6078900
6080100
6149300
6204200
6210400
6207500
6202200
6210600
6243500
6173400
6240200
6223800
6272700
6279300
6256100
6320900
6270300
6221100
6233800
6261400
6288200
6278400
6218900
6216900
6230200
6208900
6246400
6205000
6546100
6074400
6063200
6075400
6053100
6069600
6107200
6201100
6231600
6210900
6236900
6249400
6208400
6219500
6257400
6227400
6228700
6190500
6188100
6248500
6215300
6236000
6204200
6211100
6220300
6189700
6223100
6180600
6178600
6206700
6227800
6286100
6797600
6084600
6070300
6073100
6078900
6078000
6085100
6076100
6213300
6272700
6219400
6220400
6215400
6232500
6201200
6248400
6241300
6270300
6264900
6237100
6222500
6185600
6255000
6208300
6202000
6192100
6205900
6199700
6199600
6228500
6192000
6238300
6225700
6716800
6057800
6105100
6061700
6061800
6076500
6062800
6175500
6214900
6219600
6177800
6211400
6221000
6203800
6190000
6218900
6230400
6184800
6206800
6235600
6217000
6205600
6222200
6181300
6216800
6206400
6303900
6261100
6208700
6217700
6215300
6211700
6936400
6180700
6213800
6184900
6218000
6221300
6241800
6191800
6222100
6221000
6201100
6190600
6213700
6235100
6206200
6217800
6223700
6205000
6193400
6211300
6210000
6204700
6219100
6184600
6207400
6227500
6200500
6188600
6227700
6219300
6215300
6258400
6258500
6876600
6257700
6234200
6220300
6204200
6194400
6216600
6238300
6224600
6272200
6192400
6262200
6261100
6254200
6266400
6277800
6289800
6294200
6267300
6257000
6255800
6257200
6265700
6234500
6245900
6209500
6216000
6617300
6215100
6206600
6226000
6212800
6193100
6814700
6194500
6217800
6228300
6244100
6268000
6273100
6232600
6211300
6196000
6081200
6073700
6068300
6071700
6066200
6088300
6065200
6088300
6093700
6073700
6059100
6071200
6065200
6068800
6060700
6065800
6068300
6079100
6058100
6092400
6089700
6070000
6847400
6086100
6075400
6044200
6071400
6052300
6042400
6074400
6186200
6215400
6226200
6182600
6173000
6187800
6227600
6199800
6235900
6273200
6219500
6219600
6208800
6187100
6210600
6170100
6208000
6214300
6185900
6211100
6227900
6219900
6241800
6190100
6235300
6804700
6159600
6150000
6111000
6145200
6124000
6162600
6183400
6354200
6292300
6112000
6111200
6087700
6103900
6071600
6257500
6506800
6129900
6072200
6156500
6104300
6136600
6092400
6070900
6098600
6075200
6118100
6063900
6161900
6098700
6087500
6335200
6158700
6122800
6041600
6113100
6101800
6051500
6162100
6067900
6112500
6091400
6051100
6162500
6139900
6087100
6127500
6111900
6799700
6099600
6457700
6059500
6087800
6085500
6157000
6190400
6150600
6206000
6169200
6117400
6089500
6154800
6176700
6084400
6184700
6052400
6097100
6085900
6074700
6100200
6072400
6089700
6056800
6072300
6124700
6084500
6159800
6338500
6282700
6334300
6352700
6804100
6106600
6085100
6142100
6099500
6173700
6121600
6100300
6115400
6069800
6074600
6194400
6126500
6077400
6088500
6145600
6088800
6310600
7180900
7178700
7066400
6086900
6104200
6109700
6070400
6068700
6052400
6065000
6147200
6108000
6114800
6151100
6067700
6676200
6061500
6092000
6090900
6074000
6068200
6060100
6051400
6103300
6088700
6063700
6070100
6053600
6117100
6063100
6053000
6155200
6058300
6492500
7176000
7174200
7177900
7191100
7148400
7235000
6095000
11119400
8870700
8968000
6280700
6118800
6076700
7214900
7223100
6279000
8955800
7636600
6088200
6142500
6090700
6102000
6147100
6059400
6401600
6086900
6145200
6491700
6097000
6090300
6047900
6125600
6087500
6105400
6092200
6090400
6105600
6096300
6116200
6083500
6116600
6102300
6286400
6118300
6068900
6108800
6044700
6577400
6157100
6060600
6123600
6062100
6056600
6087400
6081700
6081800
6098300
6053900
6115900
9379000
6108400
6111900
6084700
6115000
6047000
6121100
6062100
6325000
6213200
6094400
6116700
6080300
6114300
6079300
6083000
6280600
6306900
6327100
6344900
6309800
6517200
6094200
6070000
6093600
6080100
6057400
6063500
6088800
6122800
6100100
6081500
6087500
6056600
6074900
6079500
6112200
6084000
6074100
6080300
6067000
6114600
6091900
6065600
6223100
6083900
6059000
6090800
6112800
6135100
6126400
6107400
6076700
7300900
6089000
6115200
6139100
6103000
6053300
6080700
6047400
6086700
6094100
6075900
6084900
6059200
6114000
6055000
6114400
6112900
6134000
6098900
6072600
6159100
6083200
6099100
6098700
6144800
6106400
6086400
6139600
6075600
6344100
6300100
6454100
6336200
7053900
6095800
6062500
7026200
7185300
7305000
7150900
7229400
7158700
6427800
6091400
6177200
6100200
6113500
6058200
6076000
6140100
6075800
6101900
6071900
6064500
7095100
7199900
6268700
6048700
6082300
6056000
6104800
6131900
6256700
6339400
6076200
6113300
6891200
6078400
6172900
6139900
6072900
6090900
6093600
6106100
6112800
6114700
6109500
6095100
6112800
6102600
6125300
6126200
6105800
6071500
6088100
6100300
6134900
6099100
6103700
6064200
6146900
6052300
6112200
6105100
6187500
6340900
6302300
6346200
6303600
6655000
6081700
6048600
6074700
6069500
6103900
6031700
6064500
6083200
6061200
6075900
6106500
6105500
6127000
6077600
6121900
6080800
6134200
6275900
6046400
6115200
6049100
6107100
6124400
6054100
6137500
6089300
6071300
6234900
6112300
6089400
6084800
6043700
6662800
6037200
6081900
6067000
6053800
6118500
6069800
6136800
6062000
6064000
6088800
6057800
6161300
6064600
6123600
6055600
6071600
6057700
6056200
6120100
6069500
6144400
6058900
6079100
6063800
6064200
6077100
6047100
6297300
6320800
6356100
6307300
6077300
6720100
6046100
6082200
6062800
6111500
9516200
17723800
6729200
6106600
6087100
11204700
13214800
6875700
10089000
7207100
6101000
6070400
11450400
18371400
6176200
6109800
14084000
8813400
7173100
7170600
7156200
7189700
7134000
7262400
7194100
6833600
6281300
6268400
6662700
6086200
6445400
6104600
6181900
6062900
6127200
6072200
6089300
6062400
6096300
6068300
6092900
6078200
6199700
6094500
6119800
6099200
6069400
6118800
6066600
6142700
6108100
6088000
6091800
6074100
6130700
6077700
6388600
6102700
6055900
6110300
6735500
6139200
6055100
6075600
6090100
6060000
6132700
6066400
6101400
6076200
6059900
6144600
6072200
6162400
6067200
6073200
6120500
6066000
6122500
6081100
6172300
6090300
6101000
6091700
6080800
6111300
6054400
6086700
6138100
6325500
6279200
6275100
6323700
6717200
6124500
6054900
6100800
6098900
6091600
6057300
6108400
6078700
6108300
6092400
6141900
6083400
6100200
6082500
6076100
6072900
6092900
6081500
6068500
6087600
6079700
6094900
6082700
6054000
6059300
6107700
6083700
6166000
6107000
6044400
6044900
6094800
6748600
6087100
6059300
6161200
6057000
6130500
6054300
6083800
6075600
6040900
6078700
6051600
6081800
6077600
6073200
6136200
6045700
6069600
6071700
6065800
6081000
6059900
6122900
6058100
6061300
6056000
6052400
6138900
6175900
6088800
6092700
6084100
6087500
6634000
6068600
6050100
6085700
6108900
6085400
6130300
6030300
6084900
6089800
6116000
10963200
6093200
13224200
6087800
9609000
11833000
13285400
7262100
8206200
11805000
6041700
15966200
11343400
12745300
7226400
10187100
7421600
7251600
14486800
9704100
6776800
7513100
7928700
7181100
7188500
7146500
7143400
7223600
7166800
6425500
6078700
6094800
6073500
6113300
6100200
6087100
6089200
6105200
6612600
6465700
6465600
8672500
6698900
6078000
6076000
6102700
6098600
6119900
6103100
6073800
6107300
6112000
6081700
6119400
6069600
6581200
6075500
6101900
6177100
6107600
6068800
6085200
6126800
6083200
6148400
6096700
6083200
6130900
6098300
6282500
6078600
6078400
6046400
6079300
6088800
6081100
6148800
6053600
6055600
6197000
6092900
6195700
6092800
6181300
6132800
6122600
6156800
6898400
6134500
6114200
6099800
6091300
6157100
6151500
6173000
6147000
6138200
6088600
6105700
6077100
6070300
6086300
6089600
6116200
6101700
6116800
6083400
6072300
6117100
6077200
6113000
6096300
6081300
6132300
6113500
6108200
6109200
6112700
6148000
6118000
6752100
6064100
6121900
6081100
6078300
6106800
6063000
6085600
6072300
6111800
6098400
6082100
6112100
6083200
6095700
6227600
6115600
6089100
6082200
6133200
6084900
6106000
6106900
6100200
6106100
6097700
6098000
6079600
6142600
6359500
6315400
6212600
6126600
6660100
6036400
6047300
6077200
6069900
8409000
7579400
12094500
8761200
6314500
6784500
7153100
6838400
6091600
11140100
6066100
13060900
10008900
7292400
6296400
6078300
11416500
6106400
13531000
8734600
6094300
9599600
6072700
6406000
6300900
6357700
10970400
15332700
11447800
12412100
6089100
6122300
6075000
6124900
6058300
6111700
6113600
6091700
6106000
6086300
6125600
6104800
6082100
6137600
6144000
6144800
6087200
6147300
6084700
6138200
6110400
6112000
6098500
6088100
6061100
6097100
6335100
6305500
6103400
6093000
6904800
6108500
6105500
6064500
6122300
6068300
6045800
6094200
6079700
6041900
6097000
6054700
6063400
6066100
6090200
6077500
6057200
6086300
6080400
6088300
6071100
6080800
6075500
6078300
6110100
6059200
6120000
6061400
6127300
6348400
6312400
6558000
7146800
7656600
6057400
6066100
6187200
6081800
6067800
6058300
6078300
6081500
6116200
6112600
6080300
6061500
6212600
6065900
6100200
6087700
6054900
6086900
6063300
6112200
6106600
6057700
6106400
6087200
6190000
6062900
6101300
6159300
6063900
6098000
6065700
6139000
6664900
6221600
6066400
6080500
6096800
6068500
6105200
6079900
6088200
6072100
6071200
6077500
6076700
6099800
6058800
6105400
6054600
6071700
6067700
6022100
6067500
6072000
6054500
6112500
6042400
6103500
6047000
6096600
6392400
6321200
6122100
6095400
6096800
6682100
6049200
6085800
6084700
6100500
6063600
6064000
6074900
6061400
6145500
6050000
6080700
6116800
6077100
6099700
6088400
6212900
6055800
6090500
6036100
6092200
11303500
9087500
6068300
6077900
12838200
7417900
9530100
6161700
6322200
6091200
6229800
6708900
6083000
9176200
6112900
6068300
6099800
10875300
23647900
6139600
6118500
6095200
6098300
6075700
6097200
6132400
6070700
6111800
6073300
6112500
6080600
6102400
6115800
6057500
6101500
6069400
6120800
6066900
6080900
6177300
6064000
6074000
6210700
6068300
6733000
6898800
6306200
6294200
6078500
6088200
6109600
6237300
6111900
6121600
6067800
6092400
6079800
6080000
6110400
6077800
6090800
6077800
6077000
6144800
6073500
6125300
6093000
6093100
6108400
6091100
6087900
6075600
6237600
6334400
6306500
6312900
6320500
6623800
6055500
6066700
6093700
6095300
6100100
6047900
6083800
6072400
6076700
6228200
6041800
6058400
6070100
6055600
6107800
6076000
6044900
6118700
6073400
6107700
6107600
6157900
6115300
6045000
6129200
6085300
6061000
6258800
6075600
6114100
6089600
6854500
6133800
6050700
6080100
6057400
6116300
6067600
6084200
6076900
6075900
6077800
6076000
6076800
6056700
6058900
6098800
9086600
7384400
7679600
7236200
7513200
7149000
8595400
6070800
6109800
6117600
6117200
6080100
6132300
6313400
6325700
7133200
6331800
6811800
6137200
6089400
6175700
6061700
6072500
6073900
6077300
6225800
6073500
6085600
6095500
6062600
6221800
6097500
6083200
6081100
6056900
6077200
6054600
6092500
6086100
6077200
6077700
6046600
6171400
6091600
6067700
6225500
6279600
11408000
6093100
17083000
11570600
12915000
6591800
6715200
13172800
7398300
10527800
10652100
7177400
7151600
7155500
6191800
6055600
6086500
6040200
6054000
6091000
6092700
6089800
6060100
6074400
6101800
6039400
6483400
7156600
7167500
7154200
7160300
7206900
7204500
7229200
6641800
6814700
6120700
6097200
6068400
6697400
7131700
7172700
7185900
6895200
6076100
6055300
6090300
6036300
6069300
6055600
6096900
6092500
6084200
6267500
6090100
6995300
8022400
6094800
6065600
6083900
6058300
6049800
6122300
6125800
6406200
6302100
6274400
6308800
6720400
6239000
6058600
6078100
6049800
6064700
6108900
6090700
6096300
6079700
6118600
6075400
6091800
6074300
6079400
6058500
6046000
6090800
6080400
6097100
6072000
6054200
6085800
6067700
6085500
6038300
6061500
6084300
6239600
6352600
6278100
6291500
6128800
6710700
6113900
6071500
6095800
6114600
6079000
6233400
6076700
6097700
6054000
6075300
6091700
6074500
6106000
6099100
6097400
6165200
6082200
6078500
6062700
6074100
6075000
6084200
6162100
6078800
6093100
6082300
6075300
6261900
6092600
6114100
6096200
6719900
6092300
6068200
6086600
6067300
6062200
7280200
7137300
6213900
6045400
6074400
6063600
6056300
6128100
6083600
6177600
6083400
6085400
6146400
6123800
6265200
6090000
6082700
6070600
6104300
6223100
6080400
6101800
6118100
6121600
6112900
6098500
6088100
6638000
6086800
6088800
6080300
11833700
13672400
6464800
8975900
6212000
6132200
6086200
6141300
6113100
6096100
6138100
6068100
6094600
6040500
6063600
6077700
6049600
6126700
6074400
6094200
6045300
6053100
6092000
6049000
6144600
6081900
6061200
6088500
6799000
6134200
6091200
6099200
6100600
6073500
6111300
6075900
6110300
6066300
6078300
6079700
6052500
6061900
6063400
6127100
6067500
6042900
6163700
6081700
6114000
6272600
6162900
6458900
6085100
6245800
6104100
6145100
6083800
6300000
6309700
6307600
6320500
6812600
6060000
6195000
6056500
6078000
6064400
6249200
6064400
6059400
6107900
6070300
6093000
6084500
6059400
6067700
6070000
6107000
6049000
6031000
6106500
6094800
6086100
6068400
6082500
6081500
6036300
6314300
6076000
6250600
6275300
6311900
6314000
6284200
6717600
6089600
6165900
6094300
6082500
6091900
6076200
6266300
6062200
6083300
6092200
6046300
6072400
6082200
6078300
6056600
6086300
6132800
6081600
6170700
6083600
6081800
6074500
6083700
6124200
6090500
6070400
6103600
6110200
6073900
6075300
6069600
6960600
6320700
6482200
6071700
6109200
6088300
6060200
6103100
6050600
6105300
6082600
6053400
6111000
6047600
6119600
6055600
6088400
6107800
6072100
6108600
6033200
6108100
6146100
6079600
6099100
6060900
6083900
6088500
6092500
6307700
6315700
6263200
6428100
6614800
6065400
6059700
6113500
6086100
6068400
7613500
10769500
6140600
6109900
6110200
6068000
6145800
6061600
6038800
6102200
6055200
6117500
6052800
6069100
6077100
6053200
6101100
6081600
6099000
6086000
6067100
6073400
6211900
6278400
6161600
6052900
6104200
6979900
6444300
6155000
6071100
6094700
6105300
6106700
6060600
6086200
6203300
6106900
6120500
6107600
6110300
6156400
6082700
6162100
6102100
6050700
6239400
6042300
6107200
6050300
6058500
6090600
6072000
6179100
6077000
6329900
6304200
6349500
6108000
6743200
6117200
6069300
6157600
6085600
6122300
6098900
6055200
6163400
6096300
6117000
6078000
6074100
6085700
6067400
6216500
6085500
6059100
6105900
6048700
6230900
6074300
6126000
6023200
6068200
6209300
6076700
6076200
6111300
6289000
6308700
6297500
6309300
6727600
6086800
6047800
6066000
6138600
6067500
6080700
6057200
6044000
6105200
6063300
6073600
6129600
6074200
6077600
6074200
6085600
6108300
6067000
6071700
6060100
6393600
7170000
7182800
7133800
7200600
7197100
7208000
7146600
7139600
6285800
6273400
6418600
7821300
7170700
7145300
7158600
7155500
7144800
7145100
6564800
6062400
6080000
6083500
6096700
6083800
6112700
6063200
6075700
6058000
6108600
6098600
6087400
6124900
6076800
6153300
6079300
7419800
7224000
6103600
6104200
6305800
6349600
6092300
6132200
6771500
6064000
6110900
6092400
6063600
6078400
6072000
6089000
6078200
6136300
6100400
6073200
6087800
6103100
6087000
6086900
6086700
6118100
6124100
6090800
6075100
6101400
6033800
6084100
6114800
6061800
6110800
6088500
6097500
6091600
6116600
6094500
6098100
6645900
6114700
6073300
6140000
6073000
6079400
6123500
6068100
6148400
6099100
6081600
6105800
6094300
6103000
6078700
6076100
6108700
6063700
6088100
6087500
6404000
7156000
7208900
7166000
7267100
7167800
7184300
7153200
7212600
6417100
6344400
6365300
6291600
7611800
7153900
7256300
7170800
7228000
7167200
7169600
6143700
6062000
6102600
6074600
6088600
6074400
6071100
6097900
6090400
6086100
6071900
6062800
6086300
6080000
6112800
6070000
6107700
6103300
6046200
6177900
6065700
6305800
6068200
6052800
6121100
6704800
6107900
6123000
6148400
6075500
6086900
6097700
6076600
6131400
6070600
6095400
6110500
6078100
6100600
6077800
6087100
6098700
6107600
6091500
6084300
6081500
6090700
6133300
6103800
6091700
6059600
6103800
6074600
6158700
6094600
6076400
6099800
6074300
6602600
6070200
6080300
6101600
6073400
6193100
6088700
6139500
6085100
6080600
6101200
6070900
6270400
6065500
6083500
6089800
6069800
6098200
6060800
6086400
6072100
6049600
6092600
6066500
6105900
6068000
6056100
6109700
6245100
6378200
6087100
6085600
6865900
6068800
6843800
7183500
7272400
7232500
7157900
7177700
6828600
6037800
6120300
6057600
6062800
6096000
6081900
6080500
6066800
6089900
6090700
6085500
6089600
6109500
6209100
6065900
6116400
6084300
6092500
6041000
6102500
6129100
6119500
6071700
6243900
6724100
6097400
6076900
6053900
6054200
6050400
6050800
6077700
6098300
6071400
6107000
6082400
6059500
6082500
6070900
6177100
6063000
6104700
6087100
6119900
6126800
6075500
6129800
6084400
6132500
6090300
6089500
6152500
6173200
6324600
6305200
6070000
6099000
6758300
6169000
6095900
6086000
6086100
6084300
6086200
6080000
6052800
6091900
6072200
6107200
6051300
6076500
6112100
6081600
6085000
6098600
6060400
6093300
6080400
6094600
6078500
6114100
6865300
7150500
7166700
7188100
6703200
6041800
6089900
6099300
6818300
7151700
7166100
7182700
7153600
6614500
6064700
6061800
6090100
6029800
6085300
6047900
6035100
6070200
6059000
6106200
6069100
6025700
6061700
6047700
6083300
6090000
6066000
6226000
6042900
6089200
6059500
6034300
6092900
6071800
6134400
6046500
6078500
6699300
6060900
6131400
6068600
6101400
6060800
6057100
6106200
6053700
6122300
6069100
6099600
6063500
6085000
6116100
6036200
6120400
6055200
6093900
6091500
6053600
6155200
6051300
6060800
6142500
6091800
6086100
6066600
6370000
7199100
7184200
7217500
6935600
6636200
6207500
6070700
6095000
6072700
6064100
6122000
6077900
6085900
6078900
6067100
6067300
6061000
6066000
6090400
6097100
6104800
6074100
6050100
6053000
6080500
6114500
6061700
6059300
6101500
6061700
6191700
6058000
6278800
6293300
6285400
6300300
7005300
6084500
6056900
6202100
6100300
6414100
7182900
7175700
7165600
7165700
7189900
7202300
6083000
6053400
6096100
6058000
6089800
6106100
6057800
6101300
6072300
6092300
6070900
6096500
6146100
6099000
6144700
6075800
6126700
6346000
6095700
6149000
6099700
6691800
6115200
6165700
6078300
6081200
6092200
6101900
6113400
6110200
6104700
6085600
6092000
6105700
6227500
6081400
6097200
6106300
6062800
6096600
6090900
6101600
6060200
6089500
6079700
6082900
6073300
6018100
6127100
6233000
6346300
6388800
6327300
6326100
6589600
6126100
6070600
6180100
6093500
6064000
6109400
6047800
6107000
6094000
6114900
6096200
6071800
6142400
6103000
6151700
6100600
6143800
7667400
7773000
11139000
7169100
11000600
8470600
7242300
7257900
7165500
7318300
7203000
7263300
7198000
6804400
7150700
7159800
7178900
7147600
7166900
7195900
7163800
6652900
6146900
6099200
6150200
6106600
6059300
6083900
6088500
6178600
6053700
6100000
6083000
6086800
6129500
6062100
6157300
6081800
6082400
6125100
6079900
6170500
6139100
6330400
6142500
6076400
6175200
6797300
6135100
6083700
6102000
6078400
6084200
6094500
6084900
6095000
6115400
6105600
6305000
6071300
6101200
6081900
6067000
6228800
6084800
6080400
6080800
6069800
6099000
6079100
6138400
6063300
6075000
6098200
6116200
6184600
6121600
6081600
6104500
6059000
6663400
6083900
6070700
6084000
6056900
6097800
6069200
6084500
6089600
6079700
6058900
6063900
6085400
6089600
6130800
6083400
6096400
8828900
8981900
6066500
6075500
6080900
6058900
6118500
6062000
6067600
6124200
6100800
6481700
6075900
6104800
6193100
6928200
6612700
6098600
6125200
6100300
6083500
6157500
6108200
6144700
6151400
6084300
6100500
6078600
6121000
6094200
6052700
6146600
6092400
6124900
6121600
6069900
6226800
6077600
6086600
6088900
6051600
6088000
6035000
6110500
6312000
6065600
6119600
6101800
6830100
6074000
6056900
6120200
6058800
6103100
6062200
6193800
6060800
6111200
6087000
6031600
6087400
6070500
6090900
6108600
6091600
6101100
6076500
6088700
6108000
6119300
6101200
6076600
6065300
6121300
6077700
6083800
6111200
6072800
6044500
6049200
6067500
6568500
6030200
6091200
6029300
6178900
6080300
6049700
6092700
6084500
6173800
6068500
6045600
6112700
6069800
6148500
6099500
6117700
6123300
6100800
6135000
6100100
6070900
6119800
6101700
6113100
6059200
6060000
6066000
6310700
6317400
6296700
6315700
7039400
6044400
6057900
6078300
6077500
6069400
6125300
6045400
6045600
6900800
7226800
7207000
7208300
6349400
6092700
6378700
7189900
6976900
6101400
6065800
6092500
6055900
6094500
6102500
6048100
6104400
6057800
6066400
6074300
6119400
6763600
6346300
6275000
6837100
6166300
6050000
6125800
6107100
6139700
6085200
6083600
6100500
6060400
6121800
6099400
6063600
6125600
6061300
6115800
6091900
6179700
6083000
6082500
6158900
6111400
6829700
7163800
7285400
7185800
7271100
7169300
6649600
6129200
6233800
6055900
6074500
6625600
6062300
6133900
6097800
6110800
6049500
6066800
6194300
6072600
6121000
6062500
6075600
6051400
6052000
6099300
6054900
6062000
6053600
6085700
6074400
6037200
6079300
6060800
6064700
6103200
6058100
6050900
6068600
6230700
6267600
6098200
6094500
6860600
6074900
6102800
6081600
6134300
6078800
6127500
6067100
6062200
7038100
7162900
7179800
7174700
7141800
7168900
6591100
6088600
6139000
6086200
6087200
6109900
6060900
6113500
6129700
6079500
6117100
6063200
6072200
6099700
6078600
6122400
6039900
6093900
6791700
6083300
6080100
6076400
6156600
6100600
6085700
6167500
6112900
6106600
6078900
6070400
6111500
6075600
6067000
6069200
6080900
6157400
6112800
6085700
6109600
6067200
6067800
6098400
6066300
6064700
6036100
6141700
6143000
6259500
6276100
6279500
6310700
6556600
6090100
6052600
6071100
6038900
6124300
6063900
6082100
6055000
6095800
6065000
6043900
6085200
6023600
6064800
6053800
6002500
6084500
6036900
6065600
6036900
6074700
6097200
6078400
6101700
6118800
6116000
6110400
6134300
6649200
7185400
7215400
7761200
6071200
6067500
6058100
6087800
6086700
6023200
6052200
6099800
6090800
6035800
6030400
6070000
6068700
6095900
6049000
6080300
6075700
6087500
6080300
6024900
6110400
6054700
6075400
6067600
6075500
6057400
6059300
6100600
6117400
6074500
6074800
6015900
6650100
6043100
6089600
6118700
6112600
6079600
6058700
6116400
6056700
6069100
6113400
6068900
6113300
6079800
6151700
6063100
6056400
6100900
6063400
6060400
6046800
6104900
6052600
6053700
6111200
6074400
6101100
6065000
6238000
6052800
6070500
6095300
6067600
6641400
6121000
6102000
6101900
6087400
6100800
6111100
6080500
6103100
6086100
6072300
6085200
6088700
6100800
6095200
6091300
6148000
6045200
6039000
6073400
6048900
6130800
6063000
6117100
6111900
6070900
6099200
6069400
6277400
6081700
6065600
6108900
6711800
6107400
6083000
6194300
7243700
7187900
7160200
7217900
6107600
6052800
6090100
6049600
6091600
6075300
6097900
6075300
6026200
6081700
6081600
6084700
6075200
6106200
6052700
6084800
6051600
6073000
6062100
6100600
6128200
6302700
6284100
6308300
6337900
6754700
6394100
6375100
6540500
6308200
6269500
6148900
6170900
6176900
6140700
6192700
6300800
6364100
6371700
6286500
6662300
6306300
6185100
6318900
6264900
6354600
6209100
6265800
6049300
6082700
6069900
6066400
6039000
6126600
6326300
6274700
6279600
6040800
6546200
6104100
6072500
6118400
6064100
6240600
6118700
6063500
6143600
6064900
6117600
6036700
6040400
6119900
6091700
6735900
7364200
6597700
6080900
6154400
6072400
6080900
6132800
6092200
6061900
6065500
6119200
6083700
6342000
6334100
6352400
6297000
6981500
6463900
6082400
6103700
6036900
6098900
6086000
6076800
6121100
10885500
6427200
6166400
6619900
6326100
6137200
6332400
6084200
6121900
6096600
6219900
6827500
7149000
7165900
7156400
6307900
6061500
6052100
6076200
6054000
6292300
6307100
6324400
6278900
6640800
6062800
6000100
6081100
6052300
6058800
6052300
6076800
6091900
6040000
6202100
6062500
6070600
6093900
6058700
6047700
6045200
6080500
6068300
6088000
6127200
6051400
6099000
6060200
6097600
6062500
6016400
6070900
6170700
6335400
6323400
6430300
6278900
6645000
6077200
6069000
6107900
6059200
6083900
6061600
6077100
6120400
6088400
6138300
6085400
6183200
6069900
6099300
6085400
6090300
6120900
6078000
6080300
7098400
7134500
7200900
7211900
7217900
7174400
7285300
7216500
6405600
6128800
6082200
6060700
6747600
6094600
6091700
6048300
6081500
6022200
6077900
6030800
6054600
6051100
6041100
6084600
6054500
6073300
6116200
6073100
6087500
6065900
6104000
6046500
6076600
6114300
6055700
6136700
6060100
6410700
6086500
6087800
6185400
6308000
6340900
6294100
6381500
6737600
6078600
6078900
6089800
6096300
11247000
7041600
6191800
6079300
6076800
6105200
6071600
6089600
6065300
6075500
6070500
6039500
6095400
12388700
6106700
6080500
6048000
6127400
6022300
6090400
6112500
6081300
6071000
6216300
6334300
6334700
6255600
6120000
6722900
6122900
6052100
6049900
6085000
6072900
6086100
13133400
6255000
6126000
6042200
10912000
6072000
13839500
8273300
11367500
6100900
6103300
13281500
12830300
6977400
15857100
7118800
6112200
6101200
6057400
6062900
6053600
6321900
6052600
6087300
6093100
6835200
6111400
6059100
6101000
6062500
6125200
6079400
6070500
6076500
6064700
6091700
6045600
6091000
6083500
6035800
6138500
6071500
6035600
6065700
6064800
6089200
6039700
6097600
6048100
6039400
6072000
6016100
6055100
6169800
6383900
6307400
6306300
6321400
6570200
6050900
6060300
6079200
6106700
6089500
6113700
6068400
6061300
6088700
6092400
6063400
6077900
6027700
6066000
6070400
6116600
6060100
6096200
6090800
6104200
6671400
7192000
7158300
7180900
7177100
7190800
7113600
7236200
7123300
6086200
6061400
6771600
6060100
6158900
6046800
6072400
6100400
6085900
6128000
6087800
6058200
6098100
6088100
6345500
6062200
6114500
6091600
6059500
6118200
6075700
6124700
6067600
6095400
6089500
6082100
6124200
6082800
6122700
6064200
6097400
6110500
6068700
6092600
6077400
6940400
6544600
6295500
7411400
7249200
7160800
7139800
7201600
7209600
7196400
7155700
7274700
7162400
7154300
7147400
6712900
6121100
6107300
6082200
6078200
6117500
6118500
7743500
6536200
7118400
7532900
7239800
7182100
6821500
6092800
6037300
6087900
6022100
6586900
6005700
6067800
6218000
6085000
6073200
6066300
11138300
6113000
15291800
6270300
6123000
11663400
13107900
6167600
10748200
12764700
7233800
7169400
8952100
7885100
7168900
6042800
11441800
6107800
12141400
6685500
6480400
7559700
8643800
7372900
6177500
6869600
7297400
7192000
7204600
7172000
7243300
6140700
6106800
6095400
6088200
6114900
6091500
6105700
6096000
6085900
6183600
6078400
6162400
6087000
6118100
6082800
6091800
6144200
6092600
6147600
6082400
6106000
6106900
6133300
6798600
7170500
7198400
7150000
7314500
6058400
6092000
6749900
6098500
6167600
6070500
6129200
6079300
6128200
6128900
6088500
6118700
6050300
6102800
7204800
7176000
7199200
7193500
6948200
6086600
6136200
6048400
6195900
6070200
6093700
6063300
6081700
6322000
6320200
6263500
6131500
6074500
7990500
6076200
9438000
6114000
6094600
6068600
6112600
6103700
6105000
6090400
6070800
6136400
6099200
6125800
6109400
6123100
6113100
6073500
6915100
7139400
7182900
7189800
7198700
7307800
7200500
6840700
6098000
6100900
6296800
6372000
6088100
6101100
6798400
6097500
6110300
6078500
6082900
6091400
6067400
6243800
6344000
6161300
6133200
6151700
6164400
6108200
6179200
6753300
6128900
6134200
6123100
6095600
6062800
6089700
6081700
6156100
6094200
6124400
6106900
6094400
6161900
6323100
6301400
6282300
6267400
6837800
6108900
6141800
6118500
6137900
6146100
6085600
6215800
6135300
6218700
6077500
6050200
11013500
6203000
12111900
6134400
6092900
6131700
9452100
6104200
6053800
6077300
6068100
10976300
6060700
6087900
16275100
6293500
6371400
6543100
6092300
6424200
6121100
6700600
6101200
6084700
6090800
6094900
6112800
6095300
6030800
6086600
6091500
6123900
6073300
6082400
6105800
6055600
6117600
6383500
6470500
6346200
6370800
6135500
6065400
6072300
6051600
6054300
6088400
6053800
6054100
6285500
6282900
6297100
6067900
6768500
6027900
6040500
6042500
6049200
8873000
7296700
6299400
6090100
6106900
6092600
6113300
6115800
6093600
6087000
6109500
6072000
6108300
6124800
6185200
6078500
6052100
6074200
6062700
6076300
6073200
6049100
6112300
6128700
6314400
6266100
6320500
6257100
6744400
6162800
6091000
6120000
6083800
6113000
6090700
6081300
6192400
6080700
6157900
6069800
6252400
6090500
6085800
6097900
6059700
6112900
6082900
6100700
6074400
6052900
6146700
6155900
6184800
6080300
6139300
6077700
6266500
6454500
6339500
6103800
6065400
6564800
6094900
6076200
6070700
6080900
6049200
6077400
6073900
6105200
6089400
6043800
6057500
6073700
6074800
6052400
6039700
6082800
6047000
6093800
6085600
6008300
6057500
6008600
7174400
10352800
7480800
6387700
6167800
6301700
6148700
6090600
6105600
6694800
6080100
6071400
6055700
6124800
6073000
6116600
6056000
6085800
6098200
6049600
6081900
6079200
6100100
6073400
6044700
6003800
6034400
6083300
6030000
6030500
6028700
6008100
6082000
6056700
10678700
6065400
15057500
6868600
6551300
10944900
6126800
7340700
12063900
12417400
9627200
7216900
6957100
6051200
6054700
6228500
11316700
6070600
6103400
16650300
6081800
6088600
6110300
6115500
6090700
6083400
6369400
7150300
7178800
7157400
7342900
7156900
6955700
6052000
6093300
6075100
6211600
6207900
6106200
6055800
6818500
6109300
6101500
6094400
6186500
6379200
6142800
6052100
6077400
6075900
6089900
6094400
6092400
6065400
6052000
6059700
6086200
6100200
6118700
6116100
6077000
6107000
6127300
6075800
6096000
6060000
6109000
6081900
6082000
6087100
6065000
7028000
7148100
7433600
6063100
6135200
6067500
6124800
6075300
6087200
6138200
6090600
6092100
6082300
6075500
6105400
6094800
6138700
6081200
6084100
6114500
6084500
6126100
6078500
6104100
6139600
6091600
6180400
6088900
6083700
6145700
6098800
6150000
6077400
6110700
6081900
6743800
6106300
6079100
6201500
6056900
6083100
6043300
6058700
6156700
6074200
6722000
7176800
6712700
6052000
6090200
6104500
6074800
6698600
7171100
7211800
7165100
7220800
7171100
7186500
7138700
7014900
6058900
6096300
6073300
6089400
6075500
6089600
6838500
6104000
6105600
6170700
6113500
6092800
6107500
6055900
6164500
6112000
6101300
6436200
6072300
6101200
6048300
6228400
6114800
6067200
6057800
6038000
8140900
6059900
6091600
6087700
6089600
6097300
6065900
6080100
6076400
7424200
7520700
11253700
6207900
17443800
7202600
12506500
6097900
17639500
16298600
7848300
6713900
7223800
6455200
11684700
15442700
14339400
12565600
7179000
7185300
7195600
7164100
7150800
7209700
7160400
6233600
6103600
6122300
6112900
6072100
6104800
6078400
6201900
6316300
6328900
6303300
6297300
6749800
6081500
6120500
6091600
6051500
6101700
6075200
6125600
6099800
6065100
6093900
6071200
6106900
6081000
6089800
6104900
6080300
6093100
6082100
6133000
6062400
6110800
6090400
6079900
6099200
6071900
6082100
6100500
6154500
6085200
6072900
6101400
6716000
6076800
6093200
6099500
6087700
6098900
6107700
6135200
6119900
6084800
7171500
7135600
7576400
7134500
7235400
7196400
7180100
7119800
6128400
6088500
6140400
6586400
6100200
6091200
6033300
6138300
6065300
6089800
6101200
6087700
6141300
6081600
6202600
6742200
6089000
6077300
6094100
6108000
6061800
6116700
6080400
6068100
6045700
6058400
6078900
6070000
6076100
6086900
6111700
6073800
6052800
6088300
6044500
6051000
6062300
6046700
6149900
6088000
6343400
6062000
6058500
6185700
6048700
6104500
6090200
6087100
6693000
6116400
6111900
8669600
6087700
6087900
6026800
6062100
6097400
6023000
6079800
6055300
6078900
6070800
6153900
6088400
6113100
6083500
6051300
6116900
6098300
6088900
6076400
6054300
6269800
6080000
6110600
6064000
6070400
6151500
6048500
6058200
6744300
6086300
6038700
6060200
6076300
6080700
6082700
6069000
6169700
6057200
6073800
6098900
6056700
6219700
6054000
6121300
6022800
6065900
6117700
6014700
6043400
6037600
6062500
6099100
6035800
6069700
6119100
6106100
6148600
6090000
6110200
6101200
6113300
6690200
6107600
6062300
6084300
6115300
6057800
6108800
6074500
6099400
6065800
6066900
6086100
6059100
6060700
6195200
6101300
6086500
6094200
6123700
6086400
6141600
6097100
6155600
6071200
6094100
6117800
6150200
6121700
6235900
6295000
6289300
6248200
6235500
6585800
6057900
6055800
6044300
6047900
6049400
6040700
6068800
6086800
6010900
6018000
6057700
6036600
6187600
6033900
6074300
6211200
6062900
6130300
6024200
6047200
6104800
6040000
6054100
6092500
6061800
6065500
6103300
6190100
6074400
6130200
6105000
6783600
6051500
6035300
6049700
6072400
6088100
6065100
6047600
6093300
6051600
6093800
6075200
6021700
6068600
6031700
6105500
6043400
6006600
6016300
6009400
6089200
6056100
6031700
6032500
6048300
6036600
6032000
6079900
6096000
6115200
6130800
6070100
6121700
6705500
6117800
6077400
6091400
6128100
6042500
6148500
6048200
6084400
6100800
6063600
6115400
6045200
6073300
6071800
6062900
6058400
6067500
6071300
6046700
6092600
6065500
6070900
6083100
6080000
6070400
6068700
6066500
6245900
6310200
6258400
6300100
6262500
6565000
6051900
6069100
6163100
6054000
6287700
6124700
6092900
6079800
6076300
6153400
6081300
6194000
6085800
6081800
6141900
6093700
6128700
6081600
6075000
6225800
6068600
6077200
6089900
6057100
6100100
6065700
12233700
12011500
6716700
6073500
6065100
6848900
6058100
6097200
6085800
6063800
6103900
6077100
6056400
6058900
6079100
6110600
6067100
6062600
6046900
6065500
6122700
6048900
6045900
6090400
6045700
6055600
6050900
6072500
6084700
6054500
6094300
6058900
6084000
6106000
6310700
6356300
6274400
6310900
6805300
6115800
6073000
6057400
6076700
6042600
6050700
6043900
6077000
6185000
6042200
6130200
6070300
6046800
6055300
6019000
6058700
6022900
6071400
6052800
6068700
6078200
6041700
6074100
6072900
6074500
6016800
6051900
6080400
6040500
6027700
6007500
6031200
6553900
6085600
6091600
6092700
6113800
6061700
6090200
6038100
6095800
6054500
6098700
6059900
6065600
6121400
6006400
6514800
7184600
6919300
6104300
6089400
6080000
6061400
6140300
6077700
6078700
6103300
6080600
6091800
6280200
6320800
6294000
6304700
7039800
6068700
6125200
6077600
6117200
6075000
6092900
6111400
6066900
6127200
6062800
6063100
6106500
6077800
6120300
6057200
6162400
6052900
6042500
6164500
6104100
6098000
6044600
6146300
6191700
6270900
6193300
6086400
6077900
6281000
6295200
6061000
6098400
6756000
6113900
6071700
6038800
6041200
6076900
6061900
6060100
6101400
6176900
6080700
6046400
6090600
6087200
6076300
6107100
6060800
6083500
6053600
6063500
6060400
6029500
6097300
6006400
6066300
6061000
6027300
6177000
6045700
6024300
6019400
6037400
6200900
6655900
6060400
6117900
6232300
6077500
6082600
6099300
6091800
6129700
6117800
6084400
6167200
6042700
6093600
6023700
6062500
6031800
6026400
6063500
6087800
6072300
6152100
6076900
6121100
6064700
6125700
6029400
6065900
6077700
6042500
6060500
6016800
6077500
6574700
6085200
6109400
6067300
6119000
6081700
6140800
6085200
6094700
6657700
7172700
6897000
6060300
6062600
6081300
6055400
6076200
6041100
6024400
6096900
6025300
6073300
6021500
6020200
6059700
6028200
6228800
6053600
6313000
6050900
6017400
6072100
6730600
6156600
6044900
6038600
6094200
6073100
6099400
6073100
6096000
6107600
6072700
6040500
6020700
6006800
6144500
6085100
6102900
6051500
6044300
6050100
6032800
6047300
6068900
6026700
6036600
6059900
6042200
6016100
6074300
6306200
6217100
6272500
6025000
6569500
6088100
6070800
6059000
6073300
6020100
6113200
6058400
6091000
6063200
6114500
6070700
6065500
6078000
6057100
6046900
6064700
6095600
6084600
6108500
6105200
6047400
6085500
6132400
6119600
6106700
6060500
6074100
6204700
6058400
6105200
6119900
6096600
7255500
6085900
6075900
6082300
6066900
6037900
6033500
6046400
5997500
6075800
6030800
6023400
6029600
6059700
6052500
6035900
6046500
6011900
6014600
6067600
6055400
6019700
6075200
6033900
6075600
6071600
6119700
6065200
6334600
6233400
6262800
6263300
6727400
6160100
6024500
6073200
6075300
6041000
6042200
6023600
6130900
6038100
6009500
6045900
6019800
6090100
6090800
6065900
6084300
6064700
6547700
6062000
6057900
6089400
6092900
6101300
6091400
6066000
8156600
6040000
6222600
6035100
6018900
6043800
6074500
6577500
6050300
6077600
6039600
6065800
6129400
11052300
6073600
6068300
6128400
6060700
6118500
6059900
6063600
6094000
6053100
6035300
6017300
5993100
6122600
6061900
6062900
6062600
6099600
6062700
6020900
6061600
6008100
6232200
6322400
6072900
6510200
7094700
6107500
6076500
6066600
6062100
5996300
6192500
6001900
6046300
6066800
6182900
6061200
6041800
6038500
6040500
6026700
6065300
6029900
6050300
6030000
6075300
6022500
6078500
6066900
6038200
6099000
6073800
6033500
6065000
6070200
6058300
6020900
6052700
6895500
6065000
6144400
6056300
6159200
6062800
6029100
8154600
6074100
6126900
6080500
6091500
6075200
6122500
6116600
6081100
6115500
6096000
6095500
6099200
6140100
6068100
6095500
6066800
6103900
6051800
6208500
6094300
6165300
6055800
6022900
6059900
6056800
6583400
6074900
6064800
6102100
6064900
6085100
6115200
6041100
6116000
6055700
6037500
6946200
7296700
6905900
6306900
6218800
6172100
6152400
6046300
6068900
6119200
6145900
6135300
6118900
6055700
6026100
6008800
6060600
6163800
6173800
6181600
6234300
6804700
6074100
6040700
6066000
6021600
6050100
6047000
6039900
6073800
6023800
6068800
6068600
6097900
6057400
6040400
6072000
6031600
6327200
6032100
6024300
6075300
6062100
6077800
6025000
6058100
6060000
6010600
6034500
6053800
6271000
6266000
6248700
6270700
6717700
6048900
6042700
6026200
6048100
5995700
6035700
6050700
6030800
6042900
6016100
6071100
6047400
6005800
6055600
6029800
6048900
6013600
6069700
6015100
6049400
6038300
6061300
6073000
6041700
6039600
6075200
6052100
6127800
6300600
6006300
6068300
6015500
6482900
7128800
7084100
7202300
7084800
7115100
7148300
6490700
6024800
6050500
6004700
6027000
6068100
6018300
6038600
6012900
6036200
6143500
5994800
6053600
6007300
6036800
6077700
6014700
6055200
6010000
6103200
6063500
6281500
6123800
6007600
6083300
6684800
6067200
6060800
6062000
6616300
7159100
7135100
7147400
7085300
6058500
6068300
6130700
6049600
6032900
6027400
6039600
6059300
6029600
6080900
6042900
6046500
6039800
6029500
5998600
6047100
6042900
6009000
6059000
6077000
6321600
6210700
6240900
6290900
6696800
6044900
6006700
6078900
6006100
5989500
6016500
6058500
6132300
6069500
6016800
6056900
6049300
6053600
6063200
6026100
6037800
6014700
6078800
5998100
6035100
6054900
6027000
6030200
5992500
6039200
6085800
6031300
6176200
6015800
6001200
6032000
6054600
6565900
6071900
5998700
6107300
6069600
6077600
6073900
6073400
6071500
6073700
6129800
6124800
6085000
6134000
6081400
6124100
6079700
6143200
6080800
6088000
6119600
6073800
6198400
6052900
6105400
6109000
6075800
6069400
6288700
6456400
6237500
6245100
6838800
6045300
6057300
6031000
6044600
6056100
6042600
6082100
6054500
6137200
6077600
6099400
6070500
6860000
8721400
6067400
6601800
8529300
6183200
6111300
6248300
6126400
6133300
6144400
6105000
6142500
6121100
6099000
6148500
6295200
6344100
6348900
6085200
6743400
6073600
6249600
6070200
6106500
6049500
6024500
10189700
10397500
6087800
6105200
6043700
6112100
6029400
6069500
6069700
6025800
6063900
6074700
6058000
6136700
6017800
6041600
6027000
6069000
6078300
6036500
6047400
6173700
6223500
6385200
6213700
6241700
6517300
6081200
6129600
6094500
6125500
6110000
6020600
6016200
6033500
6049000
6022100
6010200
6007900
6024500
6034600
6017100
6054000
6021100
6043200
6010300
6039700
6082700
6016700
6092500
6038500
6060100
6065000
6056500
6331200
6293600
6255000
6315300
6985300
6075900
6093500
6067900
6064300
6059800
6098200
6065400
6098300
6057000
6057400
6089800
6039100
6224900
6082600
6067400
6611900
6187200
6119700
6086100
6135900
6051500
6044700
6068700
6061000
6025000
6037700
6063700
6108500
6026000
6100100
6064700
6085500
6626400
6054600
6085700
6063500
6056700
6079100
6076700
6115400
6117400
6090800
6108500
6087200
6094600
6051300
6045900
6051700
6027300
6095800
6051700
6051200
6084700
6029300
6752700
7169500
7147600
7108600
7132200
7117300
7149600
6469600
6253900
6300600
6263700
6480500
6067500
6257100
6050100
6077900
6028300
6021000
6052400
6007300
6051200
6018300
6026700
5999800
6107400
6049400
6075200
6045600
6069300
6046400
6021900
6100900
6107600
6131000
6082800
6067600
6130500
6033200
6041600
6129100
6022700
6207800
6163300
6809300
6024500
6020000
6024300
6012600
6183100
6031800
12284100
6012200
6038200
5984600
6076500
6073900
6059900
6084200
6052600
6132100
6061300
6057900
6061800
6086400
6134100
6022500
6016500
6058800
6087500
6102100
6051600
6188400
6271800
6377800
6292200
6310100
6662200
6092800
6084900
6074900
6030800
6037500
6149500
6088000
6076000
6010000
6026900
6100100
6082900
6083400
6126600
6084800
6021800
6048900
6054700
6068000
6143400
6103400
6099400
6042200
6097400
6105700
6105000
6066900
6257900
6372100
6298900
6462800
6336000
6540700
6113100
6064900
6106900
6071000
6049600
6072200
6088300
6117400
6081000
6416700
6074400
6061900
6111900
6086900
6124300
6089600
6126300
6052600
6078000
6178000
6038600
6088100
6071600
6014500
6018400
6033300
6097500
6297500
6255200
6272700
6312800
6882300
6070200
6069200
6015200
6041500
6043300
6091000
6032600
6003400
6025300
6090300
6078600
6155900
6075800
6066500
6126700
6061400
6074500
6092700
6058700
6105000
6053400
6139900
6059000
6057900
6144500
6049400
6063500
6113500
6349300
6281100
6084100
6112200
6842600
6461000
6766400
6180200
6086200
6209300
6078800
6081700
6097100
6065400
6145200
6087600
7141100
6050700
6148200
6058800
6072700
6250600
6058600
6355300
7167000
7217500
6081800
6117100
7024000
6094600
7540700
6103900
6266000
6308700
6451300
6317200
7473600
7555800
7248100
7174700
7161700
7150900
6693400
6061300
6105200
6059000
6050000
6096300
6089000
6115600
6104200
6146000
6121300
6113700
6442300
6094100
6292000
6064700
6057400
6129700
6076100
6097700
6123300
6099600
6144600
6337100
6162400
6078000
6045400
6951400
6056500
6171500
6094600
6138600
6056400
6075800
6223600
6074900
6108700
6114100
6077700
6030100
6040200
6056600
6095500
6055400
6055900
6061100
6080900
6079400
6102100
6100600
6066200
6044600
6034500
6020500
6082300
6068700
6098800
6088800
6078400
6067900
6735300
6081100
6132700
6075500
6071100
6150300
6065500
6144400
6095200
6047300
6110500
6063100
6130400
6055300
6111600
6083900
6049100
6101500
6041800
6057500
6048200
6014600
6130600
6057200
6117400
6036700
6049900
6033200
6083400
6054900
6047500
6103500
6092500
6691000
6045100
6031900
6040600
6151900
6096200
6054300
6050300
6033400
6074400
6031900
6029800
6072500
6050600
6550000
6069300
6081400
6055300
6116000
6057900
6028300
6075300
6042400
6094200
6042300
6069900
