1228300
1233000
1230300
1225800
1231900
1235700
1237000
1229100
1254700
1234000
1234600
1232100
1227800
1234800
1233500
1230600
1225500
1229200
1234100
1238900
1234900
1231600
1243000
1220200
1232600
1226700
1229700
1234400
1230000
1227200
1228300
1235000
1230600
1232100
1245300
1227100
1220700
1218500
1814100
1225900
1228400
1244700
1229100
1234600
1392400
1239900
1232700
1232700
1229100
1235200
1231800
1230000
1233200
1258400
1241800
1263600
1228300
1235500
1231900
1230900
1231600
1242200
1233200
1232500
1226300
1232200
1230000
1233700
1233000
1229800
1244400
1233400
1233300
1236600
1271200
1251900
1270900
1263700
1263500
1262600
1268700
1266400
1260100
1254900
1255500
1256600
1253100
1252400
1265900
1258900
1267500
1260900
1260600
1255200
1263900
1255100
1260900
1257200
1266300
1260600
1265200
1264400
1263600
1259500
1265000
1260000
1265600
1257200
1269400
1260400
1281400
1258800
1263700
1253800
1259500
1255300
1260500
1263200
1263400
1265200
1262500
1262200
1256000
1269200
1263100
1255600
1258200
1260700
1252100
1268900
1266400
1268800
1262700
1265800
1262100
1255500
1254800
1250700
1258700
1251400
1260100
1275500
1250200
1266100
1255100
1254800
1267800
1251600
1259200
1269400
1260900
1262700
1261300
1260500
1259700
1254700
1255400
1265900
1253600
1268000
1266300
1268900
1255900
1252600
1248800
1260200
1259300
1256900
1249200
1280100
1255300
1253900
1261600
1257700
1256000
1259700
1261200
1263000
1259100
1268700
1257100
1233400
1239800
1238800
1231500
1248100
1231400
1228400
1232400
1230300
1226000
1233000
1229800
1231900
1225500
1233100
1221400
1234400
1232400
1244200
1230700
1777300
1227600
1230500
1236900
1236900
1231100
1236700
1235900
1232800
1224000
1227400
1237700
1231800
1230300
1227800
1227000
1235900
1225000
1237600
1236000
1233700
1235200
1225700
1235300
1247400
1235400
1229200
1230300
1237700
1226800
1221700
1240100
1227700
1242600
1238600
1232100
1250000
1221300
1222800
1233100
1242200
1235400
1226100
1231300
1226300
1239200
1220200
1226800
1223800
1233600
1221000
1229800
1233400
1236800
1235700
1235100
1240300
1232900
1237300
1240200
1236000
1237800
1233700
1257400
1222200
1234100
1232400
1232900
1240300
1240300
1234000
1235100
1232200
1231600
1255300
1237000
1231400
1227400
1302000
1233900
1228500
1226500
1234900
1233100
1225400
1240600
1232400
1221900
1225000
1238700
1237300
1230600
1232800
1228400
1230700
1224500
1222500
1220500
1239100
1234700
1229400
1226200
1230300
1231200
1227800
1233100
1232100
1229300
1251300
1243600
1233100
1232200
1235300
1227100
1232100
1235700
1232200
1236800
1236300
1247300
1225700
1248700
1233900
1227100
1240900
1240700
1227800
1241800
1221700
1236700
1234800
1232600
1229300
1235300
1241600
1226100
1229700
1236700
1232700
1231800
1240200
1235200
1236800
1240900
1236300
1232400
1234200
1229600
1240800
1231200
1220900
1218700
1230000
1229900
1235100
1234500
1222500
1220500
1224400
1216500
1221000
1217300
1222700
1798500
1238400
1236100
1234700
1234500
1230500
1237500
1225600
1220700
1242100
1234500
1232200
1232400
1237300
1235500
1227500
1235700
1245300
1230700
1232400
1231000
1231900
1230900
1258900
1234100
1230600
1239100
1233400
1238300
1239200
1230300
1237300
1233800
1236200
1228400
1243700
1271900
1246600
1236300
1246900
1252900
1250800
1267400
1265700
1258100
1267900
1266100
1267300
1247300
1266000
1256200
1260200
1253000
1236100
1264700
1250900
1274800
1262600
1262500
1262900
1255500
1256200
1249800
1261300
1257100
1262500
1258400
1260700
1247700
1266000
1254600
1261100
1261000
1270400
1247900
1265100
1268100
1237900
1220600
1224900
1229300
1222000
1237300
1229500
1233400
1233900
1226700
1224900
1231300
1234300
1235400
1232100
1231600
1228300
1234400
1233100
1224900
1244000
1234300
1247200
1232900
1231600
1239800
1236700
1236700
1237500
1242300
1237200
1241800
1242800
1227300
1231300
1241400
1231200
1230700
1230800
1232300
1228400
1230600
1232600
1233000
1233400
1232000
1221900
1241000
1231700
1233400
1227900
1236500
1261100
1229500
1239100
1235800
1221500
1219800
1221800
1235300
1238800
1231100
1235700
1233300
1239800
1235300
1226000
1225800
1230000
1222600
1239300
1230600
1234600
1236200
1226700
1220600
1228800
1221100
1230800
1237200
1242200
1229300
1234000
1226500
1218500
1220800
1790600
1231400
1226500
1235300
1248700
1231900
1234900
1234900
1231800
1229400
1247300
1231200
1230400
1234000
1235200
1230100
1230200
1231800
1218700
1222000
1228600
1224400
1227000
1238400
1219500
1235800
1230500
1234000
1232000
1235100
1227400
1223300
1222300
1222900
1241100
1233500
1244700
1263300
1261900
1250100
1254800
1264900
1238700
1252200
1264000
1262700
1254900
1254900
1255400
1244100
1257900
1253000
1257500
1266100
1260700
1251700
1259400
1260600
1250200
1266600
1250600
1253900
1267600
1259700
1261900
1260400
1251400
1253400
1270200
1256600
1265100
1258800
1249400
1258400
1259800
1257000
1261600
1258400
1248100
1270100
1261600
1249000
1250100
1239800
1253600
1273000
1265900
1263300
1251800
1264500
1256400
1252200
1259100
1259500
1261400
1266700
1258100
1264300
1254500
1261400
1257500
1255600
1260300
1261000
1250700
1248200
1254400
1251200
1261700
1259100
1246100
1252600
1257600
1263000
1256000
1262100
1261100
1261400
1263700
1244000
1268200
1246800
1258800
1258200
1269200
1259500
1274200
1226600
1236200
1230200
1219400
1221200
1228600
1245000
1225500
1224500
1244500
1230000
1226100
1229400
1226800
1227000
1224200
1228200
1230400
1224900
1226600
1228300
1228100
1228200
1229300
1227300
1229700
1257700
1229000
1229600
1229900
1230900
1227200
1230300
1233900
1229400
1228600
1249500
1743700
1226900
1226800
1226300
1226700
1229300
1230000
1231900
1228000
1227200
1225600
1226100
1227600
1231300
1226700
1221900
1229200
1227300
1230300
1230000
1230800
1227800
1230000
1226600
1229400
1226800
1231500
1227700
1229300
1232300
1229200
1233000
1232900
1236400
1234100
1243600
1252500
1231400
1226800
1226900
1257400
1226800
1231100
1226900
1228300
1228100
1227100
1226200
1251200
1230000
1231100
1226300
1224400
1225900
1228500
1230900
1226500
1227400
1233100
1229500
1224500
1229100
1229500
1233200
1224300
1230300
1231000
1228500
1228400
1228300
1238800
1230700
1229400
1228300
1227200
1230700
1230500
1226500
1232000
1231700
1244800
1233900
1226900
1230700
1227700
1227000
1231400
1228800
1229100
1223200
1224800
1234200
1257600
1228900
1231300
1226700
1217200
1241500
1227500
1225200
1225200
1226600
1228000
1228900
1230100
1227900
1226700
1231500
1224900
1228400
1228100
1227000
1228600
1222800
1229700
1226700
1229900
1228200
1224900
1225000
1228500
1251300
1229500
1230800
1232000
1228200
1229000
1230300
1231300
1230100
1231900
1250600
1230600
1233600
1218300
1230700
1226900
1227700
1222700
1226200
1229400
1250800
1227000
1227600
1227900
1230200
1235100
1229800
1229500
1228200
1232900
1253000
1226600
1239300
1229300
1231700
1229400
1240500
1228000
1236700
1235600
1236400
1239600
1891200
1228100
1231400
1241700
1232300
1232900
1234500
1230900
1236400
1255400
1235000
1241400
1236400
1246500
1230300
1227600
1230000
1237800
1229100
1234700
1235000
1226500
1233100
1222100
1239600
1232300
1243900
1234800
1231200
1240900
1232600
1229300
1231300
1233400
1234800
1243100
1262900
1251400
1273800
1268800
1245000
1254400
1264200
1261300
1258100
1266800
1249600
1260200
1261000
1259500
1257200
1255900
1269600
1261500
1256300
1259900
1265200
1261300
1259700
1256800
1276900
1266500
1266200
1263500
1254100
1265500
1256600
1259700
1260500
1261400
1257700
1257400
1275900
1262600
1259400
1252900
1271400
1258600
1264300
1246700
1250400
1265000
1251800
1262300
1255100
1252800
1250600
1249300
1256000
1250400
1260000
1253800
1273500
1260100
1272400
1263000
1258200
1254700
1246100
1261500
1261700
1257000
1257300
1262200
1263600
1264800
1269900
1268200
1261500
1255900
1267600
1251100
1259700
1270400
1264900
1259400
1251400
1269100
1254400
1248200
1249700
1248700
1254300
1256800
1262600
1264600
1254500
1286300
1257700
1256300
1261800
1261100
1248800
1262100
1264000
1260800
1262800
1258700
1283000
1259100
1259900
1254400
1260900
1266900
1263100
1270500
1262400
1260800
1263600
1267100
1246300
1258900
1264700
1255200
1250300
1246900
1265800
1277200
1264700
1261200
1254500
1262700
1262200
1747500
1236500
1222500
1237400
1229400
1240900
1224800
1244500
1235700
1242000
1217100
1226800
1220900
1229400
1240300
1229400
1247300
1244800
1231600
1229400
1220600
1223900
1220500
1217400
1225400
1240400
1233100
1228600
1230300
1236300
1236600
1231500
1233800
1236200
1235400
1246200
1252300
1269400
1263400
1262400
1250000
1250900
1268300
1260800
1269100
1267900
1261400
1256100
1268400
1249100
1256000
1251600
1256600
1263000
1257200
1264700
1261600
1248200
1262100
1255400
1258400
1249300
1260700
1267600
1258500
1270000
1262000
1256100
1232600
1234900
1215800
1218200
1234800
1234800
1229500
1227700
1237900
1236400
1230300
1227000
1243600
1225500
1223400
1219900
1237900
1227900
1231700
1227100
1236600
1233200
1238500
1230400
1229100
1230000
1230100
1235200
1244300
1223500
1228200
1229200
1233400
1237900
1219500
1228400
1238600
1231800
1231000
1226400
1230500
1231400
1233500
1230300
1228500
1237600
1239200
1230800
1236000
1234300
1230900
1242100
1235500
1227800
1235800
1237700
1226400
1227000
1222900
1240100
1231300
1231700
1229400
1235000
1227200
1231700
1228400
1239800
1223400
1222900
1217000
1224500
1256300
1236100
1229700
1250700
1229000
1219700
1233200
1232200
1239100
1217100
1228300
1223800
1223800
1232700
1227300
1237100
1234800
1227200
1229400
1235500
1218900
1227300
1228800
1763400
1239500
1234600
1236400
1229800
1226700
1238100
1235300
1224700
1233700
1237800
1237300
1227200
1240900
1235900
1231900
1239000
1233700
1233800
1250400
1240000
1229800
1230100
1240200
1236200
1223000
1228300
1234200
1229700
1231200
1231300
1230400
1237500
1233100
1226800
1253300
1261500
1259500
1256200
1259700
1258400
1267500
1271700
1261800
1266400
1252400
1267000
1265400
1255200
1254400
1272700
1254000
1251500
1259300
1259000
1262200
1247300
1256000
1261800
1256900
1255600
1238200
1252900
1243000
1234100
1220700
1228000
1225400
1237800
1236200
1261000
1222300
1225400
1230300
1238500
1234300
1236600
1226800
1236300
1231100
1232200
1231700
1233800
1226200
1236400
1225500
1232100
1237500
1233800
1234000
1236400
1235500
1233600
1230900
1230000
1235700
1235100
1236200
1226400
1229800
1231300
1232600
1235900
1226100
1232500
1257500
1235900
1245500
1229800
1230200
1226600
1226300
1232000
1232200
1229700
1234300
1237600
1224700
1243700
1237600
1221800
1225500
1248100
1218800
1225900
1290100
1229400
1218500
1219900
1226700
1223400
1233100
1234000
1244000
1231100
1235200
1227000
1234000
1229700
1226900
1224400
1226900
1238800
1234200
1237900
1236600
1234200
1249100
1225200
1251100
1232600
1227000
1241000
1221600
1239700
1227200
1233700
1227300
1227900
1237200
1217400
1236300
1226800
1685200
1234600
1229800
1232200
1229000
1234500
1239600
1227300
1239200
1245500
1232800
1231700
1229300
1221100
1243000
1226300
1231800
1236100
1226000
1229100
1226800
1237300
1233300
1216700
1236300
1220700
1237300
1227500
1224300
1228900
1231400
1217900
1222800
1232500
1230600
1238700
1256300
1265800
1260200
1268500
1252800
1256200
1259900
1250700
1236700
1241200
1274500
1255800
1258400
1263400
1270400
1267800
1258700
1258100
1252700
1260900
1260100
1253900
1266000
1266000
1261100
1262600
1265400
1240900
1272100
1268200
1248400
1258800
1259500
1261500
1259400
1253600
1257700
1243000
1268100
1260500
1263200
1258600
1255000
1257900
1252100
1263600
1266900
1260300
1259000
1247500
1262600
1259100
1272500
1259200
1257900
1255500
1260200
1263100
1266000
1260300
1262500
1261900
1254100
1272200
1249700
1263200
1264400
1249100
1262800
1258300
1256900
1263900
1260800
1261200
1244000
1260400
1257700
1256300
1260600
1260800
1270400
1278300
1263000
1261300
1262400
1273200
1263600
1270800
1266300
1261200
1254800
1268300
1268300
1275200
1269200
1255700
1265700
1258700
1248600
1259300
1259700
1249300
1258800
1272500
1241600
1263900
1256900
1253300
1266800
1242000
1238800
1271000
1256200
1250100
1265600
1260300
1258500
1258700
1247400
1249300
1255600
1252600
1247600
1253400
1252100
1262100
1256300
1718800
1258700
1264500
1266100
1240200
1271700
1272800
1262200
1267100
1273200
1259600
1263900
1265900
1238900
1230200
1232700
1244800
1231400
1226500
1243300
1217600
1231900
1233900
1227900
1233600
1254500
1240700
1233800
1233400
1229100
1229300
1215900
1219300
1221100
1220500
1229900
1245400
1243600
1246700
1265900
1260100
1256200
1234900
1229700
1227500
1235800
1230000
1226700
1229200
1226900
1231200
1230600
1224600
1227600
1232900
1263200
1238100
1232800
1232500
1229400
1240000
1228000
1240300
1233900
1235000
1229400
1232700
1231300
1237500
1238900
1223600
1248000
1231600
1237000
1224500
1223800
1292800
1435200
1428400
1430100
1432800
1436500
1426900
1428000
1443100
1432100
1428300
1424700
1432900
1431500
1441800
1430300
1427600
1433500
1427700
1426200
1441800
1437300
1426600
1430700
1437000
1439100
1428100
1426200
1431900
1428000
1321800
1238300
1252300
1230900
1230300
1235200
1230800
1235400
1236300
1229900
1225000
1232500
1232100
1221100
1239100
1236000
1231200
1224900
1230800
1218400
1239100
1233600
1231000
1228000
1240000
1231200
1423600
1431600
1427700
1425000
1432500
1428800
1425300
1425000
1438100
1432800
1422600
1459100
1432200
1428700
1429500
1425100
1442700
1431200
1241100
1235700
1236300
1234800
1231400
1236200
1232700
1226600
1239200
1251800
1230700
1228200
1226900
1687800
1233100
1235000
1232200
1247800
1225500
1239200
1227400
1236200
1235700
1236300
1220700
1225700
1230600
1232300
1241700
1219800
1234100
1229700
1238400
1233700
1236000
1234500
1219900
1219000
1230800
1237800
1228800
1228100
1231200
1230400
1232500
1221800
1230800
1233900
1241100
1263400
1249900
1259800
1259200
1255600
1262100
1257400
1259000
1264900
1254100
1264300
1263800
1255000
1268100
1272500
1264100
1291300
1231100
1228700
1259600
1249400
1240700
1230600
1234500
1234700
1245700
1237100
1232400
1228800
1233300
1228400
1232900
1231100
1228800
1229700
1238500
1238100
1220300
1230600
1229300
1229600
1236600
1235400
1232500
1229200
1231600
1231700
1229700
1235800
1232800
1260700
1233300
1243200
1219700
1250900
1230200
1231400
1236700
1222100
1221000
1222200
1222400
1225500
1233200
1227600
1234600
1231700
1226500
1235800
1231700
1236300
1242500
1235700
1218600
1240100
1237800
1232100
1234600
1239000
1233700
1230700
1234400
1227000
1230300
1231300
1236600
1240800
1234800
1236000
1230600
1237700
1237600
1243200
1243200
1235300
1235300
1229000
1241700
1231600
1232800
1228900
1240600
1229200
1235100
1234400
1232100
1225200
1236000
1234200
1231900
1234800
1225700
1235300
1239300
1232700
1233200
1232500
1232900
1228500
1234600
1241600
1225400
1246300
1241900
1231900
1230500
1240000
1746900
1230900
1235100
1235200
1230500
1229000
1227300
1231500
1233300
1233900
1221700
1244100
1231400
1228100
1229300
1232300
1243300
1233300
1231500
1235100
1233500
1233200
1241200
1241400
1237400
1255300
1232600
1254900
1238200
1255200
1234400
1243000
1236600
1225600
1224700
1228000
1244700
1248200
1266000
1255100
1258600
1260200
1269900
1264900
1254800
1265800
1258900
1256000
1262600
1260000
1231400
1232300
1228000
1232700
1233300
1233100
1264000
1229000
1231500
1234700
1238800
1229500
1235700
1233200
1239300
1238700
1230300
1233300
1243800
1219300
1230300
1237400
1236800
1244000
1232300
1235700
1240000
1219700
1224100
1225100
1239100
1237600
1229300
1230100
1243200
1242100
1240300
1226300
1234400
1237100
1225900
1233300
1230800
1231100
1238700
1228200
1232300
1233000
1233000
1243100
1227800
1233400
1228800
1224700
1228900
1234100
1231000
1228600
1233200
1229100
1235100
1227500
1231000
1228400
1239300
1234900
1261200
1226500
1220500
1221800
1245200
1238100
1226000
1234300
1242100
1230800
1232800
1243700
1232600
1228900
1235000
1232700
1221000
1224100
1239000
1229600
1227500
1229000
1229900
1231300
1218300
1229400
1227000
1237800
1227400
1226300
1233300
1235000
1236600
1216800
1241600
1232800
1234400
1232700
1235900
1228500
1239300
1238100
1228000
1238900
1230700
1234700
1226100
1788500
1232400
1227700
1244300
1231900
1252000
1237200
1234200
1236900
1236600
1231600
1235400
1232100
1231800
1230700
1234500
1234300
1227700
1234400
1234400
1233100
1249200
1237900
1221200
1234300
1233900
1224000
1238100
1230000
1228700
1231600
1276400
1236500
1237500
1232300
1239300
1264200
1249800
1242700
1254400
1250200
1248700
1250800
1260400
1259200
1263500
1254700
1252000
1257600
1269000
1256300
1260300
1252900
1251500
1268400
1254100
1258100
1250100
1259700
1260000
1260300
1288900
1263700
1259600
1247700
1261800
1364200
1254300
1255200
1255000
1260400
1262700
1262700
1261600
1260100
1262600
1259100
1264400
1238000
1228200
1236600
1239100
1234400
1236200
1232300
1227700
1232800
1225400
1231000
1224900
1236300
1253500
1231900
1239300
1236900
1232400
1230500
1239900
1235300
1228300
1226000
1242700
1223700
1234000
1230700
1234700
1221100
1233800
1226800
1231100
1220100
1220600
1217200
1236700
1227200
1232800
1240800
1231900
1234300
1232800
1237800
1240800
1233500
1232300
1238300
1234900
1229900
1233900
1236100
1234000
1239400
1242000
1229100
1242600
1231500
1252500
1232300
1245800
1227000
1237700
1254700
1236600
1225000
1235300
1234800
1253100
1244800
1230700
1229100
1228600
1232500
1232100
1227900
1230900
1230900
1233400
1228500
1230500
1231300
1231000
1228300
1238900
1234400
1740600
1245700
1233400
1235300
1229100
1231200
1229600
1228900
1262500
1235400
1223600
1219100
1229600
1240400
1232800
1231600
1231900
1239200
1222600
1221600
1237500
1230900
1230600
1229000
1235600
1233000
1223300
1218900
1226000
1226600
1249500
1228100
1221000
1217300
1228100
1371600
1262800
1227000
1234600
1232500
1224100
1226500
1224800
1227100
1302500
1236200
1231200
1246000
1231300
1233600
1231000
1232800
1232100
1230700
1226600
1231700
1228600
1236800
1231400
1228400
1240100
1239600
1222600
1236800
1244600
1239900
1234000
1231700
1240500
1233200
1231200
1228600
1229800
1229800
1236600
1226100
1237500
1228600
1229800
1227300
1228500
1233300
1233600
1240800
1235600
1230100
1230300
1229200
1229900
1229700
1235600
1233900
1236800
1236100
1233000
1235500
1230300
1228700
1248500
1233100
1225500
1233100
1236000
1233000
1239200
1232300
1246700
1234400
1236200
1240200
1235800
1231600
1226800
1238000
1233400
1233700
1230800
1236400
1231300
1227000
1235900
1229900
1230800
1226000
1232300
1235100
1227200
1232200
1230900
1232800
1229000
1232400
1225000
1241400
1228200
1222600
1231300
1238200
1231500
1231200
1240800
1235100
1231800
1230100
1231000
1234700
1234500
1242600
1228000
1224100
1226500
1231000
1230500
1230600
1232400
1229800
1219700
1245100
1240000
1222100
1232100
1228900
1235500
1736100
1229400
1232200
1221700
1237200
1234800
1229800
1222600
1233800
1236300
1236800
1239200
1228500
1240100
1226600
1233100
1237400
1233400
1235400
1233100
1229600
1246500
1227800
1233600
1225900
1236100
1241700
1231500
1235700
1237500
1233600
1235900
1232900
1235200
1236700
1241300
1260000
1263100
1256600
1247600
1254200
1247500
1261000
1259600
1258200
1248400
1257700
1259900
1262700
1248900
1269500
1252600
1246300
1248400
1257300
1255100
1262000
1261100
1262000
1246700
1256300
1251400
1256700
1273000
1244700
1248300
1242000
1246100
1256400
1260800
1258500
1253500
1260500
1266500
1262700
1267000
1241400
1251100
1246400
1263600
1259500
1265500
1268800
1263900
1256700
1264000
1260700
1256700
1254900
1255900
1259800
1265800
1247800
1247700
1238200
1236400
1239000
1229100
1231900
1233600
1233300
1231900
1230700
1234600
1236800
1234700
1227500
1232200
1236700
1233800
1231300
1248300
1234800
1233500
1241800
1239800
1232700
1231300
1229500
1227800
1232200
1236600
1227100
1226900
1235000
1236600
1225900
1235200
1228400
1233200
1244400
1235900
1230800
1231500
1234900
1237500
1228000
1242000
1220700
1237900
1231000
1231100
1232300
1235400
1239000
1252700
1235600
1246500
1232700
1243400
1241700
1260600
1227600
1231600
1233300
1235600
1228800
1229100
1236200
1231800
1238400
1230400
1235400
1804200
1241900
1231800
1231600
1219200
1219800
1234000
1229200
1227900
1226700
1239600
1221900
1230400
1234500
1232400
1232200
1227100
1239700
1237000
1236300
1228300
1241000
1236700
1240100
1230300
1229100
1231600
1232700
1226000
1222800
1227500
1234300
1252400
1231300
1237600
1221400
1254800
1261500
1249900
1266200
1263700
1258100
1275900
1282100
1257800
1267900
1272700
1260000
1253300
1256100
1256100
1223700
1241700
1238300
1234000
1237800
1237700
1242700
1233800
1241800
1227300
1235900
1231200
1235000
1229000
1235800
1247100
1235300
1238400
1241700
1233200
1242900
1236000
1227400
1235600
1235900
1232900
1232800
1236600
1233700
1235900
1241900
1235900
1229900
1242600
1240600
1227700
1242900
1239400
1225700
1236900
1239300
1227100
1247200
1227700
1229800
1218900
1222000
1234700
1232600
1235900
1235500
1245700
1232200
1237200
1238300
1227700
1230900
1241800
1243200
1233600
1239600
1233000
1235000
1234300
1234200
1233800
1234000
1238100
1233900
1229800
1233300
1233200
1232100
1228500
1235500
1234100
1231200
1235500
1235300
1230700
1238900
1237800
1238200
1224000
1245800
1233300
1229900
1235000
1235500
1230100
1232400
1233100
1219100
1239000
1232900
1227500
1245800
1230300
1235500
1234500
1239700
1235600
1234600
1236400
1233000
1230900
1237600
1228400
1232900
1236700
1230600
1229500
1231200
1822100
1234500
1230600
1239600
1240100
1238200
1243300
1235900
1233500
1226200
1241000
1231500
1229600
1231800
1235300
1233600
1229200
1227500
1236700
1230900
1235100
1230400
1233100
1237600
1244400
1219300
1238700
1229400
1231700
1224600
1231200
1226200
1229300
1217000
1241300
1237000
1266000
1262200
1251400
1257200
1259100
1262100
1262600
1273700
1261700
1265400
1265400
1252100
1265100
1265300
1245500
1245700
1253700
1252200
1247500
1265500
1262000
1248200
1258500
1256800
1252000
1260200
1261400
1261100
1262300
1261200
1263100
1258800
1258500
1261800
1259000
1266900
1251900
1261000
1259100
1271000
1272800
1252400
1272400
1261200
1238600
1255100
1247700
1263800
1235700
1242100
1234700
1242100
1229400
1228000
1218100
1222200
1222800
1241900
1235700
1233600
1227300
1229800
1227600
1235700
1224400
1223600
1236400
1234400
1240900
1227800
1235500
1221800
1227800
1222700
1225900
1233200
1228200
1240000
1220200
1224800
1226600
1223600
1239900
1234800
1240700
1229900
1241200
1235800
1235500
1240400
1220600
1232300
1241300
1231300
1236900
1230100
1239200
1228900
1267000
1234500
1229400
1220200
1230900
1226800
1223400
1236300
1227700
1225800
1226200
1228100
1227600
1219300
1243400
1231100
1240100
1223400
1228600
1240200
1228900
1231300
1242100
1240800
1224800
1226900
1225000
1230500
1231700
1757600
1236600
1234300
1231000
1238000
1230100
1239400
1234000
1232100
1238300
1243900
1227900
1221600
1247200
1220700
1232500
1236000
1227600
1218700
1228200
1237500
1229400
1228300
1233600
1229200
1234000
1232000
1221800
1229400
1232300
1226800
1240300
1225800
1222600
1223500
1231600
1251100
1244400
1266900
1264500
1268800
1248300
1245900
1254000
1251800
1253100
1260900
1265300
1251200
1276700
1243600
1269800
1263600
1260400
1270500
1256500
1261400
1331700
1329200
1263700
1261600
1250100
1261200
1265900
1252900
1266700
1257500
1252600
1265800
1260600
1258800
1257800
1254400
1248900
1264100
1275000
1264100
1250200
1268700
1242800
1256900
1260800
1260700
1262200
1254400
1257400
1262200
1269600
1260900
1258900
1253200
1263500
1258900
1260000
1266200
1260000
1249100
1268700
1264100
1259200
1260600
1253100
1252400
1242800
1253800
1245400
1264600
1256400
1250900
1256500
1243400
1257300
1268000
1258200
1258000
1258800
1263500
1264100
1260600
1263300
1257600
1271700
1270200
1278400
1229800
1231700
1230100
1272300
1248200
1235000
1236300
1234500
1223600
1226800
1222900
1237000
1220500
1227700
1220700
1227200
1232100
1221900
1221500
1228200
1220200
1222500
1238200
1239100
1233200
1234000
1233900
1230000
1233500
1239100
1238500
1231600
1240400
1230300
1227800
1229200
1234000
1229500
1231900
1770700
1238700
1232900
1229800
1227300
1230800
1233900
1229300
1235100
1241800
1238100
1243700
1233000
1226900
1232500
1233400
1231700
1226900
1226300
1230800
1237000
1218400
1233000
1233900
1240900
1229300
1219300
1241400
1230200
1234700
1232800
1241700
1233600
1240500
1240900
1246700
1239200
1229600
1231300
1237100
1255100
1241500
1240500
1251300
1250700
1236200
1239900
1229600
1244300
1229700
1240400
1285300
1239000
1229000
1236000
1240100
1233100
1227600
1230300
1230000
1225100
1230800
1239500
1234100
1241500
1229700
1232600
1234800
1233500
1236200
1239600
1230700
1231700
1228900
1234300
1232200
1240400
1229500
1232700
1233900
1232800
1218400
1233800
1230800
1237800
1230300
1241300
1226100
1242200
1242300
1232700
1238800
1230700
1235400
1231600
1229900
1241100
1234700
1251100
1234100
1252300
1233700
1235200
1231300
1237800
1241200
1238000
1238600
1224000
1234000
1237000
1230900
1236200
1231800
1234700
1232100
1232200
1230600
1243800
1236500
1227500
1241700
1243400
1244400
1242900
1227700
1234700
1232700
1227100
1234200
1229700
1230800
1227700
1229900
1230300
1230400
1233600
1233100
1229600
1233800
1234100
1235500
1235300
1231300
1233100
1239900
1235500
1238300
1232100
1236500
1229600
1236400
1228500
1231900
1240200
1237400
1266700
1239500
1229400
1231600
1231900
1247400
1220200
1243400
1753900
1232700
1226700
1231600
1231600
1227100
1241100
1221300
1226700
1231000
1232800
1234600
1230600
1231700
1225000
1232300
1218900
1218400
1218400
1225100
1255900
1285400
1220300
1236200
1229500
1237100
1236400
1230100
1234000
1240000
1225600
1243200
1238000
1234800
1243100
1240600
1269000
1250000
1259000
1261500
1261500
1254000
1270700
1262500
1258100
1260000
1254900
1231500
1232100
1249200
1235900
1230700
1298600
1230700
1228300
1227400
1236700
1234300
1228500
1237600
1227600
1234900
1235900
1232700
1230100
1231300
1234100
1231900
1231100
1231800
1228700
1367700
1238400
1237400
1235600
1237900
1226700
1231700
1226500
1231000
1227400
1234000
1247600
1240500
1230500
1231700
1240200
1224400
1235100
1226000
1228800
1255100
1242600
1233900
1228500
1233800
1230100
1233300
1268300
1227200
1234800
1239700
1228500
1231300
1230800
1239500
1227400
1229500
1238300
1231500
1234000
1233700
1237300
1231500
1232200
1231000
1241200
1234400
1230800
1231500
1231800
1231800
1234400
1224300
1237600
1230800
1233700
1228800
1228800
1229400
1230600
1229200
1238900
1234000
1238200
1242100
1234200
1233800
1232000
1230400
1229200
1234800
1233900
1230600
1221600
1221000
1243200
1233000
1226700
1235400
1224300
1248700
1233200
1234600
1227800
1247300
1237800
1232100
1238200
1239000
1233800
1239400
1233100
1231700
1785000
1228200
1251400
1234100
1220800
1224700
1227100
1227000
1231500
1227700
1230400
1226500
1234100
1226900
1230500
1224700
1228900
1226700
1231400
1236400
1226900
1227100
1244200
1229800
1226800
1230000
1225700
1230400
1229800
1227200
1225500
1231400
1228800
1230500
1224400
1231500
1260600
1251500
1258500
1258300
1250700
1259900
1285900
1249500
1248700
1254800
1255700
1256800
1258100
1256400
1257600
1242800
1274500
1254200
1256700
1251100
1261800
1258100
1259400
1258200
1252000
1251200
1276000
1255900
1250400
1259000
1260200
1260000
1254000
1250900
1248500
1253200
1258600
1259600
1256500
1257700
1257700
1256400
1258700
1258500
1250900
1247900
1276800
1260900
1246800
1254800
1266600
1255200
1257900
1256900
1259400
1256500
1281500
1251000
1258300
1262600
1256000
1260800
1259500
1257800
1257900
1259600
1271700
1260200
1240900
1258600
1259400
1252300
1261600
1259400
1258800
1259800
1260600
1244700
1253400
1260300
1261800
1250000
1253000
1261700
1254500
1230700
1230900
1228300
1228800
1232300
1228800
1229300
1263400
1227800
1231300
1229000
1235300
1227400
1235900
1230400
1225700
1230000
1226100
1226700
1226000
1230300
1231800
1229600
1233400
1230300
1227900
1233000
1226000
1242600
1257200
1296500
1245800
1244500
1224300
1219600
1219300
1235100
1231600
1234000
1231700
1224300
1232200
1231300
1774500
1238400
1233400
1235800
1237600
1240800
1233700
1308200
1243500
1234100
1246700
1231800
1229600
1234600
1233100
1232900
1237800
1233200
1234500
1237900
1229100
1244200
1236700
1239600
1223500
1225500
1235800
1238000
1226200
1233100
1234700
1227800
1226200
1240100
1230200
1233000
1262000
1258000
1258600
1259800
1261800
1263400
1269000
1257500
1258800
1248800
1248000
1251700
1252900
1266600
1258900
1248100
1266600
1261500
1258900
1269800
1258800
1282400
1245000
1266400
1260500
1257600
1293500
1256600
1253900
1253400
1350500
1239800
1231100
1242200
1233500
1236400
1241500
1234000
1235800
1233600
1236300
1240800
1233500
1232300
1241600
1238500
1221600
1230800
1232200
1239600
1229200
1263000
1239000
1235000
1231200
1226600
1233000
1229400
1223600
1228900
1227800
1238700
1237300
1232400
1233900
1232200
1236800
1228400
1243500
1225400
1242700
1231100
1238200
1232500
1229100
1230000
1226300
1230600
1231800
1229300
1232700
1231600
1230800
1231300
1243700
1228500
1236700
1230100
1235900
1229000
1234400
1242000
1235100
1256600
1234000
1240300
1236400
1232400
1247400
1238900
1246100
1243400
1230700
1234100
1231300
1233900
1233000
1228900
1238000
1237900
1228800
1237800
1236200
1227900
1231700
1232800
1235200
1230800
1239500
1231700
1233200
1246200
1219000
1233300
1233300
1230400
1229200
1228500
1749600
1218200
1221300
1232700
1226100
1232500
1233100
1237100
1228300
1242400
1235300
1234100
1226900
1263200
1234600
1231000
1235300
1234400
1230600
1233800
1230500
1218000
1217900
1240000
1226300
1218100
1228800
1235500
1236900
1218700
1220300
1221800
1224100
1219000
1246400
1237500
1256500
1247100
1254000
1252200
1255100
1256100
1250900
1287500
1259800
1283300
1252500
1237300
1252600
1254400
1256300
1257200
1252200
1265700
1262200
1246900
1254400
1223500
1225400
1218000
1223600
1236300
1236700
1234400
1222000
1237800
1232800
1223700
1225000
1233300
1223600
1225400
1229800
1229100
1232400
1235100
1228600
1230900
1223800
1224500
1221600
1221200
1222800
1246400
1227100
1242600
1231700
1231000
1229500
1234000
1224900
1219000
1235600
1235800
1251600
1229900
1228900
1219300
1231900
1233000
1219400
1219300
1236100
1246700
1219000
1237800
1233100
1234400
1237400
1230600
1221800
1222600
1230600
1222000
1239700
1227500
1226100
1221200
1222000
1226400
1242600
1232700
1230300
1233000
1224900
1217600
1224100
1217400
1229500
1224400
1236700
1234500
1231000
1232600
1246400
1226700
1239300
1232200
1244300
1231400
1238400
1228900
1226500
1233100
1253100
1246600
1223600
1234800
1234300
1230900
1229800
1235400
1229400
1237500
1238200
1218200
1220700
1225000
1232200
1229900
1234200
1225400
1225900
1232000
1805800
1226800
1232400
1221700
1217200
1220100
1235700
1230400
1228500
1225900
1226100
1228400
1230000
1231000
1227800
1237200
1230300
1229400
1231500
1228200
1248800
1228600
1227700
1227300
1230200
1227000
1228600
1224900
1227900
1233500
1246100
1228900
1225100
1230500
1222900
1229800
1257800
1256400
1261500
1251400
1254500
1259200
1257200
1260200
1256900
1260100
1259500
1257000
1251900
1258500
1254800
1257000
1246400
1251900
1247800
1262600
1256900
1256800
1259800
1250600
1268400
1252400
1250000
1247600
1260900
1265800
1256900
1249800
1257600
1257700
1252000
1262700
1246900
1258700
1257400
1247300
1255300
1257600
1262600
1243900
1254900
1256900
1259400
1239200
1254400
1262400
1246600
1258500
1258700
1262600
1298500
1260300
1262000
1258700
1259400
1263300
1256700
1249400
1259800
1248300
1286400
1250200
1257200
1247600
1254000
1253000
1254900
1256800
1261300
1259500
1281200
1262500
1255100
1264300
1230000
1232500
1242800
1229000
1229100
1231000
1239000
1233100
1239900
1226600
1225100
1228100
1219100
1231300
1230700
1226000
1227100
1246100
1237600
1232500
1234600
1239000
1233500
1225100
1236600
1231700
1236800
1233500
1227000
1228600
1234200
1233500
1233800
1243500
1236700
1234600
1224400
1232700
1228700
1228600
1234400
1220400
1231800
1232000
1225000
1228500
1242800
1230000
1232700
1230500
1739200
1229400
1233000
1258800
1233700
1229800
1236800
1232600
1232100
1229900
1233700
1233700
1229200
1244900
1222300
1223400
1218900
1234400
1231100
1234500
1237100
1227800
1229800
1240700
1233500
1483200
1517800
1233600
1231300
1236400
1233400
1229000
1234800
1238900
1242400
1239900
1267700
1280100
1256600
1252300
1265000
1259800
1263500
1262400
1248900
1229700
1240300
1233900
1228700
1232000
1232000
1250000
1237400
1217800
1235200
1234000
1232200
1228300
1237000
1238800
1231600
1229800
1235500
1231400
1232900
1228900
1244300
1234400
1231300
1230600
1233700
1225700
1233500
1234400
1225700
1332600
1241600
1241200
1245600
1238100
1232900
1234300
1230000
1359400
1231500
1248100
1229600
1237900
1232800
1233900
1235800
1227800
1236300
1233700
1235500
1233400
1237800
1234200
1239200
1230100
1250100
1252500
1240200
1243900
1229500
1237600
1238200
1249900
1245700
1231500
1228800
1242500
1238000
1233700
1229200
1236200
1231000
1235400
1230100
1231800
1237700
1228100
1226500
1224400
1235300
1228500
1265900
1234700
1243200
1237300
1228900
1234300
1234700
1233800
1230500
1229800
1231700
1238500
1241800
1227900
1231100
1231800
1226600
1227500
1233200
1238400
1227900
1227000
1235400
1238700
1228500
1229400
1253700
1231000
1238500
1234300
1242000
1230300
1229400
1231000
1238800
1236500
1238300
1237600
1739600
1220200
1226000
1224800
1241400
1230200
1230100
1229100
1227600
1225100
1241600
1234600
1231700
1229800
1231600
1247200
1234000
1226000
1237000
1237800
1240400
1219700
1287800
1240100
1236700
1228800
1229000
1225500
1217100
1222200
1220000
1242400
1239300
1230900
1226300
1233500
1264800
1256600
1242100
1258200
1272100
1258100
1262900
1261400
1252300
1260800
1258400
1263300
1263500
1251900
1262200
1256500
1263700
1249800
1262100
1249100
1253500
1334800
1260000
1266200
1245100
1249800
1246300
1276600
1260800
1263300
1253900
1243600
1244100
1258400
1261200
1266000
1254900
1260100
1260600
1262100
1263000
1256500
1263800
1473200
1260300
1256900
1243500
1268100
1260100
1260800
1259100
1264200
1254000
1249200
1249500
1261800
1265500
1258500
1257300
1253500
1243800
1264100
1273600
1249400
1260500
1245700
1234000
1327200
1248600
1238600
1236100
1231800
1238600
1223800
1231800
1232500
1234300
1233900
1236600
1237600
1235400
1234800
1242300
1232900
1231100
1231400
1235300
1233100
1240700
1227400
1228800
1229600
1232400
1226300
1233300
1236900
1227600
1225400
1237200
1228500
1234800
1252500
1239400
1232800
1231700
1300200
1237600
1238300
1262500
1236700
1234800
1235800
1243200
1238300
1280100
1243400
1236300
1241500
1242300
1252900
1234800
1231600
1232400
1237800
1230900
1225600
1230200
1241200
1724900
1232200
1238800
1236100
1229800
1234500
1241000
1235800
1235200
1232400
1235500
1231300
1227600
1231100
1234600
1226900
1225700
1234700
1228400
1232800
1227100
1229200
1234700
1228800
1231000
1229500
1223500
1230400
1241400
1233500
1233100
1270100
1542100
1230100
1233400
1241200
1244900
1257400
1286800
1264100
1261000
1268100
1236500
1231200
1237600
1237100
1236000
1232000
1228100
1238300
1232100
1231700
1234200
1238100
1233900
1233700
1243100
1232900
1232500
1228300
1233100
1233900
1239000
1227100
1230900
1233600
1227100
1241100
1217400
1222600
1218800
1221800
1241800
1221600
1252800
1233700
1227400
1231700
1238700
1236600
1233100
1230800
1237200
1229900
1231200
1237300
1231100
1237200
1231000
1234700
1222900
1231500
1237000
1238900
1226800
1234100
1231100
1235800
1236900
1232000
1225300
1230800
1227800
1233900
1234700
1225000
1220000
1219100
1229300
1222300
1217100
1242100
1227400
1233300
1233500
1236200
1225500
1239700
1240000
1239800
1234500
1232900
1241500
1233600
1239300
1222900
1240900
1237400
1236600
1234600
1220800
1232600
1235600
1225600
1228400
1230300
1230600
1229500
1228000
1230500
1227900
1238400
1227000
1234200
1227100
1222200
1222400
1238800
1236800
1239100
1229700
1239300
1228000
1250300
1240200
1228300
1239600
1226600
1217800
1220200
1223200
1233700
1217900
1215200
1731900
1220400
1221400
1221000
1228700
1234500
1229000
1232500
1234100
1234400
1236300
1239200
1236500
1237600
1238800
1234200
1235800
1241000
1214000
1239300
1232600
1228500
1224100
1237700
1239500
1230500
1240000
1245900
1223800
1233800
1231300
1239200
1235200
1232500
1230600
1244500
1271800
1263800
1228100
1254800
1250700
1252600
1266200
1257000
1258800
1262300
1270600
1253000
1248900
1252000
1242800
1262400
1262600
1256500
1277500
1252300
1245100
1219700
1222500
1225400
1236700
1239600
1225500
1236900
1231800
1238600
1218100
1223300
1221100
1233900
1224500
1223400
1219700
1220400
1228700
1245900
1235500
1227800
1237200
1237600
1225800
1233100
1248100
1223200
1219300
1216900
1218400
1223500
1235100
1226100
1233400
1233800
1232100
1232500
1229700
1253400
1218800
1222100
1228500
1222800
1224900
1217700
1218800
1220100
1223300
1225100
1225200
1235900
1236200
1242600
1219900
1227800
1236000
1232700
1233600
1228500
1221700
1221000
1242800
1230100
1233200
1225900
1224300
1218800
1229700
1225500
1225600
1222100
1220400
1223500
1241700
1227400
1242500
1228900
1229200
1221900
1221400
1226800
1223300
1219100
1216100
1227000
1219900
1217800
1225500
1225500
1279100
1424000
1434600
1425600
1424500
1414400
1415600
1416000
1422200
1417800
1413800
1416900
1420200
1429100
1427400
1428700
1429300
1435800
1923900
1415300
1423000
1434200
1424900
1421700
1415200
1419100
1429300
1426200
1435000
1428600
1234200
1231100
1239200
1239800
1263300
1239300
1241300
1248500
1243200
1231500
1255300
1254300
1249400
1240600
1249300
1238000
1236300
1235100
1235400
1262200
1232500
1266600
1227000
1232100
1263600
1243600
1259800
1251600
1352500
1266400
1262800
1269900
1263700
1262500
1247600
1295400
1260200
1262000
1263100
1263000
1263200
1261300
1259200
1262500
1245800
1245100
1251900
1257300
1246200
1255500
1261800
1264800
1265500
1263200
1249200
1252100
1257900
1264100
1249300
1252300
1253900
1260600
1251500
1238500
1235400
1237600
1236400
1231100
1228400
1229800
1231800
1241800
1238500
1238800
1241000
1229200
1242400
1237600
1230200
1232600
1232300
1235100
1231900
1229000
1233200
1252700
1233000
1226000
1228200
1235700
1237400
1217500
1220300
1222100
1224600
1233200
1232800
1233300
1224800
1236100
1232800
1236600
1226000
1233600
1235900
1231100
1241200
1218300
1223200
1229300
1230400
1233900
1229200
1223000
1222200
1220400
1240700
1235700
1228100
1236900
1218300
1217700
1224500
1219200
1219500
1237400
1228900
1227100
1218300
1222900
1234700
1231300
1226600
1235700
1224700
1231900
1215800
1225300
1229100
1250000
1230300
1235300
1235900
1231000
1265500
1233500
1235800
1233500
1236900
1232400
1229300
1252000
1768900
1231100
1230900
1241500
1238500
1233800
1243100
1229600
1235500
1233500
1225900
1220700
1249600
1221900
1223400
1241700
1234600
1241500
1225000
1224000
1229200
1231400
1231700
1234900
1232400
1227900
1238800
1238100
1231600
1238600
1231300
1223400
1219000
1245900
1220100
1230500
1250200
1240500
1267000
1255900
1261000
1260900
1254500
1253100
1249700
1266600
1260000
1267100
1246700
1251600
1258700
1253500
1269500
1286200
1258300
1260600
1263600
1252000
1249600
1260900
1243800
1254100
1249800
1259400
1252400
1253400
1249900
1261700
1244300
1261600
1261400
1261000
1271600
1241000
1254600
1248500
1245800
1229100
1231100
1230900
1226800
1229000
1225400
1225500
1217300
1222500
1221900
1220500
1235800
1228500
1229900
1226700
1234000
1245900
1223900
1233500
1221500
1233100
1235400
1240900
1224700
1224100
1223300
1258300
1233600
1234800
1231800
1219800
1231800
1228700
1231200
1228500
1217100
1237400
1223000
1221600
1217000
1221500
1218700
1220100
1227500
1230000
1232100
1235000
1220800
1216800
1218400
1250500
1249000
1234000
1236200
1235000
1234000
1227800
1238500
1231000
1229200
1230400
1229900
1225700
1231200
1230900
1233200
1249800
1236400
1230700
1237300
1238800
1227900
1236700
1234700
1231000
1231200
1240600
1223800
1220300
1222200
1227200
1225700
1233000
1235800
1235500
1229600
1226400
1768400
1237700
1233700
1238100
1236200
1230000
1234600
1229100
1228000
1225300
1221800
1221300
1216600
1214300
1238400
1229600
1230100
1217300
1219800
1248400
1227700
1226700
1236200
1237500
1231800
1235500
1230100
1232400
1238800
1223700
1232600
1221700
1225400
1220000
1223000
1239700
1262500
1257200
1252400
1250700
1255200
1264500
1253100
1276200
1268600
1253300
1251000
1311200
1262100
1266100
1246100
1238300
1253400
1243800
1248700
1264100
1254400
1264300
1247800
1220500
1214900
1225100
1205400
1218900
1216100
1214200
1208200
1221400
1208100
1213200
1218300
1219500
1257200
1220300
1215800
1215900
1215200
1204100
1250200
1215500
1219900
1215300
1239700
1218700
1215500
1218900
1217700
1213500
1240400
1216300
1210300
1218700
1205300
1431200
1431100
1435400
1431800
1428100
1425900
1439500
1428300
1425800
1442100
1443000
1432600
1423600
1434600
1428100
1428300
1433500
1435600
1432500
1443700
1435400
1435000
1430500
1446100
1436400
1433000
1429700
1440600
1447700
1433400
1429600
1460100
1435800
1439600
1430700
1430500
1431300
1283800
1213500
1219900
1217600
1218700
1224900
1216400
1206500
1218400
1218200
1222600
1211100
1229200
1206100
1221900
1230000
1205700
1213300
1227300
1213900
1240800
1210200
1220300
1216500
1217300
1222100
1209400
1214800
1217100
1215800
1232200
1221600
1208500
1216500
1220400
1215200
1207700
1217400
1215900
1219900
1223900
1232300
1222600
1255400
1264700
1264000
1259600
1262100
1215400
1217800
1219600
1246800
1224400
1206400
1226200
1205700
1215700
1222400
1213800
1214800
1211800
1232100
1214800
1215700
1237400
1219200
1264000
2047400
1212200
1220000
1218800
1258600
1240800
1217300
1217800
1215700
1217300
1219500
1216500
1216100
1220000
1216500
1239900
1217800
1214500
1218600
1216800
1219100
1217600
1206400
1210500
1215200
1216700
1240600
1213100
1215800
1219400
1215100
1215100
1213700
1217100
1222300
1210100
1244200
1230100
1216000
1277600
1215500
1218700
1216700
1214200
1203600
1215100
1243800
1214900
1241000
1218800
1218000
1215700
1216700
1218200
1221700
1217000
1255800
1216400
1216400
1297500
1213400
1215800
1215000
1217200
1215800
1220400
1241300
1213800
1216300
1212200
1274200
1224500
1221400
1219200
1215700
1223900
1217000
1205500
1218000
1219600
1237200
1217700
1218900
1212700
1217300
1210900
1253600
1218500
1223900
1211500
1265400
1214900
1209900
1215400
1211900
1217100
1241900
1214400
1213800
1207900
1209700
1242000
1215900
1222300
1222600
1208500
1244100
1215700
1217500
1214600
1217800
1218600
1235800
1218500
1222600
1217000
1240300
1219000
1215200
1219900
1215100
1215200
1213100
1224800
1216900
1214100
1245400
1223900
1214400
1216000
1219200
1209400
1222100
1223600
1215800
1217500
1215900
1214300
1216600
1247200
1261100
1257800
1214500
1214400
1254800
1210800
1212200
1225800
1214600
1213400
1210200
1216200
1211400
1215800
1209900
1314800
1229600
1217700
1211000
1210300
1253900
1211200
1219800
1768800
1211700
1274700
1246000
1217400
1210200
1210800
1214000
1209200
1210100
1213700
1216100
1208400
1279500
1217700
1220100
1222700
1213400
1208500
1207400
1212900
1216900
1219400
1241900
1217700
1220200
1222000
1215700
1214500
1218600
1221400
1215600
1215200
1212000
1220400
1221100
1218800
1222000
1207900
1215800
1209300
1202200
1219600
1218700
1246300
2461800
1208800
1215300
1222000
1219100
1214400
1214400
1218000
1218100
1215200
1383200
1214400
1211200
1217500
1214300
1210500
1211000
1225000
1239900
1214200
1258800
1214000
1210600
1209400
1208500
1214300
1212500
1220200
1239800
1213300
1222700
1284200
1214600
1216600
1199600
1201900
1212800
1220600
1229700
1213900
1223700
1209100
1372900
1222700
1211000
1213500
1223000
1216400
1217800
1211700
1221100
1202600
1214500
1253000
1216800
1207700
1214000
1206700
1259400
1216500
1208000
1212200
1214000
1238600
1211300
1215300
1210200
1210100
1212100
1264900
1209700
1206900
1208900
1210700
1226900
1215200
1214900
1215400
1210000
1243200
1211200
1218600
1213300
1220800
1232400
1215100
1212800
1213100
1211800
1233900
1220200
1212300
1232900
1211600
1239300
1225800
1214900
1219000
1213900
1245500
1203800
1210900
1215700
1225900
1212900
1219000
1228800
1215000
1216900
1212000
1210200
1214200
1215300
1200600
1209900
1213800
1215300
1243500
1782100
1242500
1205100
1216100
1221800
1204400
1215900
1218200
1215800
1232900
1220900
1242300
1217100
1218900
1213200
1203000
1218000
1217800
1205000
1220900
1225900
1220500
1214400
1223000
1212600
1213200
1220800
1216900
1204000
1205900
1219300
1213800
1236100
1228600
1211600
1212200
1215700
1213000
1210200
1214000
1216500
1358800
1360800
1202800
1213100
1212500
1220100
1210600
1213100
1216100
1209100
1200800
1234600
1210700
1209600
1215200
1216500
1214000
1210800
1213500
1212600
1214200
1263500
1212300
1213100
1213100
1210000
1210700
1211200
1201000
1210100
1219600
1239900
1229600
1206200
1222100
1209900
1215200
1213000
1210500
1210600
1209500
1239200
1209800
1213100
1213900
1210400
1217300
1213700
1212800
1213900
1216600
1205900
1209700
1213500
1214600
1211200
1211400
1226500
1199300
1211600
1212500
1212100
1238600
1215400
1230900
1206300
1220800
1217300
1219700
1214600
1215900
1220000
1238800
1218400
1217400
1221700
1223900
1217400
1213500
1213900
1210500
1214400
1225700
1215000
1215100
1229700
1220300
1218100
1216500
1204700
1205200
1219100
1220200
1221200
1216200
1213600
1247200
1225500
1241000
1279400
1256600
1270800
1274200
1224800
1213200
1214400
1217200
1245000
1215500
1221000
1222300
1217700
1249300
1209700
1216800
1213800
1222400
1215800
1225100
1216400
1215500
1215000
1767700
1211500
1219600
1222900
1218600
1211400
1236200
2480000
1215700
1244700
1222000
1216600
1215300
1219400
1224100
1214600
1217500
1212900
1210100
1199300
1209300
1211800
1210700
1214900
1226400
1216500
1255100
1209400
1201800
1223600
1241400
1215700
1216000
1214900
1215400
1216200
1213000
1426500
1222400
1211900
1217100
1213300
1216800
1215100
1222900
1218700
1218900
1203400
1232200
1216800
1243400
1212300
1219900
1213300
1218100
1215600
1217500
1217300
1222600
1213000
1237100
1215600
1218000
1215000
1216200
1208600
1206300
1207100
1216900
1216600
1241500
1222100
1207600
1212900
1212500
1208900
1210900
1218800
1217200
1217700
1248800
1218700
1226800
1215900
1209100
1218000
1216400
1204500
1220000
1218600
1215400
1239900
1215000
1218300
1214100
1217500
1222600
2463700
1953600
1260700
1226600
1221300
1219700
1215300
1213000
1208000
1219700
1205000
1821400
2487300
1226900
1218700
1215000
1218200
1224800
1218300
1215600
1210800
1238300
1214900
1232300
1220500
1215100
1218200
1213800
1210100
1210100
1225300
1216200
1213700
1226000
1217200
1215700
1209300
1218500
1220900
1215200
1224400
1204600
1266400
1275500
1261500
1258600
1269100
1218800
1216700
1217300
1220900
1214500
1235100
1370000
1219000
1216400
1219000
1215800
1216100
1220300
1219600
1214100
1243700
1218200
1261200
1207500
1748100
1211500
1210600
1214700
1211100
1229800
1212100
1251600
1211000
1202500
1223000
1211600
1211300
1215300
1216200
1216600
1218700
1216400
1244800
1205900
1222600
1217200
1207400
1223300
1217600
2469100
1218200
1234900
1217100
1218700
1221400
1216500
1217800
1223300
1259800
1215100
1217200
1246200
1213900
1211900
1216800
1219700
1205600
1218900
1218600
1215200
1213500
1219200
1218000
1222600
1214400
1217800
1219300
1207200
1216300
1241000
1217500
1215900
1352700
1226200
1213200
1216900
1222000
1206600
1204500
1241700
1217700
1215700
1238100
1216500
1221500
1217400
1222900
1213100
1215300
1240900
1213500
1205800
1232900
1217400
1213000
1207600
1215200
1221900
1218300
1226700
1208600
1218700
1235900
1213300
1219000
1223300
1221100
1213300
1217400
1216800
1221200
1215500
1221500
1269800
1217000
1219700
1216400
1216300
1222800
1221200
1245100
1215500
1208800
1215900
1291900
1221800
1216000
1210100
2469400
1212300
1218900
1214400
1212300
1207600
1273200
1207300
1214600
1210000
1220700
2497000
1214700
1214000
1221900
1239900
1216100
1398900
1344300
1200200
1336800
1212100
1219200
1219900
1216000
1263900
1268300
1259700
1259900
1285000
1269500
1260300
1213900
1223700
1217100
1226400
1229600
1214500
1217900
1216300
1216200
1214700
1214600
1217500
1202400
1215800
1243500
1213500
1214900
1754600
1215800
1212400
1220500
1216800
1207700
1207200
1212900
1227300
1217600
1243300
1214300
1213700
1217500
1217600
1218200
1209700
1215400
1215100
1222500
1235700
1215500
1217800
1208300
1216000
1215100
1214600
1213600
1207700
1245000
1224900
1216400
1213500
1224100
1210800
1221500
1217200
1210700
1217900
1210200
1235400
1208400
1214100
1213900
1213800
1208600
1213700
1211000
1213400
1214700
1220100
2019600
2159800
2154000
2153100
2157600
1474500
1217900
1225100
1205300
1213100
1212800
1228200
1210800
1223300
1219700
1218900
1272500
1233100
1220300
1227400
1203300
1477000
1211700
1216600
1219300
1214900
1942800
1242600
1217000
1217000
1217300
1222800
1218200
1202700
1210000
1220600
1216600
1217300
1333600
1211000
1216200
1209800
1211600
1213100
1223200
1219100
1213100
1222800
1201100
1217900
1203500
1211200
1201700
1217400
1217000
1245100
1215700
1227500
1443100
1495800
1206100
1216300
1219300
1222600
1199700
1242700
1212000
1219300
1212900
1232900
1218600
1214800
1203000
1222200
1216200
1221700
1217000
1207400
1204500
1217200
1480800
1217800
1218200
1219300
1214900
1216100
1210200
1216400
1236100
2400000
1299900
1706800
1225600
1252100
1212300
1200500
1215500
1211700
1213600
1214300
1432500
1433500
1438600
1433700
1436900
1430700
1424900
1427100
1442700
1427700
1428800
1472400
1965400
1216900
1206900
1213700
1214600
1260100
1220400
1222800
1220800
1216200
1227100
1219700
1213800
1222200
1219800
1261900
1218400
1208100
1246000
1204100
1216500
1215000
1215400
1225700
1214400
1761000
1631700
1468500
1428900
1435300
1504500
1667400
1468200
1485900
1524400
1524400
1556700
1467100
1428300
1434400
1473600
1468100
1463600
1454000
1447200
1492200
1468400
1449400
1456600
1499900
1526100
1540500
1548000
1447400
1217600
1213600
1219800
1210100
1201600
1216800
1209200
1274000
1226600
1216500
1213900
1223400
1212900
1214300
1211600
1213500
1212000
1209600
1437900
1427100
1431100
1439100
1423400
1423500
1427500
1425600
1455700
1430500
1428900
1435400
1426100
1458200
1425500
1429300
1431100
1466300
1406700
1221800
1215900
1215200
1216800
1216900
1212300
1214700
1215400
1237700
1217200
1237400
1218100
1215600
1212700
1232600
1208800
1215800
1222500
1244600
1216300
1216700
1245600
1214400
1223300
1214600
1216500
1216600
1216700
1217700
1215800
1216500
1219100
1236000
1213600
1214800
1217800
1210100
1215000
1216300
1219200
1218100
1216000
1221200
1209600
1216300
1203500
1219100
1215600
1234500
1220600
1214400
1205500
1216300
1216100
1222500
1215900
1220600
1214700
1243700
1220500
1216300
1216200
1205300
1216900
1238900
1219400
1221100
1219700
1205900
1219000
1218800
1214800
1841500
1215000
1216600
1235700
1215300
1222200
1244600
1218700
1208700
1210500
1218600
1213900
1206500
1217600
1233100
1218400
1220200
1218400
1215900
1215800
1217800
1216600
1209700
1220800
1214500
1226700
1218900
1223900
1216500
1218200
1217600
1213300
1214500
1215800
1203700
1293900
1226700
1222300
1219500
1223000
1210400
1214400
1214500
1213600
1218700
1216500
1330200
1222400
1217100
1218000
1215300
1215600
1216900
1213700
1215300
1217600
1225600
1236400
1217500
1211300
1216900
1213000
1216900
1216700
1217500
1215100
1221500
1235900
1216700
1218800
1215200
1217300
1223100
1214200
1216100
1214800
1214800
1216500
1213900
1215400
1210100
1212300
1215500
1211200
1218100
1221900
1210800
1212600
1253600
1219100
1223700
1224600
1206100
1206200
1216400
1213100
1208000
1214500
1242300
1230600
1219900
1219600
1211000
1213500
1220500
1220200
1214100
1216600
1242900
1233400
1210200
1222100
1213400
1203000
1214000
1211100
1210800
1214400
1238600
1212100
1236900
1202200
1211100
1210900
1213600
1213500
1220200
1210700
1209500
1212600
1200500
1223400
1211400
1210100
1213300
1203300
1203000
1215400
1212000
1280000
1263500
2062100
1252500
1258500
1265600
1264100
1263100
1208200
1239600
1214600
1213400
1211500
1252700
1225300
1207700
1220800
1206000
1217800
1245200
1214800
1211900
1213900
1240200
1735300
1217400
1215400
1216000
1217500
1234600
1205800
1215400
1223800
1298800
1222300
1210900
1211000
1215600
1216300
1239600
1212000
1219100
1219500
1246600
1226600
1207000
1213400
1220700
1216600
1242700
1211600
1218000
1214000
1216000
1236300
1206400
1215800
1220500
1218100
1243100
1218800
1217600
1214000
1220400
1231900
1207100
1215500
1217800
1214700
1217900
1216200
1211500
1207600
1216200
1216000
1224700
1226700
1215500
1214700
1216600
1238800
1216100
1207000
1208400
1216600
1240600
1216000
1214200
1205400
1220100
1239900
1210800
1214700
1217900
1213500
1219000
1226000
1216600
1217600
1217000
1251000
1216300
1216500
1214000
1221900
1216200
1213900
1255600
1219100
1241800
1256600
1214200
1235600
1219300
1218400
1221200
1217000
1238000
1211900
1213300
1216600
1217900
1224200
1216600
1215700
1222400
1213800
1235000
1208900
1219100
1221300
1205700
1216500
1215300
1212500
1219800
1216100
1226900
1241000
1223300
1217900
1237800
1221200
1203400
1202900
1222000
1215100
1222500
1224400
1214100
1215400
1247100
1213000
1215500
1214500
1208000
1217200
1207100
1219100
1242300
1210500
1240000
1217000
1237000
1225100
1216300
1213900
1213700
1218400
1214800
1212700
1245900
1215000
1215700
1219900
1216200
1213600
1207400
1213700
1214700
1378400
1249200
1217600
1214200
1217500
1215900
1215500
1746500
1221500
1207100
1235700
1223700
1215500
1212100
1219800
1217500
1204900
1222800
1206200
1218300
1213900
1222900
1217600
1216700
1219100
1216200
1214600
1216000
1202700
1214600
1222800
1222000
1217800
1222400
1226700
1214500
1216800
1218900
1217600
1218500
1219600
1217900
1391100
1216300
1216400
1210900
1222800
1209000
1213300
1210900
1206000
1213300
1233000
1219500
1210600
1212500
1216500
1211500
1211500
1205200
1209100
1210400
1214900
1211400
1209600
1212000
1203700
1210400
1215300
1213300
1212700
1211600
1213600
1208800
1211300
1216800
1220200
1215400
1214200
1216300
1213500
1219500
1222500
1230100
1217500
1297800
1278700
1219800
1215300
1218500
1219600
1218800
1216700
1237000
1213700
1226600
1218500
1217100
1215700
1216900
1219700
1215400
1217300
1229900
1213700
1216700
1280700
1243900
1219400
1218700
1222900
1214200
1219600
1239500
1214100
1215100
1214300
1348700
1440000
1431100
1432500
1433400
1476400
1429900
1427600
1435000
1476600
1217000
1215600
1211600
1213800
1225300
1214400
1209900
1211500
1214500
1211400
1297000
1434500
1442000
1438500
1465300
1427400
1427300
1429500
1431500
1440300
1440100
1440400
1436600
1473800
1437800
1437200
1441600
1448700
1433200
1440900
1438000
1426800
1458400
1428300
1419700
1426700
1428500
1427700
1450100
1428100
1427900
1428500
1436100
1908500
1218100
1202900
1210800
1278500
1212800
1215900
1217400
1203300
1214900
1217100
1218100
1212100
1214400
1199500
1251600
1203200
1219000
1214300
1211800
1220200
1210800
1209200
1214300
1210600
1213800
1239800
1214900
1212400
1211400
1213700
1212100
1207300
1215600
1216800
1201700
1220400
1221800
1214300
1213500
1221700
1212900
1203200
1213000
1211400
1209500
1210700
1214100
1238600
1214000
1216400
1215200
1219500
1220300
1214000
1216900
1221200
1215800
1238700
1214200
1216900
1203900
1217500
1219800
1211100
1218700
1207200
1205000
1502500
1802600
1213600
1206300
1221000
1212600
1211100
1207000
1213600
1215200
1245200
1212500
1209300
1218200
1223700
1211400
1209100
1211600
1214100
1217300
1489000
1211200
1210600
1215400
1216100
1219200
1220800
1211600
1214600
1212700
1220100
1209900
1215500
1204500
1215700
1210200
1198500
1214500
1209300
1211900
1206800
1229000
1210700
1215100
1211000
1210300
1217500
1211300
1210500
1208300
1218000
1267800
1217800
1378200
1212000
1211200
1216100
1211100
1216400
1214300
1247300
1302700
1209200
1215800
1213600
1217700
1212600
1217300
1215500
1218500
1234500
1223400
1219500
1213200
1208800
1211000
1213400
1214400
1213200
1221800
1238100
1215200
1203500
1228000
1221300
1211500
1216800
1214500
1203800
1215100
1221900
1213200
1213900
1231100
1379700
1922300
1213200
1217000
1220500
1219000
1250400
1216100
2468100
1236400
1218100
1220700
1217200
1218100
1216700
1238600
2460600
1207800
1221200
1233200
1223000
1229700
1223500
1213400
1213000
1221700
1215400
1217100
1214700
1213400
1233000
1215400
1221900
1222500
1218000
1211100
1206700
1216800
1216500
1216900
1224900
1226800
1211900
1211000
1214400
1217900
1217600
1223300
1211800
1211200
1214200
1394400
1430500
1437100
1471600
1439400
1427000
1432400
1428100
1426700
1454300
1438300
1426200
1477300
1432900
1430100
1427700
1422500
1428600
1418600
1222200
1214500
1239600
1218700
1215400
1213100
1206900
1215500
1215400
1215200
1243900
1216100
1247700
1217700
1217400
1210800
1210400
1207900
1215400
1222400
1214200
1225900
1214600
1220000
1215000
1213700
1214400
1217500
1214600
1220100
1216400
1236600
1223800
1257600
1217300
1222300
1208400
1216900
1216300
1222300
1214900
1215200
1223500
1242800
1220500
1215000
1217800
1206200
1214100
1211300
1217600
1213900
1295000
1247400
1219700
1217800
1215200
1221100
1217900
1223500
1214300
1215900
1240800
1235900
1220200
1229400
1215500
1214400
1220200
1216700
1233900
1268400
1267400
1269900
1215100
1225200
1217300
1214500
1218100
1215200
1217200
1218400
1218900
1239600
1729100
1822000
1814800
1812300
1820400
1916600
1859000
1827600
1817500
1817500
2265600
1214200
1219800
1217000
1218700
1214100
1212100
1217500
1213200
1214900
1216600
1212300
1217200
1213600
1215800
1200500
1211800
1212100
1213900
1216400
1216100
1223700
1214500
1216800
1236400
1233900
1220500
1214000
1216200
1212600
1215600
1210300
1210600
1219200
1231200
1212000
1246700
1201400
1211000
1213200
1214500
1211900
1215400
1225300
1216400
1218600
1210100
1215000
1207100
1234700
1212900
1217000
1219000
1220300
1220400
1215200
1218200
1555400
1212800
1214400
1217100
1199900
1219100
1210500
1213500
1214400
1209700
1217100
1212800
1210600
1211700
1211000
1214900
1211400
1211400
1247400
1217200
1245800
1216000
1217000
1215800
1216300
1227100
1214800
1215800
1207800
1217000
1227800
1216200
1217900
1213900
1217800
1209100
1216300
1210400
1223300
1216600
1217000
1246400
1217800
1210800
1217600
1213800
1213400
1210600
1229900
1211700
1215200
1210000
1209900
1206200
1212600
1210200
1208400
1212200
1234000
1211000
1212400
1213400
1219400
1210700
1226400
1211200
1210700
1215700
1208600
1213600
1213600
1208800
1215900
1227800
1212900
1215700
1214100
1208400
1200000
1224000
1204100
1215700
1227700
1265300
1582400
1908800
1876700
1276000
1297000
1275400
1264200
1237000
1230300
1294700
1216700
1224500
1219800
1212600
1218100
1218200
1217900
1216300
1215800
1224600
1229900
1211100
1833400
1215000
1214200
1215200
1216800
1214900
1213400
1215900
1242500
1220300
1219200
1211800
1214000
1215800
1211500
1229300
1220100
1218100
1215400
1762000
1742200
1777800
1735700
1835200
1741800
1740100
1797300
1793700
1457200
1229300
1220400
1216300
1221600
1230100
1220500
1215900
1275700
1242200
1218300
1217900
1216900
1206500
1214300
1214600
1220500
1213800
1205500
1647300
1818500
1290600
1217400
1216300
1222500
1223500
1213800
1217300
1226800
1243800
1214800
1224000
1214700
1208000
1224900
1214600
1215300
1205000
1243100
1211000
1213100
1218600
1215300
1210300
1217300
1222300
1214300
1220400
1257500
1214600
1240600
1221500
1206300
1216400
1223100
1218500
1203100
1217300
1213900
1213000
1216300
1272000
1218800
1216700
1215200
1210100
1226200
1218100
1218200
1234800
1218000
1211600
1235700
1216400
1211100
1211100
1204600
1215800
1211400
1233200
1213600
1210000
1213500
1228100
1201900
1209500
1216500
1209800
1208000
1235400
1211700
1208500
1210900
1224300
1220800
1210100
1207000
1209100
1212300
1275700
1210000
1210500
1211100
1225500
1214700
1222100
1214600
1221800
1211000
1237300
1220400
1221400
1213900
1208500
1206400
1212700
1212200
1210800
1213200
1237800
1209000
1211500
1213900
1209500
1211900
1210100
1213900
1209400
1211200
1241700
1212000
1210900
1219800
1211400
1213300
1799000
1229500
1217300
1212900
1224300
1215000
1215000
1214200
1215900
1217100
1218200
1213500
1227700
1218500
1243800
1216700
1213200
1218100
1221600
1215500
1222000
1217900
1215700
1214300
1261000
1215000
1218600
1214000
1219500
1221500
1216700
1216100
1214400
1227800
1222200
1216600
1227500
1214100
1225300
1225500
1214000
1215400
1218900
1335900
1216100
1215400
1220100
1215200
1221600
1216300
1212100
1209600
1214500
1232500
1215900
1210400
1212300
1219700
1201200
1216900
1213300
1202900
1217000
1208500
1224300
1217200
1219100
1211800
1218400
1214300
1216100
1215000
1222200
1216300
1238600
1223500
1213200
1217000
1215500
1226900
1215400
1213400
1217500
1223600
1218500
1222000
1247600
1217800
1219800
1218100
1218000
1215400
1218600
1216100
1244000
1220900
1206000
1230200
1217000
1218100
1216600
1217100
1215100
1214900
1240700
1214800
1225100
1214500
1240600
1215700
1215500
1217700
1217000
1209600
1207100
1219400
1217000
1216600
1217000
1247800
1217500
1219100
1215200
1212200
1218700
1212700
1219400
1221100
1212400
1213400
1228200
1219400
1214200
1216300
1221600
1247100
1219800
1215500
1213900
1226600
1267100
1205800
1218400
1227600
1217900
1218100
1218500
1224700
1215700
1217500
1220800
1226100
1224000
1218500
1214800
1244800
1220600
1208700
1216800
1215500
1204500
1216500
1226100
1784600
1201800
1239700
1215700
1217100
1218900
1219900
1220900
1216800
1205100
1210700
1216800
1235700
1214300
1216700
1216500
1218200
1217600
1213300
1214200
1247500
1220700
1236500
1218300
1216400
1216100
1222000
1214000
1220500
1214400
1217900
1331600
1242100
1213700
1214000
1207300
1220000
1214500
1215800
1217300
1212200
1215700
1236500
1245900
1215800
1207800
1220100
1218200
1217200
1219500
1215000
1213300
1216000
1270300
1215400
1213300
1218700
1213100
1221600
1219300
1214600
1215300
1219400
1254500
1232100
1220400
1215800
1211300
1216700
1218600
1218200
1219400
1212200
1230500
1225400
1223900
1205000
1217100
1215700
1218400
1219000
1215800
1217300
1216100
1215900
1473900
1212800
1219000
1224300
1223800
1215500
1209500
1219000
1213100
1213800
1219700
1228000
1218900
1477800
1302000
1222800
1270700
1230300
1611000
1213000
1244700
1219100
1354400
1225500
1222000
1268000
1217400
1221300
1211900
1217400
1212900
1215700
1218500
1217900
1222100
1212700
1215000
1246500
1214000
1221500
1215100
1206200
1218900
1217800
1214900
1216200
1221600
1205500
1215000
1219100
1213300
1204400
1235200
1207100
1226800
1265700
1264500
1258600
1298000
1215900
1215100
1216600
1221700
1273900
1219800
1216900
1214100
1215900
1211100
1217200
1213900
1216500
1204400
1216700
1230400
1220800
1216400
1218200
1803000
1215100
1210300
1212600
1221300
1215100
1212200
1221100
1213700
1207100
1211200
1209700
1213000
1220100
1202500
1217300
1213600
1301800
1426700
1425600
1444800
1437400
1424400
1431000
1433100
1428600
1453100
1430400
1428600
1434900
1442000
1436000
1434800
1434200
1434400
1343800
1219500
1214800
1233700
1210500
1208400
1217000
1205200
1223400
1212400
1372600
1220000
1217400
1239200
1216600
1212800
1207600
1212900
1216100
1223100
1271900
1435800
1429300
1454500
1426600
1426800
1426800
1439600
1425600
1424800
1454600
1447300
1428600
1439100
1440200
1434900
1431600
1437200
1428900
1435900
1437200
1416800
1425300
1431000
1440000
1430900
1417700
1434400
1426400
1439900
1439000
1430600
1430900
1435100
1425100
1424800
1433500
1434000
1220900
1207500
1221500
1219700
1215800
1208400
1203300
1213900
1223600
1212000
1261500
1223400
1220700
1220100
1220900
1218100
1213700
1220600
1216900
1216800
1213800
1216700
1204100
1216000
1213700
1221200
1215600
1216100
1217500
1215900
1218400
1241700
1221800
1219200
1230500
1222000
1214100
1219600
1221500
1217900
1214100
1251600
1230700
1216300
1220800
1215900
1222500
1256700
2530300
1263900
1295700
1267100
1267200
1207600
1219600
1210800
1215600
1217800
1213700
1217400
1239100
1217500
1238800
1241900
1453000
2377600
2299000
2416400
2308300
1647300
3204000
2437400
2453500
2447900
1591400
1393000
1200800
1892400
1403700
1216300
1219000
1215600
1211300
1271100
1268500
1202400
1209700
1222300
1214000
1212100
1254900
1213600
1201500
1295100
1220600
1215300
1217600
1210900
1210600
1213300
1240400
1211400
1218800
1234900
1211500
1212300
1213800
1209600
1211600
1220600
1237700
1213700
1207700
1243800
1215300
1215700
1221600
1207100
1216700
1217500
1247200
1216000
1217500
1471900
1204300
1213000
1216600
1215000
1215600
1223500
1241600
1216000
1219300
1213200
1229200
1213700
1219300
1216000
1205900
1219500
1217300
1227700
1234000
1221100
1214900
1233100
1222500
1215100
1225400
1219100
1248400
1213700
1222400
1216900
1215800
1219600
1213900
1216000
1230300
1217700
1215100
1215300
1216700
1215600
1216800
1232000
1215400
1206400
1221100
1213600
1206500
1239600
1213600
1215600
1213200
1378600
1218400
1217600
1219600
1208400
1214500
1249200
1219000
1215400
1215200
1207400
1212000
1218000
1217300
1216700
1205900
1265100
1216700
1214700
1219000
1215400
1227800
1216300
1220400
1215400
1213600
1238800
1215300
1214300
1214900
1221100
1215400
1227800
1205700
1227700
1259400
1285100
1269300
1264700
1259900
1216700
1213500
1299500
1215000
1214500
1217400
1219700
1216700
1214900
1214900
1204800
1217600
1217400
1248500
1215600
1215600
1215400
1215100
1930400
1216700
1211700
1216200
1221000
1226100
1233400
1224300
1223800
1219500
1221200
1220100
1216900
1217600
1218300
1476200
1256000
1225500
1210100
1218500
1213900
1209800
1199100
1211500
1203600
1262800
1215900
1238400
1218000
1212700
1211500
1214700
1214700
1218300
1211000
1211000
1247800
1216300
1210800
1210200
1215000
1212000
1214500
1211200
1209400
1211800
1212400
1217800
1200000
1217600
1211000
1210300
1210700
1213100
1211000
1216500
1218400
1252100
1207200
1209100
1212300
1209900
1216100
1199100
1210400
1213400
1212200
1209800
1312300
1215500
1221200
1200000
1210200
1213100
1218500
1222300
1215400
1214900
1244300
1223200
1212200
1210500
1216900
1211500
1212000
1214300
1212100
1213600
1236700
1210700
1252600
1215800
1210800
1211900
1209000
1211400
1213900
1212300
1246800
1210500
1213400
1256000
1213400
1213300
1213900
1211200
1217100
1213000
1218600
1212100
1212100
1263500
1218400
1219600
1229700
1220900
1217700
1219300
1227600
1208900
1210800
1212800
1258400
1237400
1235800
1213600
1211700
1213700
1218900
1215900
1211600
1218900
1298300
1233300
1222000
1216500
1199700
1215200
1214800
1222700
1260300
1213000
1209700
1280000
1215600
1217000
1210900
1219400
1241900
1204000
1212700
1203300
1210100
1210100
1226500
1213900
1209900
1223100
1240900
1212400
1213100
1216700
1212800
1840400
1238600
1217900
1211100
1218600
1250400
1211600
1210800
1222900
1221400
1223100
1217500
1237800
1224200
1214700
1226300
1216300
1220300
1213200
1216800
1217700
1218300
1216000
1231500
1218900
1204600
1217000
1216200
1216500
1219800
1215800
1212700
1217000
1216200
1244400
1220800
1245900
1220700
1215700
1212800
1216700
1224900
1218100
1216700
1215200
1206400
1227100
1215900
1215200
1214000
1218200
1216100
1213300
1215400
1204700
1217900
1269700
1219100
1214500
1222700
1212000
1211700
1223200
1211200
1211500
1210700
1305300
1210100
1215600
1221100
1203900
1213100
1224400
1217500
1209800
1218900
1212700
1213300
1201200
1210900
1210000
1201400
1216000
1212100
1209600
1213600
1211200
1239200
1219100
1219800
1216000
1223300
1217300
1215800
1219400
1216400
1221600
1241000
1381100
1214600
1217100
1224900
1216000
1220500
1214900
1220200
1218800
1218300
1220100
1227600
1216200
1221200
1216200
1216100
1217300
1221700
1205700
1242500
1225300
1213400
1273200
1228900
1216200
1217300
1219600
1215400
1212800
1216100
1224600
1202300
1234100
1214500
1210600
1210300
1214700
1210600
1210900
1225000
1210000
1218200
1218900
1227300
1212400
1202700
1214800
1212000
1209400
1241500
1211300
1213200
1216400
1210400
1234300
1213200
1212600
1218200
1208200
1204100
1236400
1212800
1216700
1211700
1210500
1884900
1213100
1208900
1213000
1241700
1218300
1221100
1215300
1215000
1213700
1249800
1214500
1209700
1217500
1241900
1213400
1215200
1214200
1216100
1214900
1245700
1209300
1200400
1211300
1218700
1216800
1219500
1827000
1209000
1213500
1229600
1212500
1200500
1220600
1235400
1210300
1222400
1211500
1218400
1209000
1218300
1225100
1220000
1215100
1250600
1207700
1211900
1210900
1209100
1212100
1212000
1210600
1221800
1213000
1241600
1212200
1209600
1214700
1212000
1217000
1211900
1207400
1213000
1227100
1214400
1249000
1207800
1220600
1205700
1218500
1211800
1222300
1215000
1219100
1219300
1245400
1210100
1211000
1212300
1222900
1214900
1211600
1221100
1215000
1238600
1224600
1215200
1214100
1223200
1215300
1221100
1221300
1206400
1214900
1227400
1232300
1215700
1215500
1217300
1210300
1216500
1210300
1217300
1210300
1211000
1237400
1209800
1211100
1223400
1221800
1218200
1220900
1209300
1212300
1209400
1218800
1216000
1214000
1221300
1218000
1215300
1213800
1211500
1221400
1215300
1233400
1211300
1211600
1204500
1200500
1211200
1213700
1212900
1210800
1217300
1249100
1226300
1215200
1222600
1220200
1216100
1204500
1211700
1208400
1210100
1233900
1199700
1238900
1210900
1212600
1219100
1213300
1213100
1209500
1215800
1212100
1210300
1218800
1213300
1211200
1212600
1214600
1203400
1777300
1209900
1242200
1206500
1215900
1223900
1212200
1213800
1206500
1210300
1215200
1211300
1201900
1214400
1202300
1207200
1233200
1213900
1218600
1212300
1214400
1217000
1209900
1221200
1213100
1209600
1224800
1223300
1214500
1210700
1219500
1212300
1210800
1215500
1213400
1217500
1207600
1219400
1201900
1210900
1210400
1217600
1209300
1249000
1210900
1203000
1224900
1230600
1201600
1220600
1203100
1211000
1206300
1206300
1241300
1200900
1220700
1231500
1212400
1204100
1210900
1218500
1203600
1214100
1240800
1210400
1213000
1237900
1212800
1213200
1213000
1215800
1203400
1213400
1229500
1213900
1218200
1210000
1225400
1214300
1219500
1207700
1215400
1211000
1238200
1213100
1211800
1209700
1213800
1249000
1214400
1216400
1216700
1210300
1216100
1215200
1210600
1202800
1216300
1201400
1232400
1210800
1206300
1210400
1218900
1227700
1215200
1211800
1215100
1211900
1217400
1224100
1212600
1211300
1241000
1213900
1210000
1213200
1213900
1212100
1220300
1214700
1223800
1209600
1212200
1239200
1210400
1216300
1216900
1212300
1200100
1206900
1242700
1206600
1213300
1241300
1211300
1218600
1218500
1221300
1263200
1254300
1222000
1222300
1223100
1240300
1210800
1212000
1212900
1219900
1205700
1204000
1210000
1223900
1216900
1244100
1214500
1220400
1201400
1218000
1217700
1217000
1211200
1794800
1223300
1215800
1216400
1202700
1212000
1203400
1219700
1218200
1212300
1213300
1221500
1256400
1212700
1211700
1213900
1211600
1214600
1197500
1216100
1211400
1211500
1216800
1230800
1212300
1222200
1215500
1214900
1219200
1218400
1217600
1212600
1217300
1241300
1217700
1219300
1216000
1218600
1217000
1215500
1206400
1214400
1216200
1260100
1255700
1214100
1218700
1213700
1215700
1224700
1214000
1218400
1209300
1242300
1217500
1271900
1220200
1215100
1204600
1222100
1215000
1218000
1219800
1230200
1210200
1217400
1246000
1216700
1214200
1222700
1205700
1219200
1228300
1216500
1213600
1214800
1215300
1573500
1213000
1216900
1213100
1208600
1219900
1216000
1214000
1219200
1214000
1213700
1267400
1216300
1207600
1220700
1221500
1215900
1215400
1219000
1205400
1219100
1243600
1218200
1215500
1227200
1216000
1215800
1243000
1208700
1216700
1214700
1219200
1255400
1222200
1220400
1209900
1205700
1243400
1219600
1219100
1216800
1226100
1213200
1278400
1226900
1219700
1210200
1247900
1201700
1210200
1209500
1214900
1201000
1234000
1208900
1215300
1215800
1241500
1213000
1209200
1212500
1213100
1209400
1202400
1253200
1215600
1224200
1218400
1210700
1213200
1209200
1206900
1215500
1218600
1213200
1430900
1432100
1464700
1433900
1428100
1435400
1436100
1434700
1415300
1215600
1222300
1833500
1218900
1215700
1221100
1208300
1214800
1214500
1247300
1215400
1221800
1237500
1213000
1213300
1214500
1215000
1206700
1214600
1214100
1258100
1219400
1247800
1209300
1238100
1226900
1214600
1210400
1218200
1215500
1213600
1290500
1249100
1216000
1216200
1222700
1209500
1223200
1222900
1210900
1212200
1220300
1247000
1221500
1220900
1234100
1217400
1213700
1212000
1219900
1219800
1222800
1261900
1206000
1218500
1221400
1220200
1217100
1215200
1219300
1208200
1214000
1239600
1223900
1206100
1219500
1204900
1215000
1223700
1209500
1214400
1206800
1211600
1215600
1221400
1207700
1211000
1223000
1217100
1216100
1218100
1218400
1218200
1249400
1229500
1215900
1218600
1215200
1226300
1221300
1209200
1218800
1219300
1242400
1223100
1222100
1221700
1227000
1214200
1220600
1216500
1216100
1216600
1218800
1221100
1212700
1229100
1215100
1209000
1210400
1211100
1212600
1208200
1238100
1209900
1212200
1219600
1217600
1215000
1210900
1201800
1214800
1199000
1213400
1225200
1215700
1223300
1210300
1204900
1211900
1212600
1214000
1201600
1212800
1234000
1216200
1210700
1438100
1417000
1421800
1424700
1428700
1426800
1432500
1424200
1428000
1467600
1421900
1430700
1438200
1427500
1435300
1437500
1429700
1418600
1442600
1435100
1429400
1426800
1434800
1439700
1457100
1431700
1427800
1426600
1446600
1217900
1215100
1214900
1226600
1214100
1212300
1220200
1212700
2506300
1222800
1205700
1216300
1217400
1252600
1216000
1217700
1220300
1216000
1364600
1217400
1280600
1214400
1228900
1217200
1209000
1210100
1220000
1222400
1248300
1220500
1212500
1209500
1215600
1239100
1209700
1212000
1199600
1208900
1268200
1374700
1211500
1216200
1221800
1237800
1216500
1214400
1220900
1219200
1217100
1245200
1216800
1220700
1226500
1240500
1218100
1209200
1216500
1218000
1207700
1249500
1216200
1222200
1214500
1240600
1216100
1211200
1214200
1204200
1218600
1231000
1216800
1217500
1214100
1230000
1210100
1214300
1214800
1218100
1217500
1213100
1289700
1222200
1217500
1230000
1221300
1213700
1213800
1215800
1205600
1218300
1215300
1247200
1216900
1213300
1217900
1217300
1207100
1216100
1211000
1200500
1212500
1363600
1216600
1209700
1251900
1219000
1215900
1216800
1221000
1212800
1219000
1220400
1551800
1211700
1254300
1212700
1203000
1223200
1212300
1216300
1222900
1206200
1263300
1226600
1218400
1215300
1212200
1213800
1212100
1214400
1214100
1210500
1210000
1233200
1213300
1212300
1209700
1214900
1218800
1251900
1253700
1256100
1207100
1244000
1248100
1214200
1216800
1216300
1214200
1208000
1216200
1219200
1218100
1218700
1234300
1213100
1220800
1211900
1214700
1223900
1213300
1213300
1215700
1677600
1238300
1237700
1216000
1218200
1219000
1216400
1214500
1206800
1219300
1222500
1209000
1220900
1231400
1215200
1215200
1226300
1222900
1206200
1217800
1215500
1208900
1217700
1213300
1239600
1226800
1220200
1222100
2465300
1232000
1232700
1212000
1225000
1215300
1226200
1219200
1215600
1208700
1212700
1217600
1202400
1211900
1215800
1271300
1217500
1218800
1216300
1211300
1220900
1199800
1211900
1216200
1207900
1215100
1232300
1222500
1213800
1217500
1227500
1216000
1208200
1252800
1222600
1215400
1213500
1723200
1216300
1204700
1219400
1209600
1214800
1216600
1215300
1222600
1214800
1229900
1205100
1211100
1211500
1217800
1212400
1237200
1214800
1213300
1219400
1216500
1258100
1216300
1222900
1217300
1215700
1232100
1219100
1215800
1215900
1214400
1233900
1216800
2467300
1217400
1219800
1220400
1215800
1214900
1218100
1218900
1358600
1228300
1218200
1219100
1212600
1218100
1215800
1217100
1214800
1219800
1234400
1220000
1216800
1216200
1224000
1214700
1219200
1219300
1213800
1210200
1209000
1246600
1217300
1226800
1249800
1220500
1219400
1216800
1208600
1216800
1217900
1215900
1222400
1270800
1276000
1262500
1267000
1265400
1207500
1214400
1212600
1213400
1242600
1211100
1231800
1210400
1211700
1212600
1212300
1212600
1211900
1200600
1224200
1220800
1215300
1210700
1213300
1695400
1210100
1210100
1212400
1210500
1210300
1258800
1219900
1210600
1202400
1217200
1231200
1211700
1218100
1210800
1212100
1210900
1231800
1207600
1220900
1210600
1211500
1214400
1211100
1219500
1215000
1220800
1234800
1216400
1215500
1216800
1218700
1217200
1215300
1215300
1218800
1217300
1206400
1226500
1221300
1216400
1214900
1222500
1222200
1218200
1212800
1206300
1215700
1222800
1238200
1205300
1219900
1221300
1215000
1215300
1212800
1214500
1217200
1241800
1214400
1239600
1221200
1207600
1220800
1216300
1216900
1215200
1218500
1242700
1213000
1215000
1237200
1214100
1216300
1217400
1221500
1218100
1206000
1226100
1211400
1216100
1220400
1256300
1216400
1221900
1216200
1218500
1214500
1223300
1225500
1215100
1216000
1247100
1216600
1222700
1213400
1214700
1217900
1214900
1215100
1214800
1216600
1240000
1205700
1215800
1218700
1213200
1220700
1214100
1214400
1214100
1202600
1215200
1232900
1206300
1215000
1215800
1217000
1218900
1239000
1223100
1217300
1219700
1217900
1229000
1223000
1214400
1217200
1215700
1242600
1211500
1212600
1202800
1214000
1213600
1249700
1220600
1216400
1208100
1289500
1258500
1265200
1257800
1262200
1263400
1276900
1266700
1263900
1259600
1257700
1219900
1216400
1214700
1219700
1217300
1238700
1222300
1230500
1216600
1227800
1218600
1215800
1213000
1731600
1203800
1227400
1264200
1217900
1216000
1228000
1217500
1213200
1219700
1213300
1208700
1217900
1216100
1216600
1214700
1221500
1217100
1216800
1220600
1216900
1217600
1220100
1222400
1234100
1206400
1262700
1216900
1220600
1221300
1214700
1217800
1225600
1216000
1221100
1284000
1242900
1216800
1215500
1217200
1209000
1213800
1216300
1214000
1217200
1219300
1290100
1218400
1223900
1213000
1221700
1214100
1219500
1215600
1204700
1218800
1214200
1214900
1238400
1214500
1223200
1217400
1218800
1216500
1213800
1218400
1213300
1274900
1216000
1217700
1213200
1223100
1214300
1222300
1214000
1225000
1217500
1273900
1220300
1217000
1214400
1220900
1214200
1217900
1222600
1218700
1216900
1217700
1228300
1216900
1216400
1223400
1219500
1205800
1220300
1215600
1213800
1219200
1218900
1238600
1217600
1216200
1218700
1219000
1218800
1214300
1216400
1244600
1216400
1216800
1236900
1221700
1213100
1214400
1207800
1214600
1217300
1248700
1215300
1217100
1234100
1221700
1216500
1231900
1218300
1218800
1221000
1220300
1217600
1217400
1251500
1219000
1224700
1217900
1233800
1221300
1216300
1213500
1219500
1269800
1312200
1256600
1258300
1219800
1276500
1214900
1222700
1212700
1207800
1207300
1227500
1216600
1217400
1224100
1209800
1236200
1217200
1208500
1221200
1224300
1220900
1208800
1214400
1836800
1211400
1258800
1219800
1210000
1207900
1930500
1207100
1215000
1201700
1216200
1207800
1235300
1217700
1217700
1214500
1222800
1205400
1214000
1216400
2104900
1212900
1247400
1215500
1220600
1219100
1243600
1213700
1214700
1212400
1217300
1220900
1243000
1222900
1217400
1229800
1245700
1215300
1220000
1217200
1216100
1217300
1261500
1215600
1219900
1219200
1241700
1215200
1217900
1209200
1209000
1220000
1219000
1224700
1211400
1221000
1248500
1217100
1220600
1215300
1219700
1215100
1218100
1216800
1256600
1217900
1222900
1216900
1221800
1213600
1216800
1222700
1216500
1216200
1241300
1221300
1220500
1215000
1220500
1217200
1210200
1222800
1217300
1219200
1239900
1221500
1215100
1215900
1219800
1216100
1219200
1216700
1216300
1222400
1250600
1219800
1218100
1234000
1217500
1215200
1209000
1217500
1213900
1205300
1219200
1229900
1214100
1238600
1214600
1217600
1219400
1222000
1210300
1215600
1218600
1206500
1239900
1223900
1218200
1215700
1221400
1216400
1214500
1216400
1210800
1214700
1237200
1239700
1214200
1217900
1215800
1221400
1215000
1215900
1216500
1220600
1220200
1426100
1201000
1240300
1217500
1210300
1207800
1212600
1211700
1198600
1212100
1240300
1219100
1211200
1214100
1210500
1209800
1214100
1212300
1211800
1219000
1247100
1207600
1217800
1226900
1210800
1211800
1949700
1214900
1201900
1229900
1215600
1211200
1217200
1218900
1210500
1218800
1218800
1214700
1214600
1217000
1231800
1216200
1215700
1217100
1215300
1216500
1221000
1207200
1215700
1217500
1214400
1238200
1218200
1216800
1205300
1221100
1216000
1218300
1214100
1221100
1209700
1248100
1226000
1215400
1217800
1226500
1219800
1205600
1215700
1207500
1206300
1236000
1251200
1210300
1210800
2469100
1210700
1209500
1215400
1209200
1236000
1219300
1224400
1214800
1202100
1212800
1212000
1211400
1214100
1216000
1219300
1212500
1196500
1219500
1216300
1214200
1214600
1220300
1217900
1224900
1216200
1220300
1217200
1215000
1216500
1210700
1203000
1226200
1216900
1218700
1221200
1221100
1215300
1239700
1216800
1218200
1223900
1209500
1211300
1210600
1226000
1248400
1210300
1218600
1230100
1209700
1210500
1592500
1215300
1211900
1222700
1238000
1218000
1213200
1210800
1356400
1234200
1214600
1211900
1210100
1268900
1210500
1211700
1214700
1213900
1225500
1218700
1223400
1215400
1216800
1213500
1204700
1221100
1223200
1217700
1205900
1293300
1217300
1217000
