3128700
3129000
3121900
3149800
3124100
3066800
3041600
3042100
3041100
3058300
3060500
3061800
3062000
3064700
3067300
3055500
3039100
3069700
3047500
3042800
3074400
3055500
3079800
3089500
3072200
3069300
3076600
3090800
3064100
3065900
3063400
3064400
3049400
3064400
3080200
3070300
3062300
3061600
3072400
3066700
3065300
3068200
3698600
3059900
3064400
3098700
3058100
3068600
3056700
3077900
3072100
3066400
3059200
3075800
3070900
3069200
3059800
3119100
3145300
3132000
3141500
3132300
3111500
3138900
3143000
3150700
3135900
3117800
3129700
3137900
3134500
3143300
3160200
3145600
3144800
3133500
3140100
3120600
3109000
3127500
3115300
3043900
3043600
3054700
3081700
3065100
3057600
3037400
3056600
3065700
3067500
3203700
3060100
3065400
3070500
3055500
3065800
3043400
3078700
3062900
3072400
3053100
3070900
3065100
3052200
3063500
3061700
3067300
3039700
3554200
3051400
3055400
3056500
3070200
3067500
3064900
3109000
3088200
3094400
3103100
3066500
3073200
3069000
3102800
3147500
3162200
3134500
3140300
3142700
3163400
3155800
3214600
3144700
3141100
3153300
3151600
3141600
3139100
3134000
3159200
3148000
3143300
3131700
3154200
3145600
3069900
3065000
3085300
3098300
3075300
3086700
3080500
3081500
3075000
3086100
3082500
3080800
3069100
3081400
3086700
3078300
3086900
3147300
3063400
3073100
3077500
3083500
3076600
3086100
3084700
3077100
3078100
3073500
3065700
3071200
3544200
3082200
3180100
3067000
3077800
3079800
3077600
3069600
3087500
3101100
3080400
3095400
3072300
3079700
3108400
3150300
3149100
3154600
3149900
3136100
3156300
3152700
3199000
3151000
3154500
3149800
3150000
3159500
3147100
3159300
3159700
3160900
3140900
3156300
3160000
3148200
3153100
3145400
3137400
3157600
3137400
3145000
3146000
3164300
3153000
3126200
3087400
3077200
3100800
3072000
3074400
3090900
3072200
3128500
3073000
3080700
3062400
3101300
3084100
3068600
3064100
3092100
3083800
3068800
3077500
3076800
3591000
3069800
3067900
3068000
3081600
3073000
3065000
3061500
3036800
3048000
3074000
3058100
3044800
3040100
3049400
3101800
3133200
3269800
3162400
3127300
3143100
3139600
3135700
3147300
3154800
3152500
3138800
3133800
3150400
3143100
3156100
3081100
3100100
3075500
3074300
3063600
3067500
3061500
3058600
3063000
3079300
3072600
3067700
3042200
3036100
3047800
3038700
3039300
3071500
3044700
3069300
3049500
3057200
3097200
3032600
3053000
3085500
3060300
3059900
3073800
3093200
3047000
3068500
3075900
3063300
3044400
3581700
3105900
3036900
3053400
3057100
3059900
3049900
3049000
3059500
3062300
3053500
3052000
3061400
3052200
3061300
3126200
3135800
3137700
3138700
3149700
3133600
3131500
3131500
3128000
3135400
3130700
3134700
3135200
3130200
3125700
3132900
3112600
3147800
3055200
3063200
3052400
3058400
3050700
3067600
3057800
3063800
3078000
3052000
3051700
3066000
3088700
3057900
3068400
3053800
3062600
3068000
3058800
3059900
3061700
3077800
3062900
3060900
3072400
3057700
3072600
3028300
3056000
3044100
3082500
3061100
3065100
3696000
3077000
3065100
3070900
3058600
3062500
3065300
3069400
3079400
3163600
3033400
3073300
3072100
3074400
3067300
3116900
3127700
3120100
3130600
3454800
3130600
3149800
3154700
3120700
3160500
3139100
3143200
3147400
3135300
3147200
3158900
3137900
3197800
3136000
3165600
3132200
3135900
3150700
3131600
3066200
3058800
3061500
3071300
3054900
3050000
3056100
3071400
3066800
3063800
3055600
3068000
3060100
3061200
3065100
3058200
3058200
3069600
3092800
3070600
3063000
3049600
3039600
3049300
3039800
3039000
3045900
3578700
3039100
3055600
3046600
3059000
3059200
3062300
3070600
3038000
3034700
3038300
3039900
3038700
3031300
3054500
3151400
3117500
3141000
3116600
3112600
3146500
3114500
3088300
3124800
3138600
3127400
3139700
3136500
3124000
3143500
3150000
3116800
3106000
3120700
3114000
3127900
3132200
3106400
3107500
3144100
3127100
3127000
3119300
3150900
3152700
3133600
3160900
3107900
3097200
3138700
3124600
3143700
3122300
3132000
3137800
3131800
3158500
3120800
3124900
3105600
3117800
3113600
3132600
3124900
3129100
3133200
3678500
3138100
3072000
3076900
3062200
3045000
3044100
3055700
3088100
3071500
3045100
3032500
3041000
3029600
3063800
3146200
3136600
3132000
3124200
3145900
3159700
3142700
3124700
3113600
3121900
3143400
3135100
3126500
3124500
3125700
3131600
3140600
3266500
3138100
3147500
3142600
3123300
3173000
3137200
3113100
3115600
3119000
3111700
3132000
3144300
3127400
3112500
3149300
3119300
3124200
3114900
3114900
3175500
3135400
3143700
3116600
3120100
3148400
3132100
3092200
3084800
3061600
3059200
3070000
3070800
3064400
3562300
3071900
3062600
3071800
3065300
3068100
3054700
3076600
3042600
3070000
3072200
3086500
3062600
3080100
3084700
3141700
3131200
3117800
3126400
3111500
3125700
3143000
3107100
3123300
3124000
3143500
3121900
3148200
3142000
3136700
3138400
3131600
3115700
3159800
3124500
3147100
3135700
3150400
3147700
3145500
3134000
3124900
3134100
3140600
3118400
3120500
3122600
3124000
3105800
3119800
3141100
3138200
3153100
3139000
3131600
3114400
3041700
3037900
3039800
3049000
3074300
3070300
3038200
3041900
3090400
3607700
3076600
3074000
3050400
3045900
3065900
3055700
3036900
3043500
3053800
3071100
3067700
3038200
3033200
3057400
3122900
3141400
3127800
3146600
3146300
3137200
3113100
3114700
3144700
3137900
3121000
3141200
3126700
3107400
3115600
3136400
3135900
3132300
3129300
3109400
3113200
3121400
3117600
3106400
3102500
3110900
3124300
3149400
3126000
3112400
3140900
3131200
3132400
3390800
3551100
3568000
3540100
3541500
3548000
3576600
3545700
3543900
3581500
3542200
3539000
3543900
3346300
3037700
3032400
3033300
3056900
3677000
3071200
3080600
3060300
3040300
3047300
3035200
3031300
3039800
3040500
3046700
3039500
3067500
3052500
3034100
3113000
3111600
3122100
3127100
3107700
3113000
3111000
3100400
3092000
3113500
3123400
3093000
3122700
3134400
3057200
3068200
3045200
3040800
3034000
3037800
3040100
3039300
3073900
3039200
3036600
3056000
3049500
3041300
3057900
3060800
3047800
3043200
3037200
3045800
3069700
3094900
3035900
3060300
3059800
3036700
3039000
3034300
3033600
3070500
3053900
3040300
3041100
3035400
3075300
3053100
3036600
3554200
3045400
3034700
3034800
3035500
3036400
3039300
3035400
3028900
3071500
3060200
3069700
3069500
3064600
3072100
3164000
3124600
3106400
3115700
3142700
3126100
3124600
3111700
3101100
3122700
3122500
3149500
3124200
3151100
3144700
3136100
3133600
3142900
3145700
3123800
3219000
3052500
3064700
3079900
3061800
3072800
3063500
3069300
3062000
3054800
3063300
3067600
3094700
3066000
3084800
3039600
3075700
3067200
3050700
3087700
3075400
3087500
3066800
3078900
3084600
3074100
3044200
3058300
3083500
3076900
3071700
3623500
3066800
3077400
3062500
3121700
3069000
3064600
3063000
3069200
3060100
3051100
3071700
3053300
3069900
3096400
3112800
3128100
3120400
3128200
3121900
3115600
3111400
3101000
3112500
3118300
3150400
3142000
3121500
3137000
3134900
3069700
3229900
3067900
3068100
3084100
3066600
3060000
3083600
3068900
3062100
3059700
3060900
3059100
3074400
3066600
3036300
3062200
3074200
3063300
3071700
3071000
3069400
3037900
3042900
3072800
3055700
3050100
3060500
3076700
3058900
3078600
3070700
3036300
3037300
3052100
3044900
3547600
3040700
3035700
3054400
3066000
3055700
3051700
3059300
3073400
3051000
3045700
3055000
3063300
3059700
3100700
3054500
3046100
3057500
3055700
3055100
3055200
3061000
3052000
3067500
3048900
3058000
3091800
3059000
3082700
3104300
3074600
3072500
3055500
3054900
3055500
3058000
3063000
3074200
3064600
3056900
3068300
3082500
3058500
3070100
3063600
3111700
3037600
3081200
3055600
3067100
3037800
3050800
3075800
3051100
3066600
3067200
3063700
3070100
3060000
3077800
3055800
3074900
3067800
3041000
3048700
3632600
3040100
3048800
3061600
3052400
3036200
3066700
3070900
3068400
3076000
3045500
3040400
3068200
3053100
3043800
3100000
3121500
3122300
3144500
3138700
3134300
3142800
3146000
3137100
3118200
3108000
3111500
3070400
3058300
3036400
3052100
3053400
3063200
3075500
3058500
3050200
3078700
3060500
3032300
3037400
3057300
3056900
3070400
3064600
3074500
3052700
3068400
3065700
3068700
3051100
3051200
3071900
3066000
3060200
3085800
3068800
3064000
3060100
3060100
3030700
3032800
3073700
3047300
3045400
3054100
3068500
3604700
3038200
3085200
3054600
3039300
3044300
3056400
3068900
3048300
3060900
3042600
3065200
3075100
3037700
3033700
3117800
3126700
3069200
3059200
3052700
3093400
3055500
3040600
3070700
3039100
3043700
3045400
3076200
3044500
3037600
3050300
3081500
3067400
3053100
3040400
3049400
3031500
3074800
3076700
3034700
3058700
3068900
3064000
3063100
3068000
3048800
3058700
3060800
3055600
3043500
3079900
3046600
3027600
3077800
3065200
3069700
3060800
3037100
3040700
3046400
3042200
3050300
3056700
3037200
3036000
3049500
3603000
3069300
3071800
3073600
3072200
3048900
3041500
3045000
3039100
3038800
3074100
3063000
3062700
3070100
3047900
3073500
3046600
3050100
3032800
3048300
3071000
3072100
3039800
3035300
3036100
3034200
3045900
3047500
3060900
3055600
3059300
3030800
3041000
3044600
3037800
3064600
3033100
3042000
3033000
3041200
3039900
3042900
3068300
3037400
3045400
3035400
3040100
3035000
3055500
3033400
3034600
3068900
3061700
3044800
3040300
3048800
3060600
3037800
3049300
3045400
3067000
3059300
3054000
3087200
3071700
3055800
3545200
3031900
3056500
3057700
3055400
3045800
3039000
3037600
3082000
3056600
3059700
3054700
3061900
3071900
3119500
3128800
3061900
3058200
3077100
3066900
3039700
3036500
3039400
3056000
3066100
3057800
3049300
3052000
3056300
3045300
3070400
3037700
3039000
3035600
3045100
3036100
3074100
3060900
3073600
3069000
3060500
3075200
3038100
3037600
3035200
3042600
3070200
3074400
3037900
3039600
3048300
3040900
3042800
3034300
3054600
3099600
3059900
3069400
3037000
3047500
3050300
3057900
3078700
3051700
3053500
3056300
3542200
3059900
3078500
3063800
3068100
3080700
3059100
3038300
3055400
3056500
3041700
3034900
3036800
3033500
3090400
3143600
3166500
3155600
3137700
3117300
3151700
3129400
3157700
3149200
3141500
3125200
3124100
3135600
3066900
3050000
3037400
3073600
3067200
3073000
3040600
3069400
3055000
3069000
3038300
3056500
3080400
3059700
3044300
3040200
3041800
3058900
3044800
3041000
3047300
3059400
3067300
3060900
3050800
3050400
3040400
3049400
3088700
3057600
3071400
3056400
3077000
3037000
3033700
3045000
3041700
3631000
3036100
3046400
3040400
3058700
3040900
3038200
3053400
3075300
3092300
3056600
3059300
3046800
3039300
3035800
3138400
3120700
3127000
3117400
3118400
3117400
3143400
3093400
3107100
3102900
3119100
3145800
3135000
3037000
3056200
3048700
3051600
3052500
3040800
3030700
3036000
3041200
3051300
3034800
3051400
3089700
3079700
3086200
3034800
3038400
3045000
3049600
3061500
3038900
3046300
3048100
3034700
3043000
3045400
3057400
3058700
3056000
3072800
3062200
3049300
3035600
3067300
3031600
3063600
3036500
3070400
3560100
3058400
3043200
3077000
3032100
3027600
3046900
3031100
3032300
3028800
3026800
3077800
3037400
3026600
3064800
3127200
3136300
3126000
3136900
3126000
3125000
3128200
3126600
3229400
3146100
3111000
3129700
3135100
3112600
3130600
3095900
3116600
3106700
3119300
3105400
3107900
3110300
3139200
3127100
3123200
3117700
3133600
3170400
3124100
3057100
3070700
3082200
3055500
3048800
3053000
3038700
3069300
3054400
3048200
3058300
3066000
3032400
3027900
3035300
3033300
3030800
3027600
3035000
3035500
3073800
3047500
3570500
3056700
3045100
3075500
3040900
3045500
3057800
3039600
3032000
3025300
3056800
3039600
3072300
3077300
3074800
3125500
3123500
3126100
3115800
3129300
3077600
3079000
3056600
3061200
3050000
3047800
3052200
3046600
3051900
3056100
3063700
3045500
3046800
3058100
3054800
3060300
3040900
3053500
3052400
3083100
3045700
3055100
3049700
3067300
3052100
3052900
3062700
3044900
3060000
3054800
3047400
3052000
3047100
3052500
3053000
3029500
3042100
3074000
3049300
3045700
3057300
3071900
3051600
3065200
3062200
3056500
3563500
3054600
3053700
3057800
3073600
3051600
3054800
3053200
3046600
3056200
3048500
3050400
3049300
3054000
3085100
3125500
3122100
3125900
3126900
3116100
3108500
3119400
3112100
3123600
3136600
3115500
3113800
3141600
3112400
3111200
3130400
3142700
3122800
3119200
3140900
3136500
3119900
3133900
3136000
3117400
3138800
3101600
3123400
3117100
3114200
3095600
3122400
3119900
3126500
3139700
3115700
3136800
3127900
3143000
3130200
3123100
3128600
3097400
3161300
3107800
3116100
3115300
3133900
3142400
3141700
3735500
3108500
3155200
3137000
3129100
3134300
3114000
3133800
3100200
3130100
3118700
3126200
3130000
3124100
3108400
3151200
3114200
3115300
3129500
3122400
3119900
3126600
3094600
3115500
3135700
3116700
3096100
3144500
3129100
3056000
3055000
3064100
3055400
3079000
3049900
3060500
3054500
3071000
3051700
3052800
3055600
3047800
3087600
3048000
3061200
3055900
3080000
3057700
3052500
3051600
3055700
3069700
3050100
3060200
3049100
3055200
3071500
3047100
3061500
3049700
3076500
3048400
3048900
3044200
3070300
3056200
3729600
3051700
3051800
3069100
3054600
3045600
3048200
3072900
3047800
3046500
3048200
3061200
3071900
3057500
3045800
3110100
3113600
3114500
3123300
3126900
3113700
3153300
3104800
3103200
3140200
3121300
3098000
3107600
3097600
3105800
3128400
3138100
3111000
3124900
3073200
3039600
3050000
3047300
3055400
3060900
3061000
3049100
3051700
3065000
3050500
3058500
3056600
3048000
3072600
3066800
3053200
3051600
3061000
3044600
3084300
3064200
3063900
3066100
3071600
3111500
3061100
3089100
3134500
3058400
3060700
3070100
3601700
3049900
3026800
3063700
3058000
3053800
3045300
3052400
3058300
3084600
3048700
3058900
3057900
3073500
3052700
3050100
3055700
3050700
3069800
3048200
3057800
3047200
3071500
3055100
3053100
3052400
3050500
3060000
3058800
3047500
3081100
3069900
3046000
3065100
3051700
3055500
3071400
3050800
3045100
3056000
3053100
3055300
3059100
3057800
3051100
3067700
3082200
3049100
3047900
3054200
3078000
3051600
3050700
3044400
3107300
3055000
3043300
3054600
3073900
3057000
3043000
3053900
3045900
3072300
3049200
3052400
3804500
3045100
3050400
3073400
3064200
3065000
3056100
3062200
3065300
3058300
3067700
3050200
3071500
3056000
3083100
3123000
3121600
3131200
3149800
3144900
3131200
3123000
3091800
3054600
3063100
3068200
3058800
3054100
3077500
3061200
3066400
3060600
3063900
3076600
3053000
3065400
3068600
3083000
3057900
3057400
3045700
3047500
3063000
3077900
3065900
3061300
3062900
3062700
3064200
3065800
3062500
3059800
3077900
3050000
3062000
3044500
3058700
3055900
3040100
3039200
3071200
3122700
3061600
3078700
3065200
3057800
3604900
3087200
3064200
3060600
3062500
3060300
3062900
3057400
3068800
3079700
3058300
3070200
3076900
3065200
3102900
3134300
3143900
3064000
3062800
3071200
3068400
3036500
3063100
3094000
3170600
3470900
3077100
3057800
3059700
3054000
3057500
3063700
3053700
3078500
3112000
3071400
3054200
3034000
3077900
3068200
3063800
3072900
3060100
3059900
3059300
3054700
3066800
3061500
3062200
3043400
3048900
3070000
3072600
3056100
3080700
3062900
3066400
3059300
3064800
3065500
3047900
3074100
3073600
3048400
3051200
3663100
3043200
3065400
3106400
3066300
3052100
3078200
3063800
3057700
3065900
3059800
3056700
3070300
3032000
3046500
3099000
3128400
3125800
3131600
3143700
3130600
3129500
3135200
3122100
3129600
3120500
3125700
3118500
3142900
3125300
3136700
3117700
3145600
3118900
3106900
3100600
3118000
3127200
3140300
3105900
3104700
3120900
3133500
3105900
3092800
3107300
3107900
3125700
3110200
3156800
3133100
3121800
3134700
3120200
3106200
3092800
3102900
3090200
3120400
3118000
3135200
3137600
3124900
3121500
3137400
3105200
3661400
3067300
3065300
3070100
3064500
3059600
3035300
3037300
3033400
3040000
3056900
3071700
3052900
3055100
3056200
3101300
3101000
3087900
3098200
3145400
3119400
3098700
3120500
3096800
3109900
3117900
3145100
3113200
3108500
3098600
3106800
3110800
3146600
3132100
3110100
3082800
3115000
3109500
3117700
3142600
3125900
3116700
3078200
3097900
3120400
3114000
3101500
3097000
3104600
3125500
3099200
3102300
3111900
3133900
3148100
3103500
3091600
3106500
3099000
3121200
3139300
3095600
3106400
3140400
3105100
3107000
3740100
3123000
3116500
3122400
3138000
3125600
3136900
3105900
3130000
3112900
3109500
3107300
3102500
3111900
3110400
3105100
3116600
3037700
3041500
3038100
3040400
3032600
3037300
3032200
3042600
3037000
3044600
3042600
3042400
3043900
3035100
3035300
3043000
3045600
3065600
3063400
3068300
3095200
3036900
3043200
3062800
3033600
3060300
3040800
3036600
3036800
3035000
3057700
3038100
3051300
3032000
3046500
3046300
3060200
3069000
3068600
3091100
3094200
3086000
3062200
3063700
3060800
3083300
3070400
3066900
3058700
3597600
3112900
3090300
3039800
3051300
3063300
3066700
3057400
3074900
3088800
3078700
3063400
3066100
3072800
3090000
3140900
3139300
3147600
3145000
3134600
3128600
3136100
3118400
3125200
3123700
3151100
3152500
3128900
3118800
3179600
3146500
3146100
3135900
3140500
3151200
3107700
3096600
3096600
3182800
3107800
3110400
3111500
3126500
3151300
3090900
3097800
3112200
3108700
3119500
3145100
3121100
3108300
3097500
3113000
3094600
3111400
3156100
3123400
3110100
3108100
3135200
3141000
3128600
3127400
3138800
3113300
3568100
3113500
3128200
3151800
3121900
3131300
3113000
3126300
3108100
3101900
3155500
3130200
3132900
3117000
3098400
3119500
3125300
3099600
3109800
3148500
3109200
3145300
3136000
3105400
3113500
3097900
3100000
3107100
3131800
3125700
3145300
3103600
3103800
3108000
3159000
3116400
3110900
3088500
3123600
3109100
3103000
3100600
3100000
3140000
3104600
3099400
3105700
3112300
3162200
3147000
3118200
3107100
3137400
3123400
3126800
3104300
3131500
3104800
3105100
3111300
3092500
3106200
3091100
3115400
3116000
3732300
3031700
3045400
3038300
3076000
3049800
3045200
3055700
3073500
3054100
3053000
3033900
3039800
3038700
3039600
3095700
3080500
3122800
3095900
3124100
3113600
3090000
3114400
3104000
3084300
3104300
3107400
3108800
3120200
3085900
3051700
3057900
3067900
3051000
3022800
3026300
3065300
3062500
3031700
3029900
3028000
3050500
3051900
3053000
3039500
3030900
3018500
4004800
3773700
3085900
9178600
3045300
3069300
3070000
3057200
3068700
3068500
3154600
3069200
7690900
9324200
3079400
3070200
3072700
3075600
3058300
6593900
4574200
3720900
3565400
3565600
3141500
3061700
3064600
3362100
3049200
3042700
7162200
3073500
3087100
3062300
3136000
3073800
3063600
3037500
3061900
9230900
3064000
3055900
3055300
3049800
3061200
3069900
3053700
3053800
5274700
3067000
3052000
3047000
3052300
3082000
3054300
3050900
3067900
3054100
3075900
3051300
3044600
3054100
3062100
3062800
3043600
3058200
3063600
3066200
3183500
3057200
3056400
3059500
3089400
3087600
3054100
3064100
3072300
3065200
3066200
3059100
3073600
3050400
3059800
3058200
3059500
3653500
3067400
3061500
3059700
3068700
3056000
3060900
3037600
3043500
3066600
3051500
3065700
3079400
3067400
3038800
3064300
3038400
3064600
3058300
3063800
3059600
3058000
3083000
3033900
3083800
3078400
3060100
3044500
3042700
3064800
3033200
3037800
3055400
3073300
3066800
3077800
3059000
3046800
3060500
3070200
3086700
3068500
3063200
3056600
3055400
3067700
3059500
3063900
3047800
3067000
3041600
3034000
3040100
3062900
3077800
3053800
3062800
3039300
3060300
3047700
3037500
3028000
3034800
3066400
3052700
3065600
3588000
3060800
3030500
3040200
3031200
3034700
3041400
3056100
3059200
3039100
3058000
3060800
3044100
3041700
3076600
3109800
3104100
3114600
3115400
3135800
3111800
3085300
3102400
3101200
3110600
3114600
3109700
3116100
3115600
3124400
3125600
3116100
3097400
3107900
3137600
3094300
3094100
3130800
3119700
3107300
3110000
3144400
3131400
3127300
3117300
3132000
3146800
3099000
3097200
3112700
3115600
3129000
3093800
3095700
3109600
3094500
3096300
3108800
3099500
3125000
3114100
3121600
3112800
3097900
3139900
3124100
3571700
3125400
3105300
3132900
3108500
3093400
3095400
3112100
3078500
3109400
3109200
3121900
3106800
3140000
3142100
3115500
3111000
3109700
3032300
3040900
3072400
3056500
3049200
3069700
3073200
3059200
3060900
3044100
3036100
3040900
3041500
3037500
3032900
3035300
3053900
3046700
3029400
3025700
3041600
3043300
3039400
3028300
3044200
3051900
3038300
3036400
3031800
3036100
3034500
3036300
3034700
3030300
3055300
3067400
3063000
3035800
3079300
3033600
3031100
3033100
3049300
3079400
3032200
3033600
3078900
3577500
3034900
3033000
3043000
3035800
3067200
3050000
3051300
3060800
3036600
3036700
3047500
3036000
3053500
3040800
3096400
3108400
3111200
3098500
3112700
3124200
3118900
3093900
3096200
3104500
3120600
3118100
3131600
3151600
3137500
3110800
3104700
3123000
3138000
3130000
3118300
3126500
3101900
3097700
3117300
3129000
3105200
3141400
3127500
3136800
3108000
3039600
3039500
3042200
3061600
3036300
3030600
3073300
3068700
3037700
3027900
7733400
11657300
3056400
3084400
3049600
3057100
3423400
3063400
3065400
10145500
6462800
3079800
3074300
3070200
3099500
3088000
3415000
3054000
7350700
6433700
3057600
5681500
3031200
3068600
3054100
3121200
3067200
4730300
3607500
3585200
3568400
3592200
3563800
3603200
8042100
8584800
3126700
3065400
3056200
3053700
3066000
3058800
3067300
3079600
5204300
3051500
3051800
3084700
3048500
3051100
3061200
3055300
3046700
3061900
3068000
3066000
3069200
3061700
3067700
3061400
3062200
3056600
3051600
3035100
3040100
3055100
3061800
3067400
3037600
3070600
3048800
3037600
3088500
3059900
3077000
3125000
3633400
3059300
3060300
3071700
3054100
3053700
3066400
3068000
3067300
3065900
3069800
3068500
3059700
3078000
3087900
3127700
3142100
3123300
3135400
3107200
3136800
3136800
3117100
3130800
3131800
3132600
3143700
3135300
3133900
3148300
3136200
3136600
3127500
3161600
3134200
3140400
3130700
3141900
3140200
3136000
3129700
3122500
3121400
3109600
3112300
3129500
3144100
3113500
3142300
3112100
3111700
3142700
3134700
3160700
3152900
3134800
3161100
3139100
3128700
3147000
3135700
3125000
3151000
3141800
3058900
3046900
3651400
3058300
3076900
3091700
3080800
3069600
3073300
3089000
3068900
3074100
3071200
3069200
3092600
3069700
3093200
3139700
3159200
3145300
3153600
3154000
3156100
3143100
3144800
3133100
3124100
3147200
3135500
3134600
3133800
3126800
3216800
3134800
3156600
3136500
3147300
3132600
3126700
3144800
3150200
3118600
3136300
3125900
3143800
3142000
3125400
3138300
3073300
3077500
3071600
3074000
3081000
3072500
3086600
3137500
3074200
3072100
3081500
3065900
3069900
3074500
3078900
3077100
3087400
3148800
3066800
3627200
3068900
3075700
3084400
3084400
3062300
3067700
3077400
3066500
3072000
3063900
3066100
3068600
3084400
3081300
3131200
3168800
3132800
3131500
3124500
3143000
3218400
3162300
3139300
3119200
3138500
3076700
3084200
3089200
3078400
3066100
3142600
3087300
3070700
3071900
3079600
3104600
3080200
3065100
3078400
3082500
3077600
3064200
3077000
3089900
3084900
3068500
3106900
3060100
3052600
3032100
3029900
3039700
3062900
3028100
3024700
3029500
3034400
3059400
3050400
3032300
3054300
3053800
3041900
3027800
3031300
3618800
3048300
3031700
3031400
3024900
3026500
3056900
3052700
3052500
3042800
3049200
3066500
3057300
3054500
3047000
3144600
3135300
3028300
3050400
3073000
3056700
3048900
3038800
3035500
3061600
3053000
3030200
3032600
3036000
3055500
3049300
3059400
3037500
3061900
3047500
3038400
3056600
3056600
3040000
3029000
3032000
3033700
3033000
3023700
3057800
3052800
3052400
3070400
3058900
3049700
3050300
3046400
3038800
3047000
3050100
3038600
3063100
3058700
3075600
10279400
3227000
3077800
3062400
3060600
3074200
3062800
6498400
3064400
7840500
11689400
3064000
3065800
3062200
3067300
3066300
3056800
3045400
7950800
11154500
3613800
3606300
8557600
9112100
3078200
3073900
3034800
6186600
3908900
3602500
3583300
3608800
3609800
3600500
3618300
7391200
3063200
3095300
3058600
3051800
3056100
3060300
3068100
3054400
8616900
3083300
3065000
3065800
3103800
3066400
3083100
3418600
3067300
3081600
3063100
3069900
3064400
3063300
3067500
3064900
3064300
3057700
3059100
3053000
3077000
3074600
3045300
3065800
3068300
3066500
3062700
3079200
3059000
3700900
3071400
3074800
3068000
3178200
3084800
3075000
3071100
3079700
3067200
3079600
3080500
3075000
3067600
3093900
3132700
3180600
3136800
3068600
3071100
3078000
3070000
3065700
3061500
3071300
3084400
3078600
3072300
3074000
3073500
3077900
3065000
3063600
3074800
3072700
3080900
3070600
3067000
3068800
3074500
3078300
3074400
3060500
3071000
3069000
3083900
3080300
3064800
3060200
3073100
3077300
3072000
3066600
3082800
3063900
3071100
3082000
3081400
3066500
3087900
3091000
3066200
3079500
3076300
3069000
3146900
3563700
3076500
3072700
3071300
3085100
3133400
3069000
3095400
3078700
3091800
3061500
3071100
3075600
3076900
3105800
3143000
3145300
3156600
3139900
3143200
3144300
3126500
3127100
3137400
3133800
3131700
3157700
3154400
3131600
3148200
3131700
3116200
3195000
3145000
3145100
3154700
3184300
3146900
3132200
3155600
3133100
3153100
3146500
3123000
3159400
3137500
3127100
3139500
3149000
3126200
3155200
3144800
3052600
3067000
3103600
3065600
3071600
3099100
3075300
3071400
3084800
3035500
3066800
3154500
3092200
3670400
3061900
3056700
3044200
3036500
3057900
3036100
3026200
3046900
3035300
3038500
3037600
3086400
3051400
3037400
3079200
3125100
3095100
3117200
3113900
3111300
3116700
3117500
3140300
3101900
3110800
3131500
3141600
3136100
3133600
3103400
3128900
3132400
3150500
3116500
3158100
3110200
3082400
3087800
3055100
3070900
3067800
3068800
3068400
3040400
3044200
3046700
3042000
3038500
3045000
3043300
3041100
3079100
3030700
3052600
3076900
3059300
3056400
3069700
3068700
3061000
3051900
3037700
3053200
3068700
3057400
3608100
3049800
3044200
3038700
3034300
3032700
3038600
3041800
3031600
3067500
3067700
3048200
3034900
3064300
3031300
3104100
3134500
3096100
3117000
3091900
3109800
3104300
3094800
3042800
3068400
3046700
3036100
3035900
3037100
3047400
3036800
3035200
3075300
3057200
3061600
3060500
3042300
3031100
3035800
3049800
3063600
3052900
3061500
3034500
3035700
3040600
3023700
3066700
3070300
3036600
3031700
3035700
3037900
3106100
3074800
3066600
3059400
3054000
3074700
3058700
3046900
3073900
3047400
3042100
3061100
3078600
3610400
3062400
3057000
3067500
3066300
3070000
3061700
7661400
11896600
4596600
4606900
8271500
3056100
3059500
3067000
3134600
3132000
11538900
3080100
3059200
3074100
3074700
3048200
3076500
3069700
3087900
3078400
3451900
3049600
3051100
3081000
3067700
3050900
3054700
3060300
7932100
3100400
9515000
3084300
3052600
3053500
3083100
3072200
3084200
5441100
3023700
3086100
3056800
3054200
3049800
3055200
3076200
3055100
3553800
3064100
3072100
3060100
3062200
3055200
3053800
3060400
3058800
3061300
3061200
3074300
3054200
3937000
3573400
3572400
3565800
3575200
3569200
3558800
3558400
3565900
3567000
3532700
3061100
3039200
3041000
3087900
3098300
3103700
3146200
3139600
3118500
3114900
3115300
3136000
3054300
3039900
3039100
3074400
3062200
3055500
3062600
3080700
3058700
3055900
3066100
3072800
3065400
3051400
3057600
3198400
3050600
3063500
3066600
3051600
3063800
3056500
3088800
3063000
3050200
3036000
3030700
3075600
3057700
3056500
3059900
3043700
3052000
3061800
3058100
3060200
3042500
3068600
3056200
3064400
3048200
3039500
3053900
3513000
3030600
3038700
3046300
3090500
3057800
3074000
3045200
3063100
3059000
3058900
3058900
3071300
3064400
3078700
3113200
3107500
3144500
3140800
3140000
3115500
3121700
3114100
3118600
3095200
3120500
3121100
3116400
3148100
3163500
3140900
3114800
3106900
3110100
3118300
3134800
3101900
3156500
3129000
3135400
3135300
3067600
3077300
3055100
3058200
3105300
3065900
3066500
3054000
3037200
3067900
3673000
4225500
4294900
3064300
3068300
3067000
3069700
3055600
3044600
3040900
3055500
3057100
3068200
3062700
3643400
3037900
3041800
3057200
3063000
3036000
3083800
3075700
3074300
3058900
3059100
3070800
3062700
3065900
3066800
3108700
3148000
3121900
3144300
3131000
3129200
3165900
3104600
3104100
3111800
3134300
3078000
3126100
3142300
3092200
3121600
3128700
3117900
3107400
3115800
3111800
3038500
3060900
3048600
3044500
3053300
3069800
3052000
3063000
3069700
3054000
3047700
3037300
3053000
3058000
3069600
3058500
3056400
3072300
3041400
3068900
3046400
3048900
3052600
3082600
3060600
3062800
3069600
3058400
3054600
3051000
3619300
3050000
3030600
3037700
3037200
3056500
3038500
3041900
3042700
3046300
3052000
3065100
3071900
3056300
3077700
3128500
3125400
3135600
3142400
3114100
3136400
3121100
3086500
3130200
3104100
3142800
3145600
3164900
3109300
3131200
3094800
3091400
3061700
3036400
3039600
3047700
3056400
3077400
3040900
3039400
3044500
3048500
3046100
3036300
3034100
3070100
3057600
3064500
3060300
3058900
3106600
3037100
3040000
3072300
3105600
3064400
3058700
3054900
3067700
3077100
3064200
3063400
3068200
3092900
3059900
3056900
3580100
3079800
3068700
3060300
3068900
3097800
3078700
3055100
3061400
7893500
11777200
3082000
3057600
3163400
3050800
3070300
3054500
3046200
3052400
3052500
13436600
3268700
3076600
3045300
3071600
3064900
3061500
3061900
3067100
5745800
3575400
3561200
3567300
3593900
3570900
3566600
3569400
3830900
3059800
3065100
3062200
3065900
3050700
3055800
3058900
3055300
3069400
8031200
3568600
3604600
3574500
3569200
3052500
3066500
3083600
9077200
3387300
3098900
3074000
3088400
3108800
3071900
3075400
3146000
3113000
5541600
3690500
3069900
3065700
3066000
3066100
3072100
3069700
3056400
3058800
3061800
3062200
3064100
3062300
3062800
3089500
3133500
3152400
3124200
3151000
3127600
3105200
3126000
3105000
3118100
3107400
3141000
3140800
3148800
3143300
3132900
3118000
3116800
3114500
3123900
3133500
3134300
3146700
3132500
3113700
3125000
3152500
3128800
3135100
3142900
3109300
3120100
3119100
3148400
3128000
3112800
3081400
3128200
3124700
3136200
3140800
3122400
3109500
3111800
3090800
3106200
3133300
3122400
3141200
3111500
3149900
3141200
3519600
3059400
3059500
3059500
3076600
3034300
3032700
3056400
3061200
3072200
3031800
3064100
3060900
3064200
3098300
3060900
3045000
3038200
3037000
3045200
3055700
3040100
3067900
3063300
3062500
3095100
3073100
3072000
3045700
3053400
3034300
3037100
3076200
3062700
3061800
3031700
3039200
3040000
3058600
3054200
3040700
3064100
3063500
3059100
3040100
3034900
3076900
3048700
3053800
3041700
3059400
3067600
3055600
3033600
3038900
3038900
3031500
3029700
3035000
3051200
3077500
3076600
3056100
3043100
3048700
3649300
3064700
3038500
3037700
3049700
3047600
3057300
3062300
3080700
3037700
3043700
3042700
3042000
3069900
3075200
3088000
3125500
3117400
3102500
3111500
3109200
3116300
3095400
3126000
3044100
3076500
3035200
3029200
3030900
3057500
3036300
3065700
3044700
3033000
3039700
3055300
3059500
3046200
3054200
3074800
3063600
3065900
3067500
3068000
3041400
3064400
3066600
3059600
3064800
3055200
3065600
3070300
3069000
3066700
3036900
3066500
3068100
3041500
3043700
3045500
3060300
3067100
3078100
3057600
3074500
3092500
3637600
3071500
3061600
3078200
3059500
3056700
3040000
3034800
3054900
3061700
3043900
3036300
3045900
3081100
3067400
3150600
3130000
3115900
3099200
3117300
3130800
3105900
3125100
3157900
3159500
3132800
3135000
3114500
3158200
3147100
3136700
3149000
3134900
3137300
3139700
3133600
3119100
3110500
3143800
3133700
3138600
3136700
3104500
3087000
3093900
3113700
3124700
3107600
3151600
3126500
3150800
3129200
3107400
3121600
3128000
3127800
3132500
3147900
3147200
3143000
3135900
3119000
3130300
3126500
3059800
3066400
3624700
3076700
3068400
3097600
3069800
3068300
3071700
3152000
3078000
3063800
3078900
3073600
3076700
3062900
3087600
3147400
3141500
3168700
3147100
3131600
3133000
3139000
3158400
3128700
3122400
3129400
3113500
3126400
3124100
3185300
3135200
3195700
3140600
3161300
3133700
3141200
3150900
3139800
3148100
3135400
3201700
3162800
3148900
3130900
3141400
3128300
3132900
3131800
3067300
3066000
3081500
3080400
3091400
3063400
3062600
3074800
3075200
3063600
3069100
3066900
3089100
3068900
3143200
3088200
3076100
3070100
3530400
3083900
3077900
3104500
3064500
3068700
3075700
3071100
3075000
3087900
3069000
3071800
3079300
3091600
3099700
3120400
3080400
3083900
3070200
3078800
3079600
3073200
3072100
3060900
3072500
3082200
3080500
3081400
3080200
3152400
3073000
3075300
3072000
3078100
3069900
3090200
3072200
3058200
3078300
3085100
3069300
3077400
3102200
3065300
3090800
3080500
3088400
3071100
3076200
3076000
3082100
3085100
3076100
3073400
3062100
3073600
3063400
3086700
3074400
3067100
3063500
3079200
3083000
3077800
3136200
3673000
3070900
3044300
3075400
3048800
3038800
3034500
3037800
3038400
3027300
3065300
3054000
3044700
3033300
3041500
3087000
3097400
3144300
3144000
3117300
3121400
3126700
3141100
3137500
3130200
3162500
3132700
3135800
3119200
3121400
3108400
3115000
3102000
3139800
3133100
3104900
3114700
3117200
3108400
3130700
3106800
3111500
3150900
3101200
3087900
3143300
3119900
3116000
3110500
3105000
3086500
3111200
3172700
3142900
3118800
3080600
3119600
3118700
3108000
3110400
3109000
3103500
3105800
3116700
3111400
3089800
3666700
3042700
3054300
3028400
3050900
3051800
3072800
3059600
3057400
3028500
3057700
3053500
3037200
3065400
3058400
3135800
3121400
3128600
3132500
3172600
3177900
3129100
3120500
3127700
3160700
3128400
3111300
3105700
3119000
3129800
3099200
3105500
3032800
3059700
3045000
3036300
3041600
3046300
3072200
3031900
3039400
3039100
3060100
3038300
3028300
3035400
3042500
3082000
3065000
3060600
3048100
3054000
3039900
3043500
3066000
3035300
3052900
3064700
3040000
3037000
3072800
3060500
3058400
3032500
3042100
3050100
3575300
3047800
3045400
3045600
3042400
3039000
3033700
3037100
3093000
3061900
3042400
3027300
3045600
3059900
3061200
3105700
3119500
3110900
3126100
3138500
3103700
3115000
3081600
3114000
3114500
3090700
3113100
3106600
3101800
3106100
3123800
3101400
3145900
3088900
3109500
3102200
3115100
3149000
3112100
3109100
3108300
3109900
3120900
3150700
3109000
3123800
3120400
3110500
3109100
3106500
3103700
3096300
3105100
3107400
3097300
3124400
3131700
3140100
3131800
3136800
3123900
3145900
3116400
3101700
3097300
3108400
3609500
3101700
3113800
3086500
3150500
3120100
3116600
3098500
3115300
3126600
3106100
3115400
3109500
3102300
3104500
3107900
3111400
3120800
3127300
3103100
3087900
3088300
3104100
3108400
3112500
3099500
3113500
3123900
3114300
3125400
3108600
3111400
3059700
3081900
3121300
3104900
3093400
3093500
3090800
3104600
3129900
3117100
3105500
3124600
3130900
3113500
3131500
3105100
3084300
3109200
3113400
3111400
3080200
3134400
3135400
3120500
3152800
3139200
3137300
3150600
3152400
3151800
3138500
3229200
3137300
3133200
3617800
3055800
3043800
3053300
3087800
3038200
3035300
3059100
3033100
3058200
3031400
3056700
3055300
3045100
3087800
3143400
3118600
3119600
3124300
3126900
3105500
3115500
3108000
3123400
3112400
3104500
3103600
3100500
3103100
3113000
3137700
3143400
3136500
3122700
3128700
3139700
3113900
3094900
3117900
3118100
3127700
3107500
3120000
3104800
3129900
3122500
3103100
3111400
3101300
3133100
3115200
3084000
3107700
3104600
3139100
3109600
3101800
3115200
3099300
3115700
3117500
3113300
3136700
3131100
3119600
3677300
3035600
3075100
3054600
3038900
3038800
3050700
3028800
3033800
3040100
3040800
3048200
3037700
3031700
3025900
3060200
3035900
3034400
3039800
3033700
3041900
3035800
3049800
3041600
3041800
3036200
3049800
3066000
3042300
3038800
3042400
3044800
3045500
3040900
3041500
3063000
3057500
3029300
3037400
3029500
3029600
3037800
3032200
3031100
3034400
3043000
3036000
3051700
3040200
3055800
3065800
3030500
3044600
3040400
3086000
3069900
3070400
3064600
3068400
3062100
3074400
3075200
3065800
3062600
3056300
3086200
3604600
3035600
3052300
3075100
3035100
3037500
3035100
3047500
3035800
3074000
3036800
3041200
3040200
3044100
3029900
3102300
3114000
3113300
3106100
3113900
3118700
3107200
3098200
3226500
3115100
3121900
3125600
3121100
3113200
3101700
3104800
3109300
3044100
3043800
3034300
3070200
3058300
3041900
3036800
3057200
3031700
3036200
3047700
3057000
3050500
3045500
3038700
3039900
3036600
3049400
3040200
3060900
3063900
3052600
3035000
3035800
3051600
3029100
3036400
3045100
3037100
3032200
3052800
3033700
3038000
3051100
3562700
3046200
3038200
3044200
3033100
3048700
3058400
3059100
3046500
3039100
3049000
3053400
3081600
3063500
3110200
3123400
3072300
3049700
3044600
3039000
3049500
3045600
3042400
3079200
3075100
3056500
3056700
3042400
3077300
3068500
3069600
3075600
3074500
3073200
3067800
3082600
3060600
3076000
3063700
3070200
3068000
3088200
3108100
3062300
3065200
3067400
3053300
3043800
3062400
3059900
3052600
3052600
3063300
3070900
3041600
3035600
3041900
3046200
3044700
3040400
3035200
3044200
3043200
3040400
3039300
3031500
3565000
3038200
3051400
3050400
3066600
3070500
3028700
3023300
3047400
3056000
3059000
3054400
3046400
3053000
3083700
3119900
3106000
3136700
3112600
3114900
3119400
3127000
3122900
3129800
3100000
3132200
3116200
3158400
3109600
3107100
3116700
3117200
3125500
3136700
3152600
3139700
3139500
3134100
3137100
3134300
3116900
3141600
3133000
3129700
3100300
3142600
3116900
3140200
3125200
3110000
3135400
3131100
3115700
3113600
3131600
3125600
3138700
3119600
3143900
3056900
3054100
3050200
3065700
3076600
3059300
3063100
3541800
3078800
3052600
3051400
3057600
3051600
3073700
3056000
3046900
3049000
3051200
3085300
3048300
3057400
3105300
3133500
3120100
3122300
3116400
3131700
3094600
3106100
3129700
3094800
3131800
3126500
3106400
3121700
3120100
3092100
3126700
3113100
3115500
3126800
3110100
3101900
3128700
3144700
3111400
3112300
3138100
3132800
3131100
3127900
3113000
3132900
3136800
3120300
3141200
3127200
3047500
3079800
3054300
3051100
3048500
3077000
3049200
3052300
3051000
3060800
3086300
3058200
3052800
3046200
3079500
3660400
3051400
3056200
3049900
3048500
3052500
3052900
3056700
3078300
3058100
3047200
3069600
3056700
3077200
3045000
3099100
3127700
3116700
3109900
3126200
3128500
3123200
3141300
3137100
3103800
3122200
3108900
3115400
3127600
3127700
3130700
3119500
3123100
3147300
3127200
3163200
3118600
3107700
3141500
3116100
3058700
3052500
3059400
3046100
3055700
3052100
3050400
3048600
3059600
3053800
3053100
3049100
3050000
3067000
3054200
3054100
3050600
3089000
3050800
3047100
3053700
3060700
3099500
3051600
3056000
3057800
3642900
3045700
3043300
3056900
3057100
3087800
3058600
3050000
3048500
3073500
3046600
3056300
3053200
3054300
3067000
3124500
3103200
3115800
3142800
3122100
3113900
3125000
3128300
3137200
3118700
3099200
3107300
3125300
3127600
3125100
3129700
3130900
3152900
3130200
3131700
3131000
3135700
3138800
3115600
3126100
3133100
3122100
3130700
3131000
3110700
3149200
3096500
3139900
3133300
3147100
3132900
3114900
3107100
3124600
3180000
3119500
3119600
3113700
3115700
3131600
3059800
3056100
3051900
3044000
3053200
3053800
3585800
3065400
3048200
3056800
3056800
3053600
3056600
3056100
3063200
3068300
3071400
3067300
3060000
3062600
3060800
3064400
3042200
3062600
3059500
3064500
3063600
3065600
3070900
3073300
3056900
3064300
3068400
3067800
3067300
3062600
3083600
3065800
3058900
3070800
3035400
3055100
3063000
3059400
3072700
3066500
3059000
3059300
3076400
3061200
3055700
3063200
3039400
3046300
3030500
3065500
3070500
3040900
3042300
3046100
3068700
3043900
3046300
3063900
3071200
3060600
3050300
3037600
3041900
3049100
3033200
3041900
3584700
3067000
3064000
3035300
3072600
3050100
3076500
3043000
3042200
3039100
3044400
3046800
3041800
3038300
3063300
3150500
3114000
3106100
3061500
3048400
3062500
3035400
3029000
3055400
3080200
3038800
3040800
3039500
3043300
3037700
3049700
3037900
3036200
3070100
3103300
3069200
3061700
3037100
3057100
3074200
3064200
3042500
3067700
3075000
3036900
3040900
3035200
3055200
3048000
3034400
3030600
3047200
3035300
3078500
3050900
3036700
3062400
3038600
3038900
3031300
3064800
3047300
3051300
3060900
3061900
3064800
3656100
3079500
3067300
3089700
3079100
3079000
3068400
3078500
3084400
3080700
3070700
3202500
3094600
3067900
3121200
3142500
3110900
3145600
3144500
3136700
3195700
3053800
3043800
3083900
3098600
3051800
3072200
3042200
3036600
3060700
3110500
3043200
3051500
3766800
3055100
3040900
3043600
3094600
3033700
3061600
6182900
3049600
3063600
3045800
3028900
3021000
4181800
4503500
3050800
3023200
3095600
3053500
3036200
3027700
3663300
3077300
3031300
3035600
3030100
3098600
3035000
3031500
3032700
3574100
4490200
4469600
4107200
3141600
3050600
3042400
3047500
3221400
3045800
3031500
3042100
3138200
3070100
3035700
3038300
3042100
3112200
3037600
3043900
3042400
3071200
3052100
3036800
3041900
3035800
3189700
3155700
3144800
3146100
3173600
3163100
3163000
3148200
3039100
3724800
3032500
3013300
3030300
3085400
3094800
3040800
3024400
3010400
3031700
3058400
3030800
3023200
3035600
3057200
3037500
3028700
3028300
3027400
3048000
3033700
3019100
3053700
3086700
3023000
3045800
3037800
3032700
3044200
3009300
3024500
3061900
3026400
3070800
3033900
3026500
3031400
3052600
3078700
3053700
3079400
3029300
3071400
3042400
3046400
3070400
3036500
3401300
3589900
3688900
3591900
3621900
3598600
3602500
3624400
3575900
3578800
3608500
3620300
3643100
5539100
3987000
3565800
3444800
3414300
3481100
4112100
3033200
3028400
3080200
3042700
3015600
3048900
3150100
3074300
3032000
3025500
3041100
3053700
3024200
3030500
3030700
3061600
3236700
3028300
3026700
3085900
3051800
3015300
3031400
3080000
3077600
3116000
3035600
3045800
3031900
3058300
3032600
3027100
3044700
3065100
3783200
3036800
3031700
3053600
3027100
3043600
3037500
3033700
3039600
3058700
3035300
3039600
3057900
3041900
3053800
3025000
3035200
3042400
3041400
3091300
3048700
3076700
3041300
3042000
3041800
3026600
3055700
3044700
3042300
3033900
3045200
3608900
3177400
3164600
3532300
3137800
3205400
3217200
3075700
3049300
3037800
3032800
3059100
3053400
3036900
3037600
3030100
3782100
3028200
3034300
3028000
3046400
3037000
3017600
3002400
3027000
3052000
3021100
3030200
3028500
3038600
3091700
3021500
3028300
3025500
3112800
3156700
3044800
3044300
3042200
3088000
3041900
3048100
3030900
3071600
3020800
3029000
3041600
3043600
3424000
3613600
3583700
3579400
3588700
3608700
3595000
3610700
3593800
3583300
3563500
3600100
3272800
3030100
3028400
3037500
3055300
3042400
3560000
3038600
3028000
3079400
3041000
3036700
3035100
3051500
3053400
3046200
3039400
3064900
3147900
3026100
3025900
3033000
4453200
3030700
3012000
3034400
3012700
3048600
3038300
3038100
3062500
3036600
3045700
3027700
3021600
3007100
3004600
3037100
3034100
3061000
3029800
3042900
3032300
3020900
3040400
3034600
3033000
3039100
3034400
3019000
3025400
3032600
3026700
3043000
3007000
3053600
3041300
3027600
3036000
3015700
3042000
3020900
3142000
3167500
3168100
3155400
3157300
3130500
3139700
3184600
3142900
3040600
3502400
3058600
3033400
3062600
3028500
3020200
3146800
3582100
3582300
3579300
3597600
3597400
3564000
3574100
3566500
3066200
3040000
3024000
3028300
3050100
3048800
3026100
3029000
3022700
3068500
3034900
3028800
3005600
3019700
3044800
3038700
3040200
3040000
3056200
3023600
3051800
3021500
3036900
3061200
3035400
3026300
3041000
3022300
3092200
3022000
3033800
3023300
3036000
3077900
3029900
3036600
3029900
3033000
3063900
3030600
3019700
3197300
3145600
3192300
3160000
3046800
3021800
3125700
3034700
3005600
3624800
3028400
3066300
3027100
3064700
3012100
3036800
3042800
3022500
3054700
3027200
3054400
3031000
3027000
3033200
3036900
3045400
3036400
3045100
3038900
3054400
3043100
3035900
3051300
3044300
3071000
3036500
3084800
3041600
3023200
3049100
3031700
3056200
3035900
3039500
3050300
3058200
3026100
3042600
3053600
3026500
3060400
3017200
3037100
3056700
3044000
3048900
6163400
3054900
3060400
3028200
3007200
3010400
3073600
3027700
3056800
3044100
3026100
3100200
3037600
3027900
3031700
3141600
3045400
3051200
3044100
3624900
3058000
3031000
3018400
3024000
3220800
3038100
3039600
3033800
3068200
3042500
3043400
3031700
3029500
3080500
3037100
5526100
3016900
3216700
3025000
3035900
3040200
3085200
3035700
3043100
3030300
3043600
3087500
3037000
3029700
3028100
3072500
3049600
3022100
3033700
3028600
3109100
3017100
3029300
3030100
3051400
3056500
3042300
3038500
3022100
3058700
3584900
3033700
3074200
3074900
3035900
3008400
3062100
3029800
3045000
3043700
3030900
3045300
3026900
3069300
3025900
3046900
3037900
3123300
3017100
3043400
3594100
3031800
3054100
3036900
3088000
3057400
3044000
3060700
3053000
3042700
3023900
3035900
3079000
3052500
3042100
3036600
3076800
3042200
3053500
3035200
3036800
3060600
3069100
3032700
3044500
3044400
3031500
3040900
3043400
3045900
3049900
3046800
3032900
3038300
3039800
3040300
3068500
3046300
3036800
3042100
3062600
3025000
3033900
3040800
3056100
3043700
3040500
3048100
3053000
3087400
3054300
3041400
3028000
3051800
3042200
3040900
3045500
3059300
3078800
3033200
3036200
3049600
3082000
3039900
3043300
3050100
3570500
3039900
3038500
3041400
3036000
3046900
3035900
3037700
3043700
3048200
3084500
3032300
3038400
3038800
3038100
3054900
3046100
3043700
3044400
3061900
3033900
3047400
3046000
3030300
3067000
3046600
3043300
3029700
3063400
3099200
3045900
3047200
3024300
3064300
3048400
3025200
3046700
3062100
3078700
3041600
3030900
3036600
3055000
3039200
3043700
3018200
3064800
3058600
3034900
3029500
3032500
3048700
3041000
3045400
3042600
3080600
3082600
3040300
3052800
3038200
3057300
3084200
3045500
3049400
3056300
3053700
3504100
3029700
3032800
3065000
3115500
3036900
3037200
3036500
3090100
3035900
3050400
3049800
3069500
3055300
3017100
3033500
3101700
3036200
3054900
3037900
3033800
3074800
3036100
3062100
3024000
3061200
3031200
3034100
3116100
3037900
3033900
3065200
3057000
3036100
3053000
3032100
3033800
3055100
3040100
3045300
3044600
3028800
3171200
3048900
3043700
3041300
3039300
3056200
3070400
3040300
3036600
3043400
3053900
6164100
4883400
3230200
3148100
3158700
3152300
3133900
3148100
3131500
3155900
3149300
3211500
3611200
3035600
3044500
3068500
3064900
3034800
3032800
3042100
3057400
3107600
3040000
3051000
3051600
3041100
3043600
3035100
3023800
3061400
3053100
3034500
3054900
3044100
3044300
3113800
3035900
3018500
3005700
3035400
3255400
3032300
3061600
3031700
3027900
3041000
3026800
3033500
3011000
3096400
3024500
3058500
3036800
3104200
3091400
3067700
3033700
3020700
3050500
3023800
3054800
3028600
3347700
3028500
3048600
3047400
3033700
3051600
3242600
3138100
3027700
3402600
3597500
3610800
3593700
3596400
3590800
3572700
3917000
3059000
3028100
3065700
3030000
3028600
3066600
3037900
3023700
3027700
3065100
3026800
3069600
3033100
3044400
3067200
3045800
3060800
3019100
3107600
3075000
3029700
3036000
3108300
3050800
3041100
3043100
3043100
3083900
3075700
3032600
3035900
3034500
3085600
3094500
3058800
3055400
3076500
3045700
3025400
3038900
3039700
3083700
3062000
3034300
3054900
3035200
3078100
3046500
3038600
3026000
3041000
3040400
3039300
3025700
3031600
3124600
3158400
3158300
3143800
3155900
3177100
3141600
3142500
3160400
3171900
3750500
3020800
3020700
3094700
3050600
3040500
3041700
3039300
3088000
3046100
3050500
3038400
3076400
3060300
3050100
3050600
3041900
3099000
3042800
3015100
3042300
3074500
3059500
3038500
3055000
3032400
3100000
3041200
3047100
3033200
3053900
3037600
3031300
3028400
3020600
3016800
3186900
3040700
3036900
3056100
3033900
3035600
3027500
3020700
3047400
3457600
3050200
3037400
3044900
3032900
3013900
3040200
3019500
3040200
3110400
3079300
3092500
3149700
3139300
3139700
3191500
3169300
3148500
3134600
3051400
3023400
3508800
3042900
3030800
3066700
3047800
3064800
3040500
3064600
3034400
3033300
3056400
3036800
3051900
3052500
3041800
3072200
3067900
3031100
3030500
3069300
3028100
3057800
3037500
3048700
3060300
3066300
3041100
3046800
3073600
3039000
3048900
3034400
3032600
3042400
3068600
3040900
3041800
3038400
3044100
3084800
3044600
3054000
3045300
3045500
3012800
3045400
3071200
3051900
3070500
3039400
3038200
3027000
3072400
3056500
3048200
3039800
3136900
3187900
3154900
3135900
3172600
3058700
3043700
3043800
3055400
3037700
4014800
3572900
3583100
3571600
3617100
3589700
3609200
3599000
3573100
3567900
3559500
3594700
3567100
3573500
3577600
3624500
3373600
3103600
3033000
3037900
3059000
3033300
3021200
3028600
3039200
3161500
3030500
3069700
3064900
3036500
3040000
3034300
3025700
3039700
3037900
3029100
3027600
3036400
3035900
3045100
3034700
3035100
3040000
3025000
3063000
3032400
3038700
3031400
3030900
3057100
3052500
3217600
3052900
3061700
3120100
3062500
3154100
3158200
3197700
3054600
3027400
3013900
3022800
3068400
3078100
3612100
3021800
3046000
3061200
3029800
3035700
3027400
3074300
3024200
3011000
3038900
3037500
3086300
3015800
3043500
3030200
3028700
3066900
3029700
3038300
3030900
3098100
3030600
3043400
3018400
3027700
3042600
3038300
3033100
3043200
3023900
3050800
3029700
3022000
3028200
3087900
3045400
3051000
3029500
5138200
3038400
3033600
3028400
3007000
3036500
3025800
3043700
3026000
3053400
3119600
3051200
3039100
3047800
3072000
3055300
3036600
3047000
3058900
3102700
3583000
3576400
3611300
3571300
3594800
3575700
3626200
3883100
3060700
3025400
3064100
3040100
3050200
3034400
3066200
3070100
3042600
3065400
3047600
3105200
3045700
3045700
3054700
3042300
3058800
3038900
3054800
3028600
3091100
3047000
3036500
3070700
3051900
3059300
3041800
3040900
3052800
3061100
3039600
3048800
3042100
3046300
3055300
3043300
3041700
3045800
3069100
3045500
3045600
3036200
3041700
3065000
3025900
3017600
3044600
3040400
3037800
3038200
3037900
3068800
3059800
3026700
3038100
3086900
3070500
3043800
3046800
3040000
3054900
3069900
3041500
3038700
3037100
3553900
3046000
3030600
3043900
3045600
3105700
3046200
3037400
3038000
3103400
3042000
3049800
3040900
3043400
3072100
3043300
3051600
3035400
3038800
3056900
3032300
3048700
3030500
3054500
3042500
3034900
3035800
3024600
3056900
3036200
3026700
3032200
3063500
3048200
3048300
3040700
3033700
3050200
3038100
3036600
3026600
3019800
3030000
3027000
3043500
3040700
3045200
3035700
3079600
3030600
3074400
3003500
3024600
3015300
3028600
3032600
3113500
3170200
3143800
3175800
3146200
3139200
3175200
3136900
3150200
3139700
3611500
3044800
3072800
3028500
3040600
3043000
3032200
3058000
3043800
3039000
3046400
3065800
3075000
3033700
3052600
3044900
3040400
3049900
3038900
3069600
3063500
3047600
3048800
3037800
3068900
3046700
3048400
3019100
3056800
3064900
3031000
3026500
3061500
3069900
3046200
3055400
3036500
3056300
3068500
3034900
3040600
3037800
3055700
3041100
3018400
3037600
3034800
3091700
3043500
3039400
3051600
3036100
3050200
3034400
3047800
3029100
3182200
3163100
3034200
3044100
3083300
3086300
3042300
3040400
3026200
3791700
3025600
3041600
3037700
3127800
3037000
3038900
3026200
3052500
3040300
3044300
3038300
3036000
3035600
3038600
3036500
3036800
3034100
3114700
3050100
3042200
3046100
3043900
3054700
3036000
3035900
3048500
3114100
3040000
3034300
3042700
3053500
3046900
3034400
3023400
3049700
3033600
3073000
3037100
3031900
3058300
3022200
3048500
3031400
3040000
3062500
3039900
4344200
3413900
3063000
3048800
3048400
3040900
3068600
3056100
3064200
3050900
3159800
3027200
3034800
3072800
3048200
3061100
3029600
3021800
3068100
3627000
3038600
3032400
3041300
3048200
3066400
3041500
3049700
3053000
3069100
3043300
3054300
3044700
3064300
3081300
3039000
3042000
3030100
3046900
3040700
3042500
3037400
3068500
3087600
3038100
3031000
3052700
3137600
3048300
3044400
3049700
3049300
3094400
3036400
3045800
3040300
3082500
3041300
3046800
3037800
3030900
3092900
3032400
3020300
3036800
3041200
3078400
3034600
3017000
3040400
3153300
3041600
3045100
3041100
3042500
3087300
3068700
3147000
3037800
3069800
3043300
3033700
3036600
3047900
3055200
3056700
3585600
3047400
3063400
3071100
3048000
3024600
3063400
3043800
3106000
3041200
3036300
3050700
3073300
3036000
3035300
3043400
3036200
3046700
3048100
3023700
3064800
3022900
3072400
3040500
3082600
3027000
3033700
3081400
3043500
3067800
3043000
3033700
3040300
3075700
3017900
3055600
3040000
3038600
3040300
3037400
3043100
3039200
3072300
3040500
3014900
3081800
3046000
3068200
3031500
3048800
3132000
3071300
3028100
3052200
3019500
3056900
3118300
3150200
3040300
3031800
3066900
3047100
3034300
3040400
3042400
3075900
3546800
3042200
3041600
3088000
3054100
3012300
3035400
3046500
3038600
3040900
3031400
3025700
3094000
3038600
3040600
3021500
3017100
3086300
3044300
3034900
3045300
3131500
3042100
3026500
3044200
3042000
3057000
3036600
3048200
3037900
3032500
3037000
3057800
3055900
3027800
3105300
3034200
3034800
3037600
3027200
3046700
3041300
3044500
3023300
3068200
3056900
3053000
3033700
3053700
3058400
3043500
3045100
3029100
3034900
3088900
3039000
3111900
3134900
3182400
3133700
3135500
3139700
3042800
3039500
3087500
3035000
3551300
3021900
3083900
3023100
3167800
3027600
3040300
3053200
3031600
3062300
3028200
3059300
3035300
3042200
3070500
3034200
3587700
3564200
3587000
3577200
3568300
3578300
3594300
3523300
3037600
3038300
3079900
3031600
3042200
3050700
3035200
3040000
3041300
3056900
3044100
3066600
3035500
3026700
3049700
3043400
3022600
3032700
3040900
3032700
3043400
3035500
3023700
3029200
3035000
3054800
3035500
3018000
3074100
3030600
3040400
3041400
3150600
3139900
3135100
3134800
3147600
3080500
3070900
3032300
3032100
3587400
3077100
3037200
3030800
3026600
3063700
3060900
3042700
3045100
3039900
3104700
3031500
3044800
3033600
3013900
3060400
3019700
3013600
3047400
3060300
3115200
3044700
3044200
3031900
3067300
3057200
3036900
3038600
3074300
3067900
3047100
3040000
3037900
3079300
3038800
3043200
3044000
3061300
3054800
3053700
3040800
3040000
3057900
3136500
3036500
3047000
3047400
3042900
3359600
3035600
3045200
3009900
3100900
3035200
3037900
3028000
3015400
3062200
3027600
3006200
3064200
3046500
3111300
3027500
3026100
3044600
3600900
3037300
3048100
3065900
3036800
3100300
3034300
3061100
3044000
3038400
3062800
3037500
3071000
3043300
3028200
3109200
3092400
3069400
3088700
3073400
3049600
3048400
3054400
3081300
3064000
3045000
3054000
3100100
3068100
3049200
3022100
3032800
3070100
3038900
3047000
3020800
3041200
3053300
3068800
3030100
3032700
3034900
3079500
3065700
3023200
3049600
3067300
3049800
3060000
3031100
3034000
3076500
3029200
3052000
3047100
3052000
3055800
3033000
3022600
3044200
3062200
3055800
3047100
3039400
3082800
3052200
3580900
3017800
3040700
3066400
3034300
3041500
3047100
3078800
3040700
3048800
3039100
3036600
3131800
3050800
3027000
3038300
3066700
3045900
3042200
3041300
3046800
3107000
3052800
3041500
3036000
3044300
3083800
3019500
3041400
3026100
3055500
3071800
3045400
3033800
3055600
3066000
3054400
3046500
3034200
3058900
3041200
3889200
3035000
3066300
3120600
3074300
3043400
3047200
3074100
3060900
3040800
3034100
3053500
3034800
3072100
3052300
3108400
3163800
3231700
3040200
3038900
3057300
3009600
3057200
3025100
3062600
3532600
3045200
3042900
3042100
3072800
3025000
3069200
3045200
3078200
3043200
3047400
3037800
3039300
3056800
3022500
3057400
3061500
3055600
3043000
3049900
3033000
3036400
3051400
3034100
3052900
3028300
3063500
3051500
5637000
5969700
6086500
6311900
6248900
3671700
3036900
3044500
3031000
3076200
3038100
3073700
3039400
3065100
3045500
3063300
3030200
3041800
3094700
3043900
3069500
3041200
3154300
3579500
3601000
3557400
3597400
3586900
3627600
3572700
3566200
3578700
3593700
3567300
3582900
3575600
3585200
3575600
3559900
3101800
3054900
3042100
3038600
3027400
3072400
3046800
3046000
3047700
3040400
3078700
3046500
3036800
3045700
3038500
3044600
3042200
3033000
3039000
3275000
3025900
3015600
3040100
3033100
3049500
3025400
3003800
3020500
3055200
3014500
3031100
3024100
3031400
3057300
3021500
3039600
3032100
3045800
3068500
3039800
3015200
3040600
3037300
3061200
3019000
3031400
3039600
3024700
3069900
3045300
3023900
3047400
3036700
3030100
3056700
3189000
3332900
3016600
3037800
3033800
3038600
3043500
3040100
3025700
3668300
3067500
3045600
3041700
3049500
3050400
3060400
3035600
3031000
3029700
3061400
3037200
3038100
3076000
3050900
3062900
3053600
3035300
3023500
3035400
3083000
3044900
3068300
3041400
3038000
3043700
3039900
3058900
3036900
3085700
3051200
3102300
3053400
3056300
3037000
3033200
3048200
3037800
3060600
3038500
3069800
3044200
3065300
3047700
3031900
3047600
3046400
3074200
3022500
3072000
3028500
3066800
3032300
3025700
3027700
3032100
3053900
3049500
3055300
3037800
3065100
3024100
3028400
3054300
3022900
3031700
3550400
3057800
3027400
3034100
3055400
3029900
3021600
3029200
3016200
3061600
3056000
3037100
3028400
3037400
3043500
3030500
3021800
3016400
3107400
3071100
3038600
3043700
3047500
3759700
3036200
3022100
3035600
3027100
3064800
3043000
3041200
3031900
3088900
3029900
3023000
3029700
3029300
3095100
3030900
3024400
3028000
3027600
3058600
3032000
3033700
3023900
3050200
3015700
3024800
3037200
3024400
3074400
3020100
3037300
3040900
3074100
3081700
3051800
3035500
3037900
3024000
3218700
3034500
3038100
3050400
3049800
3578300
3031300
3062000
5536400
3028200
3020900
3055100
3044500
3099200
3040000
3059700
3037800
3043300
3047500
3041600
3080100
3023800
3027800
3046900
3029900
3034500
3043400
3076500
3004700
3050800
3033700
3032300
3044100
3026600
3044400
3013300
3005300
3097900
3054600
3027500
3044000
3022800
3054300
3057500
3048900
3033700
3138200
3049400
3046800
3018300
3053300
3030900
3055400
3039300
3048200
3067600
3064500
3038600
3215400
3057200
3035700
3104600
3042800
3045600
3052800
3089700
3040900
3039400
3035900
3057600
3022600
3634400
3044700
3109600
3037400
3045800
3026200
3035400
3085800
3023900
3032000
3041000
3050500
3061000
3040600
3044200
3036800
3052400
3038800
3044400
3042900
3087800
3083600
3043300
3048700
3029600
3094800
3038700
3042400
3048300
3090100
3045600
3037200
3033600
3022500
3085900
3044600
3040300
3036700
3032900
3091100
3034100
3031200
3015000
3056200
3128100
3040500
3036200
3047600
3091400
3034600
3048400
3045500
3055100
3050400
3039000
3037300
3142700
3193500
3169600
3147100
3173200
3145400
3193400
3144100
3159900
3185500
3517500
3023500
3040800
3033900
3139000
3034100
3029300
3032800
3069200
3752600
3102200
3083400
3088300
3051400
3049300
3037000
3019400
3071700
3121700
3037100
3034700
3050700
3069500
3032300
3011200
3034300
3068800
3050000
3032600
3037100
3065100
3009500
3086200
3035600
3028800
3007000
3029200
3084300
3033700
3061100
3044300
3036200
3052900
3044500
3065700
3041400
3068900
3038500
3077800
3033000
3039300
3055300
3046800
3046500
3038900
3044200
3089300
3057300
3010000
3031100
3048400
3033400
3051500
3042800
3033100
3663400
3071900
3032400
3041100
3055600
3039200
3026500
3043100
3034700
3060200
3031500
3036900
3040700
3032200
3062500
3038100
3025400
3048600
3098000
3065200
3053100
3027900
3038400
3056900
3050800
3041500
3039500
3063200
3048900
3041400
3020200
3027500
3069800
3028100
3044200
3031400
3040400
3151500
3038800
3042400
3038500
3040500
3067300
3042900
3036200
3046800
3056400
3045500
3044100
3032500
3040900
3104500
3038900
3041400
3051400
3032700
3060600
3035200
3048600
3065000
3088200
3052700
3042100
3077600
3045000
3041500
3577200
3034400
3058300
3040000
3027400
3050000
3027800
3030000
3029100
3030300
3058200
3020200
3027000
3026400
3032000
3043900
3037000
3031300
3025900
3048000
3048300
3054400
3024000
3035000
3066000
3032000
3039300
3027000
3076100
3026800
3030500
3021800
3022800
3027300
3040700
3024900
3022800
3051000
3025400
3038100
3033200
3043500
3023000
3083600
3028700
3034400
3027300
3034700
3040000
3044800
3037100
3065800
3026300
3045100
3030900
3068300
3060600
3534600
3735900
3180700
3140300
3150400
3068200
3037100
3047100
3044400
3828300
3102300
3165800
3102200
3172100
3154700
3189400
3128300
3207500
3081400
3078600
3034300
3044400
3070700
3047900
3064500
3030300
3041700
3184500
3061200
3038800
3050500
3085700
3034700
3063800
3048700
3039700
3061300
3046900
3057100
3072800
3031400
3056300
3082800
3041600
3047100
3076200
3071900
3035600
3035500
3044400
3048500
3052600
3035900
3033100
3068200
3066900
3040100
3030700
3031900
3076300
3033800
3040700
3030600
3072000
3036600
3113600
3147600
3144000
3052000
3045600
3040400
3049600
3036700
3088100
3035500
3553200
3030900
3069800
3043200
3033400
3046600
3039400
3065100
3044300
3071600
3038600
3135500
3057700
3066800
3036000
3060300
3043200
3043800
3047000
3046600
3078100
3037200
3037300
3042800
3057300
3104100
3027100
3018100
3025900
3088800
3034800
3027000
3040400
3056800
3054200
3044600
3027800
3027200
3026500
3037800
3026400
3009900
3049500
3031100
3035200
3028300
3033400
3063300
3044100
3015100
3034400
3022900
3015100
3050300
3034400
3033900
3152200
3026700
3073100
3032600
3042000
3023700
3045100
3078800
3043700
3639800
3040700
3027300
3084000
3058100
3019600
3043900
3321800
3075500
3044300
3046400
3048300
3091100
3080100
3033400
3028700
3061600
3067200
3042600
3047300
3049400
3051200
3051300
3050000
3036800
3129100
3061900
3040500
3027700
3024900
3062300
3060100
3033200
3025700
3060300
3071300
3031600
3031900
3033800
3034900
3069800
3030900
3028300
3156000
3649500
3584100
3585400
3589800
3611800
3571900
3570700
3576800
3631900
3563700
3575900
3629700
3631800
3598500
3589500
3547100
3030800
3031200
3042700
3018600
3048600
3027000
6723300
3058900
3092900
3029700
3022800
3032400
3055700
3079100
3039100
3030800
3061200
3063400
3058200
3042000
3042000
3075900
3056300
3045200
3043300
3090200
3041600
3075600
3038400
3047000
3069100
3069400
3036000
3040400
3061100
3040400
3053700
3026500
3047600
3085100
3047800
3056000
3048000
3074900
3034500
3047900
3582800
3597700
3585900
3581300
3817800
3616400
3575000
3563300
3603000
3603700
3581600
3572700
3874600
3637400
3255700
3026100
3073000
3081200
3034200
3033800
3027700
3056600
3064600
3035900
3032300
3129400
3702000
3031100
3020600
3037600
3082400
3037300
3026100
3040600
3053500
3102000
3013700
3011800
3037200
3079000
3033800
3039400
3029000
3035800
3124200
3033300
3041300
3035000
3058000
3001400
3049900
3027600
3010500
3042000
3041100
3035800
3036800
3034500
3043700
3030100
3026500
3078900
3055100
3080400
3042400
3024800
3030900
3031600
3033500
3035100
3046300
3044000
3057700
3033600
3022100
3032600
3015800
3039900
3022300
3024800
3025200
3027600
3105100
3025400
3028300
3060400
3027500
3043600
3026000
3047000
3032900
3039300
3690700
3262600
3233300
3311400
3308100
3528500
3073100
3253900
3107700
3026700
3054600
3030100
3037800
3040000
3056700
3034200
3024500
3046800
3037200
3073400
3040500
3050100
3100700
3041300
3032100
3028600
3077900
3038200
3055800
3028400
3049900
3022400
3074100
3008300
3014600
3050400
3016000
3057700
3040200
3036100
3030100
3045900
3033900
3030500
3179900
3037000
3052200
3037300
3034000
3043600
3021800
3031600
3017500
3035100
3126600
3043700
3108000
3040900
3057500
3083400
3043100
3055300
3048200
3068100
3069500
6164300
3453700
3078200
3019500
3029200
3050500
3033100
3047400
3033300
3022500
3036200
3067600
3035700
3034200
3018400
3037400
3092500
3041000
3013500
3028300
3078100
3094100
3022400
3027400
3018900
3061800
3040400
3019500
3032800
3028500
3042800
3015900
3021200
3040900
3055000
3067100
3028400
3030500
3056800
3044200
3035200
3031200
3038600
3048400
3033600
3052200
3040200
3064700
3031500
3032200
3051700
3021300
3043500
3033300
3044300
3043700
3031800
3143700
3132400
3146700
3126400
3190200
3148400
3133300
3144500
3164900
3716900
3029800
3059900
3037700
3067800
3036200
3040900
3047500
3053500
3034400
3020300
3047900
3054900
3044000
3036300
3048600
3014100
3055400
3059600
3034400
3041500
3036000
3037100
3048400
3041900
3027700
3057200
3045800
3038200
3015000
3043800
3088800
3043600
3069000
3042100
3283400
3042200
3035300
3043000
3086500
3034000
6161100
3035200
3043100
3031200
3040600
3045900
3027300
3087700
3037500
3024900
3048000
3061000
3039200
3028700
3030300
3039000
3176600
3140500
3026100
3039900
3059500
3097600
3025700
3036400
3018800
3778400
3031800
3039300
3029200
3061700
3104500
3040800
3046700
3034200
3023400
3072000
3045900
3021000
3063800
3066900
3041600
3046100
3050000
3041800
3062900
3028700
3036900
3080500
3043500
3068000
3034900
3033500
3056400
3067500
3044900
3035500
3058900
3030400
3077600
3037000
3035000
3073000
3028100
3036300
3033300
3053900
3039100
3050800
3056800
3040000
3059600
3038500
3046400
3028000
3052700
3044700
3022200
3077400
3050100
3064100
3045600
3051000
3049300
3043100
3041100
3040200
3049200
3036200
3069100
3045600
3073000
3540200
3048000
3046700
3037300
3038400
3028000
3027900
3021600
3025200
3078800
3037300
3044900
3064200
3030400
3038500
3050400
3024000
3028800
3075600
3029800
3056300
3039500
3043500
3058100
3059000
3033700
3037400
3036000
3082400
3050700
3024500
3040100
3033100
3069100
3047900
3040900
3044000
3062400
3064100
3024300
3035400
3045100
3080400
3035900
3027800
3039700
3063200
3086800
3040800
3042800
3043200
3058700
3036300
3036300
3042200
3029900
3122600
3157100
3159800
3044200
3096600
3041600
3053000
3044700
3048700
3082300
4364200
3041200
3037200
3073700
3040400
3028500
3028500
3060500
3052000
3031800
3054200
3037900
3113300
3038700
3038600
3050400
3080000
3065100
3048100
3036700
3062700
3048500
3036200
3042000
3031500
3080900
3056300
3048000
3047100
3036100
3057300
3065700
3062300
3041800
3058800
3038900
3032600
3039500
3033500
3054500
3043900
3052800
3038400
3051300
3036800
3043800
3063700
3021800
3310500
3574100
3629000
3595900
3608600
3568100
3595400
3588300
3614100
3593500
3623700
3592100
3619700
3609300
3607600
3601200
3509100
3075600
3516700
3043000
3022500
3074400
3045900
3038700
3030700
3032400
3050300
3033600
3027000
3025600
3000900
3074100
3032700
3017000
3028700
3036300
3037200
3013500
3031800
3026500
3063200
3030200
3026500
3040200
3062000
3027700
3046900
3044100
3022200
3070300
3042300
3010000
3034600
3060400
3031000
3047100
3029600
3038500
3060500
3064900
3024100
3035900
3045700
3028700
3073400
3019700
3031400
3043500
3019000
3030900
3048500
3061000
3026800
3038200
3162100
6368200
3132500
3144900
3038000
3062500
3020700
3039600
3043100
3568900
3050400
3039400
3033200
3062600
3042100
3039200
3044000
3058700
3036800
3059700
3035000
3039500
3057000
3059000
3039500
3048200
3064700
3051100
3060100
3027900
3045200
3043700
3069000
3051400
3030800
3061700
3043600
3040700
3047500
3032800
3050700
3068700
3027900
3041000
3042500
3034700
3075300
3035500
3035700
3055300
3026200
3044400
3027100
3034900
3036900
3062600
3054900
3026500
3057900
3043500
3061800
3024800
3025000
3035000
3051200
3047000
3134400
3050400
3029600
3064100
3037200
3042700
3059600
3080000
3042300
3576100
3031800
3048300
3046100
3040800
3027500
3036400
3085100
3031900
3017200
3040000
3041300
3052700
3027700
3027100
3027000
3063600
3037300
3015000
3025900
3036100
3065100
3031900
3013600
3022900
3087800
3026600
3024800
3011100
3025400
3038200
3024100
3038300
3021600
3083500
3019600
3055600
3027000
3031700
3030800
3017600
3029400
3032500
3052900
3074200
3014300
3028000
3009800
3055900
3071400
3032800
3036300
3016000
3145000
3027700
3035900
3069200
3189500
3191800
3160700
3035800
3044800
3070200
3057200
3030000
3039200
3663800
3072700
3017500
3029100
3063000
3051100
3024600
3033000
3012600
3069200
3045800
3027100
3016900
3057400
3041800
3033500
3030200
3042400
3043700
3017300
3035900
3044400
3028800
3037700
3052200
3038600
3020600
3064800
3046400
3054900
3033400
3036400
3040100
3060700
3031400
3033500
3044400
3035600
3031400
3027200
3060100
3018000
3061400
3032700
3028100
3062200
3028400
3054600
3019700
3063300
3025100
3178000
3034200
3028600
3051500
3043000
3139000
3172400
3169700
3049700
3052700
3075900
3044800
3063600
3044900
3040900
3518800
3048500
3041600
3030400
3073900
3037700
3092900
3022600
3041500
3110300
3040200
3046300
3039600
3055700
3033300
3091800
3044700
3041400
3058900
3063700
3034700
3040900
3034900
3063400
3065400
3041800
3025500
3035800
3055900
3055000
3040200
3043500
3079800
3071200
3043500
3040000
3035700
3090500
3038500
3036200
3030100
3034100
3089400
3036100
3035900
3039800
3075000
3062500
3023900
3038200
3045100
3135000
3050000
3039600
3054500
3068300
3356600
3581400
3577600
3637000
3636000
3574400
3601500
3612100
3132900
3032600
3593700
3072900
3390200
3593900
3582700
3589200
3597600
3590700
3578900
3607900
3606700
3586900
3568700
3599000
3613900
3574100
3576700
3602500
3425400
3040900
3038800
3055600
3045300
3082400
3023500
3049900
3044700
3066100
3257800
3030200
3027800
3022900
3068400
6200800
3031100
3029700
3055500
3035700
3043200
3030500
3030100
3232100
3054500
3036100
3044500
3029200
3031400
3047500
3040600
3016900
3051500
3056800
3034300
3038600
3019200
3045200
3165900
3140700
3153400
3166000
3196500
3148100
3041500
3062800
3038800
3638700
3027800
3021400
3043500
3035900
3025800
3038300
3038400
3043200
3040100
3047200
3048900
3086000
3067000
6144900
3042000
4908000
3043100
3030300
3045000
3051400
3029400
3030600
3024500
3049400
3058600
3027600
3074100
5191900
3280400
3669800
3169700
3377500
3150100
3247200
5170900
4478700
3588300
3616600
3711600
3594200
3585900
3586400
3593500
3584600
3579300
3579300
3595800
3671300
3629000
3631100
3681400
3085300
3045600
3048600
3037400
3124400
3042900
3057300
3037700
3077700
3051200
3036100
3048100
3072300
3045500
3604300
3067900
3044400
3025400
3085300
3028800
3029200
3048900
3028000
3046200
3026800
3041200
3070800
3071900
3042600
3047000
3074500
3036800
3051300
3026700
3042100
3063100
3038800
3094000
3041200
3068600
3052300
3051700
3030300
3018800
3065700
3025600
6179500
3041100
5141000
3885700
3855500
3045600
3044300
3036400
3033700
3053300
3030300
3025300
3025400
3049500
3023900
3030500
3029100
3045400
3051600
3025400
3030900
3093700
3044900
3024400
3068100
3165800
3152500
3168400
3031200
3026300
3056800
3064800
3027100
3027500
3604700
3030200
3039000
3042300
3023600
3058300
3077500
3048700
3048300
3058100
3050100
3064900
3044000
3046100
3450200
3581300
3578000
3586900
3584300
3603300
3585700
3581100
3598000
3595300
3371400
3032000
3046400
3051300
3018400
3020500
3032900
3083300
3018100
3051500
3043700
3056000
3063400
3030500
3046300
3039100
3211700
3041200
3030500
3024800
3037600
3059600
3044400
3039600
3031400
3076300
3041100
3037300
3034600
3080300
3048300
3058300
3142800
3143700
3121500
3051100
3030000
3047000
3055300
3044600
3044400
3035100
3509000
3043500
3023600
3021000
3044200
3026500
3073500
3028800
3032600
3063300
3060800
3041600
3032200
3036400
3064700
3107400
3033600
3042700
3039200
3039600
3130700
3043900
3054900
3073700
3097700
3099700
3042500
3036900
3067700
3105000
3078800
3047300
3054100
3052300
3041800
3038300
3049500
3053600
3052900
3047500
3047000
3065000
3064900
3041800
3036700
3067500
3047400
3044000
3028900
3027700
3078100
3095800
3038700
3042000
3070700
3042800
3168700
3035900
3020400
3043400
3059300
3038000
3031500
3068900
3046700
3629100
3024300
3039400
3053700
3081900
3025900
3027200
3056100
3026600
3053300
3029800
3039800
3042100
3033800
3054400
3058200
3041900
3037400
3289400
3586200
3623600
3571600
3580400
3570600
3607300
3569800
3628600
3573100
3629700
3579500
3172500
3050100
3062500
3024500
3039000
3084700
3026500
3058100
3045700
3071700
3039200
3060600
3027900
3027900
3075800
3046800
3044300
3044000
3041400
3033100
3073700
3032400
3043400
3047400
3051400
3071900
3038800
3155900
3057100
3076800
3046400
3038800
3066000
3028900
3056300
3052600
3595600
3040800
3086900
3028600
3046500
3032300
3112400
3037100
3036700
3011900
3033700
3078800
3034900
3041300
3029400
3045900
3067200
3039600
3046600
3035600
3115800
3044000
3049400
3043800
3039700
3061800
3019300
3046800
3046000
3060500
3045400
3063100
3035700
3035400
3143800
3039900
3039200
3043600
3074900
3066900
3031500
3043200
3047000
3063100
3083200
3032900
3037400
3091500
3048100
3038200
3051900
3035400
3055500
3069000
3047400
3042100
3091500
3148800
3052000
3184100
3039100
3040000
3042600
3061500
3031100
3056400
3575200
3062800
3036200
3071100
3040400
3033100
3070900
3038300
3070600
3038600
3018600
3061400
3065900
3035600
3018000
3042400
3046800
3069200
3048600
3031100
3059200
3024500
3038300
3038500
3055700
3066100
3062600
3036900
3043700
3037000
3065100
3039600
3030400
3034600
3052300
3073600
3044600
3027000
3043300
3074000
3043200
3018600
3039100
3039800
3097000
3038700
3042400
3039600
3036800
3092300
3036500
3037900
3043600
3072300
3060400
3035600
3084500
3163100
3073900
3031500
3036700
3047100
3060200
3085500
3022400
3037500
3541400
3053000
3026600
3041900
3039000
3064500
3040300
3045100
3031900
3025000
3045300
3019400
3029000
3035600
3067200
3034300
3024900
3030800
3025900
3031400
3065500
3033900
3039300
3049900
3029800
3367200
3023900
3034100
3060500
3058700
3033300
3011800
3053500
3032100
3044200
3031300
3027300
3057300
3030700
3040200
3029500
3046100
3038300
3027200
3046500
3034900
3064400
3022900
3004100
3009200
3073100
3014600
3039400
3052200
3033900
3067400
3132200
3140300
3153100
3033600
3027400
3032300
3123900
3050200
3057300
3031800
3518700
3032200
3050200
3024700
3029300
3047800
3033500
3050100
3027100
3017300
3046200
3052800
3019100
3034300
3032200
3032400
3035900
3024600
3036500
3089100
3033200
3025400
3018200
3015600
3035100
3030500
3044900
3029500
3022500
3112700
3046700
3030700
3058500
3025000
3305300
3024800
3019300
3029100
3133400
3030100
3052400
3037000
3040100
3104900
3050000
3037500
3023500
3073200
3025200
3029600
3019600
3028500
3050800
3024600
3048900
3008600
3150900
3147800
3157000
3159300
3134800
3091000
3030500
3035200
3018500
3584800
3046800
3026000
3033900
3025300
3069500
6166500
3025800
3053900
3051100
3023200
3027000
3034300
3067700
3022400
3031800
3038600
3056700
3049000
3041900
3047100
3031700
3079600
3034500
3029800
3042400
3057200
3034100
3031400
3028000
3027800
3050000
3103300
3036600
3042700
3072600
3057000
3044100
3034900
3039100
3075300
3064000
3038000
3037100
3067500
3039900
3050700
3034300
3042500
3067400
3039200
3107300
3053500
3047100
3045000
3072100
3054700
3043900
3038200
3033600
3080900
3042600
3064000
3043100
3035000
3044700
3615200
3017500
3039900
3101200
3031600
3042600
3012000
3047200
3126500
3064000
3022900
3035000
3035700
3046000
3058300
3028200
3023300
3117500
3029100
3034100
3047300
3053700
4262200
3593800
3597000
3600300
3618800
3575200
3574200
3577300
3605400
3569000
3574900
3586200
3145800
3034500
3039300
3044500
3037100
3079900
3049200
3042600
3061400
3069400
3037200
3047800
3040500
3204700
3076400
3043000
3043400
3045400
3097600
3043800
3049200
3025800
3045600
3056000
3024400
3024000
3025800
3058400
3021900
3035500
3026500
3030400
3742900
3042000
3024700
3017400
3056400
3049600
3031100
3026400
3023800
3063400
3023800
3036200
3015700
3034700
3081600
3035900
3031600
3046200
3054000
3052000
3037300
3022600
3046700
3033600
3035500
3021200
3022900
3051400
3015300
3031000
3022000
3079000
3034700
3059900
3045400
3030200
3063800
3039800
3062300
3045400
3069200
3027700
3041600
3058700
3023000
3069700
3035200
3038400
3045000
3070300
3032700
3023400
3068700
3043400
3054400
3039200
3099700
3053000
3068800
3029100
3038100
3052700
3070600
3067500
3034600
3027400
3616400
3047800
3026500
3027500
3018500
3045800
3049300
3034700
3037700
3024800
3035300
3020600
3030900
3027200
3016400
3083100
3018900
3031900
3024700
3019000
3110600
3045800
3049400
3056000
3085400
3026400
3038300
3057200
3033100
3073200
3038500
3051200
3042600
3191700
3055400
3037700
3046800
3030900
3184200
3052000
3037600
3030000
3025400
3062700
3029300
3055100
3063800
3038900
3058800
3037500
3040900
3060900
3035700
3079800
3044200
3066600
3052400
3079200
3037100
3036400
3048800
4702700
3090800
3044200
3058900
3022900
3616100
3036100
3049900
3014300
3015400
3090200
3022200
3127800
3048400
3024800
3067600
3090700
3005700
3012200
3045200
3068600
3025000
3034100
3025100
3031500
3041200
3023500
3100700
3067800
3081700
3044300
3044700
3085500
3061900
3086700
3050400
3047600
3029100
3051300
3043300
3030900
3074500
3047000
3071500
3037300
3034300
3018700
3028000
3068100
3055400
3038700
3039600
3084900
3061400
3020200
3045500
3032700
3206400
3603100
3588700
3568500
3697100
3048600
3021800
3041300
3006300
3115600
3026400
3045500
3023300
3643200
3029600
3043400
3039500
3042000
3064900
3046300
3023600
3049700
3051600
3036100
3043600
3028600
3047700
3187400
3044000
3045100
3034700
3029100
3035000
3018500
3031400
3060000
3049200
3046500
3035900
3046700
3021400
3048000
3041300
3027800
3075400
3029500
3070200
3055600
3038900
3027900
3042300
3049600
3036700
3054900
3041600
3061500
3027400
3066300
3017600
3032600
3034100
3024100
3051000
3037400
3028400
3045600
3031400
3318900
3075200
3055200
3166300
3056400
3070600
3037800
3037600
3042000
3021100
3068000
3047900
3565600
3068700
3071800
3031000
3029400
3060700
3036800
3035800
3050300
3035400
3064600
3054300
3093100
3036200
3038900
3069600
3062800
3036800
3040800
3030900
3070400
3042700
3032500
3041600
3203300
3065400
3050400
3031500
3032200
3130700
3037500
3040200
3030900
3046800
3078100
3050400
3059300
3039700
3048200
3042700
3035100
3032800
3031600
3090800
3047100
3037600
3039400
3069100
3051300
3024000
3046600
3047500
3099200
3040200
3037400
3045900
3093800
3297800
3159100
3139900
3145900
3076400
3041900
3043300
3037400
3062600
3565500
3046600
3043100
3037900
3089400
3037200
3027200
3039000
3084600
3056900
3048200
3043900
3045100
3050100
3042600
3050000
3038200
3075600
3035400
3030000
3058100
3040800
3054100
3037000
3040700
3040900
3046200
3051300
3039500
3031100
3038600
3051600
3035600
3039800
3040500
3042500
3063200
3040600
3039500
3041000
3060000
3050400
3032200
3033400
3040800
3054000
3041200
3036700
3041900
3073500
3061200
3047600
3040400
3066200
3033900
3104600
3111900
3152000
3183700
3217700
3063200
3047400
3084100
3044900
3183100
3038800
3565100
3035700
3377600
3579400
3609700
3573300
3586600
3572700
3607000
3569400
3576500
3579600
3625300
3592400
3185100
3035300
3066000
4599900
4690200
3264100
3131800
3364800
4730900
3052900
3223500
3710900
3046500
3076800
3043900
3116700
3046100
3031100
3028400
3020700
3047000
3032300
3057100
3022800
3021700
3052600
3067300
3042500
3028900
3056600
3043100
3058900
3045000
3041200
3051200
3066700
3043600
3041300
3038900
3041500
3042900
3032000
3132300
3042700
3115300
3040800
3045600
3040300
3101600
3047000
3031700
3041300
3526800
3053200
3013300
3032000
3030300
3041500
3071100
3011500
3027700
3040400
3052400
3053000
3035200
3044900
3028900
3042600
3027800
3023300
3037800
3067200
3050900
3045000
3039800
3038800
3070500
3065000
3038800
3040400
3068600
3035800
3197400
3039500
3044300
3064600
3043000
3048600
3052500
3076100
3051000
3059800
3037600
3044600
3079200
3030400
3038400
3039600
3062200
3045600
3033600
3058200
3026300
3060100
3029800
3028200
3050300
3050800
3157100
3160500
3149200
3166800
3180600
3191000
3157900
3169600
3161200
3784600
3039600
3044300
3089300
3036100
3033500
3041700
3030600
3060000
3038000
3042300
3049400
3023300
3040500
3047000
3049400
3049800
3106800
3037700
3049800
3038300
3033600
3058700
3048900
3036000
3046700
3077900
3056400
3047500
3035500
3032500
3073600
3034300
3041000
3040100
3069900
3062000
3052300
3034500
3031600
3066900
3076000
3045400
3036300
3081200
3062500
3041400
3041500
3041100
3068200
3100500
6125300
3095600
3112400
3179500
3023800
3018800
3042700
3041500
3041900
3042600
3045800
3047200
3092300
3035100
3052700
3670700
3042800
3056500
3055200
3065300
3043300
3030800
3037500
3078800
3041700
3023600
3057200
3040500
3078100
3037500
3047900
3058900
3074300
3034000
3044700
3046600
3080500
3077500
3036200
3038700
3042600
3071700
3045100
3053300
3046100
3065700
3064000
3044200
3033700
3046600
3063400
3059300
3033300
3043600
3052400
3088700
3051900
3043500
3040000
3317900
4342700
4363400
3047000
3088400
3032200
3046700
3032600
3052700
3055900
3039600
3037800
3086700
3342200
3594700
3593200
3567600
3607100
3582000
3611800
3591100
3637000
3924400
3038200
3060200
3044100
3041300
3019200
3054900
3038900
3049000
3019900
3033500
3050200
3032200
3042600
3027100
3030100
3037100
3023700
3030600
3040800
3073500
3049100
3038500
3005000
3035100
3040300
3063000
3027000
3027800
3035000
3037000
3073300
3037400
3051700
3020500
3040400
3049900
3037800
3069300
3024400
3048300
3039200
3051000
3034100
3014500
3079900
3035700
3043700
3054800
3018600
3190400
3060100
3026000
3030300
