966318
873953
980867
823448
986521
870901
836136
826631
808791
840675
812575
827815
836841
812275
960817
842876
950943
844606
840345
824022
845982
835719
808300
837714
827108
934145
982211
831236
943821
822597
829894
818872
844446
956064
974766
808874
827472
851593
826947
826435
833223
975972
999895
817669
831047
939812
818889
826435
840376
795167
833016
931968
968505
840407
834722
917262
834602
986861
959898
923748
803730
981995
836746
844402
823474
819569
1072051
820325
818804
849640
973296
998650
828260
849217
844771
820378
838406
816152
831227
816792
903374
831863
841488
841388
848807
845038
919573
839384
855971
861257
861936
1110358
841894
839261
830348
853656
826451
829208
829368
1580988
826700
826273
980633
993230
843962
831897
962476
970040
840191
862094
873195
960403
838325
843675
826038
830971
834743
948451
945020
832495
821793
843775
870579
847154
823368
839567
843789
818512
840588
828605
830407
815743
809814
847854
827804
985937
982223
879550
833801
808300
806967
823399
940734
833701
837066
825684
812729
797537
843003
1042855
826545
840189
837579
849152
819828
834020
820885
830181
832628
832110
839578
819447
827446
866243
827261
817282
826119
851897
828981
795179
806903
823699
986421
809289
825156
959958
834535
840036
927680
828854
827166
943836
807557
833937
842580
839848
842859
916850
835029
861677
832288
943275
818968
840300
818269
988533
834215
826268
959530
815101
836673
834583
840174
823079
830093
807049
834394
847687
950138
851139
833098
825216
813447
816655
992999
835575
813228
981188
821055
813470
872469
921521
805552
851353
813515
841632
879485
811359
831175
839823
865947
807170
827844
827749
847650
839772
812205
825568
963862
845990
965027
846143
1022249
829136
833747
838756
844909
936123
826439
948745
823372
827479
811148
840926
868131
827627
829663
832867
941499
815992
839425
832809
827491
877831
826893
833362
809003
831620
823312
820076
861382
941103
844027
831694
949469
822958
882629
847869
831965
845446
816648
892992
846346
816553
869984
849458
825920
820697
825804
829020
829256
800879
823619
826733
930010
818587
833055
843468
844360
832592
832857
835224
856410
824806
841275
829554
810161
975064
883000
815731
843728
836884
828375
826619
842552
822681
991927
824792
931912
864202
842883
823723
813280
833539
955838
813959
831588
835976
836983
889859
824806
824976
840567
830762
826769
946450
833702
833737
835841
914252
831712
819681
989548
821269
818239
832351
838193
938461
887986
824503
825153
819868
865491
834240
833183
807274
1003983
817599
835235
846739
1053830
804173
800681
860438
826457
808705
913367
825575
833795
818333
881218
844015
958737
822565
836770
846677
925758
841723
932849
822538
821925
843475
811613
818390
816979
963050
801763
832242
819835
822786
825668
810634
828312
851202
829739
800460
804047
830092
840975
834958
872619
820323
840382
838840
802653
1175716
827141
824089
841526
887702
824145
830426
834091
829451
897233
825302
843073
852749
840993
807760
832361
888765
987478
826842
801666
967517
845046
837428
828820
838992
841397
857991
806940
816982
830523
822853
839879
829941
819430
842224
819953
842045
838521
848662
848226
829484
838199
864769
814335
829433
831051
831593
836584
838362
924826
815094
828670
820261
835456
834433
910546
951735
821675
822863
832502
829092
829241
838673
899618
823950
820086
834996
836525
835385
823456
839267
815999
834194
826747
834554
836544
818803
947289
832172
921436
832398
978876
847804
822954
815808
883679
840525
821059
1057534
849402
997651
818127
992068
806950
854553
845167
970839
828107
823558
793231
847403
810534
840908
813696
826624
834557
802022
832145
819404
826326
830794
963999
964101
822927
832705
831198
849934
830729
816565
823355
843609
823921
836305
988302
870414
813378
811925
810642
824920
834339
951775
899229
832456
826769
850919
826272
828145
832429
810991
831746
817448
827397
827831
827337
828365
971915
934007
946092
910642
828708
829083
822675
835950
813008
838269
967713
828641
830033
830621
847034
835109
833163
917361
834278
988184
838788
849582
835046
874992
844321
975921
816400
831427
986309
829311
814609
827165
814987
840803
822793
1019694
825976
936314
836568
841167
927996
823235
909619
943079
822847
830971
835912
924867
834479
813174
840110
969318
829613
863184
846095
802609
854122
821619
824942
901646
831387
799620
849559
907321
850034
895482
831132
818803
812050
822931
825298
960004
964628
957639
814973
844518
848785
974592
958971
824136
833687
839615
974995
828225
949447
834693
828831
832414
833003
816833
958593
976730
993163
847157
820627
837539
984449
824927
835303
822704
836784
813902
825376
830119
840963
975470
878539
910106
823742
934678
810573
825146
849437
841065
827623
977407
828297
821052
840469
827402
978769
832054
810118
809909
871652
827519
830942
827547
1004051
824925
825051
984894
805276
812008
817056
972093
836716
815980
831142
813713
816255
817702
829956
818842
828368
869103
816180
824039
814093
841394
834610
888004
933446
929344
803811
841609
818903
840630
825118
832322
839006
838509
968583
890755
815630
859424
830022
806889
964471
830233
821384
964094
835862
824800
919042
985132
845724
830747
898361
804735
822459
845824
832299
951176
831651
832368
853407
817535
1065714
840540
823104
821991
838414
848185
943919
938258
825908
828582
824927
903766
834457
836535
833020
894960
805984
834397
875890
822047
822193
829694
910969
828457
830062
1081036
832928
808028
1063920
829858
828526
831949
833071
832401
896562
828905
836908
845375
978452
975226
830212
929308
980406
830118
814106
832558
855115
878634
824133
1017632
828215
974326
824816
822687
965452
956933
826762
869241
826371
839239
962253
819497
865775
829199
943129
820700
834995
825249
838841
812702
829251
870435
810712
809135
838657
1009418
809057
827835
830420
840940
804645
830454
879575
816887
805831
826236
834005
994886
816325
821160
835065
837706
941277
833829
812534
973111
835580
839042
834416
903867
807522
814474
827778
825941
846811
822879
805539
864266
825463
863914
838182
832711
1045132
915536
813281
822632
829985
838539
880838
828659
976866
899951
832915
828939
870326
950724
832308
838348
839411
814274
843304
818830
1004001
832561
981344
960205
949191
833089
831548
839694
830902
943238
939589
823667
832131
830601
944010
828758
911147
835561
826716
852715
831011
869923
830076
836671
825201
835229
839112
829651
828282
1094518
823322
824622
830292
944510
827468
821019
945274
841573
846639
828627
1021650
1179741
814508
816933
818178
811197
833669
840762
987019
868400
839912
905805
1094153
955717
834432
883372
838116
828721
965417
874513
1069762
832824
829329
823814
830086
830410
808175
816537
817348
991366
809138
820477
846867
829265
843972
908190
816992
825078
835450
822282
858012
884516
924110
818450
934617
837110
988106
838966
823393
804089
899261
835516
861248
837819
838991
816210
1024644
818746
813313
936565
823913
835446
856874
833112
823962
824051
822245
824175
915333
906910
815754
824201
840576
809470
832483
828415
820851
828528
828294
820993
823951
820569
829742
825210
805708
830160
882790
969526
822347
825723
817408
822435
809677
830900
841332
819737
970162
821980
869511
812911
847185
848520
830305
1040725
821478
825723
833728
827647
826695
968884
930164
836329
974653
839703
814334
831808
816725
955517
821547
816126
822758
834409
848182
840043
821804
828890
903717
830559
831990
824869
972349
1084452
911507
832006
827199
814353
820250
829054
980184
806569
983794
828330
826892
831411
854123
963258
832658
817094
827194
826255
818526
996328
990460
820477
982577
825822
1051631
833680
919498
816615
1075967
999543
829067
836635
870112
862036
818593
833638
831881
834408
838971
832756
978182
830766
831258
828774
948269
980423
965094
985685
1053441
972055
952673
896877
960080
988165
823021
800455
812278
835362
931328
964804
835211
892518
842008
841024
815372
988976
913403
980520
806965
802964
827228
966939
858916
821087
834565
801992
817643
916658
824294
821847
844570
832866
820400
822229
815285
994296
818231
814730
809966
835386
956770
824581
822383
832505
908391
831395
984521
841578
837732
830344
814565
835628
822628
839559
844020
916608
816162
819928
832572
824579
833207
812449
937492
838450
1154468
826869
986537
945704
843737
813312
831499
819421
811952
824081
828032
842967
835914
968019
814474
828936
826673
823522
1074905
817491
1019232
844670
839942
837554
838983
817689
806246
844062
1009955
824042
844592
828698
852618
847449
964130
831016
816982
840341
808810
805551
816993
829460
970566
814639
823081
891316
837257
827776
817830
830529
839948
828436
830261
835011
913900
960493
857611
860842
974995
921688
835760
841907
895934
837861
967918
956176
814911
843757
826101
895556
977397
815840
954304
829966
821904
809667
824859
953907
815809
824056
962528
972451
804422
799453
840292
1010420
830938
817051
826635
924308
833069
820070
868664
963050
828996
834472
840986
840694
912153
833078
830556
829231
829468
883359
833749
823996
829010
905426
844958
834596
875619
841907
1071976
847687
1009385
949217
913337
827470
822265
917277
834978
972098
978801
924243
839486
902001
833387
838097
828163
836099
831380
821785
831142
832789
820909
825787
825783
835316
995786
827285
840064
840877
1001380
945411
820742
832528
836078
836072
808605
836939
981050
834253
918654
828031
828491
829297
834504
799717
839314
838193
807463
827979
826695
827201
811405
971922
851546
806414
833306
823220
833557
986990
824487
821883
831567
921176
1077380
833172
824842
835943
837399
863030
838078
822069
869352
843828
821256
832725
818091
829574
817606
823028
844028
929417
987855
832425
840570
811167
821232
807197
844001
806614
820710
828027
826262
883161
978158
980616
977753
841383
820598
827804
1000713
910012
826756
827733
989351
965651
903682
843960
837520
830130
819174
825807
962350
828998
819471
820709
832172
817845
825663
981376
851613
843985
810911
805050
831905
809192
1008318
824983
842277
821370
990492
832728
821559
830133
833570
830964
842920
843938
815075
848597
804236
812797
848403
929161
831343
951803
872871
829845
938945
916521
797097
856295
979903
826911
973066
1057622
836251
840798
816822
916105
827668
840057
810394
874871
829970
835023
820753
825105
819580
807147
819099
829464
840551
842931
857964
896836
903084
826011
835012
839324
830168
830628
817364
835482
901725
891260
935745
833476
817885
838719
840636
835552
834259
834997
823810
957024
981470
894934
951582
825437
840597
829017
1000790
834854
800073
822296
831862
830653
820534
833828
833255
825871
835609
832415
807996
1102349
836880
853282
818964
901526
946228
831157
974007
823076
827650
817209
944851
799399
838255
831114
1008088
827425
836950
912632
838385
834647
828139
818651
825916
822509
811499
820058
849969
966538
832934
808127
823684
839694
824565
827717
816053
837205
888482
972298
917282
826683
826610
835633
925670
1119925
814932
825467
818856
852547
988092
822467
821522
949021
828004
838165
833741
814395
896592
832156
911296
963564
813298
841223
817958
902236
814339
838006
983009
830759
841994
817408
974865
843120
821170
834160
828725
831359
806273
941634
924915
895108
970128
883483
826109
815945
822036
832740
817923
970580
823742
818967
817409
832466
816759
808992
821460
953693
970088
829833
984830
902646
1085517
985080
826535
837926
980580
824450
821751
821255
830855
856791
845676
804303
842404
839878
828083
951317
825654
841124
832728
823086
835056
969579
840366
828006
812164
894579
836396
814663
836241
821946
804629
986585
829964
830456
998554
833515
806141
827089
831901
825910
818383
983982
912888
855266
818400
933159
850807
822069
831733
853924
949223
816289
833468
970435
968382
831879
978557
1161990
843969
830302
970717
919942
980989
823519
833861
817104
836265
913858
837155
931128
822631
836392
903423
823506
820926
832686
828805
818260
839840
830287
821118
828416
833005
831812
909142
844548
840639
833730
847036
821941
807245
827052
809870
847634
809329
822086
1000793
939533
832168
840750
798176
937537
833181
826958
811577
848657
830028
824502
829744
828141
905149
834608
843177
839530
1035493
830029
875056
828390
988344
833942
901062
803986
822208
949546
851450
840890
810143
826954
832890
810997
980846
909296
828169
982893
827915
810182
833916
827599
847071
800896
808140
820045
850729
827764
813147
800721
832281
825078
838237
974675
951517
840512
836480
938950
817756
949334
966772
943819
903992
984653
833029
1003651
834738
820610
839902
853662
827347
810044
816560
830286
806208
1080619
835982
821350
825404
968714
832793
845933
813918
822631
981612
874480
975513
951931
821632
828957
944664
825536
825540
848056
824429
975732
804246
823824
807650
810604
827212
836556
827941
822328
853647
855926
811974
824894
831395
833166
982383
985217
831647
971918
824799
844937
891449
964347
839285
844378
811942
833457
829759
981618
828409
914810
820309
989056
866550
829399
818580
835210
829586
816806
810586
831393
956678
830998
831602
980113
920737
849637
826969
824619
822471
889854
839635
842455
922605
950109
940545
869293
823212
836932
932059
930867
832806
801941
838266
821821
807023
1010404
838313
821969
912551
850411
823775
841485
839025
835038
812930
1079971
930403
829252
903992
860141
977254
821454
840214
827596
827570
927992
816989
909894
830013
822052
833997
829472
893581
997259
830530
899596
827808
818447
935176
816387
955129
830113
962171
1047837
986620
835466
838642
898778
796878
836150
913597
988435
987056
834337
839072
829147
952502
826312
827750
820372
822813
907884
840284
842491
836740
885808
874893
834674
826602
821806
1079286
807756
821108
832490
829110
815702
842866
986117
864695
820660
848661
833081
980002
1073326
829658
922407
834158
835851
966767
816855
830575
829330
958611
822674
825249
833203
805880
978973
829234
804787
821045
985014
989425
925148
957963
1064875
953094
812952
970672
806584
830489
832546
843688
828147
826306
834082
849184
804279
822675
930084
916045
896027
818079
831694
844381
793820
844842
852533
822425
815096
981166
832251
817104
896719
832654
815068
944727
831634
875431
825643
978710
836916
844936
816315
808726
834160
826416
834852
838967
826541
898409
832860
831896
828843
814644
827858
816852
825215
830563
842386
829484
820071
807476
831334
992676
910412
875987
832075
832310
821515
855049
886546
897780
815639
798277
833804
1001953
850949
986508
823747
836714
831980
834527
825191
822862
880817
834431
845103
827719
832483
907622
805059
828794
826566
806006
977744
845668
819866
824701
829903
842368
845912
972774
822471
1632906
941851
822639
831700
833558
830598
830175
845037
868770
825702
1001358
840907
831908
817656
816639
975992
834149
813215
827169
985388
877630
952860
842748
833668
836528
852758
823131
828068
823076
1005104
813909
817056
817336
835942
816757
811946
972182
900309
829731
835605
873211
837042
947319
1076177
819734
837015
820824
832124
823755
929038
982947
813709
841923
804995
834082
882970
838818
811213
991983
836678
818288
923417
831479
818393
826189
953854
882697
838577
835856
833629
968368
815550
861994
977471
836850
817465
839747
855879
836582
847931
824691
973908
813257
867291
843907
841585
836224
910373
825115
816591
945965
981968
815820
797973
843008
825016
975261
830076
960908
825905
807546
827329
830237
823084
816268
832316
823398
841657
825962
892135
820063
869125
832318
838570
827455
990098
830746
826784
827496
802047
816031
826488
833437
984953
824061
874552
826243
827303
835175
814672
844422
1004214
945195
808976
811769
1000838
938522
983379
825491
810644
878410
834151
808374
878678
964511
811866
820283
880494
817462
880741
816615
939351
823052
789797
828616
824269
882176
801824
830615
955107
832446
827153
962815
835749
840218
821731
820824
833045
975401
890008
839327
808355
913406
823105
827453
822195
826838
936754
815457
814079
834500
831289
825096
830278
815862
835575
839140
945137
835171
825680
834775
912933
936282
836056
980031
809225
818354
829988
818302
825067
938425
969775
943773
983435
838013
969276
975457
821640
818610
906943
818380
822614
809790
826051
844321
941270
830183
837739
876886
822419
825467
853944
893418
847140
837827
937843
946625
820081
819330
847710
980022
860294
928897
837548
836213
836940
834539
828317
848802
836589
823990
832509
836416
822213
833252
826335
961966
810812
917736
804073
802398
826265
822348
854538
819732
978991
838298
826649
920024
838089
826512
935899
824150
916241
828850
822526
836686
829564
993699
814464
823220
829384
834740
810950
833754
833098
822589
820395
1015007
840462
830141
853859
955706
967982
823625
875908
995470
833207
942824
818640
810421
840291
816555
954804
821163
982686
1005145
887977
841875
933182
1058853
829680
827624
845202
832036
815979
957266
850550
891238
916825
804973
811274
813676
915609
820783
837225
831472
932363
834152
980621
816998
838502
810344
847943
828713
835742
837306
826732
839975
983586
958383
824451
830426
937116
832959
892798
969434
845004
852112
845557
825617
830583
818979
975754
824609
832786
1017270
816224
832354
940153
828486
833037
824245
842591
843492
812359
854685
946064
830020
955332
818798
834334
923455
827472
992020
836887
821190
824284
805201
842218
845764
810922
1057663
872074
976244
827229
857520
972247
937142
1028894
907489
847196
853838
837308
794673
946090
861479
835416
810418
836286
844950
991116
847682
833362
826579
832135
895337
819001
955774
987745
831703
846332
955573
817651
816547
820397
828830
868000
832975
830832
832952
835792
811431
837507
818493
973888
804478
807257
913213
847490
921779
837246
819266
833112
835212
840003
818849
956164
972378
1006165
846508
836823
812219
814330
979393
1034438
836734
911150
808922
830289
897433
826859
853603
840841
957295
884192
848802
835114
819207
840743
845077
952605
830522
920993
856728
824053
942107
857607
811869
831549
831899
827734
831920
807478
908825
833748
813000
1028154
828533
885097
837830
824046
833231
812812
954685
823204
828967
828696
820985
953440
831120
973497
820734
825713
837278
813085
836361
836956
872973
831998
826502
827134
920295
813503
887438
825027
954935
832340
820710
837895
816639
818061
826733
836027
905219
963302
830449
828059
826233
820813
815015
851731
838488
840859
861402
829583
834101
823580
806894
830650
833116
825484
832028
807066
825465
851240
824559
943863
833620
844669
818792
811315
971649
814094
831273
807510
851653
850093
806562
811830
834885
803110
833537
839729
821145
822219
811181
828880
828256
801830
833311
829851
1024694
810930
911726
819792
809112
807448
978530
828741
806993
916971
840487
803218
995395
894485
858488
816337
830813
933739
833904
929289
879983
981055
848652
821712
925304
825233
830984
885613
836949
838806
988271
830783
826692
823142
897678
819009
829234
980376
804769
962398
832774
819873
834901
840421
815484
837556
808804
831381
928248
811160
835188
830909
969398
838744
937707
1141568
966776
900177
831052
831859
922236
837884
830027
816573
824434
811469
832869
838566
956791
834937
837161
826156
823316
818871
823395
816570
1020914
826789
822952
834967
840017
841202
825416
828323
939133
812830
978586
816672
975359
819597
815026
828246
821945
986326
830855
831390
873054
834191
833838
817591
838540
832525
849447
833991
811553
835431
834706
829311
950484
934022
836023
831964
810323
893385
939219
812421
845629
942895
804099
852208
822299
836747
863216
837929
833471
836860
826996
810555
835502
904427
818979
971474
809416
820663
828728
847568
803056
823719
824703
1025727
851022
826241
820914
820665
828538
825961
832044
961193
971835
831673
819358
848045
851012
831852
820244
823803
857392
819278
828147
868780
838471
848305
964312
809944
828101
898749
817335
961795
956104
813186
827617
980073
827698
872036
819189
836103
963617
829812
851475
823845
849566
824744
827348
837302
836658
978458
821372
832416
836269
808207
823270
847206
846233
851368
933577
977386
838312
959485
842536
984089
953269
890357
826567
830813
832465
847940
848266
821450
906996
836720
835884
959973
823449
803848
829501
818251
842971
844913
893735
836508
808801
907564
945643
849559
822989
827165
832027
867400
858328
829251
880903
881734
828645
838208
819957
817547
915463
828656
811016
865683
825315
819669
956097
812350
970092
846976
953345
946342
830980
814974
810831
914552
818921
824054
819617
983767
906701
892054
810840
846825
844747
842828
980702
832622
829194
832613
823956
823685
826385
829624
842509
865463
911583
831717
831695
891937
847254
955914
819222
859096
829761
832854
831079
1080338
824468
843220
977799
950351
825262
818300
834182
844134
827552
854635
986979
802808
834698
977450
828763
832272
831094
1066418
830946
830978
838963
866732
941326
823707
821822
834173
947242
822297
977230
825201
836699
817981
838588
830834
825277
842249
825743
894345
900765
823051
823215
824336
808489
831155
814712
826477
979139
868764
836175
992526
851592
808424
831105
822969
806349
805407
822889
833758
813563
831239
823052
809255
848667
814824
831167
846654
836495
831822
820243
941718
816437
842514
837125
803382
855007
840764
818362
817579
840684
985783
822880
868875
826306
912830
875955
821393
973171
824852
835835
835944
825520
850095
830899
828390
841275
823633
949893
832224
809357
822568
854116
834266
842799
803965
824814
822813
933046
979010
838057
820513
829274
1083576
829336
948303
817729
836920
830228
975624
981207
824956
897681
980755
848401
837146
832590
819767
862940
833299
839499
813183
829626
825283
834844
932764
903747
997388
830553
1087077
808113
822813
840408
819828
810158
871405
798129
1029469
980250
843820
986500
893310
812777
828195
835100
842154
827361
809838
954503
820291
975406
837013
823574
819162
835243
833614
853435
818028
961070
874256
813706
841437
835566
812311
809791
819544
902290
833003
978549
819518
823888
805735
825016
828357
819698
816781
839648
829714
970324
805033
814436
902643
823923
825088
932593
828440
840541
823701
813882
987994
836934
921708
979054
980699
823179
826630
914119
812042
982741
825947
857378
980512
900394
977679
949339
820798
957962
827499
828368
822617
836281
812152
838231
847217
975777
840540
814733
970484
987813
842064
811478
825514
823570
843903
874009
841150
797806
891162
826561
817433
808793
810536
931014
990261
836001
835581
981281
846250
835670
831137
832255
909156
843226
838993
849384
891769
971716
816370
851292
824990
890563
844948
848091
912055
976362
904166
975513
873566
825801
813700
863830
813778
842511
819198
983696
854211
959050
837681
826398
911700
852645
837572
825445
832078
890364
829089
843029
813681
816904
802220
833876
981877
830179
827329
838797
946162
926926
830634
845505
842169
1005971
974897
829095
835616
836723
961651
830825
821945
887494
829836
807938
841027
821460
816789
973885
834548
979987
828555
830428
894922
983258
970204
916662
827835
844190
848677
823862
945794
830270
844698
809485
828133
801817
828585
946990
812970
838882
1029307
826348
833128
806832
848712
833971
841352
983211
836361
831750
841454
809885
829440
878426
953515
834160
828779
833641
959325
810265
826618
834436
849859
878224
843435
796114
944372
833258
1617258
837354
818718
810442
1172654
879226
964853
862259
822288
843542
828830
917872
840371
831458
821053
820941
813600
822937
837376
810346
831775
840163
957372
817318
828945
831456
834960
966245
970495
1162185
823034
939697
809079
823372
950892
824379
901893
834670
831087
837858
829382
990388
833874
887428
819500
811358
811033
822002
859423
1040562
845342
979723
831078
822242
874962
982110
926863
1416921
827827
804961
823692
852890
824749
962544
834468
923602
839259
850309
851219
814912
873675
821217
842060
825228
812037
844905
828523
824160
1161187
822534
829321
815000
979409
889757
827056
848481
992023
845025
821568
836160
815905
880247
806037
865390
1083953
871163
840436
817817
979863
805427
827754
822967
825879
970305
819392
834455
956639
832366
818668
818406
820981
832273
952033
914967
848599
943312
828225
834638
944459
814937
906314
832672
826313
825163
957244
833628
834258
832986
828445
848363
796630
878783
880046
836138
831458
853550
798800
806478
830041
805289
972784
831286
828277
1009059
843290
989602
820877
831244
819988
823950
849429
920952
803538
831948
800983
831462
835936
833900
837677
827713
845047
975903
841306
827199
994833
852719
825276
826045
832430
911825
815370
971139
1010449
979244
836554
823976
902028
824527
817510
827320
977954
804932
834671
829332
842187
811625
809254
976001
828635
834812
843529
834240
837291
962326
824027
837559
832957
832641
941998
824134
1170234
799383
811027
880446
827245
812755
843656
818325
951800
938263
810279
825332
978270
820152
824189
828136
924145
841450
979995
829181
831503
818849
809925
831097
835747
828181
811115
816565
819106
984729
991950
937006
835562
927732
826752
985105
823364
827897
831010
828924
809540
979171
809311
835699
905934
815540
940884
818848
810030
818338
830680
836329
821508
944088
892214
830498
835237
832746
823934
825266
839342
834377
936153
816280
961470
974235
942011
971846
841892
836047
831705
803128
839687
984035
958360
814313
828029
979595
979285
823517
829346
791997
827096
837290
836185
955893
847413
857927
830550
840700
814097
832477
838261
823249
974191
831106
832161
821482
833339
966723
837581
995932
838624
824136
813644
844708
820976
839608
845945
843730
823592
891286
827283
826990
880286
972284
816240
826018
847743
890023
832805
833336
824101
818791
841738
989845
990439
827133
798116
806803
822911
828706
822525
1079033
824921
990240
839608
826612
976721
830534
935842
826696
810496
888211
840411
830105
991936
935324
851605
830858
832995
881659
835656
854102
928116
874056
822602
834968
986498
834689
814545
982181
944856
930952
843585
812707
818258
818493
833556
817691
823014
840694
979224
843191
815801
810959
865172
828765
952944
841512
836446
967984
990185
866113
972951
806660
832398
921088
826743
819632
843169
818792
962702
825882
832130
831658
851653
823967
827083
817579
982128
819493
1018119
850280
817159
890437
841460
797471
939187
826167
820691
819987
816081
824596
823428
832705
837932
813631
839621
834154
850032
950502
867508
822785
821365
840123
818761
819027
903453
834643
839040
833505
828783
822670
831911
821830
808679
904639
834122
837995
844176
910619
819578
829383
814801
967977
836887
834604
810265
832143
839198
898958
816799
835170
822123
839623
821278
1006909
881325
837874
821484
833020
917555
812051
834912
837929
978882
844869
853886
826244
821611
825055
821466
832830
943162
829361
831646
916444
817207
823588
820103
825912
835333
947984
982669
1050352
906651
832324
827045
833745
829503
800310
1149858
812028
838423
918253
822265
800803
816530
957601
826056
928616
833894
830114
820350
819181
813134
825492
820038
838426
953776
834621
830022
960179
1001446
971706
976019
826371
830643
958489
831704
971966
815339
839615
960962
829904
839103
812939
844456
828547
906819
842027
953669
984391
817621
961177
825697
948026
966310
809381
825770
830543
1022321
842966
814638
820221
830992
1073169
798519
834444
818984
832152
833851
819075
827830
831677
1056490
839468
829409
953885
807925
936787
903862
824528
869242
970532
829946
891832
829283
818766
824134
831384
928037
831540
828794
825784
821467
818917
832013
800143
812307
836581
858941
809504
883479
830777
845777
962088
809430
838275
959703
833162
973301
813245
893079
812495
836286
837702
971228
836877
844713
834114
831232
807077
834573
835809
820547
831917
840397
826468
1000790
821504
822188
834071
832910
832651
904269
847784
829990
923751
833266
972885
835385
846208
835067
827640
841155
824483
837509
946151
828390
975308
829191
838080
856059
819761
810337
970998
1166896
829618
818927
899551
820996
885421
844530
836715
813784
833888
825191
828677
829303
972683
943581
819373
821213
867053
865950
947710
832140
841947
832264
828894
826730
798225
828221
829068
818414
828296
834424
845120
814572
901200
824790
830212
818269
905451
947430
822333
808517
822157
979462
832318
997668
805311
919052
990926
835640
995594
835040
823326
827915
833734
928193
829991
800573
959390
835766
808520
822828
839263
814871
816096
889528
805124
874966
840004
855223
821704
811069
831285
803937
834643
832754
958402
1015493
961116
809978
826197
838767
847856
836149
818056
818634
822585
882342
886692
1086182
838285
858934
834329
834896
830824
840980
850737
798796
830735
936002
843734
840554
976000
988106
816523
977050
806762
882401
832166
967524
821887
819120
805210
899712
824584
823435
979463
961963
839807
983469
824095
818877
826570
818360
815146
836270
988174
814710
842326
984882
813169
836929
823629
824530
843286
825679
820330
866699
825577
832236
818787
883926
817490
838175
959855
807644
834337
828537
970076
834158
827205
806364
824821
902476
838441
801207
825417
826787
828471
830551
944492
831663
843143
973539
828542
847590
827505
983580
836088
930205
822348
831870
821610
898291
840308
822305
861205
820891
825028
808449
917166
844697
924185
1009535
921869
810085
833867
840038
834111
874330
802383
1014329
834649
824639
817983
815609
825809
810062
838378
833628
867999
825652
1068651
854076
820631
842591
828455
835301
828202
843186
940958
823668
923791
844569
792866
821603
945603
797464
816818
970250
836207
831417
833177
843693
842420
818565
975258
822942
822146
827646
841938
819588
836264
796155
823472
839667
889381
823219
836241
959546
843508
913609
821096
820484
825202
959879
843193
838543
1154911
829632
914666
834563
926203
842445
816724
836911
809964
827157
841989
832387
918659
837611
826652
808404
822198
824319
818087
882276
815266
824800
810774
799319
893330
850145
919374
824218
830441
1176062
809674
806046
806823
872613
826154
837883
836043
839225
832225
1006052
804340
837052
818248
862994
829035
837950
836960
813071
915887
996112
833540
806405
840707
831197
850329
933955
841232
871001
829032
846314
845294
842386
833624
828808
949375
836824
821460
1028017
833723
834802
944605
828424
828693
833447
960108
827984
820207
836381
1008816
837405
828889
973432
836904
807426
956752
827645
851312
907831
912528
834183
832869
831978
836605
801373
823746
828222
890058
829582
831268
797806
848976
823623
814435
827914
810619
952767
876716
931618
819477
939258
821030
960227
844586
971998
1168014
822422
1058946
842249
872214
813737
823195
950030
843730
949568
852022
839159
927913
844398
972156
825133
926245
830731
845607
832360
825218
895705
822840
914779
821518
830279
829687
837721
939076
1007394
821438
947788
839796
841750
832321
809823
972776
821995
814390
1011656
840300
870330
845698
977243
847977
834767
822198
831853
832133
1138843
808347
840646
827937
827079
843137
952943
853484
1100595
952733
828350
980777
845558
827162
818415
839516
839774
827883
808563
832805
932974
816823
822505
832441
839887
965287
842458
950915
948719
976506
834191
969405
830106
814300
819252
839112
817219
832803
819594
978437
827569
828426
823640
919424
979888
985450
810328
1014980
967352
838704
930880
878822
814910
825081
841013
967190
968048
846029
987736
821265
844514
833208
835296
822069
840948
1028599
828751
829385
873578
804010
816343
825481
828713
842923
812675
806911
854679
827374
868592
831449
836318
837554
804090
925919
821569
947574
853977
834784
837015
800870
818813
964047
840200
840864
1006691
975244
823639
832034
955362
904419
979204
821099
844107
840947
1010329
811084
991773
830665
859619
824431
826724
829728
939616
975038
938371
995411
810226
820915
804127
852344
834431
826627
852418
841121
805052
815387
812236
824848
810356
966366
905552
964236
865050
1007596
904108
828406
837633
988495
847184
831559
956899
825042
818269
837730
976359
824204
962636
977624
827542
826013
831257
991843
994140
840725
887293
815133
833023
815406
974025
832345
844156
842286
978683
945996
820738
850551
822050
823358
837420
819282
829233
826833
971232
834005
844357
981427
810970
808397
831603
801866
838050
831502
818606
930138
832769
928599
816546
855773
823505
815905
840373
890127
830720
831452
966989
864735
814609
1078927
830711
865796
962087
979389
934265
938656
839057
823390
960165
835569
1039682
837956
835618
824960
832892
834214
820435
842588
836671
829817
1027362
825573
827927
837419
986931
823941
810850
827138
831122
930538
983716
833837
982723
821689
807872
828986
844583
823891
833535
840074
827215
816625
826373
829956
806046
813937
822733
832611
830960
1004462
818915
827128
822581
925286
830226
810329
820888
793437
826941
841314
836587
904172
835665
903411
811889
842609
839647
915897
991948
819975
981205
827195
822276
849196
830027
834449
955531
834884
974128
841078
824355
815440
836299
985766
834749
841140
818042
974830
845659
834225
818999
818959
903334
839111
825313
795252
912255
969699
948727
820563
831189
927389
827025
804388
799757
820234
834104
838355
817229
813597
831532
835294
944393
828080
961382
1047437
828373
895534
821178
828879
986980
983445
819484
814871
1038332
972784
828953
838391
816776
825430
824369
958256
797547
823243
817753
813855
1021144
822923
828771
844074
938076
833919
902035
828764
933118
840897
806460
811398
824702
902661
895334
816979
812261
839497
836265
947797
844049
830778
975859
822321
819637
969084
825657
862660
830451
827864
830989
824273
829212
839354
807772
832152
840376
824685
991610
961187
871013
797220
944750
829535
949408
813803
1120662
983279
840376
954061
957420
822443
866738
834638
960096
811942
981293
956424
802148
971176
816940
814261
871967
823797
853814
838288
946133
826967
824432
835166
825738
805669
820898
836911
990429
954211
909659
794391
870254
796502
1076419
825849
802056
811111
898901
836133
839804
818263
917507
821969
966153
900835
830553
992600
836167
831849
826652
807619
816377
846932
833450
833138
835470
1183829
941166
923478
839146
829591
831278
834956
803003
835018
830832
1010685
944196
834458
823421
828694
828214
834629
828823
901762
837600
923315
838661
956074
796152
824871
1082619
984985
828745
1025553
855584
823763
830046
812479
839922
829919
944988
827568
840799
1267351
888551
830901
968084
828340
839068
828388
825608
868046
951514
834500
842638
822296
815699
833465
834061
826063
933563
974814
1034009
834200
1053864
840446
838660
820021
827326
819210
819593
973816
834217
1032656
828195
837408
829671
846483
818050
960228
824114
839649
849165
831044
845056
864109
976274
834694
829225
827020
1012090
832791
813790
888205
824058
835403
830325
832082
826602
828345
846091
829293
981516
970067
815475
843420
839272
840686
827065
819453
826263
940660
833580
901122
807870
805254
858657
828209
924613
997972
836647
826798
811120
819724
819032
916878
830121
897466
837372
999050
826249
821991
893163
917009
844701
949744
816700
836737
979925
828750
834592
832039
825034
957330
829408
814853
837318
832050
838944
847060
838534
835589
956945
835860
878607
816155
821195
820586
834661
847710
978134
835074
836625
824511
831108
959699
828781
922058
842253
838777
833264
825585
821776
826836
830164
835080
993793
828473
828609
821690
878778
852698
851878
825695
811821
834413
838291
801103
833937
827424
832684
890975
976715
856482
838765
834192
832768
1075168
828541
828460
807557
981634
990181
982453
817562
907800
914800
815791
836842
886294
838122
831807
823454
852112
907611
1152513
830003
837121
842918
980117
834738
820709
840292
826635
803339
832157
842347
827144
823570
813755
928978
794586
955177
1162010
833293
853296
828424
819454
820197
823133
986237
979851
822316
827668
1173615
828187
835812
846045
934296
797659
975611
975933
839887
825476
833808
819706
837742
962316
801725
829910
841275
845126
833592
816362
832744
821554
827171
818698
876616
905972
979658
823782
914950
989379
810012
815016
808968
802009
820912
810047
793368
798076
1171445
839143
827850
973809
826596
905188
822197
816382
1148151
981858
864758
952809
816825
969721
899505
822327
831076
819707
835725
870143
848909
946480
822888
977602
827929
838522
828541
841059
827584
871194
839447
809949
950579
840324
818161
810142
1006318
828467
962646
833747
981365
830140
853381
801376
830552
971401
827629
832295
835816
806837
835454
827572
816351
831524
831331
819518
1024125
1017144
955542
828278
830393
821605
836473
992137
826986
938922
844514
835669
800746
834059
962744
838561
842281
842935
826996
989348
848688
832160
982758
831745
833441
813549
836043
831564
815698
834703
1067754
798843
992039
841051
823240
821813
827834
823959
836962
835875
886726
793208
827543
859188
840915
947646
841137
828909
978919
833024
838966
814515
978992
824733
842777
842302
843794
844233
838061
823019
841341
810212
963850
796872
973698
978041
799821
824376
821696
827382
801024
830072
843348
794118
914956
846509
905961
835483
988460
946075
994424
917730
958649
969267
811161
827059
835271
829954
831014
828469
973854
828497
809569
983917
820763
849652
952509
975349
824023
833873
797687
817327
807718
992332
830084
878178
954594
864137
841263
828808
881870
829148
815555
830173
816210
836617
840944
838111
820812
868610
829681
911296
814532
828161
880872
893494
837974
815316
842116
825276
819864
840220
816067
941770
961757
815010
846095
919690
966630
836732
810921
818521
833977
860056
1115480
837964
933124
837693
833615
816732
871568
821465
828596
836144
802846
825438
873057
869275
979646
830037
808005
842608
1184506
827367
972482
868684
871824
986529
858316
839612
814037
818085
820706
971834
854959
1012578
826803
837726
835908
961636
845979
1011272
836426
882873
820217
968011
826984
823837
816218
843435
823885
846597
830033
822346
820649
827150
834458
933844
848067
819943
830055
850286
985666
829996
824215
841062
821945
817707
960867
1052863
973741
808115
937869
828637
860414
818450
839632
888872
823538
824509
833480
969119
802855
834159
883075
829123
820793
961653
944576
825723
1138781
814554
820311
1084327
990603
824579
811392
812961
835783
832249
827779
864517
816318
970427
823839
999866
815278
878553
824296
815282
945935
835908
866735
830311
825391
840689
843378
839510
821333
829789
873701
830863
826533
842726
820080
822501
986742
960316
839843
838050
835218
819105
826164
975440
978609
912505
844236
836772
826310
838072
846830
829647
829123
840166
835514
878514
883115
965120
839147
798940
1066347
831038
978486
883522
847725
1063335
822165
866164
873065
831185
819573
817265
970256
845930
823769
1015321
823809
810395
883787
844231
918954
925082
839738
804368
975014
830844
833199
979839
985510
829685
832047
829304
845264
855090
832825
820793
816244
830681
822289
825508
836632
837351
817448
821722
839992
806441
887045
835413
1063487
850373
925016
806170
810045
816061
922964
838976
832462
820711
821115
925930
824475
941981
1003343
827674
839517
966727
838875
839945
810086
833330
845718
1080163
834159
826265
830391
817434
832982
839371
815376
809800
831981
984740
1031747
847355
838172
826874
836421
841637
811731
948183
824195
979564
823605
816314
839000
1056540
837982
830270
841199
820240
824652
825617
839876
811817
815249
870878
827590
1158737
886537
827293
884106
833835
929325
827195
815704
1034476
837524
841810
827920
1091737
818938
820468
829884
832727
886422
834159
962303
837734
841376
1016670
840436
895549
803793
839057
837380
1031908
972092
826143
833228
818624
854492
815822
827168
983993
958086
836751
830097
815502
903296
850385
875486
834811
847294
807323
826865
807478
943903
831189
827219
837443
823047
820023
1028666
816335
831203
960291
846518
878581
824226
955712
831673
842887
815985
831035
816440
913228
997862
853828
821728
823112
851031
973826
897309
998282
832078
883577
915216
811991
833248
818515
847259
832735
825015
977789
803556
915998
843615
864543
844408
814826
973775
828917
971622
823225
836403
845214
816357
920823
832354
825519
814098
951601
833357
831885
821110
815262
843054
823701
974872
835042
826297
906023
828855
971834
822370
837829
841008
840377
840934
822278
826739
980889
832099
835829
842673
870255
835784
825307
826958
923640
818299
881469
832832
962887
839050
844978
845488
816764
981545
827307
850623
824043
981792
934864
836468
818837
827861
819674
878337
822197
829812
838306
836411
830280
821566
839131
837791
941282
812589
828417
825651
1051860
816431
838184
833937
947239
806465
828274
809513
839821
822525
898842
912026
846926
820697
819577
945102
874811
839131
825345
1034586
864896
963166
976145
971826
837873
804752
979529
816026
808114
819983
847253
834600
827672
982578
830574
844955
819308
842709
929618
832114
822156
825215
821114
835684
979955
830685
822732
835778
827732
975495
824362
808637
831935
840136
908830
841004
846646
972165
939065
842948
891898
823255
817580
969401
972247
842968
970327
835200
804096
818754
852166
852989
838952
823618
827844
829920
926473
829582
929180
850311
836482
997139
848217
838693
822940
810542
919043
805263
988906
827164
858010
819992
824614
915195
824601
810607
820126
830203
825622
807903
819300
977349
823535
840347
816971
854457
818970
975471
864959
846666
940931
838989
917479
824436
865615
1004027
839045
823219
814268
835522
830074
832903
846415
815324
835372
814131
833736
825544
813127
829414
840188
836832
963109
878708
988200
958138
832172
858753
821510
833753
839264
946398
951195
953911
883751
983551
835278
812789
808480
837097
820835
825238
828069
837627
848216
890606
815387
842078
833730
811574
833414
984837
906823
832173
829337
827799
971666
833682
827731
822376
805721
886095
837052
834541
826771
863576
954087
825221
810828
959591
825213
924765
1049459
833260
843326
953645
843952
838407
969942
972993
823173
991900
976887
828555
823063
842649
787847
835336
838778
855272
841593
824609
810705
820325
831643
818092
937785
827685
833494
986641
822105
822890
812403
809006
882566
819584
819543
844420
924767
1021866
838509
825954
1100798
830511
827329
812336
980502
904771
989844
849713
834104
834740
921927
980093
834312
840855
1043825
996858
819513
821005
830022
819102
812157
825586
809297
910309
830251
807588
820536
794239
811957
811383
939174
820876
949658
837659
829219
822785
835325
958685
938625
801784
812407
824976
805678
948679
830012
958403
831909
829935
829300
834775
838994
1000527
938165
817527
826779
828654
819885
825719
810449
949190
845722
939485
830615
801228
847596
826640
869678
982595
944556
972814
827167
832228
975377
839601
833008
934832
825670
821935
835592
951132
915210
811896
980019
1014536
815706
971765
822412
837451
822536
808612
833488
808870
962470
955602
832384
914941
819241
924205
827996
813109
818527
840270
889642
919760
837830
995693
833795
799580
837162
889787
824627
1002134
827967
845738
842742
941887
832025
823110
820814
973785
826212
832065
848408
816863
859019
807240
831561
829980
815147
825832
829944
826642
1010392
830695
828101
819683
1076778
837234
866094
925497
993041
860059
921064
849496
904231
818740
834807
841418
852833
848493
832127
830551
820070
821625
828965
829740
828564
840458
813245
803039
837738
851708
838885
814810
832068
824460
825984
801124
958491
823686
868955
841991
828718
819477
875470
935527
827375
839739
875717
830170
864469
1091623
821211
824709
962030
829264
827003
1073954
830262
1167424
831641
865591
835682
809704
825592
821603
828713
841496
815195
798636
943572
837452
811548
864388
827472
831627
825905
954702
832771
802291
803510
877497
852627
827221
833192
814954
928896
821451
862008
972388
913851
830965
818131
834030
981547
884107
942140
822644
903496
821342
822878
833165
1003810
843096
963497
828041
821267
972769
984528
925586
843870
819273
978225
816866
818929
841472
966695
822349
837120
842086
820237
820405
967755
957636
1010380
871733
823334
844548
972375
828055
823941
842456
820901
831249
834151
822925
832061
827035
816690
832618
816507
827632
837620
914290
826851
826433
822660
840032
843796
980106
835199
811862
830757
995784
821044
800839
827187
888230
821136
819984
857379
837412
841101
815438
829920
953027
979491
976539
900206
835933
829031
834983
877391
835642
807833
1033928
815146
887433
845052
826336
852809
847058
834682
938881
837006
982833
950532
840295
838813
837271
817729
836793
825822
825770
965498
850898
821039
848483
811254
837764
849177
887564
970621
978606
837835
836339
839137
824810
828125
808165
977425
967133
841338
826608
824904
841183
848092
838102
828491
978513
854092
836788
862759
831030
823999
834782
863360
841185
823010
835144
1092406
827287
843249
835931
833312
833030
838328
831832
838697
940269
826015
950319
805429
890414
841682
831063
978560
814900
812597
925191
808833
805401
835584
835931
834372
834665
861300
980694
936810
835449
814575
811838
798185
806593
961819
858358
813617
843033
833946
864697
962771
839363
834758
818267
823382
837503
972854
909921
847469
835250
815324
832621
851525
820783
822417
824715
813479
824988
880967
923134
844133
846221
839051
910144
856176
942021
936887
946894
988092
813552
829619
811022
821489
825196
921365
828125
987689
837636
902994
861741
814671
964511
803766
802437
823031
806846
825611
809467
955536
839824
818932
836605
845862
844918
998476
871951
984922
827560
805760
836781
909079
825641
927714
809907
1148637
838900
824341
981866
816654
793780
818660
957215
838140
831717
949100
942668
973603
825826
955623
829504
828629
837910
955034
845464
819308
834549
830147
989886
832460
822943
834434
854858
830335
999971
966324
828926
842496
853495
883173
812399
828294
828566
829180
1087337
844726
836058
789552
837111
827900
823911
946251
876227
945474
1088597
956788
823910
818277
828850
986521
807224
834781
848125
842993
833485
843024
983971
837344
828211
1002970
833424
827091
827836
851401
818914
840090
810551
948699
964247
824690
825886
846010
904967
836230
810057
837847
834891
841116
924646
831089
849388
910111
880360
827433
924037
794047
838319
942262
840523
830918
832657
899615
816208
861368
825228
813562
832985
836201
810865
1006484
856236
826797
837525
824227
822378
835479
839826
812984
827872
838409
948178
826175
913871
840479
953426
829752
838544
837639
833167
978483
852302
825778
958207
834867
908773
826296
842589
819650
1011823
969041
828489
846431
952287
806543
977156
802070
821198
986678
838246
841821
846992
954658
1017844
966408
847875
854710
824643
975962
833022
831228
835304
827788
835983
831010
814710
828982
1155302
814168
830801
832394
816514
828918
875770
1133495
831666
884535
836812
835002
876457
935777
1071213
814007
976933
850717
977178
823763
823627
977748
824287
824658
849177
996044
834309
962035
838817
850412
957870
822820
839368
839450
822389
839291
827734
846093
834990
825622
943428
828723
833180
822317
832787
973000
805218
838778
815937
973550
820423
839875
929315
809627
825163
840173
830324
851278
964508
827651
978540
833245
813938
824735
802965
810146
821398
832727
1004684
822100
1003229
936877
815293
812926
824094
827641
838770
830012
1011366
815682
834899
834399
834802
800467
836858
836406
856733
1084285
822998
833368
963700
835038
820019
808167
810736
826616
920919
815870
825332
938601
834608
826439
822279
820072
831266
988544
828008
830816
829730
975337
819785
831885
846249
816770
849434
1006647
826350
822993
981195
898065
838111
825538
834418
977763
802782
832250
814392
835484
833387
958976
842050
933387
893698
808873
826237
840827
800202
1087938
822429
912852
914721
934775
797825
1005086
975782
831781
831448
832876
843172
823989
849210
821501
838651
832017
828996
819400
831726
824522
815106
818792
835649
832517
845221
839689
822484
884892
823705
828145
971475
832979
826565
819962
832206
849919
796244
827567
834185
944907
835142
834258
830553
838519
994736
815288
825985
837907
836224
976246
827004
815971
816501
818019
886353
823759
811359
920711
845722
836643
826166
825245
1140648
820554
839924
838236
859894
819696
955540
799177
828795
824304
822960
1060073
804806
838598
835775
868677
844953
841002
816911
868316
832080
988773
821901
973666
825856
809370
981899
823020
825144
1011801
818656
851689
820994
819257
986032
827373
816668
837122
839325
841941
844059
819951
835111
842436
929364
973134
937645
882953
824967
836502
828562
830158
945592
832590
1076625
816574
916285
845042
817342
826504
816578
820870
821134
816195
874959
924704
829083
824397
943359
840475
835537
824728
824192
834099
815928
841363
813512
828273
835764
828463
829088
805643
974113
826623
967521
820972
990092
838598
815591
939439
943423
1087938
876900
841230
808227
829963
1083232
832445
835531
803736
832939
813132
846797
829939
826390
805193
822759
837704
819689
952485
983842
817751
823492
938088
1018241
831546
937563
970220
838249
843370
834960
837281
812286
947352
885649
839447
809292
827313
835403
977191
894942
836335
832809
917184
827461
836310
840092
835805
832357
806930
819196
843435
822930
828847
937899
837676
830262
812609
852732
835209
808673
825989
839319
815575
924296
837061
854464
830415
829180
810585
825197
800603
842791
985401
842997
820527
838053
826203
819756
944351
844255
814854
836066
825493
845122
830260
812808
917170
1007999
841501
811326
819734
817923
813649
818891
822075
827107
841110
831014
976584
798507
942862
1006750
967923
841209
949810
845338
865441
818400
979675
836537
985461
850861
826899
831145
819856
945569
819622
836584
829883
850902
831179
807240
985458
813823
822765
825799
964452
820115
835708
919717
820388
823700
818696
968918
834074
817872
820145
816172
828250
1045130
1077760
827676
831219
831422
835226
830493
915512
833594
960810
844725
982956
822686
829679
833428
949635
883276
892411
966752
1005605
818594
890293
840431
824549
898270
823544
875622
836217
822509
828905
982308
836337
812720
825303
828363
807167
817115
829265
839784
837856
833496
818891
807585
900874
834541
874714
832304
820407
822777
809043
838605
930877
902626
821510
896043
803061
1096751
836552
932542
817115
832080
840393
965572
832340
851534
828404
1012021
837380
954021
803556
840265
931707
851564
825687
929070
833726
831691
812736
839255
854190
960797
843340
828229
833401
843517
816487
835764
839845
815359
935411
822767
839560
826734
827650
832521
952109
833879
818814
834021
838503
906700
813164
835353
975688
833846
815392
855095
910440
813984
828739
822938
841555
840003
835310
833236
935090
823103
828453
962827
826390
833552
828788
929229
848162
974733
851024
965645
830828
798391
800403
836153
819756
910443
831134
990806
825930
872879
807832
816951
978534
819806
831959
851537
812773
975680
824818
827390
916652
816456
847616
929781
830381
843791
863745
875111
836014
835566
838973
825216
835704
976392
843651
834137
827210
853892
809624
960790
826334
796099
930222
829398
820264
832579
824420
811242
812132
815404
835774
834126
821785
841140
822473
820931
827108
813473
983733
974970
807896
815162
826759
988851
821827
836310
832465
978860
843786
972153
824742
914521
844932
885786
822327
888835
956470
837486
845974
825124
816824
820513
831376
818387
821254
824748
825038
816444
813790
833961
816252
843031
986048
833605
829918
837597
851856
812848
986812
970581
838496
821529
834865
974893
814048
817936
802708
815545
893330
961869
930992
828341
936132
841320
834278
827484
811076
841067
826984
802950
813328
820378
819539
1002135
835359
824643
832992
823837
830671
814099
905132
828097
894150
815620
831749
945091
980857
810946
834291
840090
829733
803724
822190
970908
967685
850971
830651
806968
984902
918401
899995
831793
835229
828687
842501
980803
836182
847977
817639
854106
963138
809593
946239
843067
823853
829117
953578
864788
825169
832948
968217
832885
840071
823229
830068
828807
843234
840023
937952
830558
826447
834619
817894
833533
970581
908268
968458
981734
947972
827391
822832
826731
834903
982397
848590
826890
825251
827776
841705
920470
819835
824774
969502
863737
845825
831801
969138
819698
829911
833350
826988
968265
824790
827364
847269
820747
973472
822650
816952
829295
961785
840313
830760
816174
823350
814906
833733
948126
822300
821155
834590
836381
916162
826250
1000206
835942
978288
815674
830675
833358
838060
904463
832498
1004771
825258
834818
825683
815225
943490
841337
851931
841745
825559
832339
811013
930881
815099
818534
828306
814805
927400
807164
825674
967049
900756
837457
814501
840232
832657
985104
834166
843800
941501
822351
930079
833703
816905
841115
828176
844116
998040
832094
821505
828572
852038
959624
821363
835267
843175
834768
825489
838278
839093
838810
870724
929318
834405
809067
899946
830816
1016230
863796
917944
822824
958210
827728
828399
974789
839526
813747
980219
836523
825330
818539
825784
819993
814486
832398
819727
977047
837503
1067317
835030
824027
818878
831733
827907
837372
835000
843314
826159
807700
907186
836716
843835
835583
831860
869440
837303
827968
824021
967839
829476
839823
828640
870937
855001
836538
865334
1158112
839897
840251
808045
922319
827994
818973
907824
846454
850369
825831
821606
883523
885545
876507
824742
828593
833013
818521
831473
953324
824916
816252
831351
816291
909310
842185
847293
828762
826547
904784
825628
827677
835612
935545
823141
850627
823740
821899
831542
962926
818861
820360
943731
903620
835290
1014598
843604
931455
825555
827241
808257
900604
811852
953781
894420
824188
831995
840229
831638
810670
965797
838302
834522
951450
826187
830169
839734
981390
840131
830198
831065
845887
819484
827171
840125
814350
818280
930634
834880
882258
834872
959448
826256
809728
805215
817474
829841
821518
934100
941609
816556
907651
837138
988843
807651
970449
835044
864935
988909
832238
949061
985416
949699
820670
814550
811090
821475
833597
817182
907127
816228
830759
812365
902623
1143088
982812
826900
829766
831667
888819
845215
995407
827753
823942
960634
831637
978653
817419
935163
967907
838870
822632
826877
901489
840825
951099
820473
1050253
969590
811425
827752
978364
831761
833260
848171
809775
874495
897317
976660
1183997
815744
840686
903062
819794
953001
831583
837688
815980
850053
828477
841817
820877
820338
833744
983223
827440
840365
837565
836191
859142
829488
827569
825530
827397
850306
828148
818381
884802
1087623
820359
925313
850427
892264
830680
832777
823534
957528
974206
824578
813110
930072
824865
916767
871477
867901
812019
931364
846178
964117
808750
820965
825212
814508
829963
820730
804900
838694
843995
931604
828632
839516
831454
815492
823956
843727
831013
824214
834548
844223
847255
827008
969211
889090
821037
836077
802906
832528
853197
813932
810647
837628
837127
830414
925390
826539
843281
817938
823105
924375
832590
805863
820198
868823
828484
957595
984354
841667
814197
806489
980451
841875
813031
874912
839313
869063
832173
1017314
837998
981460
991027
845413
817346
868291
813090
855869
881121
824871
840823
898744
852550
932368
823842
829247
964535
824867
946981
820295
796706
839514
870414
931835
983688
834457
803528
846414
818517
813128
826203
808959
914169
957200
980106
832183
838716
819619
820840
807517
927753
826475
963785
917757
843758
823952
811183
920142
828243
843610
818546
816795
920644
820587
838825
821282
831175
827300
828700
979149
887325
802904
820349
825210
840571
821704
1001664
823413
812108
832724
821604
821380
964038
807428
825875
835813
822869
812688
877310
827721
839569
833904
826058
824218
912350
972905
821403
829324
849353
833237
983325
850514
1029336
970264
818843
817781
936313
844748
828748
903477
838263
969067
814752
839219
831418
828373
817784
818544
858769
824870
938955
921606
817170
835176
834026
819983
831888
825695
824768
824033
808419
837466
833429
811829
845566
838607
810219
979709
840217
835918
840103
830682
837920
834910
922987
851285
830319
825837
813107
826806
884978
851520
848264
839866
829505
821027
919658
949025
903983
1063277
841384
806627
966724
852063
840778
821099
827545
938662
824048
835690
808521
937094
830256
890673
840346
821446
823963
833134
881659
822561
1023800
823653
842202
983333
829677
825631
832725
820244
827489
839129
819800
818965
820925
827963
822252
817827
832409
827312
848184
822377
819634
814442
825093
825272
963006
1073053
829020
819270
837360
925995
812193
823637
824902
845324
813160
856378
826145
826280
846049
826258
844398
810786
823217
826561
808023
827948
846261
843364
981858
907037
827078
826084
964830
819597
826481
818952
813535
850306
823844
827927
810744
824377
838355
940126
826128
839589
953274
806579
841937
823356
969643
878772
925469
842824
817080
821748
820145
915498
826145
805359
814576
832716
871831
822270
822920
946232
835605
826657
801832
824457
823414
837773
826782
1006976
812464
982784
795841
861929
934567
969095
940551
835624
821366
872291
1005204
837648
957685
834998
858141
818402
966667
807814
840452
874500
830373
814374
837475
806748
831312
821989
949864
831679
1117677
901638
823517
836067
958163
834444
984676
828248
820763
832323
840281
829131
804682
821563
931573
911827
822490
821129
864747
825764
930100
820617
831768
823580
814246
934541
842060
833767
908695
1047345
852615
871438
959758
966387
834861
813329
840837
829328
830624
1030537
812216
828637
921421
977437
824376
828679
837026
810403
821874
833569
965023
832584
947424
836232
957829
982467
832567
989488
848033
830313
814246
947417
830704
832628
969321
814883
994391
993876
831002
830346
955075
823461
1083658
973406
846988
852439
822960
838237
830482
975775
836466
824838
832640
825263
834838
1017856
835327
830571
921070
971921
828735
832690
836944
836472
954948
825010
803047
827328
812257
917355
827556
897516
820651
853545
840798
833057
813184
971011
907465
829976
845621
839875
838994
826765
996065
828609
822790
836495
819507
812639
818422
982477
830655
858153
934258
823651
826702
828277
818294
826523
828606
830995
857509
820347
967706
831684
983891
831511
802907
828070
831746
887449
829335
981339
817374
827375
807308
815011
826883
831004
833186
827644
798702
837992
840364
840570
821392
829406
828267
835265
831785
828499
824158
832733
844667
979644
986728
948087
832880
818033
1057743
992136
829884
830449
811806
829780
823544
976716
816851
823447
820956
817590
805976
805648
806056
1080035
987929
820914
834732
834951
804868
829161
827066
848726
929356
897871
976840
823814
823665
839960
849330
820222
829491
834034
824911
828404
832676
824404
826580
842274
836956
803796
816783
834314
984224
848930
818704
826766
842544
983171
822052
828287
800427
860982
829679
804934
945801
910005
999757
802908
817467
813449
831394
974574
829435
817114
900464
840730
827305
829161
800497
833736
815716
833679
829946
833496
819496
823792
832186
871820
821382
834254
816117
933483
830916
829606
894958
1120766
985912
832493
893694
809998
917030
824413
826418
827372
829234
853209
997972
824179
824298
812131
947617
825990
901973
820059
834947
999841
907282
832429
880425
827221
844898
936841
831488
1017428
825235
972390
822842
837206
820091
828663
828920
834375
846038
944408
956688
819967
963365
817436
824265
829242
815428
805591
824869
815924
803753
839865
816232
849487
816706
1040750
812165
819438
1010759
825585
821826
831394
814290
938975
828539
906704
839940
825213
916439
885784
825980
842936
831480
809302
822705
817915
873747
971461
844684
918988
827848
824841
923090
880010
809218
847897
817468
844532
1103204
799711
817458
842072
845891
975030
827100
824479
830524
958302
813197
818051
820141
826189
827723
833537
1090457
920243
840900
872405
887388
839804
831613
815719
900015
824218
824815
906158
946827
847495
972475
929442
944635
963632
832808
829805
814966
989755
818095
938553
833392
952283
978982
889997
837261
832365
1036033
836883
976880
804176
828958
838205
806877
823214
824236
833527
833730
812450
815917
877558
817190
903316
826317
887466
821032
847400
958201
822380
968581
853576
913385
816339
939206
970774
825686
844513
810400
825090
834114
951487
966526
898686
949248
822205
985988
978135
816167
954403
842718
833207
811273
962552
841641
829217
912428
827653
960520
901543
836177
981644
950219
953275
806933
829186
885620
823751
814154
823191
843505
953645
838492
839141
834108
842315
957495
987837
823696
833996
849317
817204
829279
830455
969883
838720
974819
839100
893608
819444
831401
944118
821388
825420
799849
955911
813493
842761
985775
842333
839225
816607
976183
998506
824459
826066
861653
856739
829507
816132
874659
830604
820225
834869
835732
973736
834883
839019
837828
872590
901102
845491
813512
806997
807927
958016
819481
824340
840412
841040
980403
831864
832739
852066
858109
832254
975969
835909
986031
877368
819473
827015
835608
827500
847545
985946
822243
818866
973390
1079771
831452
892565
825920
825199
817823
821462
833864
815289
926749
831691
956197
819918
845621
823444
825970
820468
895212
816008
1003258
980197
832085
924628
816279
830421
824929
988559
828111
869463
983516
946708
834601
847629
816411
806407
826561
832469
831574
834494
813492
998376
813131
795623
826776
831945
927924
815446
828665
831854
818973
837106
837698
893654
810233
829707
823756
979330
925147
801509
840685
982355
842243
827322
939264
841806
827563
972351
836246
827425
968000
893898
839716
1073068
841793
896143
822517
830706
822441
1115607
806121
832557
827163
912611
819143
892044
830727
832810
940805
829075
826494
796989
920172
828646
822084
837158
914097
827288
833952
824047
953609
955092
827855
832283
820433
811309
827553
978045
821799
826535
811841
840096
834553
839895
849477
824022
929955
840459
847008
809522
832466
920551
935301
960305
827650
827459
918808
932863
974428
833715
989022
833274
828937
825191
800954
964429
826750
971038
819061
825725
834589
1025326
975085
816766
841368
840427
970896
831100
846055
892259
823447
962844
980084
946665
832015
834003
942092
841903
822226
823692
830703
823904
974352
842509
831755
831494
953419
825567
824468
817830
820138
825077
831950
984773
801989
846455
885836
823820
869450
903999
959783
834189
939530
836735
971452
827572
824972
832308
819219
817483
835421
852454
814682
821987
1004775
833110
818821
840444
845615
917859
836907
832179
829527
948564
890448
828790
823417
934145
833612
862192
911597
936059
989676
954826
837465
840752
908955
826369
827847
824070
921516
826612
987033
834304
983218
829736
821968
832088
847577
829774
831328
970232
829525
817810
812325
828799
863246
845450
900561
800311
837656
838580
851421
813214
831710
825117
1064248
962020
880138
955949
840273
844969
842650
821085
831506
814810
841942
808946
807098
948369
830990
823102
846816
813832
836082
960920
812603
837824
829575
829000
826091
854369
834772
803015
1072791
953381
820458
958401
821975
820998
855212
818270
899638
803159
867402
828273
826407
836391
823815
827890
830275
836324
852369
847331
826060
818259
946614
856284
840457
836806
828588
897369
841458
844910
837721
1072089
968783
824482
820836
880822
862630
824682
818864
828244
981938
817234
816299
829464
822172
829425
822273
861134
821400
826660
821094
828927
1009105
847096
945917
836791
804523
833972
832472
1067654
948032
823635
988701
916432
803617
840406
825168
960905
823525
976580
834164
964618
817622
812963
977845
814280
854720
840274
806111
832572
933308
911303
915360
837221
832529
832071
838100
925333
980675
815635
828603
906271
836631
839194
807636
908535
836468
854304
833164
824635
971856
842481
844455
830877
829357
830255
823892
849269
853402
1028661
811384
830109
945871
936700
821763
840365
813009
853934
828881
821533
808664
904177
832528
809108
816009
818412
816195
814315
822973
822805
937557
969775
833674
835308
838282
817747
837440
830060
1005384
928146
820145
829839
865418
838447
823849
802541
823785
833912
939235
929883
925961
820177
831226
821984
826373
887421
941495
828789
811791
818890
811859
822216
821730
826911
854904
824401
996791
871800
825607
967265
902103
817983
817510
842202
983199
832571
898228
946444
912587
914331
939858
815461
920353
840769
809240
816173
818961
829782
968187
831875
839676
860662
829087
955386
808991
964305
835540
835611
987207
832528
981356
819724
856560
855320
904615
833969
837839
953825
863145
810469
805221
979001
842143
832435
830485
1051567
853644
835306
824793
899403
811756
956327
958204
838257
1080103
879742
825533
814094
808515
820221
1082913
815023
845178
988903
840306
846584
813695
976751
830579
819511
832925
974587
818486
944178
906740
807779
810242
788800
839422
906903
962867
794840
848866
830626
832574
830442
825395
834124
881920
911405
915913
837545
869835
816875
816134
827363
807659
891168
833091
829816
838260
830279
837881
1100695
872996
921181
815146
822134
833491
835456
840800
831777
813874
823442
829667
806620
997552
805749
819760
841886
814593
824551
954299
982678
969761
962715
844505
845123
824552
983061
825771
798422
881091
949750
842696
839892
932383
838544
824265
957737
833180
824668
830170
955438
965630
1061160
842250
808376
841214
816702
809300
840229
821405
843282
821834
825717
804679
821491
937178
829372
1067980
964500
820527
822522
893999
824826
830251
957430
850704
818711
837525
894751
819211
831659
818302
826020
927602
834657
821921
798105
955740
831213
816288
805412
833122
958322
839074
823807
827407
836675
825686
831397
942473
867268
831268
818880
970399
827076
831336
844133
841802
834574
816393
810268
833085
831315
857716
832921
1005806
831933
838237
828197
868043
972187
889648
992971
1067993
894006
829703
825970
860321
905623
980362
824517
803611
1006899
829628
817718
816033
838547
825352
832296
832352
826499
838569
835482
800962
908850
814192
822011
827722
835533
869099
955725
831094
985620
896580
831632
824302
824665
837650
809011
867853
825544
836444
836277
824472
995065
830458
820412
828362
825802
912057
820529
939257
841667
833104
836612
937996
954998
829769
836834
824744
824397
801362
828743
963847
841652
960936
874844
823474
808896
839094
837944
957248
806220
830778
833161
829843
975176
819321
918875
831446
824973
820820
957912
840020
854766
814154
826476
843755
862991
812689
822709
916189
973117
902060
909848
824415
828650
871574
841271
815498
925731
819918
854527
836178
992823
820176
818766
815225
828758
839675
803940
927279
819422
809175
833987
832979
835915
828646
979436
827798
816818
815239
916178
979449
816627
826420
841692
822335
903323
824569
986038
801747
810275
978273
830218
831848
879461
819716
829949
961105
822100
832069
821223
814629
1082909
992680
831301
836461
831456
829713
838242
817400
825594
841381
1080217
837817
836815
818096
827743
812829
829234
829809
833942
988295
834898
828080
938137
943771
838644
844270
1001897
818824
825079
823716
803393
851514
832441
822379
832689
826961
844184
984407
978901
906189
832862
814850
830288
824783
885028
905414
815123
834722
839802
825176
836553
828017
840723
839256
827936
823708
936124
808991
830058
819837
817230
869580
826025
831108
962290
821148
825879
833384
833466
814672
825060
836537
797853
843641
827649
855887
834942
954771
896745
816297
816561
905470
983204
833360
933604
898585
828284
883046
1004535
815385
809998
980734
900744
830067
811103
960640
839846
813194
978386
828925
839905
835184
832121
836524
968074
823886
891684
917946
834909
977807
801193
831257
919902
825785
828822
834361
950682
831898
844387
822874
826206
817518
825339
817609
891139
1031607
974090
822386
828521
1043883
960809
972135
828959
828885
880305
940142
828034
844698
909658
865686
1072593
956069
825531
909681
802148
979545
971154
955017
814689
815240
819333
1079706
972318
852392
841696
824085
839242
832659
828282
832487
834707
845169
832642
846508
830628
839676
824525
832849
820857
831641
833179
824437
839521
880147
832953
811416
825358
812025
822571
971877
848410
808784
859882
838882
838262
845567
906715
805574
829056
824912
869323
813765
821601
822644
931809
822925
831235
823983
837194
822254
830378
824290
847748
940631
826282
832682
823894
836285
955809
816561
839535
836402
982316
952928
879365
834752
833060
836101
825547
921714
842842
953435
884057
975118
816119
816141
985737
823227
963828
848351
814319
816930
956899
806259
975212
980850
806151
842298
826191
833428
949444
1146419
816906
818627
854814
827536
839415
841501
813911
1012229
818236
936926
863600
833218
961573
817353
977227
825089
890618
1010708
813410
963443
978677
834201
959641
828258
836707
944060
828576
839179
978096
840367
863018
962050
1062793
808125
831397
1165497
806777
889884
829334
834961
807936
822482
830097
823811
827704
949506
845022
828684
839084
949296
835650
809125
837404
831755
833958
1061682
824421
827787
812790
831135
830453
841522
972534
848003
837959
846960
807244
832423
819351
821224
837219
835104
983592
837663
840111
830423
853977
865152
829732
885049
829052
828888
852434
833325
904665
811537
833780
901932
805583
832637
834137
821166
824668
831347
840793
982579
802773
968150
943807
819207
821120
821402
824132
816396
964170
821656
961521
948068
812693
898127
957980
1061411
821905
825856
875632
982317
817060
807483
832632
811315
828940
833552
845297
819342
818342
978136
823316
843881
923000
823882
982835
834372
850666
827214
834697
810094
951290
821333
805947
832899
837954
830472
932877
811886
968757
841670
1077535
825194
843841
813380
828219
808479
827482
830243
828029
841382
812250
988675
812208
978728
857407
832514
820024
834606
832887
974470
805520
966642
981979
834759
814065
826494
823537
830385
821975
831811
823523
833103
833728
826019
851024
845230
856945
828471
831315
835565
867704
962154
959251
820992
901311
815953
806571
821881
810096
805933
844781
836997
835409
842803
799761
974261
803373
825713
836003
818645
822946
822694
825126
828681
816954
799457
832694
822275
829349
821571
823305
845984
955274
897295
821695
828915
884956
959126
826157
845280
843344
987308
841366
841115
905554
801796
835630
826581
917258
830231
813267
842913
798787
842948
943004
959716
823965
914354
842432
825538
834540
832702
828225
829082
928500
984859
825429
823901
837277
842225
838027
833033
999084
802058
844702
836581
839278
842901
838538
873211
798102
812637
830303
854902
824267
829488
822614
820932
831911
825623
990779
821146
841853
822434
972373
812607
1039168
907778
827861
984737
1163772
835384
981436
968214
850422
830747
807647
847992
973924
822592
966856
836129
823249
921768
839849
830940
1000133
978054
832873
831818
839531
843470
941962
838732
825149
837963
1044603
831631
826357
820426
844298
833311
829691
888890
808754
811264
838770
828713
909151
815301
810444
840342
832083
825473
837264
944346
948331
846175
958109
821826
837397
960927
835587
837792
840853
844840
818342
834338
935765
831410
925347
822647
824417
840933
824083
841276
921905
919324
897841
835723
982668
834646
840514
831949
856859
801593
977227
842970
953751
834594
816031
833714
898724
805140
835645
826695
827947
843038
821076
818579
817720
805173
820139
813196
821989
822889
824777
826866
887311
807579
796620
850748
833023
821275
832066
819049
830857
802212
843620
802856
894269
847675
840664
838403
806658
838074
829253
841565
957046
841155
843793
833085
834995
954525
832457
816709
825020
989644
995568
827611
973936
1008795
839176
824800
962777
830024
929972
817827
828206
1000021
828111
877470
951619
847287
899347
955884
800242
822487
790720
803052
818928
843841
858002
819893
823813
981026
825436
818397
824171
845240
814555
820209
905062
828320
841309
830516
976840
838621
830031
826465
827205
831737
929675
935650
827491
807901
986853
817553
995965
799494
819446
827992
849445
842143
819331
884079
827919
825268
845515
808777
996706
817059
979638
821447
935893
814890
845805
935426
822198
819173
826053
806754
830996
837691
835261
1015884
840193
846291
1005285
833624
826587
829350
837067
812038
832585
842887
807707
834657
834953
812082
