20324008
19784499
20269587
18895194
19188878
19874958
18942241
18631129
19213818
19945038
19716745
18448293
18647838
19634827
19693139
19629794
19840152
19522775
20064817
20079406
19673334
19245458
18450457
19223263
19685579
20043185
19819123
18336046
19901161
18160108
19992269
19609298
17678682
19917728
20324285
19636282
18947782
19916341
18431214
18932737
18810570
19917719
19875418
19490446
19315598
20271127
19244609
19736365
19453585
18566174
19705360
20006326
20168922
19661264
19721141
20390681
19499526
20063582
19722257
19691237
19743709
19720256
19969528
19403215
18190212
18742931
20177052
19880256
19550302
19655591
19706789
18344816
18907272
19785399
19243731
19349442
19112505
19840247
19186831
18421985
19939111
19593162
18769997
19435805
20023602
20191139
20341580
20451380
20339215
19289765
20066778
19832969
19253246
19976781
18710226
19531496
19288187
19524530
19561576
20381185
19688169
18093130
20191908
19829462
19016370
19087461
19916702
19680143
20263758
20224319
19530767
19474978
19683062
19397732
18969100
19721864
19795877
20254341
19934666
19881889
19091416
19966672
19827672
19219565
19468035
18579376
19007219
18513266
20098566
19271294
19722545
18907092
19120294
19658332
19439813
19941236
19907288
19835851
19418690
19629248
18915075
19503262
20027173
18471125
18604354
19561884
19167748
19543322
18816901
19984073
18550242
20122524
20171641
19724366
18965157
19652593
20267337
19610687
19189007
19535802
18998954
19686569
20019928
19762677
19823216
19536514
19792060
19172859
19709596
18993193
18340398
19041890
19561014
19068524
19442941
19723830
19699278
19685854
19679323
19588759
19594540
20187968
19215902
19257259
19935645
19321134
19721796
19737076
19609440
19654973
19700015
19653141
20054169
19874226
19930836
18317720
19551351
19493259
20094783
19343954
19140186
19609595
19747736
18875089
19883283
18629861
18761545
19672702
20133627
19348533
19858360
19682023
19103090
20412733
19874101
19678863
19415636
19855891
19581504
18771317
19753555
19896320
18707737
19610820
19204501
18850281
19614999
19810114
19299388
19051255
19974065
19366613
19856149
18845039
18302132
19136422
18961809
19451880
19938055
19986258
19939882
19700602
19325665
19834951
19454224
19605167
19607423
20058873
19898966
20059028
19305821
19532860
19557071
18637814
19938931
19471146
18651587
19314471
19909816
19499378
19466432
19558680
19569287
19850032
19313008
19688282
19435387
19248346
18456758
18776440
20823607
19696772
19101804
18500460
19814872
19946389
19809497
19558480
18660618
19280598
19517435
19841944
18803538
18400557
19696880
17055830
19258816
19829293
19785499
19187111
18985552
18891036
18517790
19476159
20110036
19021690
19728987
19320947
19752731
19009761
19122114
17786801
19182720
19557414
19183806
19243765
19465798
20035467
19995870
19612947
19209721
19429146
19772193
19599693
18905812
19701991
20200539
19373774
20056476
20186913
19283317
19700258
19877932
19747801
19706942
19634901
20040208
19544509
19475688
19765389
19883009
19008015
18363618
19811745
19325829
20085324
19389595
19854476
19768428
19905579
19166249
19465229
19966331
19470426
19707893
19523136
18288135
20061486
20038201
19656511
19382851
19819607
20100411
19981390
19669753
19149222
19489615
18604979
19728482
18083709
19879807
17887803
19165033
19978994
19333026
19233125
19634393
19372230
18067250
19436383
20134483
19718798
19873116
19719715
19378438
19703366
20032357
19124851
20254235
19444346
19258542
19544750
18580801
19657711
18844129
19851093
18570745
19476169
19151944
19162431
18652348
19416204
18668179
19259053
19611161
18952745
19667624
19632400
18244834
19376444
19471344
19609039
20002481
18498765
19881302
19704796
19618237
19549438
19550070
19660498
18778635
19971786
19525129
20402416
19648868
19674861
19543625
19768455
19543320
19469158
19586869
19465221
20109663
19584511
18127025
19486759
19717775
19240516
19771653
19528206
19917043
19909009
19215261
19243655
19123744
19288140
18741960
19619602
19720212
19103197
18837137
19401917
18463518
18417283
19446296
19212102
18816454
19972981
19532181
19328355
17051870
18969928
19179849
18938798
19975546
19388794
19671433
19553362
18831813
19533586
19479035
20030509
19810078
19238812
18455786
19954561
19574362
19925414
19701870
19905940
19312502
19080325
19734824
18385436
19218512
19633352
18213524
18915761
18133504
19561315
19554276
20261692
19960528
19191726
19805193
19720802
20254685
18344230
19560335
19017337
19833738
18760033
19833387
19875860
18597910
19927190
19574772
19440500
19466298
19464107
19151133
19837787
19580759
19400420
19562510
19927708
19139067
19599298
19254738
19714461
19406793
19456589
18907115
19804041
19702200
19586621
19765395
19912548
19584480
19743007
18273206
19784490
18946238
19686358
19552437
18916444
19378758
19233441
20063211
19739109
18823429
19637938
19659457
19484216
19768909
19789062
19758365
19422121
18658087
20081200
19679168
19481425
19126521
19085946
19153858
19560880
19999925
19267207
19777310
19164935
19221891
19499085
19639321
19991460
19768596
16311940
19068705
19879297
19415561
19890410
19866212
19577257
19847615
19736637
19083774
18778448
19125113
19765988
19608007
20190900
19671039
19711098
19045315
20052248
18987385
19703528
19999877
19736065
20051486
19865228
19030313
20088053
19660197
19296573
18927769
19713143
19331113
19842777
19358215
19715297
20208845
19797467
20042665
19475053
19910620
19340373
19938670
19871431
18211358
19354884
19266317
19462501
19776015
19749657
19688214
19621977
19584130
19614533
20033654
19812431
18743546
18961126
19491711
19964992
19760651
19807861
19170045
19014731
18792277
19782246
17365546
19999218
19641294
20323074
19338442
19728328
19683707
19673284
19933369
19347523
19176489
20014888
20067480
19382588
19669676
18749488
18749124
19705528
19413277
19305700
19679829
19868748
19217475
19058320
18076199
19711181
20226449
19055458
19627557
19902505
19653923
19454490
17426140
19874223
19536379
19730023
19600672
19896415
19393358
19644183
19147896
19627046
19408725
19063534
19841666
19731242
19386422
20070969
18715845
18322295
19895960
18357713
19333726
19557794
19616276
19580948
19755137
19661985
19301900
18763291
19354909
19747836
19354524
19279023
19747005
19885115
19586025
19879779
17752840
19581939
19033166
19725722
19321297
19745414
19583701
19726102
19532328
19387876
19860168
19723557
19745636
19644547
20015094
19998845
19144223
19267273
18592828
19479647
19149144
19335619
18161759
19493608
19927453
19781306
18061574
19749999
19199185
19061680
19471258
19105528
19835597
19718243
19845131
19375215
19876775
19889613
19091900
18964660
19837154
19504966
19210090
19298868
19484303
20022178
19488939
19836263
19417999
19823919
20508203
19955968
19315403
19292610
20089110
19099634
19622699
19818437
19456958
17654027
18684480
19750918
19325803
19136687
19424176
19799200
18984561
19721973
19956150
19355055
19711059
19545744
19710099
18370935
19122310
20049490
16866182
18282674
20053930
19501859
19353341
19837492
19470205
19314748
20036863
17482341
19445876
18813282
19687067
19866105
18971325
20166957
19914580
19120522
19148748
19862530
21150509
20232726
19494693
19953891
19449260
19858464
19063736
19815330
19687019
20105562
18225817
18564954
19665035
19544718
19870493
19054931
19679827
18058719
19902616
19583011
19846138
18111297
19840102
19562229
19743507
19800102
19565668
19315085
19768053
18882113
19458975
18703696
19613399
19612833
19427420
18873884
19423539
18856308
19709333
16957751
19375705
19737236
18609634
19683920
19023852
20033324
19786909
19649603
19024016
20253017
19613979
19072795
17100727
19449908
18831689
19633738
19476560
19280378
19739009
19479496
19600339
19412639
19458685
19623833
19468248
18138311
19886733
19850713
19621434
19753006
19757639
19643036
19820369
18842965
19705388
19622976
19583238
19901369
19595922
19889139
19423507
18740488
19640896
18298678
19721816
19598539
19474901
19297000
19914223
19922801
19846539
19963746
19425231
18599496
19391927
19975651
19960583
19870274
19745052
19897013
19685989
19750666
19611704
19119791
19645964
19333461
19243689
20047270
19086053
18782321
19453292
18924714
19558768
19327055
19956501
19841610
17450320
19788077
19729392
20156026
18414335
18788132
19563352
19449296
19464837
19548427
20600434
20270076
17845804
19637101
19435926
18873397
19471607
19416327
20341439
19622738
18622640
19953440
20500430
19746587
19733434
19967065
19823986
19571174
19503081
19916792
20016703
19223899
19707325
19528454
18020036
19372943
19955595
19232941
18653588
19934820
20008350
19126835
19664487
20009250
19348550
20208117
19135761
19696241
19920143
19327239
19797898
20187993
19957598
19025582
20188456
19447989
19678863
19706393
18554993
19622908
19854251
19893020
19417973
18341691
20691433
19876976
18680969
19766373
19481624
19445220
19545996
19501496
19572593
19179772
19698754
19650242
19816442
19048449
20001263
19657963
19336944
19752583
19814221
19415543
19242654
19335524
18884111
18203617
19120855
19975214
19795632
19632706
19726817
18932190
19834752
18551658
19822567
19779604
19745488
19513288
18831849
20012462
19299342
19218000
18271561
19379698
19872516
19534082
20170311
19013965
19546099
18503980
19757132
20313521
19814400
19406202
19526713
19676539
18718990
18609653
19867536
19306213
19855345
18964087
19554571
19941697
19466214
20035193
19703751
19434673
18688788
18729367
19575709
18899712
19067325
19388508
20165767
19717398
19550534
18847700
19233727
19864301
19890034
19032187
19034190
18672936
19563755
20000277
20079953
19528799
19693977
19311517
19759281
19878198
19042841
19931298
19845675
19609954
18170674
19427530
19591162
19304303
20282954
19405200
20047832
19984935
20013279
17679794
19611577
17948517
19745157
20127794
19768834
19786084
19364624
19631619
19765876
19626427
19101579
19339871
18912522
19539211
20049593
19568515
19390087
19384962
19841099
19993128
20257253
20144224
18697197
19800210
19668569
19511360
19705479
20431536
18866567
18551269
20078356
18130547
19653263
20056694
19124439
19779846
20743957
19978855
17790411
19909237
19817130
20346265
18741862
19496569
19018652
20036573
19741083
19875247
19562006
19510051
19336934
19613285
19797880
19226803
18959981
19560256
19374851
19547182
19285283
19523584
18028722
18806360
19442021
19291664
20039618
19425350
19554004
18778639
20407392
20077211
19917433
19667500
20114076
19426654
19940598
20129645
19296221
19856093
20151114
19848366
20314008
19444560
19235205
19197530
18729714
20060279
19802478
20668941
19700580
18175003
20312873
20381760
20135068
18572231
18338672
19595247
19115053
19472580
19157817
19964507
19604482
20166816
19314056
19208149
19478437
19995763
20179543
19940333
19421022
18831704
19444262
19669007
19662680
19761648
19405290
18654941
19825640
19809791
19572733
18442034
20002744
19507798
19488160
16844512
19410761
18749654
19501866
19247614
19154890
19492863
19893025
19221826
19496312
20067305
18795784
18604343
18674542
19952196
19015609
19148071
18710957
17928572
20417879
20085801
19753528
19598674
20217315
19547477
19541823
19855072
19582108
18970266
19700392
20019788
18644862
19554773
19354280
19634873
19754550
18362602
20243769
19842702
18731178
19447207
18141694
19609935
19940301
19239858
19858168
19915402
19621365
19131147
19072634
19994531
19190357
18894428
19187830
19805816
19855402
18871182
19837622
20202218
18445397
19010869
19201726
18737234
19456159
19366031
19557697
19813827
19034768
19570796
19488528
19616280
19533049
19792240
19090654
19234866
19984902
18075738
20247632
17954582
19923201
19793189
20009572
19887928
19057409
19835845
18670810
19938986
20277502
20056461
18481346
19982858
18511584
20150051
18869879
19788703
18777389
19198285
19480056
18294556
18342974
20068157
19637062
19724475
20088147
19686358
19429635
19763031
19023776
19998367
17816145
17981354
19258430
18973078
18895739
19162869
19781420
19209527
19705146
19605220
19498263
19205178
19489472
18791000
18917208
19714997
18402963
19916891
19357495
18471577
19197024
20095131
19390945
17294920
19738478
18362790
19478015
19959976
19351562
18877607
20031410
19851844
19949547
19801877
19412069
19562600
19229063
19553581
19983704
18493784
19615814
19558390
19973008
17328590
19884715
18977605
18735675
18808671
18648808
19992597
20590318
19596638
19373510
19403254
19666244
20360186
19565772
19495228
19428631
19252197
19763188
19944503
19556845
20242022
19942644
18678977
19374254
19683797
20031371
19811122
20239974
19105798
19926052
20280328
20204008
19181582
18645841
18722144
19725871
19001998
19825291
16856197
19932198
19341467
19560454
19811260
19118315
19519691
19762789
20143998
19649596
19537450
19687522
19506169
19133461
18476822
19738639
19998792
20263064
19910230
19256703
20386232
19884517
19531589
20995861
19724027
19743873
19532448
19194107
19736863
19537689
19847838
20501011
19840508
19700586
19695532
19646997
19878675
19377530
19990859
20270312
19285214
20096720
20269299
18322489
19514085
19726410
19991270
19792841
19556945
19365996
20151376
19575533
19029532
19154556
19434032
19986933
19351463
19151592
19667942
19098413
19255780
19598969
19779739
19975656
19002051
18812722
19912578
19165385
18725504
19200070
17863549
20174246
20219321
20055798
19653292
19409125
19209421
19971527
19393895
19920155
19894197
19106381
19399594
19868910
19858486
19853586
19721350
20027891
20438943
19598167
18800746
18767075
18606252
18926069
19559706
19509848
18847451
19116640
18135022
19657836
19973530
19060644
20083930
18546967
17452467
19548997
19666041
19717788
17534407
19745527
19011579
19610590
19659769
19789601
18017465
18910766
19867074
19400553
19436795
19778194
19876270
19646567
19412489
19583535
19376169
16653735
18923758
19594466
20028981
19538800
20232387
18125260
19424392
18915267
19328464
19600295
19583863
19025935
19863676
19807502
20092503
20036690
18051274
19480896
19923717
19613247
19859394
19854614
19299322
19620117
19995989
19772660
18919068
19901088
19988665
19448262
19837999
18972298
19211410
20331385
19721432
19641016
20057027
18397183
19134477
19768855
19582380
18839300
18410460
19871289
20131722
17427761
19715980
20301860
19593504
19685308
19730013
19352530
19508623
18314399
20195931
20034337
19753648
20164270
19912787
19893325
19013208
19971809
19870705
19503547
19713738
19340850
19543877
19179735
18450550
19190991
19802180
18699372
19504713
19992805
19313470
19691566
19636825
19773408
20037499
19375588
18914928
19689182
19361691
18825251
18763530
18695405
19536499
18985630
19466239
20073247
19395185
19870469
20261785
19498625
19847265
17839115
19447241
19781398
19933453
19230522
18314996
19419763
19505376
19210971
19660753
18672813
19772221
19847006
19781380
19288599
18639768
20133789
18226297
19023320
19679959
18698990
19162305
19410240
20058728
19845096
19495651
19706092
20045811
19545702
19249174
19487285
19038002
19923445
19360051
19525712
19548394
19878711
19481715
20096515
20029478
19663467
19777672
20018248
20304712
19828319
19031452
20076850
19540061
19986280
20288031
19498784
19872760
19475030
19523800
19797370
19948821
18855491
18466009
19776182
18977591
20164275
19239575
19646062
19673279
19471848
19291136
20558482
18571442
19396337
19913481
19463138
17689320
19970346
18226781
19279519
18808602
19629498
17897932
19668503
20151572
19687630
19270563
19480139
19862380
19909230
19800901
19596672
20002734
19732493
19533946
19887151
19101851
19831348
19417150
19335079
19730389
19840872
19343881
19998766
19412018
19969211
18246747
19642444
18847390
19261664
19311942
18837400
19559067
19076795
18408133
17261516
18378544
19960828
19903211
19871413
18438934
18787815
19415393
19650670
18399043
19802473
19189352
19862028
19405784
18871429
18490390
19836740
19385117
19443439
19744832
19966742
19916491
19927689
20099228
17404097
20050000
18499921
20039123
19710460
20181604
19597017
19684226
19412889
20158211
18567741
18660388
19771351
20295591
19519299
18814252
19603604
19997677
19455325
19975553
20125402
19757413
19487544
19766244
19183500
20354329
19720425
18914090
19972100
19814682
20064645
19697378
18836070
19427573
19806861
19524479
19585672
19326406
17173064
20022247
18186976
19396161
19524034
19117496
19700588
19578710
18977767
20173474
19413888
19943813
19494192
19301556
19293260
19020217
19949723
19932166
19524275
19911904
18141128
18875442
19936656
19707747
19480507
19566646
19506485
19486609
19684100
20120178
19550689
19909308
18915127
19747946
19135030
19253654
19121029
18650743
19674585
18794232
19650624
19835080
20091780
19580612
19560540
19907740
19511944
18453301
19460358
18178933
18309719
19991574
19755944
17851154
19806107
19903883
20494999
20192057
19162487
19049456
19993474
20139404
19257810
18583632
19921538
18826139
20232567
19957373
19682401
17860534
20105563
19131223
19205863
19766539
19672572
18881278
18985278
19713388
20052662
19812397
19833156
19748993
18753211
17709328
18834814
19979241
18524794
19807355
19600663
19651614
18843581
19315533
19122160
19556854
19763750
20079126
18606823
19933808
19795143
19660202
19348846
18198869
19601719
19195167
20154450
20241793
19932499
17609516
19826247
19996634
19275811
19471876
19966536
19834205
19868514
19254029
19506488
19888221
19674579
19558813
19681867
19344937
19286273
19965543
19670357
19490466
19393675
19774476
19920121
18786274
19038998
19095394
20223020
19616814
19174342
19552420
18438380
19952889
19264050
19880140
19885936
19486547
19457552
19413230
20111174
20226154
19767182
19839405
19680390
18975625
20096283
20052921
18440263
19199258
20115095
19967970
18276446
19676063
19248943
20052078
19265757
19718307
17161930
19946785
19908186
19434745
19950754
19094842
19818839
17602495
19564593
19915213
17772141
18727806
19616209
18846993
19225299
19456681
20169846
19192732
19998636
19666577
19927966
19963375
20027559
18314820
18818612
19489880
20060126
19595006
19497309
19677376
20086732
19632643
19487118
19805598
19661331
19823275
19721196
19767927
20182093
19554926
20251758
19998784
20149406
19633474
19672933
18670527
19117953
19741578
19697043
19929267
19786420
19018900
19999890
19546424
18561386
19263568
19414032
19781808
16762278
19254615
18773196
19282733
19312876
19398406
19857991
19683011
20557550
19126304
18771871
18694171
19573198
19778202
19797885
19391872
18388708
18849778
20099836
19201573
20077881
18096077
19400220
19553455
19666011
19299732
19237919
19408256
19276886
19183349
19746274
19573982
19791664
19753671
19163984
19621051
16545342
19860593
18824349
19121412
19251876
19749629
19578751
19358043
20077622
18640258
20282125
20435075
16940389
18790352
19434676
20124759
18839032
19964866
20433546
19944770
19171468
19463850
18968580
18315719
18252229
19880514
19744302
18681593
19599122
19946697
19802358
19795837
18805322
19432442
19437367
19609240
19587033
18426182
19253809
19455347
19314515
19127352
17616973
19484947
19470846
19385656
19849308
19557038
19536188
20586562
19576396
19680798
20204548
19823329
19207876
19729804
19327849
17673818
18639867
18984857
19403721
19255799
19478963
18962295
19029261
20145466
19593724
20134587
18875231
19752728
19009903
19969424
19720798
19716876
18857352
19908468
19636646
19741005
19049654
19781062
20219630
17693841
19764086
19913734
19257490
19962696
19437248
19448000
18948960
19923826
19948804
19913470
19922841
19997647
19417694
19632954
19390430
19634442
19367132
19117635
19586699
19909546
18915108
19154602
19724611
19462333
19454561
20065783
20013772
19359453
19764082
19390347
18870781
19446154
19647718
18219675
19808350
19595601
18744023
19593087
19128028
19823736
19339214
19807709
19816340
19576742
19229753
18950613
19099261
19002829
19052153
20157035
19392064
20118268
19889755
19909097
19649392
18970829
18303460
19533992
18964875
18527696
20166460
19387662
19059696
18209433
19860368
20258124
18924682
19598637
19602731
19457414
19475027
18658802
20178154
19567962
19135857
19983405
19756304
19952664
19402383
19906458
19631622
19590677
19478672
19757171
19576097
17936249
19270700
19867315
19426380
19693021
20199496
19338125
18807719
17690209
19753733
19541994
19789952
19674138
19115785
18494619
19782739
19052120
18134594
19541684
18141022
19862343
17868063
19301839
20128578
19533442
19579190
19740377
18565181
19263849
19974012
19436802
19666167
19263101
20063646
19858824
19904558
19842104
19743449
19391305
19181058
19144348
19564298
19079750
19621638
20064948
19671699
19897645
19586486
19948453
19582596
19394387
19094223
19792905
19961520
19851079
19323967
19692272
20041142
19470264
19006284
19593767
19568396
19399936
19312313
19769411
19958430
19829976
19000904
20187100
19482280
19513614
18860130
19464149
19626547
19981975
19949269
19156253
19475959
19225366
18154293
19445664
19112903
19107159
20012363
17803324
19196836
20064603
19577457
19629147
20039822
19732604
20152852
18986815
17326730
19917350
18219036
19640690
19766042
19881184
19746636
19254561
19738355
19983586
19471778
19861478
19357912
19698274
18966649
19278341
19006799
19837366
19863172
18281116
19884003
19423587
19458525
18827063
18675384
19325545
19550262
19290581
20119844
19024925
19713810
19943149
20627184
19542143
18995767
19966673
18478676
18152010
20039341
19207711
18842529
19393754
19436088
20067009
19786515
20422029
19702768
19894146
19395705
20008063
19878632
19544605
19330164
19118765
19897980
19011031
20567046
19527543
19777135
19433925
19279523
19690748
19702779
19982167
20474011
19179389
18459054
19857113
19520133
20098680
19180358
19267126
18985223
19463712
19412816
18195333
19440395
19753183
19874332
19894702
20054956
18949794
18601340
20224299
19470681
19811132
19707176
19653836
17117668
19961362
19314951
19739613
19581910
20299986
19378138
19725257
19171236
19091644
19553289
20023387
18317105
19064864
19478371
19183024
18904997
17817256
19050279
19862238
18896243
19503275
19194343
19949813
19858761
20323670
19894934
19671837
19566932
19460049
19854692
19622406
19835634
21035264
19998076
19761402
19867862
19509898
19810180
19866062
20164850
19806788
19529138
20035995
19395481
19859091
19290333
20045892
19654224
19577792
19827512
19812346
19943998
18811886
19608155
16757708
19491914
19898774
19809456
19393441
19883825
19715451
18923542
18612269
19676303
19230352
19963505
19000448
19415419
19955956
19599231
19732595
19348743
19674754
19808204
19604970
19526656
20067127
18613548
18757625
19842667
19760653
20085767
19793260
19621230
19439598
19366789
19848687
19422265
19888016
20870970
19700212
19782738
19650381
19225102
19882382
20332927
19229348
19520375
19965118
19169957
19352300
19482136
19798009
20067636
20089923
20092740
19895138
19481763
19763941
19862122
18266391
19014246
19900216
19453881
19854684
19626891
19724582
19983934
19387684
17960993
19721325
17303996
19842065
19904828
19042618
19849300
19373258
18826070
18331571
19765459
19801710
19620578
19511424
19782825
19702884
20195723
18416852
18926793
19654908
19611082
19677050
19450766
19967271
19895883
18449062
19616998
19107491
18376726
18157822
20392679
18957628
19756690
19338803
20187227
19230008
19638821
19372060
20197945
18902657
19153401
19958241
19563882
19737429
18560755
18323123
19984090
20049382
19106201
19784136
19585329
19343285
19416273
19597482
19323333
18688222
19771297
19245132
19804763
19460199
18568254
19198812
17668945
19925650
19911495
17425113
19127357
19510417
19426131
19701338
19483326
19201352
20030036
19495204
19718815
19472072
19261365
18694263
20267081
19698348
20066054
19015725
18497898
19367874
19315734
19561385
19472792
19660569
19053878
19596061
19882363
19986305
18947353
19555447
19916351
18852276
19917859
20045669
19501812
19349782
20214271
19125137
19115579
19613477
19110115
19775752
20084856
19676727
19979431
19712083
19062859
19834093
17974367
19586348
19663807
19661233
19077054
18874890
19504828
19546267
19573868
19955306
18253645
19571520
19443170
19370606
19348723
19181019
20394734
19829330
19783272
19921134
19943376
20312957
19207066
19072529
19949537
19657479
19358140
17074321
18995354
19590292
19684621
19066089
19446196
19947045
19547655
19674202
19881901
20063755
20154682
19826967
19287877
19741903
19833729
19480734
19735864
19689202
19789531
19261246
18756381
19500680
19507742
19150368
19525987
17432560
19140938
19841494
19495170
18740272
19714659
19537376
18858858
19313244
19782126
18832022
19505075
19225281
19894055
19087037
20287592
19564522
20052103
18994634
19208177
19281055
18947595
19855304
18905464
20127208
19641759
19915940
19537972
19373663
18928862
19828480
19188826
19391966
19808408
19541106
19627355
19732119
19710389
19852891
19270775
18799630
19400952
19993596
19895587
18305453
20106179
19399222
19207904
19694680
17744163
19377016
19758581
19346770
18709255
19614804
19595608
19422414
19090389
19658701
19358762
18160128
18988413
19645879
19907770
19261423
18970496
19188699
19323557
20095939
19197114
19169953
19112633
19343152
19381574
19493513
19481708
20242392
20369720
18349277
19633979
19837833
19635184
17572350
18775305
19599820
19076189
19171345
18627897
19614604
19132662
19540074
19668477
19604801
19755300
19926051
19294737
20384627
20014028
19681560
19208622
19872454
19215482
19819443
19544469
19350517
19711526
18300148
19144106
18664992
20346170
18735772
19539499
18762343
19781963
20256937
18833721
19602827
17327994
18719374
19479957
19844761
18491635
19825322
19972256
20260717
19468683
20000270
19556649
19921788
19930902
19659397
17446979
19686866
17817154
20304152
19813491
19094070
19848752
19325917
19030928
19625149
19435137
19287945
19018642
17340153
19766413
19791944
19310311
19487048
18662205
19653920
19749069
19787289
18889973
20006589
19659620
19770963
19491177
19649995
19607579
19754109
19797553
19561278
18979914
19679545
19892364
19455827
19030357
19563633
20004711
19369603
19891059
18902562
20203582
17957655
20072418
19529656
19746311
18563671
19724751
19792386
19766767
18862418
19548532
19705947
19886634
19849177
19677261
19163806
19208749
19328941
20068277
19482533
19650469
18880384
19032155
19051217
19585583
17142976
20030466
20270696
19584137
19750660
19746338
19985326
19937783
20240174
18815076
19875012
19352760
19501799
19334214
20625169
19535813
19996377
19541800
19897147
19922673
19611266
18481914
19529002
19899652
19952507
20332247
17285442
19732475
20058029
19614540
19740695
19861218
19705397
19701789
19940940
19540225
18275755
20088567
19925595
19612082
19140331
19690638
18694772
20598158
20281021
19453900
19509637
19445121
19022779
19583952
19741198
19350413
19842878
19964268
18745235
19835363
19468160
19514216
19851882
18627245
18463853
19704553
19557876
19741059
20787488
18813312
19099677
18364604
19678034
19391200
17704783
19602110
19440451
18570465
18230214
19840499
18861718
19692508
19458712
19936314
19847693
19746719
19190078
19538455
19587228
19729465
19854740
18580919
18755576
19514321
19119639
19417730
18124310
19623192
19693876
19600929
20040411
18095101
19690788
19585578
19502315
19782127
19538767
19784764
19166561
19393483
19819568
19731465
17750376
18643826
19481812
19419708
17863091
19751698
19145617
19722990
18969289
18901650
19635308
19714317
19404465
19664903
19811466
19340857
18336291
18142706
20035048
19767324
19472302
19218527
18937157
19629945
19711754
20225585
19755652
19889703
20258003
18926169
19387205
19159721
18877438
19592601
19557153
19642106
18949104
19855871
18962591
18744034
19438573
19876456
19703994
19869721
19956706
19792238
19080911
19812613
19382783
19485304
19654289
19195562
19895667
19921648
19460357
20317324
19809812
19547068
19829272
19696566
19447763
20135134
19474203
19812955
19900416
19712584
19851871
19760204
19625418
19677953
19661483
19103673
19737066
20054039
20008484
19623262
19564835
19634873
19334993
19181903
18185202
19591461
19755195
19777313
19405310
19612758
18196940
18775694
19208182
19607376
17520218
19605379
19808091
19913654
19243329
19163967
19958028
19738755
19611629
20255428
19346970
19307536
17720570
19712765
20405379
20362731
20272739
19742791
19677925
19472846
19603397
19847155
19547656
20083898
19857464
20146273
19895806
19827655
19823634
20361795
19544247
20084192
19503831
18989053
18297756
17146050
18825132
19982528
19396308
19724479
19765586
19131942
19895461
20150440
19568018
19097367
19130947
19712117
19785190
19935952
19988375
18928110
19821205
19822579
19752213
18924929
18045285
19693159
19438409
19244248
19397802
19925159
18379816
19539848
19848582
18786722
19837324
19778104
19964451
19741345
19735496
19941986
19394286
19344260
18759367
19211493
20157800
18351220
20062843
19938362
19919279
20148298
20018574
19701580
19716031
19970040
19005002
18934760
17236655
19702634
20268325
19717336
19320041
19469203
19664658
18587358
19725526
19604898
19785099
20135499
18234228
19304231
20019434
18889656
19077586
19599779
19629818
19750460
19227650
19544541
19682136
19612227
18620602
19427638
20007303
19729956
19999180
18745658
19632167
20147064
19934084
18643418
19482771
19604387
19970120
18424671
18930042
19176395
18794268
19786892
19378282
20073994
19070822
19212569
20023299
19771545
19916121
19453783
19468583
19646580
19255567
18849091
19722637
19409848
19499226
19515646
19930084
18378556
19433833
19937116
19295775
19782938
19349553
19385900
20393209
19628863
18875992
19464436
20043670
19962190
20098748
19713826
19893245
19754409
19165177
19934740
19782369
18750509
19466173
19288508
19831855
19502588
18462786
18814414
19956311
19948206
19729683
19235021
19969133
18227916
20217730
20076020
19574499
19076372
20012805
20231495
19757208
19946415
19445957
19512143
19504025
19797795
19058183
19976100
19616045
18529700
19343356
20866331
19738612
18173170
19916765
19959938
19857828
19879587
19021897
19658380
19629482
19715612
19883703
19867250
17997423
19899853
19278635
19833818
19626264
19866662
19752380
18414866
19859128
19878208
19133000
20200506
18555533
18969665
19533090
19769550
19766245
19429479
19843353
17670406
19050353
20232683
19703385
19161319
19685964
19726157
19857897
19889136
19167138
19137954
19787985
19441114
18384610
19892981
19541105
19854385
19294944
19912969
19746780
19734182
19984609
19507918
19226018
19807652
20095659
19616956
20028611
19813660
19964172
19188917
19320480
19142720
19888248
20045703
18775352
19524670
19836406
19483247
19490138
19489794
19466225
19518038
19673891
19803110
19834687
19759684
17927251
19648534
20244924
19138899
18879677
19079070
19900067
19900062
19471659
20069235
19692204
19683693
18776419
19854962
19381310
19582524
20254381
20220027
17398249
19952704
17086057
18258846
19893525
18988105
20004282
19630151
18476787
19710056
19968625
19945390
19340882
19884513
19012160
19957574
18945119
19969597
19848286
19641453
19409545
19263643
19367533
19407783
18506354
19805604
19734836
19472890
19340005
18018293
19774768
19733385
18872971
19618445
18533739
19596970
19248841
19423526
18894815
19573577
19027053
19657670
19270178
19946939
17795371
18981932
19711386
19926227
20032341
19825135
19778238
18827787
20216527
19030384
19808369
19958793
19309213
20853487
19831261
20213667
19673488
19125652
19918356
19928377
19443746
19059374
20214483
18942225
19488784
19578804
20224729
19534538
18834959
19550813
19935389
19605416
19403183
17446985
19782589
20211059
19542981
18767111
18661242
19847891
19520227
19437172
20224020
18316202
19253112
19748383
19515304
19672108
19140774
19631520
20508441
19930195
19118352
19024786
19724474
19320518
19220807
18685689
19647788
18907638
20210553
19523759
19265412
19906278
19006186
18185026
19174167
18429856
19684981
19850617
20200314
19283704
19589277
19890925
19919118
19841211
18567749
20253891
19793981
19244737
19364466
17820987
19723318
19888178
19561505
19558389
20173821
19633450
19964727
19250615
19352586
19213014
19175643
19320867
18950721
19858922
20018956
19328505
19116513
19501058
20191343
18560533
19472442
19281216
19901697
19511214
19890029
20051134
20618048
19920849
18812759
19960572
19272961
18496462
19453714
19674100
19992404
19505431
18738042
19908739
19646282
19147248
18690670
18970999
19964079
19840899
19327230
20840436
19591792
19997847
19372322
19877735
19392068
19567205
19223348
19121501
20069159
20069776
19582791
19398007
19045868
19875426
19834413
20003459
19007275
18903810
19428698
19375062
19960589
19513270
19171925
19950732
18391829
18749645
20437123
19004599
20008751
20077826
18551920
19730848
18311307
19919810
20119977
18786432
19351994
19380304
19088163
20057686
20169645
19501088
19404281
19454582
18258642
19719696
19191807
20674099
19921957
19768907
19130627
18270478
19936226
19714463
20052802
19615958
19384260
19153465
18994794
19884711
20430013
19987375
19727752
19554113
18435022
19581876
19041624
19542045
19984104
20081463
19249457
17995087
19751479
19753670
19386884
20114303
20009780
19589440
19688639
19094204
18799577
19389034
19205094
19420777
19173621
19232019
19899209
19575381
18944922
18973272
19682367
19248504
19681175
20060979
19127635
20332627
19909875
19954307
19898708
19531693
19611149
19782161
19808247
19323559
19057788
18560272
19778899
19447782
18495506
19056254
19534427
19125495
20042372
19302319
19682828
18935905
19640069
19762109
20165776
19601190
19525063
19413545
20059618
19519443
17791795
19550357
19450646
19459632
17379490
19492781
18934109
19158554
18902342
19497745
19252086
19661845
19400414
17103306
18847013
19427742
19336953
20062594
18927387
19111280
19349457
18703046
19748448
19439998
19568774
19179988
19429625
18946044
19103042
19395119
19061252
20174806
19609636
20075051
19331958
20475047
19668022
19424593
19188379
19807599
19469599
19975302
19360068
19250267
19246357
18824095
19758063
19783340
19954501
19625280
18698885
19181518
19453224
19250021
19836711
19781099
19913864
18394527
19746352
19653671
19547618
18990891
19003532
19593926
19666655
19208529
19158301
19947871
18825940
19441875
18969667
19722460
19436714
19461394
20275484
20169477
19978051
19251882
19910871
19600134
17946587
19115763
20033253
18826929
19074666
20035872
19733917
19223013
19012476
20311118
19633854
20084621
19887002
18937328
19072886
18117089
19272874
19190527
18536053
19217812
19877979
19289701
19912376
19906021
19297028
20045506
19684426
19736278
19156918
19847171
19709221
20081332
19588406
18978762
20108642
19791588
20124596
19288561
19920142
19497325
18944762
18506646
19676652
19888360
19521635
19654097
19069860
19861231
20275240
19134878
20432998
19082750
19562631
19432975
18849607
18423256
19178649
19848786
19007351
18584248
19311412
19251230
19373988
19323544
19380653
19213594
20223280
18478540
19612387
20019302
19091067
19509199
20202253
19534777
19784338
20132369
19203677
19613178
19216355
19268564
19109733
19177801
19968854
19570366
19805113
19026386
17785671
19084939
19454746
19202408
20086020
19868551
19828199
19450664
20275395
18932511
19700231
19909621
19040307
19465620
19711929
19921507
19709575
18844939
19604361
19203612
18792419
18636504
19709175
20703303
19997714
16779878
19781807
19055563
19217234
18999234
18793153
19340377
19121687
19276359
19296843
19594988
19875798
19358291
19276824
18396981
20015565
18636773
19857820
20356755
18784794
20019090
19516658
19799742
19902773
18594949
19343125
19658239
19546913
19755157
18565810
20296850
19424968
19583924
20102127
18819444
19458520
20191506
20151508
19465162
19202098
20016935
19413487
20468686
20068309
19432777
19198383
19516257
18990236
19748447
19216365
19823156
19815805
19747479
19346369
19512753
19454613
20293415
19455399
19226845
19503031
17875500
19936830
17930509
19440911
19703276
19932726
18372528
19576993
19766224
19572890
19902897
18348272
19301788
18797820
19814816
19638220
19758218
18997887
19390060
19973723
19453802
20285564
18952043
20444367
19819792
17648354
18358018
18871043
18836426
19553887
19278054
20052485
19546117
18326388
20334967
19321243
18828792
19364024
17931768
20022444
19710578
18836960
19379950
19933861
18914408
19446055
19521660
19677044
19734066
19180527
19287708
19588736
19727640
19941001
19674412
19368522
19757036
19439740
19069318
18799958
18243199
19221409
20137776
19611211
19662701
20398417
19650068
18863680
19575008
20036078
19821331
19772995
19931689
19803635
20204519
22369909
19656369
19985898
19859794
19968406
18910763
19828365
19230918
19606071
19705785
19914889
19487070
19448908
19368810
19957801
19779261
18499970
19725478
19904295
19673820
19186825
19465892
19166311
19732705
19572006
19814206
17026151
19848651
19803459
19378958
19962523
19779212
19642884
19153252
18268205
18367324
19525834
17947191
19758639
19426959
19382597
19577290
19564321
19434426
18624637
19858988
18630716
20019377
18774697
20252068
19823699
17186201
18537267
19430404
20230375
19342924
19084552
19214784
20235480
19813586
19617828
19559061
18308424
20582763
19086581
18164105
19785883
19443651
19832124
19374367
19610800
19622437
18877862
19837583
19844756
19044673
19330118
19457654
19526135
19537489
18859105
19999821
19488875
19815456
19814703
20010172
19001955
19998556
19621740
18904152
20166288
18380946
19343309
19026625
17658773
18474740
19725848
19484351
17900371
19978457
19513385
19984002
18935657
20202726
18915893
18788372
19662966
19766149
19209141
19196840
19412493
20089679
19431747
19828010
19729373
19588697
18971414
20584134
19128804
18793435
20960690
19391078
18236201
19578365
19600925
19299342
19528453
20061787
19320070
19398348
17998717
19536968
19413606
19383792
19475978
19494597
17471874
19421046
18626780
19797852
20010381
19232126
20024795
19046524
19341792
19103942
20095431
19791667
18909311
19864831
19754777
19529134
18669867
19876684
19740604
19308154
19430240
19440173
19092846
18776975
19658594
19865387
18891772
19210179
19115103
19033381
19744334
19376075
19807837
19208965
19766402
19441059
19365779
19785645
20055931
20178903
20108952
19408324
20160722
19530348
18981189
19304811
20010247
19620819
19826919
17537289
19687840
19142413
20171052
18785454
19870767
19119058
19929868
19295764
19436704
19573523
18959075
20361619
19260044
19774082
19325754
19708531
19511248
19591060
19832285
19725065
19768811
19753062
20110986
19585380
19785038
19394508
18937189
19498597
19573957
19534696
19828078
19657093
19516186
20182242
18497719
19723076
18530348
20156531
19688720
19703843
19435869
19856189
18957699
19551567
20122739
19264475
19309509
20759761
19441114
18443642
20346473
20175328
19889922
20324975
19789865
19754927
18650690
18137628
19128709
19744465
18549526
19186907
19380250
20007294
19673874
19418412
19676832
19469317
19451273
19573848
20044686
19350915
19849323
19452497
20081982
19487242
19777080
19789074
18703724
19862442
19268628
19848671
19337537
19403008
19806700
19634927
19337007
19707494
20094448
19674111
19616808
19925389
18103969
19846327
18035483
19665111
19174168
19860503
19787823
19217246
19655662
19864339
19911207
18718372
19613979
20021931
19731215
19687378
19895774
19320542
19442232
19890655
19296155
20224211
19013163
19766103
19447483
18997102
19605145
19207404
19958334
18855915
19446215
20085378
19272608
18932257
20035076
19072786
19722398
19498275
19630631
19670094
19864129
20145005
19973819
19383191
19523090
19941788
18214767
18751931
19674725
19239113
19919190
18922444
19227428
19082024
20203379
19515375
19468894
19347013
18745655
19571957
19152298
20044063
19831462
19905162
19151352
19850478
19645364
19722669
18809962
17716913
18617227
18960861
19481805
19852995
19630840
19314753
19246080
19830772
20219270
20020760
18397781
19189206
19878904
19590592
19980871
19763791
19982863
19353063
19028766
20044334
19944207
19138837
20130646
18809826
19738193
19868064
19557077
18556237
19286027
19430325
18031149
19971732
20144022
18171764
19976421
19512467
19152941
18083567
19340076
18409744
19592962
19474189
19909787
19513726
19250359
20152370
18681063
19804636
19675509
19482063
19549663
19456191
18834081
19439321
18901773
20045507
19627068
19458387
19449682
19561349
18888530
18582521
19851721
19983370
20268302
19829820
18368895
19393378
18929168
19809147
20003756
19536125
20314095
19850534
18960012
18910118
20036326
19667922
20240811
19366936
18603487
19498879
19295618
20234469
19314179
19155520
18973681
19083363
18691426
19848763
18476937
19892540
18973009
19875666
19661322
19824973
19814338
18377273
19864952
19439228
19777647
19855645
19811404
19779902
20167549
18994650
19489542
18494930
20001052
19683511
19969851
19799955
19297882
19490186
19297116
19896896
19070368
19340916
20025934
19962734
18787493
18052837
20036010
20216069
19267381
19663620
20402333
20311064
19928859
19613010
19409635
17970243
20032396
19314362
19211671
18717377
19121147
19318372
19531222
19698399
19661192
19269090
20042286
19925976
19866984
19381272
19553966
20057179
19648973
20098982
18196876
19578746
19925652
18818234
18483919
19443724
18795951
19652408
19874791
19764452
18651095
19895159
20195349
19743472
19810889
19699415
20003292
19940719
18179028
19574526
19923734
18984313
20103431
18834375
19486589
17710993
19561298
18745283
19486010
19606083
19485684
19843560
19512166
18817829
17643012
19594473
19972503
19438435
19893450
18052276
19516943
19983435
20072245
19426429
18901969
19678428
19626346
19940794
19702940
18815186
19585467
19103711
19301947
19412646
19909402
19657738
19227997
19417126
19955135
19198847
19448673
19300902
18881631
19263119
19456520
19929910
19616321
19689108
18932683
19615968
18863181
19700582
19696785
19819328
19631451
19836728
19745583
19630970
19436616
19656306
19688610
19742491
20083207
19313753
19135021
19980392
19750452
19778888
20242179
19871750
19837103
19675165
19291005
19832172
18431310
19568167
19599501
19689607
19364345
19892627
18004182
19687910
18683042
18150308
20250126
19826336
19229555
19589453
19742981
20249836
20335044
18462719
19981308
19834304
19237402
19078959
18861076
19308108
18680857
19093720
18982845
20049211
19457579
19106883
19884266
18552427
20064499
20047795
19981156
19769908
18677607
19711736
18662841
19887877
18904756
19640032
19264290
19943243
19679777
19762580
19178199
18791343
18119350
19955774
18054697
19000985
19595353
19652313
20179545
19130170
16932365
19714381
20050165
18992344
19950627
18873514
20061523
19374316
17701700
19805394
19186644
20028225
19833188
19884177
18793126
19234215
18347136
20301147
17626365
19175469
20041312
19705416
19466896
20079475
18610953
19830068
19477210
19597578
19162113
19342965
19193146
20048051
19850277
19245315
19198926
18974444
19998780
20079416
19997408
19072471
19798872
19695673
19894891
20225075
19861385
19617707
20008288
19494880
19865224
19484569
19987826
19595974
20059388
19687343
19865762
19956608
18396472
19905095
18059423
19141631
20137586
19762267
19777216
19545172
20287624
19633935
19589883
19722631
18897794
18473823
19412544
19534995
19904728
20051750
19785474
19298341
19569221
19687144
20464752
19707717
18306630
19872393
19833403
19640534
19422060
18387857
20274202
18408424
20069851
19860219
19157648
20104882
19742355
19211728
19537604
19354139
19411780
20310901
19597735
19412710
19401387
20207053
20384234
19771955
19570689
19458599
19959409
19888491
19730767
19535662
19332581
18743424
19749339
18242796
19779306
20104794
19415632
19244152
19638291
19671603
19833918
20288281
19730954
20060025
19425704
19465882
20147565
20082721
19510960
19696307
19978639
19413153
19366556
19513567
16999120
19672190
19843788
18528537
19033561
19476754
19806578
18367874
19651756
19453665
19675145
18485763
19635136
19611439
19795530
18584558
19950324
19274972
18469078
18789413
19443102
19532347
20066829
20036070
19481753
18339271
20434435
19678527
19569800
19338774
19138495
19293300
18692216
19743772
19345667
20230042
18822776
19714364
19615460
19117190
19437292
20009220
19039801
18778033
19570940
19337465
19390783
20045570
19896106
18924260
19469122
19795427
19472015
19441991
17651987
18863794
18936485
20039740
18816309
19910365
19271438
19381912
19388852
18566892
19674805
20011105
19213640
19207668
18983441
18221967
19726722
18822784
19269612
20012629
19453180
20042901
18746460
17946641
19559272
19290252
20011059
19786601
18770326
19592248
19367066
19160516
19575280
19088106
19416008
20361829
20155027
19325119
19567698
20025647
19767650
19837566
19949628
19643606
18928785
19974234
19944731
18368458
16664608
19577406
18600874
20260690
19031668
19429354
19705846
20303584
19294774
18732758
19429613
19035269
19875078
19656349
19965784
19410051
19437817
19628496
19754180
19299702
19723329
20126724
19107191
19681465
18936858
19841715
19394537
19832955
19006646
19659755
19074063
17843618
19076717
19874290
18145190
19556450
19201918
19456294
19666067
19361643
19458415
19558110
19296267
19473074
18896857
19424611
19331020
19445224
19357722
19604792
19822533
19853046
20104594
19912945
19589746
18782942
19824377
19824691
19544177
19305144
19474151
19639337
20322791
19739321
19209623
19518064
19692972
19721151
19528106
19915816
16927879
18879831
19044910
19636624
19872202
18698128
19780261
19869349
19033500
20038241
19152991
18907775
18421918
17521985
19169229
18779257
20109943
19759236
19253620
19567115
20197808
18671555
20207900
19853883
19547369
19453372
18983251
19926976
19890561
19105427
18422816
19861104
19964827
19785419
20085201
19381681
18168699
19661624
19986621
18579493
19929157
20244070
18785135
19749716
18665120
18809300
19334015
19805823
19303350
19176045
19630716
19813425
19197476
19479602
19257229
20140663
19439722
19634522
20188819
19608463
19072018
19572042
20174318
20112215
18762827
19241107
18922515
19513433
19347163
19529924
19350297
19439404
20295703
18605466
19616571
19921912
19212004
19590966
19413756
19145940
20249052
20042131
19770952
19901165
18942010
19913813
20049612
19057585
18328493
19453910
19457374
19614236
18484917
19546622
19403936
19688647
18782863
19292698
18889788
19640407
19258901
19406675
19116768
19881610
19634219
19443810
18973911
18806529
19398315
19139136
20055377
19116775
20431920
19725009
19579534
19387755
18368410
19699858
20132189
19320968
19451998
19244590
19662892
19643461
18567869
20112440
19495537
19234080
19555035
18988336
19746998
19472298
18439722
19461772
19937203
19961548
19161008
20097791
19134976
19525073
19379261
19057955
19853523
19101965
19695650
19119621
19782517
20302794
19297448
19865032
19692780
19544619
18815604
18837791
19737252
18962199
19177421
18884038
20036582
19316950
20154148
19965634
19310294
19406507
19503161
19200684
19118965
19454329
19644125
19286233
19264584
19591504
18969970
19866858
19664097
19742607
19659482
19142070
19159333
19295426
20209247
20065490
20020178
19942771
18915554
18777885
19206489
19683888
19974295
19015124
20218540
18339578
19546667
19577570
20059400
19442988
19900060
19604468
18888605
18688290
19174688
19012800
20008284
19422632
19999077
18659313
20134293
20252158
20066221
19859853
19743355
19760928
19795251
18199890
19207269
18462192
17757504
19388133
19862541
20201190
19106755
20039953
19583206
19480192
20046748
20083226
18446005
19731900
16400250
19649882
18973201
20158607
20141041
19407978
20526380
20139990
19702984
19239406
19957758
18431749
19282994
19150368
19646685
19163274
19005171
19744923
17384567
20152070
19427903
19991727
19271442
20573806
20157840
19819002
18740712
19306188
19255876
19025819
19090682
20405060
20208582
20183456
20107326
19165619
19986164
19900654
19908234
19060159
19522662
19012577
19444294
20113663
19929698
19512098
19793030
20077868
19016584
19758638
19931171
19388750
19220788
19976293
19277489
19000404
20113599
19810729
19754961
19730358
19169333
19503590
20404156
19859257
19910841
18817780
19941072
19926616
20100913
19552739
19503418
17455045
17690079
19812224
19613234
19771161
19287965
18867816
19344983
20095796
19847178
18990630
19549339
19637293
18369225
20050449
19237543
19439196
20058410
19774508
20229391
19094277
19447447
17669775
20127191
19550086
19550354
19818598
19522577
18202451
19431011
19369517
20040458
19632921
19734418
19099548
19533030
19566023
19894246
19782559
20064149
19317384
19803522
19054068
19331929
19418173
19364615
19773592
19082472
19486393
17859312
20056206
19117449
19602377
20127659
19497083
17913706
19841914
19825731
19517558
20128583
19556564
18531868
20253485
20217465
19484571
19499952
19478352
18453929
20049331
18270129
19784599
19223997
20069381
19471533
19244964
18158763
19608071
18847842
19485132
20014126
19230296
20472454
19288118
18231471
18801068
19476597
19857212
19526485
19383034
19633967
19383129
19160573
19312758
19709582
19445161
19522585
19485233
18572497
19746592
16921209
19719657
19297674
19905256
20234419
19599760
19828452
19019594
18996220
19397551
20284629
19816204
19497057
19859894
19209362
19646691
19442356
19683938
19604437
19169777
20029652
19926114
19547077
19852938
19705483
20017055
19628847
19811575
19779065
19215775
19265675
19711371
20121863
19053554
19005876
19567028
19206706
19299002
19590779
19659730
19659057
20033684
19182185
19340468
19885173
19474453
19654780
19711944
19538844
19950290
18670142
19377476
18505604
19686091
19578723
18758948
19174197
19517379
19563809
18237008
19124730
18129888
19574480
19734630
19372796
19488818
19993942
19639816
20168674
19350014
20099509
19464260
19552011
20056815
20054310
19729149
19492280
19394030
19697488
19992630
18995621
19823037
19713820
18467703
19538250
19524768
19748990
18136848
19719626
19358644
19887657
20029217
19592345
19572684
19775243
19108104
19654577
18494976
19295485
19193829
19574198
19878907
19161155
19854657
18852028
19393977
19937876
18611321
19629618
19959231
19714751
19896290
20086944
19492384
19237090
19999609
18803984
19444410
19972093
19316723
20071628
19679988
19413846
18623013
20080097
19765355
19462406
20191620
19920004
19015533
19918796
19667617
19736010
19080635
19743919
19692869
18950971
19884315
19522849
20160026
18134931
18164970
19391547
18245597
19952929
18991039
19829725
18453282
18601029
19581677
18853127
19469985
19459652
19861059
19932079
19919722
20237960
19081747
18579950
19394433
19526008
19991047
19020251
20049738
19716741
19511136
19810370
19838311
19917502
19752501
19587604
19708944
19146024
19248411
19348738
19163024
19579062
18435801
19870732
18339802
18894475
19696327
19772849
19473912
19272988
20236010
19145476
20251671
19459678
20007605
19560869
19747022
18820539
19490608
19468565
20207740
19797115
19940897
19181526
19016810
19549746
20230316
19831023
20047533
18677601
19803442
19065713
18477827
18067985
19406502
19551937
19081684
19593678
20054510
19044375
20057660
20234542
19734066
19371470
17480225
19380944
19528100
20158092
19841570
19850859
19526888
19718319
20085713
18131876
19229660
19250869
19813006
19761579
19275372
17968020
19433684
18605676
19858193
18802372
20081576
18686935
20171955
18585809
19902453
18557775
18635822
19379545
17925289
19804679
19464186
19563063
19943016
19054622
19975596
17047434
19994026
18602163
19512641
19813174
20233930
19925651
19894583
19427632
20059599
19923691
19588899
19834788
19038501
20112699
19216239
20070332
19020223
19700924
19653027
18639761
18069886
19586474
19544065
19949305
19306830
19057492
19931424
19286948
17861310
19097421
19671968
19585486
20022925
19805638
18877338
19425943
20256076
19714808
19934720
19160611
19970086
19213140
19789565
19650666
19773125
18679955
19821354
20019817
19479475
19385917
19583602
19992038
19365874
19109157
18950853
19378326
19985388
19679648
20048303
17501470
19208715
18211799
19770072
19539454
18599087
19066105
19534111
19667324
19805117
19757189
18797951
18172520
19769753
19498566
20056153
19865646
19374729
18268170
19497015
18061037
19861944
19110309
20099886
19424072
19099139
20086834
19046735
18961155
19675721
19646695
19711647
19295019
18912480
19889570
20070691
19774630
19642272
18516307
18756628
19935682
19843610
19512339
19706456
19763430
19540224
20068575
19907429
19791465
18767493
18674432
18730996
19621813
20778455
17907428
20191949
19083410
19881452
19469481
18848818
19338109
20590230
19697277
20356478
19500859
20146610
19517092
19786230
19662190
19706602
19766924
19620972
18957937
18704445
20019906
19849873
18858626
19275150
19880022
18496891
19434716
19504689
19303987
19773970
19725510
19778717
19866195
20028081
19830673
20267459
18784439
19937226
19437379
18753636
18597362
19956055
18169880
16893720
19248419
19649087
19050938
20090088
19771439
19718593
18924121
17905350
19425034
19598050
19267476
19680485
19610563
19540017
19895354
18696913
20153352
19552553
19908448
19991776
19019752
19493968
19686168
19892533
19744596
19668482
18673359
18882805
19715263
19319262
19139167
19549266
19353933
19319794
19828239
17060477
19942743
19861508
18978066
19292448
19697548
19918673
19750138
19793067
19396264
19957698
19207487
18726217
19763462
19099456
20237465
18005175
19701666
18615177
19929690
19679037
19575614
19849519
20070019
19621058
20079299
19825209
19541471
18517563
19488463
19661707
20083253
19871261
20071246
19531599
19913075
20243717
19602710
19195495
19186607
18280330
19561834
19077708
19457361
19731548
19549833
19587046
18985328
19227226
17134965
19825646
19528561
19875934
20122309
19499797
19121671
18703245
19643800
20218607
19235696
19443326
18085853
19658390
20195962
19912155
19324572
21223442
20307166
18855643
19664651
20186083
19510734
19888120
19942610
19670055
19051009
19630569
19690324
19774658
19462440
19748228
19721949
18424413
18859658
19128694
20213030
19389994
19223160
19281879
19663540
19350338
19363595
19417632
19309169
18525909
19669362
20029977
19222236
19935187
18360008
18305919
19252321
18101137
20002895
20160488
19821844
19997714
19295632
19459492
20010759
19344855
19898151
19085844
19364627
19321600
19319048
19782554
20076963
19696007
19562954
18292861
18889539
19895460
19674402
19430003
19799535
19940011
18985694
19646951
19035246
18951575
19412544
19858274
19567306
19854909
19832558
19470981
19611325
20090232
19327904
19632542
19660215
19573862
19536330
19121164
20077368
20013277
19579198
19898390
19963332
19954014
19547097
18720009
19137312
19316750
19706709
19611229
19853599
19862272
19708239
20114114
20043186
16660415
20037799
19689952
19697728
19039544
19625069
19832649
19757759
19970319
19103720
18998189
19680710
18594292
19601421
19316676
19226244
19095432
19615850
19475404
19794745
18343352
19611296
19422082
20001050
18364526
19447702
18682824
19053009
20187963
17500766
18845692
18799334
19332107
18732773
18470560
19346188
19409523
19276408
19571824
16760483
20215880
19734017
20238038
19832934
18911363
19732951
20023285
19439608
19660432
20120427
19806932
18038186
19482596
19463155
19509361
20036692
19427287
18712190
18230375
19563056
19119417
18031990
19897757
19517211
19443623
20262459
19484364
19303330
18254035
19488481
19618582
18862144
20579626
19780814
19788976
19504367
18929767
18664008
20212715
19709746
19180673
19877234
20303822
19272197
19763689
20851529
19383094
19535228
19544435
19545734
19791795
20229898
19757342
20274716
19841207
19620315
19963747
19442724
19799868
19514891
19256351
19516475
19124345
19411376
19519905
19052517
18959256
19923783
19485325
19568026
19331834
19677585
19852409
18036131
18289327
19933356
19582662
20032318
19545183
18216697
19620618
19315058
19755888
20047607
20148352
19933082
19212140
19682950
20213173
20392451
19667360
19055173
19960406
19514067
19618130
19437293
19531036
18871855
20021219
19334838
19982498
19905235
19408655
19911471
20005453
19401597
19898793
18722437
18586921
18586660
19884034
18219821
17424511
19464677
19527576
18144105
19906795
19824052
19466392
19757420
19519917
19069380
19959777
19755963
18006303
18874241
19905155
18502304
19571777
19562357
19776636
19590071
19325766
19048599
19515789
17921753
18409761
19828121
19668135
18602058
19218339
19164101
19185093
19727458
18156783
19267754
19561812
19537378
18726758
19183186
19605310
20169446
19674474
19761334
19602758
19492097
19558584
19780077
19518029
18526723
20188456
19691731
19832971
19786500
17540183
19974610
19839802
17304418
19844094
20087696
19163161
19614989
19594219
19971705
19650292
19194374
18465046
20257272
18999596
20097434
19702835
19546915
19624228
19505615
19380443
19745736
19397750
19243137
20026201
19467763
18093659
19588989
19534644
19532864
20042393
19965859
19361378
20056482
17987633
19849113
19375911
19517791
19748069
19892268
20030340
19676137
19444341
19695133
18859788
19856609
18985844
19362639
19668478
19969284
19601897
19952552
19661073
19858411
19610444
19019751
19969959
19591154
18875410
19479892
20001183
17611132
19175438
19353212
19590816
19499882
18582428
19489560
18329542
19697292
19135591
19982496
19550635
20168615
19826214
18317187
19601094
19585347
19937759
19647219
19153675
19882956
19405840
19634617
18842722
19559964
19975052
19732444
19876324
19016230
19209489
19365187
19055222
18734045
20419921
19639180
19742851
19088939
19403632
19560622
20226028
19767383
18436471
19288950
18444925
19655120
20269330
19877958
19778343
19176871
19393201
19294122
19614694
18807269
19550835
19127265
18399354
19081724
20024594
19410396
20209026
19518484
19388819
20009648
19914728
20478474
20020501
20074738
20354632
18637246
18754083
18879589
18830615
19833733
19840439
19125131
20256806
18823222
19914794
19645644
17912019
20041090
19365034
19132243
19660333
20014621
16994553
19564763
19725516
20034965
19125791
19695614
19373308
20040889
19099670
19592363
19724100
19490391
19463824
19633555
20595634
19390911
20016050
19032362
20496484
19527571
18794501
20264463
18829149
19164445
18708002
20048360
19249963
19955984
19739144
20325719
20332931
19370526
20016399
19292158
19828673
18784913
20590166
19064580
18613041
18980022
19539071
20464991
19634348
19508062
19697359
19812642
18705362
17219555
19806986
19724258
19844792
19616554
19791900
19465334
19826974
19740126
19446801
19708921
19324650
19860619
19081637
19841553
19465785
19660544
19781654
19633086
19942699
20060399
19680585
19548208
19607561
19239183
19885740
17635395
19675632
19882249
19291577
19725329
19748291
20140163
18223336
18355499
19463128
18610116
18768620
19272969
19596106
19368057
19042389
18046219
18642941
20268224
19227752
17321763
19288481
19774729
19724232
19056657
18701220
20074245
19204854
20155577
19396334
19419638
19788798
19787504
19490134
20224521
19316167
19561963
19866597
18901391
19627712
19436496
19985029
18903549
19874380
19479024
19410225
19424706
19156741
19670541
19087951
18330913
19467366
19278570
19049365
19502518
19422751
19899773
19020152
19979240
19173139
20201653
16941925
20064037
19502191
19528773
20007034
19710931
19211343
19490059
19757319
19986018
19033887
19839499
19718028
19656733
19051681
19110146
19557903
18771273
20056011
19279275
19295525
19779016
19449236
19913629
18360199
19732513
19665941
19547908
18849521
18778316
19531711
19579983
20608423
19912982
19254590
19831985
20150866
19895626
19574233
19635441
19054104
19188653
19774446
18654227
19602470
20243604
19580801
18115549
19501675
19200777
19492680
18691263
20231436
19134261
20145528
19299899
17358376
20006346
19913997
20093316
19289753
19856014
19583240
19516962
18558722
19432751
20142078
19854798
19324619
19982969
20195001
19380787
19780442
19994104
19938361
20011721
19141049
18648914
19398401
19690984
19877741
19366271
19390459
19125686
19351749
19828627
19724693
19290842
18919937
19767522
19615581
18686065
16715890
18651274
19528051
19052676
17810539
20021112
19596912
19706673
17519070
19503977
20245307
19702834
19942875
20292317
18741249
19290596
19211443
18944265
19228650
19909542
19594204
19050220
19675241
18961301
19662060
19505306
19147896
19563700
19724103
19839184
18484832
19594637
19260595
19515502
17579784
18882264
19379068
18851611
20157357
18351413
20589970
17815779
19720425
19838466
18880743
19295217
18752680
19578485
18767153
20148607
19567249
19251347
19877661
19422178
19593907
19915413
18917095
19877754
19932904
19193822
19815060
19463941
19562810
19768224
19593887
19800234
19656614
19012184
19818513
17314310
19105848
20041706
19366187
19482237
17933999
19044863
19706187
19060530
19361535
19425518
19582425
19457393
19523095
18760219
19656712
19600292
19135116
19732767
19824404
19562679
19880635
19570513
19979914
19805057
19841774
19423089
19540601
19816210
19731000
18404028
18191459
17662854
19425293
19840754
19539548
19906668
18270035
20138665
20044616
19733244
19735640
18876851
19365558
19632696
19161089
16853713
20105351
18985366
20163215
18712335
19025252
19982928
19875297
19504267
19782631
19976551
19424151
19298901
19350422
19940624
19793289
19781602
19649400
18863788
19458263
19199909
18729624
19993407
19801222
19737458
20287887
19730939
19163327
19950994
18753755
19574489
19630393
19482225
19500407
19251777
18486612
19626028
19385447
19889300
19684785
19494551
19092461
19264273
19532755
19986988
19126740
19767086
20006000
19744187
20144420
19385877
18742406
19351381
19935090
19253682
19324477
19144799
19912785
18962265
19795431
19689781
20105917
18324601
19755862
20274420
19760068
19714067
19555587
19485162
19960234
18652938
19142765
19708827
18621824
17889892
19465404
17852008
19383763
18581737
19395203
17445156
19041260
20330608
19908964
19554718
19472498
18184080
19507953
18922227
19448972
19960401
18762708
19868585
19550542
19642709
19131472
18658126
19629125
17427755
19478684
19786359
19567994
19843587
19605523
19366520
19675882
20117923
19412098
19771240
19706263
19878348
18240303
19359023
19471617
17194623
19771590
19763024
18796407
18701358
19908527
19350570
19423094
19873629
19875600
19789953
19891505
19681515
20534865
20130860
20048353
20019921
20269103
17185704
19743810
20158802
19297028
19441236
19735043
20068280
19374578
19807082
19630520
19221971
18307749
19826267
19394287
19507069
19826262
19710813
18320116
19540644
20058368
19557868
19456584
19657297
20285911
19346180
19841965
20009638
19897547
19694734
19676365
19885684
19082902
18964931
19696053
16817004
19662906
20274199
19835776
19424127
19829855
18507744
19606808
18902640
18975144
19543076
19752067
18954078
19286886
18819544
19093036
19427924
18290441
19837137
19700255
19446801
18980999
17306036
18860993
19150999
19007828
19856598
19409694
19906569
19319153
19295535
19756693
19563589
18903624
19341670
19620406
19726908
19722965
20092843
19575326
20111742
21937965
19768281
19346397
19609157
19135049
19906687
19480696
17846153
20036266
20113751
19668161
19200942
19501723
18900605
19375831
19486414
19598914
19429085
20123740
19983696
20097698
18611959
20222999
19096108
20008459
19854462
19693371
19384656
19833207
19395398
20088216
19052132
20081671
19609929
19276486
19737979
17431708
19815891
19534780
19448394
18762970
19404466
18897280
18184569
20026744
19060706
19158442
19867121
19620323
19419832
19795283
19459256
19605468
19357959
19388906
19893255
19409608
19221527
19148380
20545446
19394257
19975759
19907495
19473341
19623269
19863024
19357707
18803847
20303877
19332840
18829985
20185489
20277656
19837792
19579315
19198343
19840653
19895760
19629861
19875014
18803117
19355916
19980752
19221643
19843473
19880392
19221421
19753512
19928486
19926438
19436741
19875256
19562617
19785579
19397137
18989979
18503539
19602963
19236208
19639446
19397906
19013313
19095399
18950058
19700352
18641522
19399183
19079470
19860132
19114142
19827818
19522263
19525894
19122337
19561458
19610141
19941057
20022214
17600037
19868073
18900473
19311265
19639723
19943697
19311527
19251896
19153972
19523066
18922769
20036814
19042792
18564741
20072681
19476429
19566290
19704133
19422357
19530072
19179793
18546313
19488844
20083518
19635546
19700853
19199025
19570872
19523633
19227953
19608583
19661623
20030810
19303263
19610097
19447736
19588947
18913011
20039209
19057295
17978614
19367149
19332288
19643190
18942839
19602325
20086570
19361332
19589710
18747752
20015856
19821343
17527932
19582567
19941421
20574957
19906548
19393098
19453547
19001711
19250000
19519048
20187392
19383874
19103002
20296832
19712352
19764280
17375663
19789483
17642567
19520067
19437464
18756715
19904535
19846926
19371359
20119854
19565418
19786105
17577918
19219321
20303132
20033556
19027668
19646755
18963290
19873090
19387375
20147240
19981411
18910529
19146845
19990989
16984848
19818337
19743660
19976838
19239724
19827337
19482425
19234706
19608574
20024934
19192749
19586561
19546723
19310217
19419662
20169434
19514826
18905122
20057079
19607563
19615454
19438613
17978244
19343344
17569037
19485811
19444028
19465228
18977717
19723812
19823624
19494163
18769732
19944504
19430825
19932440
19634861
19601384
19764053
19901371
19701439
19221065
19056719
20088183
19635615
19866469
18999894
19493314
18973349
19841759
19232086
19815985
19839245
19194403
20146635
19781105
19473965
19448409
19120996
19641859
19828599
19465243
19586344
19418066
18511085
19671146
19550252
19689818
19528987
18768999
18517663
18833491
17567830
19428708
19943979
20404263
19446653
19764629
18802508
19865987
19766609
19574451
19575351
19454000
19824278
20053467
19845114
19106266
19721682
19011483
19265777
19163371
18593916
19810491
19709052
19438063
19307982
19454547
18725182
18918851
19790319
19606329
19187897
18873650
19718242
19384960
19932924
18183236
19835212
18822838
18992022
19855653
20064725
19181607
18957012
19718554
19382179
19558381
18864718
19708437
20562525
19394978
17510066
18794814
20079783
19814650
19967629
18623691
19886318
20002968
19587763
19978408
19544957
19288032
19193427
19946267
19909937
18019590
20165308
19194498
20042929
18215221
19859736
20137048
19692327
18873132
20037150
20310360
18908832
19633186
19899291
18932781
19853190
19606513
19797134
19554319
19932695
19669805
19607934
19527322
19957385
20009354
20063304
19576197
20189681
19149444
19185773
19497032
19808298
19754370
19590747
19785059
19496524
19499662
20134114
20115725
19402722
19175771
19988652
19523551
19988093
19284775
19567097
18742654
19383672
17530300
19432557
19555010
19461605
19757317
19504740
19855063
20267435
18357301
19455375
19549208
19736125
19571497
19695666
17127647
18880410
19180849
18937871
19504108
18355302
18833263
19736123
19558718
20091666
19633098
20369474
19660506
19690925
19194577
18998618
19345427
16866854
20069657
20367771
19580970
19445229
19590179
18879007
19604629
20352608
19278713
18434916
19601189
19269700
19601000
19529503
20306526
19442436
18475488
19419780
19551434
19218414
19327406
19596375
20248362
19618256
20025162
19562133
19472593
18245099
19836624
19160330
18650439
19818242
20002078
19995064
17386109
19828368
20039425
19925807
18927197
19909548
19773737
19713968
19124058
19909275
19626843
18794157
19562145
19421164
19584529
19561184
20127913
18700208
19876990
19616095
19816353
19675212
19826757
19881357
20765029
18988303
20118976
19959611
19608079
19973311
19873527
19475950
20267782
19832259
18817145
19874586
19635803
20048360
19353401
19239922
19129758
18486082
18350557
19323037
20091704
19525214
20177339
19556137
19319567
19888054
19230543
19741273
19408222
19608930
19776369
19227826
18968945
19977531
17879966
19905390
19401160
19722264
20065753
19530981
18360118
19627911
20199782
19523516
19420266
19092808
19826594
19973771
19711827
19730781
19860240
19093345
19187139
19138630
19584896
19158469
18759255
20650464
19973939
19744986
18711617
18696583
19549864
19499349
19883120
19493137
19502653
19388416
19035958
16818577
19754923
19899400
19134403
18701745
18989553
19846109
19515817
19576892
19607229
19633628
19629602
19885942
19191613
19485997
19625795
19596030
19133640
19685857
16706800
18977972
19505685
19562441
18986003
20005100
19652770
19825451
19581055
19792751
20148279
19515244
19597877
18218388
20290476
18515596
20237020
19428606
20117154
18138324
18601601
18946217
19532520
19997451
19746853
19189347
19945396
19484239
19553722
19118433
19558532
20029979
19500186
20064187
19304620
19547665
19064787
19436262
18028973
19223117
19568796
20058414
19766773
18937420
20033579
19522967
18672364
19433079
19530210
19179800
19740811
19666912
19519980
19467464
19934458
19570466
19909182
19686001
20206829
19275766
20091337
19400349
19936873
19837366
19774317
20161570
18109496
18865729
19010920
18871832
19546133
19849779
19737302
18953297
19300621
18620948
19994146
20028082
19619169
18867026
19389699
19331931
19746878
19138306
19048005
19423415
19368436
20022141
19399401
20298082
19078180
19624448
20065639
20021064
18859174
19190607
19635263
20176674
20375772
19020785
19957097
20629460
17787396
18450804
20156863
19174889
19931878
19802086
18767279
19588400
19828571
19725569
19912683
18757934
19786393
19784403
19529543
19770515
18886614
20346345
18315270
19803668
19691609
19155869
19219619
19973310
19263266
19926282
19523356
19356032
18766682
19581212
19634745
20002988
18342627
19726279
19051224
19272724
19960405
19929290
19628794
19960968
18945557
19842664
20153358
19976374
19728751
18863445
18751109
20000371
19877860
19543935
19234682
19854610
19534252
20078199
19568267
19801558
19662006
20230103
19054996
19718972
19446659
17739515
18198272
18942058
18785692
19379457
19829073
19601971
19543043
19822052
19414051
19097797
19751403
19204166
19340029
19314164
19506586
19732406
19539200
18923367
19513608
19160727
19928549
19874265
18835238
19604672
18564176
16771444
19102277
19575851
18107756
18920745
19140769
19426044
20144491
17078900
17974987
18924835
16651181
20028114
19952121
18912612
19587398
20474975
18920039
20006738
19330859
17808330
19480576
19575563
19729387
19967589
19404095
19642599
19134893
19974369
19301517
18146673
19156440
20058665
20151495
19410778
19954901
19658436
19753698
19782371
19766015
19589744
19634087
19487655
19596610
19771301
19341742
18487491
20106156
19730287
19928213
19685417
18755455
18950695
20023115
19526742
20145669
19200232
18845140
19194833
19661688
19564721
19489699
19407128
19979630
19718289
20297733
19245184
19853501
18809431
19033613
19347844
19646539
19222321
19709542
19841211
19507152
19530958
18746300
19485928
18779235
19095590
18578016
19024540
19679232
19776095
18995639
19727106
18321845
18638061
18710733
19538983
19813980
19208326
18975583
20491755
19730333
19565539
20021578
19297285
19805439
19404024
19950287
18856936
19704418
18869063
19624146
19919148
18491009
19456416
19976629
19290780
19634415
19207359
18474188
19948523
19866983
20025979
18827385
19554520
19262993
19640359
19719191
19885379
20087681
19870007
19198644
19286575
19037581
19562609
19390046
19880870
20524617
19971651
18728754
20237458
20027672
18949623
19738971
18960279
20134239
17180703
19676999
19819006
19926923
19449467
19938850
18767614
19291630
19471138
18694457
19901357
19466042
19838638
18710850
18703559
18638980
19307878
19735504
19452218
19033304
18627111
19447152
19372067
19467752
19241962
19996707
20157225
19513904
19474850
19274001
18847598
19789945
18544298
18999687
19038440
19197016
19679635
19816900
20060255
19925121
20239686
19379157
19483410
19875776
19413454
20293287
19462608
19368856
19844419
19264549
19605484
18793461
20134080
19509035
20427438
19423756
19658051
19662270
19179278
19774100
19085690
19508766
19157544
18893533
19545411
19587977
19538638
18550123
20046699
18660449
19449879
19662289
18802203
18989769
18412301
19598028
18825776
19532224
19100230
19721114
19876172
19655761
19798812
19080598
19459277
19291499
20076353
19872983
18746293
19381153
19858410
19626798
19761069
19428079
19373171
19642215
19661694
19160456
17653917
19919590
19341538
20165472
19019542
17607244
19853377
19031346
19517765
20508850
18744597
20213621
19931588
19761510
18751841
19663426
19661111
20102765
19240793
19585634
19025438
19658521
19524182
19904861
18411981
19011401
19724469
19240554
19081835
20020001
19044614
19577259
19039022
20095562
19689976
18975106
19090356
18196755
19265318
19376675
19553647
19544898
19570583
19583003
18913867
19560565
19581910
19703662
19512855
19210395
19593267
19814279
19890232
19514893
19705666
19784815
19761672
19354942
19581212
19439725
19918450
20023630
20326186
19913853
18979578
19849851
20246991
19409370
18973482
19953252
19313467
19860427
19419609
19710495
17568442
20070378
19936404
19481807
19785017
18438018
18622297
18981265
19391812
19611898
19764335
19928044
19987249
18372797
18908869
19873558
18348837
19658677
19218629
18805192
19844894
19598970
19272231
19205504
18916520
19673347
19650909
19693501
18741614
19950575
20131101
19837446
19300711
19503164
19001730
18254606
19643706
19509398
19112428
19684355
19759625
19867953
19425804
19850072
19946473
19929486
19763166
19552186
19129047
19461390
20067568
19510197
19647727
20005540
19896232
19552824
19358845
19642774
19243520
19081658
19524006
20016438
18820034
19669443
20103303
20020531
20373202
19280556
19722490
19225685
19613630
19669486
19530755
20134246
19769459
20186313
19248641
20197073
19618455
19550565
19745886
19845049
19407593
20152444
20100692
19515448
19662785
19245439
19725587
19164698
20060607
19872923
19888396
19845946
19617371
20105945
19422556
19453069
18712971
19877698
20167827
20197092
19983267
20058994
19332360
19866400
19808250
19438445
19672848
19791285
20081627
19092846
19676660
19512926
20184021
19993297
18994960
19336200
19879984
20358766
20055740
18974780
19654303
19066353
18333406
19352782
19293757
19718054
19091494
17295872
19462395
19118916
20034295
19643287
19669094
19445955
19871007
20330531
17485155
20011742
18972153
19615176
19696665
19739662
17934371
20002302
19665000
20400016
19791020
19551622
19696179
19402794
20233426
20661896
19758214
18836101
18860598
19742225
19611340
19621546
19844712
19698862
19886323
18086499
19848963
19496638
19789409
19035545
18719947
18876075
19580138
19103322
19574046
19451339
19828010
18977073
20022820
19912445
19736386
18645536
19470018
20056461
19592500
19121992
20244467
19158024
18770255
19722807
20110952
19253390
18990943
18594298
19483649
19378384
19345210
18594787
19974752
19982207
19796080
19469388
19698580
19758679
19486492
19604001
19611477
19874056
19931528
20018080
18982444
19269402
19989703
19203004
19509115
19755423
17958471
19287569
19233737
17828312
18733593
19852482
19496958
19138934
19130249
19552128
17562049
19562972
19088986
18617408
17062184
18965396
20016545
19397301
18573495
18667423
19996049
19394148
19439889
19788610
20009558
19415687
19754082
17726247
20056665
19610983
19982423
18966319
20015060
19825818
20594307
18830751
19318527
19654631
19202442
18313777
19444801
17875944
18252098
19838746
19413056
19813543
19570180
19128420
18327716
19766165
20055927
19582377
19208274
19508182
20090403
19865948
19482312
19659414
19430536
19832955
18667927
18392329
19267068
19959178
19332531
19561769
19143009
19655155
19186288
19754178
18944718
20002244
19436494
19963906
19588380
19950186
19684297
20509410
19559495
17996798
19862979
18657875
19353859
19386600
19994233
19949585
19136144
19978350
19986863
20061673
19048171
19733737
20202728
19633605
19701982
20222181
19309030
19406442
19142936
19425104
19133491
17889629
19424063
18228487
18664927
17678435
19678590
19627333
19714117
19340092
19503607
18904926
19535361
18986026
19352947
18894621
19760723
18051245
20390926
19413633
19706995
20082819
20832448
19699193
20438486
19558859
18774393
19098480
18783165
20285592
20059373
19063913
19977351
19308017
20014400
19844592
20126876
19679706
19979484
19269334
19078351
19833653
19847960
19683844
20164465
19278523
19943265
19692556
19621804
19785968
19853113
19632086
18856422
19746712
19479535
17009923
19878842
19848582
18485076
19240009
19823333
19813670
19758022
17967467
19316649
19920893
19228411
20083659
19783520
19833128
19966232
19949932
19795144
19684330
19863053
18954028
19457965
19175071
19601649
19288031
19528266
19340295
19850928
19727691
20365795
19475388
19681919
20382235
19590600
20269410
19262006
19702106
19323173
19885287
18640752
18769140
19935146
19594867
19291801
19127675
19614605
19504985
19812547
19769535
19771043
19589887
18920247
19868104
17804778
20058333
18625548
20172222
19029055
19816144
19912630
19378741
19677366
19754775
19034830
19146603
19855236
19636396
19791624
20021898
19681259
18272734
19673395
19488809
19821151
19895443
17290099
19548019
19447463
19635621
19386287
20011351
19245067
20235614
19655296
19962434
20072625
19876673
19917846
19188039
19724812
20082305
18780388
19294502
19606087
18859432
18505928
19587556
19028664
19536247
19341619
19861447
20397716
19907974
19589908
19596673
19222223
19948422
19258706
19568903
19429296
19713017
19638801
19808058
19502447
20151661
20087898
19170099
19216850
19322780
19807621
19535691
19591285
20077002
19742792
19604142
19331451
20247411
20278530
19019889
19742526
19640042
19701163
18692025
19189376
19770481
18542676
19047617
19422185
19621180
19513355
19335508
19416919
19607703
19827411
19623247
18515160
17383493
19172162
19344695
19655700
19422421
19620355
18577933
19856118
19749080
20309296
19614706
18861153
19773387
19484722
20136478
19992269
19836249
19754865
19372215
19800717
19652952
19793971
20148864
20225819
18966612
19050896
20047332
20050624
19727044
19809412
19242790
18817284
19895532
18602660
19284988
19073457
20580255
19770102
19232585
18328200
19529813
19157737
19831978
19996884
19527316
19643936
19921639
20029843
19730790
20173599
19523365
19710287
18917397
20248411
19367250
19768072
19989279
19597507
19219706
18114732
19839775
19031497
19398094
19643568
19530965
19561726
19429369
18930568
19634897
18946955
19508109
19678032
19571452
19335937
19086146
17853950
19793127
19636024
19245149
20199891
19039417
19959245
19859868
20050511
19647962
18101598
19164362
19356503
20222472
19094433
20069895
19937693
19601071
19733558
18984223
19778380
20059122
19807069
18867932
19778737
19549315
19701850
19369212
19198102
18541434
19846027
19227638
18621807
19535856
19815636
18966815
19442519
19284109
19872494
20034922
19115816
19723127
19685770
20213026
19394091
19636100
19431279
19516124
19283565
19802367
19663866
19847402
19966270
19694889
19805300
16769729
19332730
19485289
20216161
18723659
19085687
18378306
19652303
19702014
19639540
19377597
18960122
19851280
18247377
19763712
18828067
19584536
19819060
19834533
19666726
19593414
19281620
18391997
19810181
20101507
18832854
19730086
19622053
19857274
18354293
19288233
19780611
18765295
19663245
19609345
20318781
19275143
20126076
19173387
19448843
19175448
18878036
19955955
19521313
19741161
19648439
19503622
20021219
19858263
19511889
19311353
19715062
19905589
20242391
18603749
18962774
18894509
19295363
19938148
19602989
19505790
19273122
19853908
18720896
19638073
19531152
19517252
19464833
19141619
19724705
17842229
19120534
19798226
18067383
19935261
19935725
19644267
19725836
19636047
18543123
19736099
19468474
20241705
18464091
19064760
18482519
18947596
19542033
19473234
19662016
19755561
19143677
19802040
18219361
19662093
20165976
19155601
19388591
18273793
20158170
19640561
19662154
19644652
19491232
19651681
20011789
19972524
20052859
19843876
19834677
19445573
19481144
20358550
19943903
18789914
18692973
19808825
19077162
19945481
19512873
20085553
19357582
19566590
20072727
19150525
19393662
19714459
19828154
18485406
19580956
19538998
18993345
19779526
18388521
19614059
19338630
20156893
19488471
18846865
19156238
20019235
18467371
20442321
20124531
19795068
19516694
19239152
19760949
19538711
18610885
19443378
18940405
18891899
19569230
19780883
19912495
18774203
19190041
19620657
19318979
19701796
19936189
19079687
19499433
19949346
19389522
19432027
19770882
19656239
18959514
19701952
19250357
20238939
19214621
19553663
19793783
19601753
19496061
19437372
19260024
19953859
19684727
19168036
19880468
19572160
19620305
19368996
19481437
18980078
19955465
18526612
18812036
19876712
20489673
16842165
19233166
19125141
19809743
19583548
19512650
19173999
19730929
20042454
19464976
19897975
19623213
19938245
19555488
19542708
17112749
20118165
19685946
19461459
18954759
17055918
19708586
18912452
19583917
19525701
19693275
19104153
19509079
19447302
19749310
19856252
19568231
19501760
19313926
19808448
20137934
19664693
18086609
20082172
19669540
19665653
19455755
19339599
20258423
19332687
19542220
19862787
17862712
19416026
19584589
20023970
18924051
19194410
18331506
19340976
18659334
20641788
20045029
19465641
20115415
19684161
19785462
19125516
19679804
19729889
19704279
19661563
19658694
19014895
18281390
19483480
20016262
17912272
19458144
17989303
19002530
19059995
19940013
20118728
19509780
19063254
18632812
19640691
19776270
19893164
20305458
19147795
17269390
19819214
19832123
19284589
19145907
19509175
19799086
19454469
19827986
18761088
19989470
18134342
18085838
19504195
18993265
19401470
19690071
19373588
19992990
19896276
19025609
19931995
18991778
18984946
19582359
19602820
18456688
18017390
19939497
20118432
19785284
19537214
18365269
19855458
19458170
19673582
19717542
19618102
20239574
19794515
19467724
19219357
19449681
19301526
20042353
20068480
19522356
19433878
18682932
19405014
20132062
19398718
18919835
19740969
19163306
18675297
19642859
19570640
20183888
19381157
19592814
19145750
19417310
19708579
18938885
19298616
19876768
19818050
19810757
19986764
19502669
19605762
19902579
19188132
18851906
18525471
19935550
20022764
19785145
18630147
19628766
19832015
19849867
19685697
19703884
18788178
19861932
19853455
19544082
19757377
19546559
19197190
19874996
19109676
18599007
19377962
19351838
19813749
17415522
19245528
19688183
18704439
17843720
19847765
20082484
19681062
19367362
19500161
19789800
19500894
19447123
20356884
19543101
19900928
19833987
19615273
19488969
19563110
18772131
20105251
19331382
19886128
19965480
19651102
19681077
19481363
18635860
18610717
19041638
19319115
19861090
19445487
19849915
20087967
19452158
18841505
19201042
19773104
19773207
20179394
19163806
19407949
19610001
19722933
19271845
19534532
18309150
19834322
19633984
20290454
19773214
19114519
19356908
18296060
19131403
18527740
19920588
19435084
18692403
19486987
18943914
19357592
20359032
19775304
19913153
18661303
19569737
18075021
19191796
17122204
19328775
19355241
19690121
19340862
19922915
20021787
18996236
19503902
18497198
19605262
19862061
19659603
20237490
19860894
19883239
19826429
18365315
18867718
19510746
18631057
19015211
20173573
19477635
19823586
18796456
19841087
19608352
19874372
20050301
19496149
19816546
19028410
19903966
19355523
20039922
18904634
19037243
19831322
18890629
19272802
19181685
18882056
19844344
19569833
17817242
18821644
19567185
19806098
16797248
19941613
20088968
18048545
18182466
19617150
19264365
19688935
20636157
18549131
19108926
18746549
20011988
19648529
19430804
19438477
19276588
20729637
19465973
19205414
18882235
19831064
18546957
19283824
19569348
19560791
19921464
19532398
19320099
19152978
19990142
19890015
19938504
19939912
19598888
18463648
19337494
20904257
18661434
20327129
19856663
20044165
19903606
19770887
19580009
18293263
19532470
17018188
19464198
19208088
18697477
19787333
19701225
19970379
20208043
20035643
19576642
20256650
19890745
19911108
19433092
19825202
19880327
19922237
19097040
18738025
19460659
19162524
19958146
19607499
19423688
20191957
18716841
19530448
19948524
19444975
19599357
18751756
19811861
19301146
19274946
19281312
18715344
19379995
20133568
19316877
19733628
19609335
19473379
19220678
18548698
18629507
19227618
19880888
19716314
19946459
19371340
20287053
20568973
19450119
20182607
19921715
20005923
20015855
19081321
19659760
19721268
20102141
19696453
18986136
19987060
19690565
19428600
19668148
20041836
19286904
19836503
19942772
19455171
20020861
19241086
19851684
19342065
17056552
18836497
19933754
19873658
18135490
18791366
19445591
19911848
18981703
19687575
19702179
19941798
19437222
20050709
19735267
19633092
18679959
19743531
19747984
19884674
19599612
19557450
19513590
19868483
20081329
19654913
18773971
19447491
19329951
19257077
19316782
19669416
18712692
19990605
19609294
19575638
19840022
19255180
19938099
19268631
19108041
19726335
20018247
19690030
18569885
19942091
19211793
19894642
19666891
20072575
18804406
18138748
19537345
19882919
20268535
19109322
18711237
19114343
19539319
19816459
17919211
19731016
18263540
19355413
20179421
19007241
19715531
19789504
17377893
19743062
20022649
18938550
19017545
18046305
19343491
19346203
20127230
18495258
19507827
18875698
19701001
19434854
17912453
18798821
19766655
19706056
19375354
19947008
19296704
19183527
19627463
19867903
19386586
19648742
19682335
19554571
19578762
19890506
19924574
19585013
19941408
19515446
18844687
19696852
19239217
19457841
19833535
19683474
19741010
19762557
19912334
19186575
19886904
20060905
20633578
18162912
19912645
19268641
19541963
19805166
19823432
19131051
18817228
18716356
19374357
19492789
19798369
19739328
19814893
19621216
18992746
20018466
18655584
19184069
19438387
19781043
20046531
19386820
19053206
19830152
19487111
18880598
19971916
17902996
18931973
18272236
19436942
18989299
19103853
19445332
19976293
19547723
19886854
20016641
19397759
17733414
19920415
19611160
19054700
19993528
20391051
18898600
19971537
19747795
19305849
19536041
19913878
19808371
19185679
19360991
19661652
19585139
19767778
19714392
18900346
19064068
19418481
19721309
19881628
20204884
19933283
19472746
19632400
19385110
20035232
19409482
19498861
20017205
18820064
19303288
19321653
20077358
19649741
19911518
19372530
17130398
19690739
18935084
19518959
20738700
19998319
20524633
19563703
18695365
20089071
19907343
19886849
19265352
19378747
20267775
20333220
19558925
19313868
20385558
19457485
19900201
19886424
19587539
19626283
19009848
20044222
19522665
20223443
19527368
19346004
19964428
20089492
19706120
17844669
19839558
18922888
19496805
19046780
18469631
18318148
19795708
20249975
19543439
19531025
18915541
20002706
19686684
19665928
19408951
19090068
19903407
19588979
19252657
20260006
19779465
19027723
19473246
19374794
17690988
19883035
19779732
20183420
19795133
19338920
18929212
18049489
19624776
19790302
20113403
19571580
19601449
17865537
19066982
18792376
19551471
19590668
19274867
19826238
19603432
19616569
19480597
19271056
18703083
20164034
19732855
18673188
18808521
19950173
19823524
18955060
17978092
19280212
19718206
20108650
19787862
19296367
18947266
19211229
19405546
19513615
19581527
19870809
19969272
19851676
19770617
19377828
20023395
19613322
19792551
19738115
19043957
19488007
19831604
18481202
19700582
19730074
19776759
19279721
20070448
18721194
18719177
20348762
19210887
19486496
19487532
19285378
17944765
19035655
18999669
19420589
18264335
20021410
19886326
19616536
19880778
18606640
20196021
19513828
19809302
19874116
19785168
20281011
19752177
20041835
20042671
20084458
19573145
19702129
19200803
19094779
19936678
19933779
20170047
19851298
20327111
18867352
19913535
19979591
19213002
19635352
19669002
18584316
19405844
18685946
19867633
19589561
19663712
19933926
19021447
19532214
19084237
19715928
19927349
19013852
19539843
19144036
19338179
19896368
19460578
18901482
19205495
17762249
18987345
19192275
19776262
19819194
19148464
19328345
17767328
19868002
19467640
19572146
19682686
18989081
19752479
18880848
19749246
19603788
19499470
19978417
19456362
20185521
20054049
19591549
17968088
18713088
18668492
19621498
19693791
20151114
18624767
19121808
19326029
19000165
20283888
19192878
19576721
20081403
19272694
19812021
20010084
19477677
19167128
19785405
18402174
19655206
19871367
18696264
20393024
19707325
18899114
19596976
19945336
19827100
19768402
19617877
19584800
19880195
19465088
19412812
19541400
19110862
18539711
19450177
19247131
19286800
18310873
20311510
18833439
19607335
19690576
19625805
20044441
19795620
19972358
19066409
19987877
19410675
19850948
19657576
19289531
20001411
19302964
19265406
20652077
20128407
20054051
19483249
20318721
19695228
19425907
19871072
16608470
19174744
19601476
19746058
20131378
19743784
19051761
19825915
18567761
19921291
18671004
17467913
19561544
19318073
19393612
20308332
19563352
19606387
19409437
19470643
19285188
19156165
19382122
19562990
19364093
18381830
18836405
19020370
19456733
19700307
18172065
19571439
19798305
20039637
18899330
18233021
19627339
19881058
19836070
19361141
19704523
18996261
18887284
19668075
19309562
19273467
19986363
18899806
20006113
19754912
19056735
20031861
18564646
19301655
19418609
18608505
19593241
19105791
19826305
18041392
17986873
19484328
19478642
19808137
19443832
19696513
19450022
19308302
19678152
20368089
19746507
19216449
19980668
19689941
18390028
19604522
19728691
19718014
18791259
19766485
20202822
19058872
19104905
19561486
20165200
20119616
19112339
19935477
19521045
19042794
19665626
19867979
19788194
19679885
19747628
18824246
19439008
19749234
20139274
18350041
19800708
20216322
19924014
19328616
19250504
19756397
19456833
19545111
20277871
19742729
19095035
19384328
19663549
19330782
19859334
20158832
17676743
18796544
19429861
18508194
19609340
19460571
19550214
19335768
19311949
18891402
19912892
19742133
19587958
20044868
19885457
19543396
19822418
19802227
19578055
19955829
19896585
19860275
19973476
19903177
19582710
18883375
19086932
18822361
19904419
19787164
19878307
19960920
19421729
19866897
19635905
18751433
19544171
20143667
19421309
19395014
19409224
19951900
18026753
19769610
18696039
18655517
19906074
18145287
19321619
20242021
19112542
19346542
19161346
19678344
18218265
19372544
19571905
18965930
19703393
18645293
19418161
17369402
19095314
19095981
19759686
19724796
19786768
18296686
19974756
19078972
19120401
20187217
19793153
18781682
17838267
19781435
19238473
18601980
19909910
19173978
19873610
19508154
18692130
19299728
19260317
20110183
20160791
19444236
20099438
19993283
20246339
19336557
19544356
19704884
19278706
19850143
20397604
19280109
19642765
19699447
19849516
19031906
19992286
18680749
19301362
19395687
18590269
19859593
18216232
19520791
19009611
19813614
19894419
19269646
19323179
18362724
19479229
19533843
20379477
17851641
19319185
19783252
20071078
19371716
18979567
19206563
19267284
19356670
19098644
19834205
20637510
19582932
19440694
19466692
19359448
19618152
18944731
19038947
19671163
19908906
19998523
18989885
18546888
19888214
19186420
18975548
19585605
20180961
19794721
20225056
20255256
19589165
18495213
19796136
19699213
19069819
19925051
18917988
19579035
19898825
18543887
19779803
19824536
20041098
19797646
19700372
18604868
19500384
18936787
18166732
19523018
19559899
18894539
19381748
19640748
19674750
17773818
19122562
19637125
17534076
19378520
19108497
19806920
19849594
19809230
19853792
19845325
18693198
19490839
19271306
19221164
19340715
19634282
19924610
19471592
19567869
19590040
17614756
19065243
19281838
19447877
17763987
19112872
19470650
18167449
19959662
19385975
19691859
19436267
19165140
20186555
19990077
19887170
19843625
20040116
18410641
19100348
19639697
19658507
18837467
19720392
19418082
20050341
19916093
16948823
19809077
19757812
19768988
19737398
19729933
19761292
19502154
19332883
19248451
19451722
19157164
19979873
18916349
19919835
19731636
