47179669
45286196
44620884
48639332
48273839
47630620
49267041
44161331
45461859
45605957
42326612
45836652
46667705
44853146
46340354
43352534
49799732
51114726
44243114
44461760
46627906
48222963
47782684
44415865
42561404
44310165
43513064
44819924
44410176
43733238
44407398
46940593
44378938
44307676
42621480
44814132
47973077
46151618
45793388
43624868
46474056
44841120
43548310
47192384
48464840
46882436
51418113
49528793
45936909
44855861
44707579
43454428
47152311
42355649
50040355
52106533
46110223
43798050
43217336
45236424
46738268
47381953
42852253
50926003
45872492
48591493
46513466
45571381
44077440
44915154
44960136
46511202
44934694
45774069
43823542
47138496
43951731
44783475
45215330
45242772
46049972
43929925
43711131
46616755
43711782
43766112
45420416
49861600
45039845
49976927
50683384
43960171
44593066
50848437
46770876
45717126
45928746
48941412
44380225
43598210
47160583
47227878
45329809
52052381
43025950
49499271
44790417
42464079
46064541
49537241
46349568
47234446
45392359
47320520
44285837
46820488
41984597
47110976
46607882
45177569
49219380
46065652
44495245
45373151
47112646
47596454
46746520
49287240
45050457
48112964
46668476
46726264
43759082
46729624
45381003
43271721
50337164
47342544
45352252
45002313
43920724
49277574
46357475
46072304
42866769
44104547
42405515
51161152
44853739
58655314
43363302
43835774
47510952
49765236
48356571
48787545
45542999
45025916
47752754
47755202
52730195
46260088
44115426
47969297
43343493
49426215
48264079
45695315
43866123
51829459
45865423
47028019
44225021
45898206
53400042
45663999
46733532
43579014
44177565
44590715
42769983
46384939
48481601
43380307
43948579
46178042
41171018
48080798
48006175
46673741
45340929
42995405
47973098
46391830
42619287
41913166
47472143
46424176
46794907
50197110
42762782
47237825
48692119
47732389
46350417
49278954
46667787
45999849
44119448
44178882
44480343
45820005
47489270
46243140
50982647
45001649
46732401
44080101
47641803
48277641
51874803
48709153
45106402
49776543
50971913
51884098
46476989
48841572
46104341
43957843
46633954
46019449
56263267
45024875
43194714
46412787
42197329
45125795
47389070
44472500
42885587
45433116
42475111
42987206
48498531
45029748
44240320
43589123
44043339
49934978
46943079
42220540
48816816
44847840
48481224
41355528
48929140
42641218
46695236
45927274
44849294
45528206
48117507
44443426
44300181
46016453
47157961
49699681
48145853
49504646
51328878
47053258
44720930
46919024
44132956
42960467
48065158
44294403
42778732
54001243
45774858
46314183
51895545
48447934
44180188
48857356
46369280
49113640
43338049
43078286
49078627
46253847
46183356
43883075
44550848
45696024
47527458
43740210
46587752
44872669
43905138
46446329
45258270
49480637
44491823
45038353
43053793
43026768
45966617
43623533
53985164
42613204
45713512
44455042
47050515
45013780
49126289
44387452
45966043
50119830
45627421
44325300
43670153
44248560
44013333
43417587
45855678
46282197
45457842
45645074
47064403
48294965
42101821
48488876
45261801
49217180
47181597
46006043
50942120
45566597
48705205
44886757
49318295
46007254
47600454
44942999
43872808
44673315
49631843
45279471
47110482
43304337
44261017
46365169
50473642
49964320
46762458
42915792
46166616
51789802
45172621
45146243
49425646
47880901
48848462
46374452
51602401
43556904
44573402
48173727
43095653
42863614
46015476
44740408
45797382
47057656
52102273
47850255
43560220
44998119
46127177
49958033
44564132
48962828
43534084
43973084
47674112
48871531
46235483
45376725
48966080
46649111
45596126
43926605
45892932
44950399
47039181
52412843
43117769
42900778
44352690
44245781
45376232
51794856
46662559
45524968
47874904
45856221
43697720
44688998
46446587
43518764
46533210
43841567
45331252
48928548
49720158
46571598
46114873
42619130
50525445
49771484
49095961
44859489
45071391
51294880
45633743
43164875
46698646
44620434
46941198
42970026
45796428
44052352
50335859
43452395
45071134
43895827
45646670
43185675
44628075
43799100
50716882
46174581
45981139
45839898
45837538
46771017
44772936
44730965
49244793
44320805
44179843
47357137
48833056
46843414
49602248
48238719
44575751
46315177
48309874
42735128
46407888
46746786
52841860
45546342
44474171
45907822
45699501
45483685
47571602
43593716
46947131
51215218
42981977
45321823
47394545
47703259
45149570
43928066
44935213
46066678
48142272
43938432
45268500
46195836
46094142
43235472
49740379
46893995
45728570
48217073
45681734
45649907
48327183
45712369
47656814
46052174
50021962
48311922
47776850
44461589
44642439
45167732
45341884
43892892
47775572
46270559
45241159
42678758
44036709
44231428
49746058
45147838
46149626
47205450
47191683
44074843
42089987
48512915
43591576
46501916
46278647
45798028
42511564
48262960
44554130
44189746
46869170
47754387
45541954
42792005
46452012
48660692
44760148
47112556
47829091
57415873
46904346
46552297
48296234
47871058
45631917
44653128
46092615
50451318
44489994
46128488
43374712
49477501
46202542
45925428
48167136
43367086
43030924
50532838
44448643
45304550
42215305
43948773
45991571
43600875
50513556
48025668
46045201
46552351
45505076
49635524
44138480
43931720
46727097
49679282
46914267
43339191
45762047
49629799
44304460
49794626
45768747
46491541
43426212
42845701
49487896
46157880
44796332
42343582
42941582
52669699
45275682
46915209
44894572
43141156
47128508
48129273
43365623
46696998
44289726
45404729
44621373
47583550
43603389
45689183
42854232
44341348
44117237
42982311
47152867
50226158
44832862
47320728
46129176
46352813
48368657
47582063
47339332
45065566
44295445
44576541
46960544
46857124
46115314
47576697
42966563
46551215
46570699
43352799
44162462
45557912
49586850
44294370
43878516
45860792
46231247
47419277
49133234
46856695
42023509
44567246
42447450
46214524
49121837
47274809
44110884
46285892
43731329
44190124
46936462
50465567
42428246
52100021
47540126
46927159
47972714
47723131
44834173
47080850
43707888
42939378
43254380
44884732
51287464
45660960
46132873
48931113
43639431
44449461
43952517
46006597
44973565
44654691
42640494
46716870
47529577
45796131
46583017
55710489
44302194
46240157
45198137
44695229
43611675
43118392
41936395
46428141
52987927
43740292
43801881
43965967
45703802
45003746
45351548
44972367
45810487
47501276
43953574
45483470
48634633
42693330
44830562
46002031
45275230
47136862
43573416
45617793
43588262
50598217
46377976
45427091
47646430
46049710
46327031
47444546
41126641
54946930
42805565
50075759
46477899
43783323
44634866
44545030
43515215
44032459
42130478
41901380
42230484
45233512
43782399
42509884
46177735
43744949
44637629
45025156
47242680
45164612
47069068
45826917
43981064
43768645
48236314
46429999
44696348
46157292
43039076
44992829
45185482
43564074
48008417
44777847
48462914
45456026
43898781
48121145
47566060
55454543
48847616
43439484
44810399
45520100
50214019
44608123
44197942
43260839
51240337
47036847
43817014
45085281
42792006
46246050
43931566
44576368
47811087
43259267
42536667
45496354
47060936
42243837
47119685
44490943
44057333
46989159
43438069
43905156
44820662
45171104
45198767
46922825
42176516
44747173
45951519
47796885
43253410
47887622
45183931
45586658
43412172
47248177
44920253
45710141
43606226
44572640
43270318
45021416
44691880
47885316
44334508
50874913
44697196
44578891
45690059
45216325
46314271
49216692
42483565
44814713
44439251
46236805
46710295
46484713
48580982
44744734
49135096
46414613
49217470
44456244
44292129
45642478
46381489
45162280
41776626
46148104
43288899
42480888
46384375
48864339
44954364
49725682
43643979
48675583
43806158
45637986
45027200
45871919
53451586
46781691
48163231
48723764
48780931
44097940
43616860
43275942
51722367
44591443
46707589
46020768
45741262
45421813
46929414
45383958
42983467
44745865
44336436
46212132
47148217
47374974
45760018
46419378
45907946
46172938
45776577
44978751
46004322
44643435
45652090
47637332
47947603
44659287
43998531
43902802
49814063
58671724
49448157
49437830
44604138
47596696
44651339
46779369
45606330
47090003
44521288
48232918
45730556
45143121
48934725
48241364
47525390
44220926
48033509
43503443
44509946
44949644
44782723
44853831
46531932
42670580
44799948
44375659
48542573
47277592
51244501
48978776
43552201
43618325
44776788
48023110
44458834
48101451
45013941
50148098
47209617
49741170
51455788
44358828
43780629
43881993
45375030
43789338
44985752
50856611
46442188
48137027
44032796
42853705
52822802
45413539
45950264
46155752
44391886
45238705
44582664
49101581
45585855
43908422
42531922
47481783
47687588
44380383
46974560
46546755
48536259
48142335
44568237
44316817
50117910
45925396
44657965
46820402
45383191
43800448
54395654
45381541
47343265
44563918
44424617
43197023
45886533
53146445
45579306
53485210
44037131
47476420
46183719
44230981
55140868
46362161
51968340
44193977
49943760
45808628
47816744
45060716
43538868
48127505
44655853
45495060
43807189
47592082
44416827
43108362
43341491
46398008
43791158
44045318
53312520
45067028
45656105
41548405
46449808
45609928
42170260
54438933
42377627
45971479
43608427
45672523
45194661
43293017
47127389
46625800
44014530
52930272
45565440
46319664
44050017
47507855
44508951
43793002
46505238
47054476
44172734
44499229
43339241
43240984
53913507
47041864
44919436
45502664
46405111
52688646
44642640
51423337
45088034
43876444
45310931
45860803
47219653
42516214
43521168
50342985
44356589
42849439
50180366
49173892
44874446
46234463
50029837
42609689
43236070
44326700
46334075
45928439
43604845
48767035
47149085
47126373
46665423
45972325
46262171
44028833
43646765
50705603
48324920
44294857
43015012
51084590
47313387
44499395
44017459
44263609
46473324
44877337
48400870
43600488
46938367
44406188
42626160
50042910
43473359
46094429
47181018
44872452
47867728
44233903
47245327
44752182
43746449
48995736
46744394
46857667
44233505
45623879
45338843
46796632
44330301
43428386
43736652
45539919
44873678
44647038
56317551
46637430
45325583
50772963
44989521
45212698
50161971
44894689
46713981
45088929
46399020
45040090
48738432
46084610
46420161
47443549
48512964
48455448
48687306
45365414
44928335
45013807
44838837
47410746
44767912
50530247
47425392
46529827
47950209
45286244
44688604
44622713
45591399
43716780
44890200
47175305
44898034
45631210
43466471
45365380
42835424
42145000
47167054
46522796
42379326
43854586
41402115
48755744
46533610
44841692
44567931
42227221
43710573
45879252
47365132
42749726
51522850
46844533
46980990
46527049
45474280
47027830
43662805
42898418
46697946
51808233
44812466
44827088
46322045
42526285
46245457
43564240
49379085
48842351
44474910
49424373
47523525
47056797
48071944
47690974
43399094
46629264
47404815
46104088
49911847
43586637
45368511
42843143
43159591
49075911
45918500
44423747
50985982
43401249
47472255
45416060
45467799
46609920
44555067
48703586
44332254
45811241
43586158
48529035
44061020
50978582
46234344
44763566
44163408
45950113
48042526
41756854
46595896
44264798
45534665
47947058
42724873
50699902
47739676
46495041
52067530
45737893
47580894
46110255
47632445
44595161
44312090
45235591
46898568
53331336
45565659
46951010
47627880
44526332
48680069
54335862
48406690
49447385
41754898
50496034
46986189
45528423
46271830
46330079
42453975
45872241
46959758
47022613
47204693
47242433
44477164
46388351
44156689
45054732
43657307
47821491
46620222
48154877
44656683
45700880
46231011
44427673
45583665
44715625
48223117
46746181
48637711
47794934
47102980
49326058
44303831
52336329
46077657
44954718
42741273
51031351
44166135
45218718
57090319
42325666
43476800
42252585
46256291
42847357
45687698
47165463
48682077
45761798
42656959
42882500
44579803
49346170
51513674
43661521
45442076
43324068
45229189
45270161
49970578
50264521
44393487
45745905
44353991
47912087
47270300
46741489
48066233
46911672
45211173
43175279
44647180
45408998
47565868
46955691
46044475
41738036
42812411
43403917
45744654
43186510
47193164
46027379
44967247
41620952
45252712
48470754
45715831
42122680
45044508
45956653
42608139
45127013
43166628
45845673
42635371
47057840
47144038
45287987
45467585
46229333
46866926
44465748
44592955
47687017
49465778
49769959
45246634
43460428
43502793
48007838
46487133
45437113
45464947
42740196
44291429
44267289
48006082
49268733
45825257
46306836
43350541
48500752
43143503
42625358
46349872
45499162
44690101
43659755
46661674
47318738
44117520
46251489
44629167
45708552
43137020
51110173
43531152
47320798
44094162
47632878
48309800
47200099
44583990
43904465
42911303
43526550
47284926
43976364
44587258
48178664
44041244
48289998
60276550
50322125
45225435
43568599
46196605
45555034
46313287
45881106
49396699
44451126
46992800
42617875
51332410
44736805
47963140
45763498
45157646
46758457
44944751
41722575
46848714
45278461
43980961
47499177
46663225
46267098
45818466
44646097
47756514
47034237
44351795
45213316
48693922
44157780
46671164
45421466
43792936
42085429
46537671
48017374
44566903
46251856
46990747
46006618
49631191
49749367
46025909
45523479
46902819
43899979
48458827
43812505
43101541
48159912
48332037
47768592
49697296
49284601
45811124
45197379
45796776
44515408
49798260
48558385
45141164
43528280
47492102
44611106
46031095
47161194
55701009
48011536
45676756
45535249
44018741
44106289
48243775
46006505
47839494
42149513
45173746
41898069
48645233
43298736
47987423
48676732
44754273
46885348
48090296
43171893
47474662
43860028
46287439
46835321
47716049
45307431
46506534
48070710
42836388
44179576
49232850
43677047
46253368
45474516
45958598
46641158
43880803
43184746
48051233
42000124
48378560
48351513
44575925
46733921
49397884
46146712
48565753
49794221
43879717
43232279
53192288
44059516
43926765
45009939
49769277
44862151
49547720
44067640
44542864
44697372
48736752
43831890
45688372
46216583
45834407
42905844
45898511
44492881
47127691
47166493
47384538
46541793
44341014
43953368
43469908
45483666
44711498
47053943
46933638
50210133
44797918
45865954
52768217
44351453
45930728
45808215
46421573
45264135
46019561
47232690
52320397
48903953
50499796
43188367
42271272
47607489
43469620
41444945
43369867
49611219
44771491
44013805
43803488
45114583
47901095
44525753
50294307
44920394
46786459
50286456
47383800
45320595
47097608
47171019
46666696
46007079
45319562
49531462
44194370
44020784
44191339
44352782
43614224
47557164
43966033
47978256
47682139
44755091
45293972
54593452
45889754
47088331
47545747
45719789
44561577
45368483
43620535
52995239
48024833
44433711
43886005
44910082
44981128
48287008
45890393
43128127
44623915
44348246
46345294
44853824
45875439
45273472
43662311
49686881
48399083
45009185
46027967
49594213
48015878
45445065
44554905
47588731
45359355
47085747
47029818
49092296
48778760
45682520
47797159
46214159
55797815
44487790
47404159
42323123
45015958
50919083
43345264
50650264
44013336
44470062
45886540
46639855
47443831
49458880
41468874
46841499
43340704
47665341
48109318
41535357
46616742
48723159
43304462
47633095
45343791
44839777
50200664
49561360
48495727
43120883
44707007
47287195
45234593
43529770
46683700
43948329
45903175
43940616
45161172
44785558
43989521
49914764
46177299
45331332
43802464
48406765
44025827
43733878
44209682
44950245
48382853
44734353
45849304
44241986
44597226
44862016
43045697
48913068
47230547
46308924
44842164
48012603
43834444
42627854
47776895
42888955
47471122
45722820
44458735
48309998
46621401
45095994
43715914
46945822
44930850
44554812
47798001
46361534
42577899
50903121
45025026
45311134
49271407
45904663
52249088
47696744
46659437
45586222
46179539
49405546
50189005
44566997
43624809
47670809
52148947
46535224
43408148
47736141
44842845
43869436
48982645
45231299
46236210
47444244
44951286
50224779
50469043
44600729
44574321
45113959
48850680
46338385
53098098
46275203
45123666
44493417
45708882
45168022
47035047
49182001
44604833
53164507
51028093
42006570
45227897
41249801
42751965
47474540
44915424
44726519
46511577
43254964
47331850
45942036
54592844
47357098
45082892
43767004
45603202
51215859
49775017
46669648
47148765
44572480
47114529
52308073
45318482
47455561
47416791
46106578
48487437
46466830
46455610
43271327
44683092
48978955
43361788
45548214
43510902
45060471
43735813
44322073
43959657
44501029
53476777
46093824
49412975
45638048
45748512
46519522
44318583
43657070
44324186
44506405
48426271
45433794
44408452
44951613
49146652
51459977
44419182
49977093
44631468
44867162
43983670
43107869
46440418
48012011
46011517
44386503
51207774
44537859
44630852
47388745
42759012
43702070
48082602
43606608
42540060
48250815
50735386
50684318
44291385
43285267
45006105
43858785
44010350
46772096
44087235
49352962
46002095
45670101
43360740
45158587
46592209
49720141
43357478
46719350
48259108
43761936
45191042
42955417
46249836
46252469
44735662
43289945
42498142
47052579
44183213
44298670
43619846
43678722
45624298
44190922
46387116
47733642
49561057
53333244
43998483
42743127
47334859
48825397
50827301
44280692
46006797
46887825
48436816
44392231
44457500
45298120
48942539
45733422
43256891
44524562
48492346
41021352
43160617
46089418
43507462
48125819
42715062
46212119
48984474
45081602
42774989
40790723
47263121
50366970
43960052
44808302
43100646
46863192
47145969
46596484
47764922
44848049
50679847
47498425
45637527
49802887
44938721
44224432
43392485
45991788
42799563
44158181
45368658
47787749
45379921
48454747
43160247
47422211
47885362
53257780
49671454
46898355
45599781
43429345
42645263
46201406
45729953
46635537
48135582
43914734
43310871
45015015
45085523
43728156
46277548
44275809
45330591
46644587
47195846
45863768
46325635
46064286
48283578
43965125
55995577
45331485
43757583
48898335
45225609
47197750
44251473
44657676
46593500
47654259
45401461
45854948
46756264
46209790
45133435
45218007
44938467
49890648
42182640
46436047
51687072
45246135
45247002
45043083
44913918
47558991
43022533
52148508
44638159
45699386
59559530
45721978
45963728
48689847
44400735
45132044
46546312
47828488
48125431
47428275
47997994
48320255
48574922
45499754
42246913
44361414
49272600
42584088
43190033
45423004
49638978
43861555
43665785
46597647
47052670
45939784
45529281
45624579
48155494
51757887
46128073
43983630
45785156
45452145
46745785
48403876
43901434
48565475
45472160
47573223
52192593
48003385
46615913
46666225
51191483
44761507
43943539
45422089
46049116
46506442
49559907
48064526
48049412
45159384
48014656
46660750
43141175
49181353
43605855
51659702
48689375
44785443
43616731
45276248
44511649
42825550
47883528
48147283
46195415
44156836
57880604
46079531
47914406
48533513
53986536
45170906
44553578
47030351
46982907
47045377
44283107
45057607
45844883
44103623
45715639
44721103
44916631
50479538
43997356
45298889
43270733
45436147
43989867
48050492
44925449
49397040
44952665
44018508
44092588
46164971
45783111
48753077
43018464
44213155
44453141
48364798
44525687
44815539
47918234
47114236
44335494
44235030
52542553
41167454
45275993
53991892
54504505
45965115
42019702
45136817
45677557
47747577
44831426
45368838
43455431
44070359
44748616
47068897
44377443
43319006
45612602
45072984
45395805
44557162
49584108
44397575
48151690
43809497
46421637
44295370
44804484
46928182
43392534
46709755
43742311
44188940
50869127
43233265
43650898
47135120
44755495
51611311
49936222
42642549
46242828
44447290
47205505
42382417
46536134
44978692
45885490
45562720
47610066
46839172
43772288
43297368
46893293
50796499
47962516
55821670
47507096
44373760
45354316
43037079
47563475
46882647
47581470
45428944
42272916
46643748
45627991
42794925
45949916
44276517
45285791
45319188
44713911
45981009
44700799
45873258
45380679
43908697
44574991
42837383
48957177
44062407
42585279
44902345
45207123
45968366
43037918
44519653
44437722
57834429
43665737
50343824
43303797
44014672
48227702
45353483
46210357
43938562
42957134
48068670
45887087
47684226
42682110
46856770
48456933
44583457
46707418
48798339
48355635
42814074
45059986
43895887
47369050
50913059
45031465
44516489
45819753
43556536
45833470
45817485
47651034
54329686
45059008
47540351
47311788
43801141
44804032
45778376
48509064
48187839
44222090
49499781
46328415
43915254
43841243
48611031
45263405
47018482
44943275
48624276
48028769
45979950
47928627
48180939
47082029
44251255
46809961
44348216
50881506
46800583
45284294
49780568
47533051
43439660
44188309
52712167
45400077
47388788
46540028
44996944
51519420
44222014
46291775
42828366
46709688
46447844
48783381
43877903
47287178
46963988
44629892
47932977
44063031
47433886
50311949
44286166
45476366
45312260
52520054
46898379
44193419
42692755
45565375
55282932
45192658
54032698
44203011
47074135
47190415
43775146
41791068
45630031
50867043
40816909
47452403
49055225
47870494
47607102
51115889
45168386
45692692
47728397
41721464
43570665
46907932
43518024
47899417
45966394
41450304
42766686
44639539
43976175
43788444
44177158
45051876
47352342
46275491
49208231
47773623
49253044
43336445
43052434
46875342
44675901
44350233
43491547
44581135
42635127
44198310
50696555
45221448
43595936
43435193
45254768
45709868
44910075
43238864
45392907
43965962
47205249
43537409
43957829
45185745
48835590
44087317
48848145
44256459
42985769
47992285
46132869
44548412
48093324
44935947
50112219
49311320
48372068
44898691
49091314
46102723
44477101
44374385
48284773
44074171
44890781
46448052
51319840
47497192
45338108
45973492
47132694
51214116
44278769
46137967
45270934
48980344
44884284
51135960
46885943
42965049
44676548
42973269
46547336
46556340
44553772
49348237
44731530
47243927
45749685
47093692
44651855
46126733
45180104
45614467
41927361
43965539
41667464
44220762
46489153
47171701
47166042
47086039
45046824
48350173
48072555
50951186
45657128
47220629
46124104
48285607
44281388
50267758
44388793
44116714
49853235
44268726
43164880
44893538
46072123
43342044
49554582
47023274
45716082
51206398
45176694
44354075
47463659
42449667
43531783
45871360
47617499
47131093
45835618
46298098
49270772
44831283
46224466
46457295
45912265
42803490
49076939
47684509
45018819
43324029
44652519
46587418
46187597
44380672
42971864
47000002
46485229
45479477
46647888
46748620
45537640
44187526
44043654
45994913
47295554
49328299
44220791
44733130
43923699
46054408
46267795
51498394
42452842
45920992
44784010
47370586
50059992
45210790
46544434
44481381
45512491
44424378
49913055
43840544
48181150
47700695
46448034
43506637
49771857
46103571
43634526
48017094
44657078
45518847
44233652
43535169
43532626
46107615
49284377
48633520
47084817
47281335
48315865
46484361
47320361
45560749
45978927
44462914
44977117
45853905
44557688
47751529
47811635
44305557
46002142
43086393
47191225
44693920
43899484
47191377
44400000
45288179
46598814
48506208
53915655
45150259
46757169
42979601
47060228
44535662
44967882
44730012
44620244
44934639
46941143
46226835
44054429
44308331
47208658
45184927
45390327
48099803
46296407
46367418
49062718
47170340
42779884
44900123
46353788
44499151
45828980
45235012
44803396
42649477
43917496
46980660
45529560
47411573
49228949
43092216
44554023
47742536
44068354
46343758
44443269
45417004
45988356
43574689
42928231
45091082
46669672
43154706
47841735
48288686
48113865
44200848
43716544
57925819
45179716
43060410
48458559
48152816
44188620
51029268
44029363
46291725
43991935
42401660
42631660
44788018
46272578
51232269
43256819
43426271
49830400
47984485
45459551
46208594
58028520
50091913
46245971
43941912
48757314
43281528
41519718
42224108
49120094
44476390
46441645
43543845
44584879
43968629
46162966
43466206
49809943
48013076
45741515
46036522
43521135
48513303
45707713
43098412
41993335
44459830
45144635
45240218
45497236
47437799
52139706
43254586
47277182
44711122
46396152
45308135
44750011
44750116
44570185
44775046
43352676
44331842
45678315
46594914
45563915
45510055
41497901
44079775
41915307
49681485
48057822
45984670
49403936
46192676
43348951
51752782
49346945
44095049
46329244
44525362
48660908
47604925
44266354
45324980
46614185
44804916
45308299
48033939
44939401
44233358
46013977
43293548
46594466
46236911
44100733
44582762
47108100
44339188
47369983
47957748
43580890
47427552
48010881
46163247
45613699
45530714
46636510
46627958
47200326
49793077
46763683
45448785
46138352
47470947
45251547
45003309
42375782
46674123
44370143
51337074
45347945
44221306
47756941
44369434
45386407
44685453
46063290
44041655
44970718
47467732
46692010
45421333
45135038
50516205
46613842
50629105
43291616
45987349
44776943
45071519
42236515
46110298
44757294
49635962
49812861
44565808
43914771
42048637
44677393
46473125
49374417
43448936
47368906
47776936
43520802
42972169
45081919
45326088
44646534
45423490
45561931
44935800
46860518
43376646
48176534
44791609
44875229
47319547
44205070
45642212
44420767
45427975
45561097
46269492
46300340
50243933
45404540
46353366
46129407
46198066
46614112
44834999
46934289
45453207
46029827
43829654
43383567
44115067
43882341
50446159
42799720
46852517
48219341
44732816
45573126
47423293
44330031
51219405
45777814
45339244
44563597
44506096
45598008
44683209
48147102
47136797
46473240
46321543
46506648
44769614
43660389
52262737
45989574
48867279
43803034
43227561
45688999
47048790
46110117
47821662
48186318
44613053
44638414
43124794
46230775
45648457
44479718
46436637
46277636
44573633
43437392
46400373
48059779
46149447
50183781
40972480
44185920
43284156
46909209
45593401
48268601
46012998
44361385
47505372
49898873
42813208
43953322
46090216
49784901
47720158
44635726
46670140
46831714
52178044
43182445
48043273
44825799
44083516
48202444
43445852
46520475
44157391
45120290
45995655
43773664
43395535
46333724
44694841
45486003
46049409
45478455
50431382
45263278
43462770
45229874
42588522
44574904
47993895
45817911
44930015
49601945
47306646
50546082
49375899
44364973
51346327
41958613
51971192
42353380
47563626
44490839
45921841
48482805
47385985
45243238
49158517
45232283
44428003
46101709
48192151
46614372
45208591
55347841
48400769
44120978
47087827
51689738
44116725
47627940
44788046
44202847
45753511
47700654
46412489
43893670
44527034
46123193
44509538
43980016
47436564
52409637
46592321
44211860
44077612
43589495
48642992
44644708
50760747
45824619
44131793
49007189
44821358
44164643
44030632
43903596
44831526
47958156
47400716
48699405
45659013
45063389
46624115
47174823
46610009
45105919
43960124
44429810
44905332
48090367
47892515
44604496
46739763
41867833
43126329
45960228
43095975
44079589
44244667
44863316
53756591
46295006
46561134
44855337
49514041
42736209
42730201
46527197
42995236
47677714
43044955
43780200
50892993
50693799
45727355
46601644
42270182
43240670
49037688
46228739
45037069
46505013
44930574
42519232
48980447
45708250
43229800
43393333
46433744
47149028
43579988
42751454
45878791
49588861
45649935
46274370
45005603
56525553
47260859
52274626
48302074
47870374
45634744
45616645
48744273
42507934
47934362
45959376
49191659
46131955
45615260
47767897
42847106
45713677
45202335
43801243
47698040
42828468
45146207
44721878
44748587
46259224
44708497
44571103
45900948
46432711
46664686
47467067
48838377
46144548
44792659
46423433
44388062
50616989
46140318
46623009
45382077
46480555
42951314
42945675
48460633
42865799
49016522
47433016
48658166
47030564
49858169
49090640
44269662
46540088
47174655
46460899
45915534
47366659
44030707
49010331
47373893
43937115
47807092
45968274
43184228
47658152
45660533
50039569
44737054
44834968
44061268
45336697
47305145
50787224
43513401
44902486
45092785
47147698
45983819
46390276
44019663
49743111
44857461
46608367
42281544
48861954
45013587
48050788
48425662
44475755
47738658
48011906
49512135
42724028
46112245
49809668
44028785
42651405
51355577
45207334
46692775
44629480
44590379
45093162
46883522
43054761
49094116
49520885
42664295
50052390
44042710
51170859
44397545
48329533
42302511
47086636
45454181
44591037
46094221
45331615
45451366
43855360
44012020
50256446
48749002
44537785
50429741
46851930
44407325
43748879
42016491
45257671
49042645
45939827
52586308
47666001
42900240
43054564
44292477
44930762
48373792
45546117
46591366
47176894
45413841
47880206
46897704
46348503
48811873
44935562
45915097
43512828
46975042
45296618
44834309
42720975
45083363
43901513
44602225
46363149
46318215
45662945
43585686
46366439
42062737
42550160
43337190
44828430
44155054
49676605
47438248
43507917
43340348
43685798
47654696
47206658
44852603
45028039
43784121
44107737
47925410
47864038
43963692
47622465
46431031
46568535
43135150
44066765
54606327
43847315
48783165
44116364
46357287
47492911
49283423
44505523
45479870
43078487
44793553
42540252
42556754
46685709
43390153
51111684
46083081
43269933
45629977
45415415
47435221
42724583
46857026
44001316
43434404
47441291
46252965
45125398
45850477
48880459
43767451
47142055
47983185
42991666
47425710
45914722
46665059
43541467
48288727
48810849
48312109
47218452
43723217
44135656
45842181
46808425
43501124
45772911
45737431
44115010
46593468
48860772
46593238
44860899
46536753
50476662
45894429
43444517
44510952
47553242
44788577
42763536
44588346
47170683
43933137
44092446
45724939
43394011
44042359
46371655
51227035
42669534
44529242
51542486
44434100
49759087
45049813
45730644
44197849
45600752
44480712
44716424
43615364
43651290
46165835
44997454
44674780
44703357
44805323
43819729
43465516
42979154
45397396
46289602
48272166
48225931
45688951
46798276
46330388
43139825
45211157
47186801
45494600
44773283
42292665
45631166
46573945
44822676
45387005
43882067
47184643
44983840
43374610
46864917
49414815
43737709
45005231
43854575
44915813
54987883
46889136
46566130
48651787
46570190
44678735
45805996
47441022
43813086
46149371
48169974
44461135
44714906
47170428
53348510
43595436
49214523
50177012
46568027
43949359
44442968
44851950
44411041
47931720
44803703
43941707
48153785
48415267
47236381
48663341
45550396
49775779
48059451
47919726
48152605
45524879
46679268
48385730
44083137
45283865
46147732
47031776
48447966
44184387
42524369
43704448
43549847
44491700
43732294
44203450
49869252
47509657
43800287
47042831
42347134
44704884
42930637
45830563
46016672
44401201
43215892
47232067
45491445
45881934
43366622
43986516
47959769
45236261
43907453
48744256
44307389
45552062
45492514
46080574
48848672
47567224
44879266
42254422
42130194
46516471
50890320
49305711
44134397
45746591
46005041
46693285
48153999
44459569
45055607
45345612
42389409
45870337
45230815
46969532
45187697
45741675
46664586
43170738
42505147
44280668
47707292
44658783
45531110
47015916
49505788
41999780
45407028
43714894
49386344
45078832
44752602
43137433
48883625
46185310
45512423
45757732
44917820
50766851
46627915
44093838
44585203
46542794
44241959
45420139
46017704
52024069
46000444
51418104
46274950
50535312
44290884
44247556
46999127
46722393
46276695
48342720
45618605
46508093
46488283
50287141
43497703
42422877
45492006
46107176
44628060
42942258
47690154
45900018
44693945
49563786
45467098
52146064
44229180
44118426
43117782
46896021
46104435
46099077
43262570
46182196
47454248
47034205
44071388
47410026
42524434
50090286
42673909
46509389
47727015
46110524
47238381
42556242
43793543
51519619
43238961
48961882
45799314
44357086
41249117
43579904
46329028
47252980
46082586
49059726
43477602
46928059
43974128
44243464
43481918
43961244
49889620
45907867
44787601
44740799
44446219
46347660
46168602
44045152
45862130
43893617
45098007
42772167
45763110
42971287
45112556
43961501
44677190
45936289
46479037
43866360
47405520
44992364
45582875
46602076
44518622
44695224
47009024
44460701
43948460
48205349
49709665
46467458
44790307
48207426
45902644
44250588
46408752
49594834
45548617
48774073
43577446
46020108
43429624
44016735
45845673
45416275
46289509
42046068
45645951
49886565
43699400
42611155
47517753
46455115
47531896
47760663
46465214
44596838
45759720
50342667
44130767
43939225
46961339
44952106
43704427
45047236
52171467
45873871
42837951
44561688
46478560
50251026
45382354
46561204
46716862
51084469
42189489
44269412
48782310
48461381
44072520
45704584
43889735
42374133
44702650
44149279
46303397
43212141
47503626
50377449
49281092
46943722
44996579
47930999
46016616
45464515
49803457
46347729
46810006
42634088
44055007
48325532
45217029
48637335
46894611
44139589
43000462
43558224
45138710
46595694
44608931
43848561
46884958
42383846
46410757
42803839
44580280
48287844
45535513
46385425
44813600
48180681
46522806
43473246
46518803
46014663
44149871
44512900
44663299
42136440
44555664
49573304
42156845
46581732
44318983
46927928
43991324
51809041
47498614
48494357
43521328
43625624
46257068
44344941
45200974
45727719
44024132
46130487
43873538
44229171
44569116
43756685
44172379
51863321
43734444
45172113
46003204
47205968
46352706
44722377
45515646
45827654
45502678
45113326
48520432
42869231
46804368
43609539
48487611
44646330
44199733
44302144
49546725
51091127
47316757
45091589
45164007
44093408
41853504
46181800
47887010
43370876
46250725
44775949
43888103
53442555
52876754
44045202
45481411
45583892
45618935
46356047
46853839
44733498
48881770
50191193
46417055
43876779
43139363
45468130
48453307
47424426
50079155
46932650
42379212
44103270
44042919
44931905
46560706
46877440
44872500
51679853
47556163
46610362
46748579
48184343
43822371
44030375
43849193
43599046
45910131
46699905
46115972
47911441
42660917
46648580
47835128
43339739
49417540
44740131
46872164
44335194
46975930
45884180
46169076
43958897
44138003
44751986
48627060
47175350
44840608
47480175
45184312
46119128
45744917
45584188
43337635
45142110
43550112
44331831
46605308
45106122
43172517
43167964
43321117
45737969
51596150
44890174
44107382
48088721
48239883
44759989
50925324
47457191
44174519
45148824
46741507
45088069
47567776
48076082
43176242
49527451
47180354
46401938
45003162
46066982
44402443
46407152
48560124
44138757
48664934
45077774
48764286
50347967
46924375
46259404
46470917
47535127
45016676
45803032
49702045
44620374
45895978
45560928
46730724
44094132
48772699
45383984
52873602
47828152
44534624
48675846
45042764
46877943
43846510
44729740
45478052
47850420
44634511
45689483
51148224
44612970
45800886
51123168
46581309
49909707
44053868
43354191
47241404
44791583
49208766
46969058
42940217
42711354
45789090
44667889
44290177
46827013
45416272
50628129
45421713
43686885
45350233
47012792
43120571
51372230
43182569
44813895
48141507
46377832
43557394
46009025
45972028
44648201
44787446
45650005
44170560
46608462
49098375
48336333
48191940
45112124
48152832
49733045
46926334
44629539
49336566
46593620
43408950
45171391
45442774
44885077
45802544
49921260
45583129
45959474
46712015
47882193
43506226
45828687
49475400
46597572
43870723
44304285
45151804
43777430
46393281
43445077
46757325
45523934
44245610
47562081
44037155
47100543
43724316
44772792
47841833
44573096
44257386
44008499
47895420
45709737
44611053
47230538
45964614
44437946
44600386
43704359
44559258
42309083
43318734
45281527
43396217
44377038
47123402
42468248
44732109
52482174
46497161
44822722
45628497
43862326
51979267
46432454
48361781
56827127
46131718
46776289
45727817
54460268
61396317
42969919
43738442
46367037
46549643
43664413
46589382
46315371
43158973
45040980
51315611
43866909
45358252
46510917
43502203
44108936
47388339
46384516
45779342
45991065
43671531
44289818
45654781
41353039
48027252
45756795
43405208
46002015
44804114
46970427
44674960
45792184
52027165
44058951
44958563
44382624
50685842
44606216
51558185
45941019
45324951
45303621
54116569
43562802
49201142
51947557
45932349
45441505
44280605
47223393
45155823
48686572
43820644
47263735
45666348
45555191
47095196
44737624
48416252
50153068
49767370
51966248
48095972
45902281
43722093
45721726
44772475
46945531
45010703
44187270
47828545
47283124
45393428
46175404
44476202
45632734
51484691
44149288
44963243
47689117
44083553
45331876
47024678
44881568
43703172
46107508
42458297
45489502
42980948
45995042
44161614
44114455
45943368
45053922
54479255
45009646
50888275
47575491
45925516
45785894
48062891
51644202
48772810
46841889
43548693
48381429
46198179
43973217
47224149
44306960
49792848
44745423
47871146
44826409
56078887
45570437
43901322
46014778
46430166
50764812
44585708
47669400
43913847
44854718
46594985
47825007
43387754
43954807
41836593
47466358
47198526
43870454
47289623
46258016
44395631
49073939
45301147
45137127
47288726
44703695
44884703
46333312
45976790
43093617
47748299
49368144
45361878
52656516
48417169
48000426
45484380
47736346
45317910
43835559
44514063
45481016
44706210
44756316
44435507
46504194
44513818
43582857
51731534
43189476
44888163
44551330
47490695
44266302
44537675
44255633
44948517
46364185
44533828
46467070
43728673
47239021
44248985
57001695
44529905
45314118
49545482
45357094
43416821
45460816
47583203
44994966
47770989
44180338
47850811
46013079
49479817
44847039
48028844
58308423
47317565
46716810
44841128
47171798
45441277
53547894
44660921
45533734
43484461
45131069
48366790
47767222
48380468
43040339
46614345
44424826
48897241
46322841
43997084
44588330
44886651
43402634
41856606
43798484
44118250
56519764
43980666
46134624
43847430
45363492
42627585
45445952
51505280
45873171
49419648
45617773
46104830
47503017
46095950
47300571
42038453
45435192
43214741
45801227
44814151
42698056
46578658
47792944
46174061
48947159
52584776
44892747
45810068
44026204
46044860
42973713
47380691
43107074
46124659
48472091
50205492
48181693
45198572
47196547
43140676
43163358
51328342
50106536
46611201
47394772
47650882
44806624
46076073
43707832
43423033
47792218
47868722
51950726
44783934
43428215
45315144
43432227
48058478
46456936
48979439
45876754
46114982
47026767
44552635
47924477
44912715
45135740
43815397
47548327
44290156
45983164
49371055
46486054
43857554
50962098
50315020
44504171
43502172
45502387
45549557
47450190
45806574
47116806
46538762
44976675
47913867
47529394
43873657
44461416
46002491
48754983
46653206
46257500
43242470
41922122
43260379
46946338
45870564
45835833
43156392
50748179
45156900
44066428
44087002
42899916
51872968
44322822
45293989
50687962
44873891
47197854
45351114
43097309
44774883
46550347
49237542
46195376
43428860
44167760
42850899
45305604
46893962
46084110
45464388
45116164
44243429
44330027
45659738
45696882
45748092
44776152
45860576
50986531
43729671
45831723
45462722
45155225
44289659
54229533
49030025
47917306
49457293
51313785
44536850
44120860
46416989
47772296
48432842
42015189
46462857
43649477
50252366
49802250
44248015
45920237
45017227
45483238
43541601
49005390
46361921
47303210
45623796
44980257
46550219
48726827
44084471
44533850
44904202
44228850
43321918
51452397
49000111
45680287
53335243
46012652
41770768
46003708
48592305
50245967
43468041
45086700
43200259
43642021
47877113
52675540
48131487
45499790
47909061
43670560
45202783
44773384
50138290
42206564
47692472
40899035
47450037
44358018
50402904
45014682
47246701
44997345
46391329
45264154
49663227
49043301
42191801
43784348
46939992
47189481
45128402
43847334
44920059
45414390
44731929
43351627
46253425
44393199
47750911
43175418
43251318
43816798
44709537
46976360
46397284
43631877
45724476
46781219
54546092
45944077
45310022
47671968
44952846
43478018
44239323
46034374
44994614
47669633
44994149
45216768
46496619
45651681
45150917
44243518
47057781
45362464
43551730
43525639
43549821
46414860
43146355
46525322
49070120
51395739
44367667
45583820
45535957
44704232
46092147
44562913
44694873
46469929
45178727
49133800
45140102
41576202
43571738
49899309
44165386
45083082
56303172
50900534
47903601
47628996
43976323
43678143
46613093
44855722
42806314
47492942
46847059
46420539
45967985
42899376
42647019
41771498
47943984
44435226
46143827
46309011
48761554
43917915
49066449
44421677
47735339
46067578
50455621
47474322
47410628
44009879
45265537
42753025
46873744
47495489
45487970
42168555
47771195
51830482
44027449
47490255
44423546
46589068
43231971
48015551
53087613
44421417
47174465
43224554
44631343
42436824
50317996
44407082
48931828
45481533
43416368
42994037
45332600
48886599
46230301
45028177
45776306
46449743
43799734
46640145
44439262
48084004
49706550
48603439
44142807
42556829
48884429
47989115
45024328
46916401
50389092
44437878
45695906
46965004
51639765
47564878
47920150
46773355
45770725
43319084
47065732
50678876
42078949
44786258
45090532
49422559
43853389
44990664
42487643
43024265
43815184
43680411
46188331
46652459
45595048
46515431
42200777
52554335
45263901
47525963
44974147
47144437
49153397
46625125
43071416
44208193
44369699
45970269
43731648
53262685
46984550
44506101
49654961
53103296
46269691
45178451
45903181
44249718
46697321
46238607
43702795
43544785
43534801
47772288
45706350
44205490
43760030
45386256
45207868
42584629
51438840
44524324
46667330
42146293
44461073
43292486
44074073
45441634
45082186
44125014
43841070
46603855
49548087
47319041
45338448
45780432
44573347
47075387
45763694
43686683
46315517
48146835
51523944
43331129
46142475
47811479
47314016
44472504
44529002
44371382
46262342
43214633
46888663
47991008
49328797
47641132
52548967
43915048
45917817
48520041
44290539
42098347
47554690
46485683
45797304
45646700
47739766
44774721
42253526
43844510
48050981
43980204
47439138
51071669
45590940
46466004
43711427
47610173
50650836
44271706
43617814
45970677
44949489
46859532
45595821
46918095
49579313
45741190
45069454
49624349
44328968
47894452
43097201
45819335
48503070
43582179
46619961
42166490
49181598
44029054
49418187
44017227
45585457
48797462
52307937
42455247
49671616
46736691
45880568
47209095
45508043
45947061
43425085
49757591
46030896
43164435
47006179
46538332
49157747
43566205
49029722
42236242
49761501
43886575
46202804
52148371
50172215
43042257
47439334
49162525
42642344
44182050
43766973
51008301
43454188
44387415
42735429
45919034
45513790
49817534
49094700
49262003
43545663
45758705
44128078
43920694
46664825
43255025
46967293
42335830
47970046
42742416
44384148
45034714
43743772
45568762
46717768
44783922
44244229
46431237
48444817
46014696
47918411
46663512
44403376
41924624
45370381
47052333
42060685
48750574
44551938
45440059
49695568
43172695
47249698
47475954
44870274
47964738
47287571
42433342
46557467
45189688
46651274
43548380
46379879
46886330
49164453
47803478
44361210
43067531
44549945
45318934
47346771
45764043
43154884
42548516
50859014
42302621
45648843
46126872
46235951
46997142
45858542
47558179
44279509
43453479
46526978
48616471
46591818
45519878
43457908
47119593
48481487
46518029
50116233
46339186
47048975
44224521
45368272
52555371
45075466
46987013
44755691
48087097
46210809
45300165
46936822
46156689
45138345
44266449
44449884
46916711
45681839
46550766
52404836
42855865
45368123
43206983
51715356
43610966
46926659
46636666
46923601
46823224
47071907
43365049
42462961
43488806
45648937
41834060
44246700
42740842
43042151
47947202
43756548
49549554
42333115
45578357
48552589
52193590
44344082
47512947
47827633
43825641
44680433
45748212
50007455
43562755
43931282
49953274
44485542
43508312
43854493
41509951
47744764
44839307
45406947
43908121
43391661
42087391
47217850
46846413
43064664
45636545
45034790
47116377
45884213
48669687
45354392
50052013
46771693
44169484
45794311
50095604
45677633
53036146
52613006
44976093
49863863
46011012
48405396
49533398
48114519
43673765
47888161
46599325
44962228
48494170
46028243
45537579
45990573
44784427
44448251
43002237
45615561
43108149
43926492
45308940
46120969
45628937
50219255
45626699
49573239
42998373
44337424
44041185
46520670
44102436
42571893
44131120
45510026
45152921
47162714
46071999
46826830
46272779
46005493
45268707
45028171
43646998
46273362
44776356
48202912
45218588
46900882
46041011
47893964
46767962
45715184
44249065
43618950
43149944
43144106
48867325
48056059
45529035
45665232
45027919
50462398
44969708
43706336
43981125
54231950
51520234
43550095
43051549
51755368
50589035
45863820
43956216
46114030
44781408
46984085
44783073
42381070
51215111
47397987
44001395
47235279
48284021
43166175
43494231
51959476
43537554
43156694
47274419
47831226
42369812
46014636
42285560
46833898
46908962
52345880
45726248
47898069
43785660
48767938
43244276
50263161
44965206
45109839
46687236
46307687
51921896
59131284
47242076
46575863
43899900
45201967
48343013
47115802
46268673
44776384
46074200
45177381
45343579
46541782
41889575
47790727
42367051
47043042
43164124
51605930
44678190
45812167
45576910
44494613
45593618
43429657
50330952
52194286
47391381
43459492
47292378
44834833
44649595
44945029
44847268
46291293
46471913
45387346
43344053
42459951
46936617
44545009
47361677
44165892
46717478
46135220
46578706
43430019
46070293
42566224
49632392
48194814
46139134
48835757
44673986
43844473
43014850
54542700
49210417
42940629
42426048
49684677
49827588
47922788
45222042
45477157
52578202
50131102
51105965
42791926
47817804
43979105
46117061
43811476
42980012
44677470
48055583
45610160
46375788
46892092
45603643
46572504
46827595
44854949
46639475
45910816
47785917
45951070
47039421
45582834
43405107
46371105
43237386
41865584
46842302
43587973
44530175
48076649
49383427
44737685
43818320
45681325
45144302
47794350
43518738
49176882
47805433
44455214
43017639
45933975
44674905
44704837
50856995
45014712
45724244
47112027
42391757
47737363
45061341
44599774
49666567
47870795
46790004
46943445
45085928
45405196
51025576
51099904
44214711
47124741
46881006
43172753
43765053
44528141
45029277
47445386
46332160
42859029
47032523
46850421
47297245
47526927
44125073
44217588
44177427
43705660
48970458
44802487
42995901
44500010
44882562
44565213
49363457
43690999
45886106
47660368
45170232
46817908
47839852
45175484
47641174
47802420
48169421
45926465
46932115
43005672
48404675
41750554
46192265
43226660
47665391
49216390
43225896
46711478
43049944
44214474
46303227
45040744
47714173
47278299
44341672
47125260
45984988
52801092
46637251
45329726
44986918
42221048
51007541
42654647
46042329
44483106
45857777
48343763
43667094
44210611
48685728
44478912
47952287
45567096
42397045
43658909
47476029
46012801
44542482
43615744
48643802
43719123
44048276
49334984
42573098
47309530
44678695
47115946
43938011
49138615
52493459
46925273
44742865
45769025
42464648
46457844
44961615
46420809
45300085
46665606
47164051
47514675
48610857
44510661
47810093
43881450
47863921
43648871
51998433
48725437
45642652
45318482
46927727
46861476
43667067
48567249
43696857
45632611
47063612
45854148
46674662
50838776
45047136
44787667
46730505
45570503
50051398
45402909
48309498
43241656
47014909
43865764
46245343
52377350
47024935
44467176
46241187
44447878
43507901
45130527
44736394
47820072
47997539
45561104
43642365
48307278
44397934
45009560
48354692
44732283
46421778
46139458
45579192
43346427
49616527
44994303
48369209
43309325
46258462
44053687
42852465
47214087
47799013
44826997
55120170
45048288
44828522
49014073
44381376
45470534
47530448
42704934
48637447
45924961
43457559
45381463
49497690
47431327
43528031
44405064
45204376
45564313
49323113
45782413
44600498
46344767
44723243
46225908
45451132
43766753
43146282
46889505
46053948
43344562
45068510
44232998
50771598
47738096
44359584
43160565
47931927
47982078
45700512
43853019
47133841
48367061
43106040
49079664
46895961
52225027
47973325
45791061
43984360
44905790
42520197
43543932
48197926
53054660
42892484
45937562
47980351
45517202
46922298
44173824
47389400
42886375
44248515
46368032
42584093
44723020
49540416
44471851
45512721
47849129
44415953
45747325
46769810
42790596
44466209
46313212
51458426
46768052
46620470
50124202
49352197
49019761
45658931
45756939
43315754
44007829
45654984
46067660
41265728
50960837
49936746
43982683
43094913
45188563
45019661
44042817
47256790
44211693
44374323
48999828
43254226
44539468
47655300
43847671
43936012
45377732
45874312
46060095
48098723
45382160
45879566
47712522
44347588
45507736
53860101
43966908
42463576
41959456
42363241
52667083
52761098
42802317
44273957
45056714
45971739
43190676
46062380
42913752
47092960
44045761
46339667
44320576
48262790
47825648
44940846
48407082
48763537
44686954
41236688
44809459
43553630
44684880
44468809
47717479
46429699
43089539
48729730
44895453
46880095
44947179
44682534
58127877
45164339
43982315
46918815
43854010
43285200
49672055
46863620
44954662
42720433
48240065
47105765
46738233
43457195
45509842
45493020
45155774
46903752
47342302
43718576
43934622
49960370
43006110
42760019
44450105
44987620
44891931
44349338
44359665
47072880
44676786
44029813
43303377
50184345
45487605
46228598
44966920
47924615
46185200
42933236
48504284
45836602
47481706
46250511
47320364
46287422
45831095
43344095
43479182
46611366
43747702
43797633
46606496
51564664
43711656
46107890
45053911
44387280
45481662
43954797
48023729
50438500
43327913
45335769
48053685
53263804
43377912
49594850
47226012
49330055
47591732
43824432
42930152
44508494
44955267
45069679
44389511
43164446
44521519
48390793
50682204
52780982
48279348
46008427
44466695
45634148
47311623
50387852
43511520
47275613
42503919
48058860
48925678
44529494
44350492
43279703
45600614
45165675
46519940
44554596
53707951
47749758
46042448
44626167
43091167
55308717
45559863
45004600
43278407
43443776
44368109
48334241
49036087
47466895
47611381
49612305
43094657
45271930
44579432
44225849
51107325
42213512
46121249
49036649
49826494
45623847
41880973
44192845
42898041
45627529
48369468
45779141
46816705
48164565
45467697
44797359
47390174
43374606
46182104
47479637
50524888
45747260
45516889
48222113
44201844
43707876
45309701
45652740
44618547
47391686
46877469
49499608
43876325
44773991
44728006
43512877
45563441
44817189
48695668
45813787
46506869
46339843
43471499
47038184
47754606
43963403
48486786
46010918
48551971
45343163
52313806
46411314
43733725
45279189
46336202
44747741
45775066
41923075
41804323
42517018
44471933
44915232
50166729
45479124
48132444
45779818
45711428
46104109
44769616
45374003
48927801
42994510
42790075
42938571
45912181
45657114
44877353
45256954
47020028
49924736
47942705
50226403
44462830
46655880
47812961
48482681
47497371
45813321
44319953
41884050
46810672
45969336
43511178
44357185
42717943
47287472
44824537
42902134
47095949
43325997
46648956
45844622
43476569
43904939
48069365
44907453
45341742
42272707
44192533
44138127
46286435
41791832
49375780
49281899
46026045
47084160
46059067
44084280
43875266
42935853
50242694
44776754
45072181
44772057
50308733
49287792
42790154
45406581
46350427
46184579
50102806
45560439
44931893
43305664
48791855
45040361
46256797
44270322
44987073
42252904
46438285
44360216
41438241
42217571
49281123
48641790
51872883
49550501
47062473
46776734
47178389
44353658
46148918
45223659
50794642
41491449
45644376
43842304
50439837
49558758
46482196
47299387
47879460
45256253
46692835
44262132
48325993
44922498
43392407
44964883
43514643
45170473
53985434
46186095
48778213
50236060
53043266
44184368
45899418
45830626
48480478
43761068
47304920
46318230
45014844
44236939
44124961
44036750
47052291
43190846
46111896
47196360
48352771
43246094
45925782
45234848
44735720
42825136
44029383
43430123
43452336
44328522
48293462
45235818
43170187
47572574
46821188
45308616
47905496
48271264
49766968
44089426
49699065
44191338
45526181
48916055
44064527
46315695
42106811
48758776
47934230
46899886
48539943
45403120
46074700
46096550
45252493
48909636
47155309
51632660
47604536
50336306
48223514
47464461
48073120
47557082
44339307
45864575
45396174
44554559
45487642
44192453
42499281
44328532
43372467
43468319
46588262
45835036
45139405
47631113
43039841
44425515
46735251
42750853
52987620
44636835
51229994
44598576
46596115
44498348
44710512
44772610
45044975
45731653
46685388
44148149
45348955
44399736
45182980
51198885
48400100
45490831
43310447
44698560
45331241
47679316
46276040
53315585
45143833
48700792
48733211
47780336
43639093
45817503
45452379
45683446
44371932
48215955
45145101
45059054
44247659
47456003
46434763
45770415
47409045
42722193
53479981
43175657
45791601
49063535
43965661
44580900
44515240
46299246
53374466
43373608
49737132
43395287
44472156
44263058
44765898
45376577
45826358
44113270
42849604
45844363
48003308
48873881
47010988
48240682
43379009
48551913
43257011
47402760
45264229
45114770
44516331
48072780
45249548
46948401
42855531
43162248
43300140
43295991
45924290
45859699
48846570
44039566
44401634
44159162
45898544
51209444
42808053
45333897
44788818
46179758
48520710
49485284
51108421
47321221
46559892
47515843
44255860
41459508
45346706
44045616
45229701
48875326
44494161
52085579
47510656
42858669
47212730
44664013
44658492
45771944
50295437
46723069
44038847
46981321
45725831
42207845
45983759
49870287
45190203
42744274
45694921
46412610
48175586
46753636
46242122
45833939
45411519
44391338
47107683
48450852
45368950
44929325
49618522
47816734
44143541
45793142
45043483
44430299
50664742
51412114
46389967
46731815
46303058
45296524
50043422
49514554
44258766
57187757
45184101
44403862
46232453
46415558
43789824
43999984
46678940
46922361
43224819
43441633
46834798
42756566
46314612
47210909
45586935
42785103
44934916
45037033
44652555
44382233
47534541
48565249
46176309
47822950
44604137
45481367
46120531
44602025
45928628
49060809
49036154
45973280
46175889
55860239
42151742
43992592
43893096
46143101
44409954
44153684
46401077
46455293
45621350
46703632
46924515
45705440
47270305
49280287
46939507
50410448
44467166
45371803
47290564
43368321
43832211
47811535
44158731
44119777
64777290
43703192
45241970
46540170
44336348
44680319
45637166
45320073
43422684
46626353
48905554
44729360
48177373
46673754
45124159
43001092
53948690
49725070
43134918
44380110
45649049
49231788
52239827
46220562
44559143
45023936
47387538
45743386
45856238
46600767
45811070
47830574
43515641
43984593
45064605
46516866
45502661
49272448
51126168
44077594
42843162
47303635
50502112
43996093
46227193
47580092
52614686
50756832
45858308
46947634
41687624
45860318
42317012
44282894
48405709
45861847
47462333
44305089
47369301
44476418
47291680
51073120
47345028
45124370
47226303
43668165
43046704
47106465
43997535
47557383
44384539
44630757
48926901
50664221
44135407
50868979
43704761
47284480
45922869
49548051
44770045
44078083
45826330
44498253
48055982
42987858
48442736
46138107
46528531
48501766
46009704
44262452
47119069
44563500
45052180
44786481
44940842
47745175
47650484
43449538
48819154
47859911
54313389
43552382
47391907
48005796
47866418
47015462
49451341
45586060
45608158
44264879
47563120
46413816
47948044
44024698
44259894
43149281
45427583
43605793
47419295
46127163
45804350
47618576
47297443
48021387
43848470
44042222
42578508
45359542
49309124
49989853
43303536
44726353
44469993
47781141
45506225
45396737
45306263
52776110
43982907
43130152
47085128
46813120
47388448
45918152
48539929
44578459
45426430
52267742
48261302
45643267
44640581
46638991
46787493
42764706
47251349
43768967
45223067
43378972
44165331
43450091
43673015
41642301
42831628
47831122
43842986
43957330
45682706
44773110
46899725
45197481
46311239
46108788
43310617
47838593
46170558
50349822
46838821
44960091
43765613
47256780
43791026
49003774
43373431
42045312
47075883
43156619
47658658
42414586
47137286
52212555
43804273
52391194
43343635
48759357
46076117
46471347
47029638
45786804
44104377
42495958
45446706
46883065
52091085
47290582
43938441
45798388
44184625
47208191
44033886
45101811
46675479
42877414
45476554
48580844
45299961
48828597
43703983
45923401
43795367
47205574
45451752
46852199
44769921
43674581
50498693
43620508
43120848
48381303
47769890
46399767
43359898
44516884
45484698
44162043
45463782
43449320
45704507
43969051
46691269
44444540
49332885
45945288
45992734
46755328
46285041
47749952
44606099
43928898
46024608
44044141
43681344
44601364
45574532
46760430
45397058
42336392
44628957
42594042
47345701
46061314
45703638
44683004
43745565
43793430
44551933
47269151
48015526
48139869
46425451
41940220
45028306
44656319
47509568
46683116
45661332
42923312
45810146
46302770
43910405
52885686
48190521
45632908
52279515
44003174
42400001
45862648
46636873
47369812
44890119
47185491
44174264
45968632
44947794
44514217
44293089
47639045
48844301
43686068
45971502
44685869
46933150
44904845
44311759
45814472
49104069
46404469
50622570
44084136
44732623
45266771
42880572
48715811
47715355
45046980
44698696
45308823
42607274
44388899
43875482
45345484
46435334
43997750
48785569
44176162
45668442
46481181
43207155
44088062
47090513
44351315
44793551
47486145
46965989
42881712
45129595
44280728
46377124
47530599
45986938
49122176
48738909
48070711
45827475
47236128
45199074
48363289
44467564
42094541
43123261
44560194
43589321
47206265
46486794
46385752
44469746
47352353
45375857
44773727
45124196
48321693
44299318
45416603
46738613
43431066
51575267
49420196
46086992
50007239
45426093
46533336
45671933
44389359
42621050
52591413
43084944
52780816
44771000
43668506
46078862
44765135
45543566
45804011
49586901
46462305
54393051
46324488
47137325
45777284
47013469
47519415
45626578
46804544
45007663
51434686
48214931
46399855
42938634
46812686
48193531
46074482
47155724
43772337
42115560
48746456
49359673
44143053
45889993
49571790
46159520
46950613
46234561
45672192
48854841
46424961
45707611
42953917
43433240
43533169
46455326
43710091
43919118
41872764
45611345
44432614
53551600
45115287
48262354
43890298
41778003
43003267
54756300
43066899
42551074
46974722
47229451
54377694
60001759
45704304
43989967
47674153
45493918
46162719
43321506
45058809
46031645
44529444
44869780
47899232
42508512
48136711
49872230
45007379
44084665
46925548
47512149
45254978
44999831
52064938
45937450
44248110
48110323
48356712
46098180
47980703
48484479
52822267
45800201
50347408
46170996
50935871
46038700
46762288
45910926
48489497
43839345
59086156
44595319
47270545
42992463
45550825
46041800
46293833
43754047
47288951
47115735
44835359
45360929
48706834
45151245
46059611
51540777
43644579
46998012
44513581
45513524
45633300
44510604
44446500
44653113
48705401
45235777
45100545
44352533
43446680
43819859
46360555
48295038
52285614
47310991
45151141
46172766
47733125
45871250
49946181
48205909
43524877
44582197
47695076
46278531
43310375
42800671
43503214
44256117
46333305
45558327
45523830
43902399
45989941
48116934
44907749
46559877
43351801
44716403
44294694
43297206
44998475
44119982
48524468
52558746
44042245
48735447
44207392
48520149
50889900
47865212
50785603
44489379
45130428
47967867
44721353
42383843
49551288
46590656
51632169
44739194
48530156
48007806
47318072
42610957
45413542
42109103
47777213
53575548
48384351
42758157
49107789
49437967
45461871
44567483
44610233
45664848
44189296
45475475
44086963
43263064
49366164
48199873
47551858
50128427
45174794
46356792
46724078
45212823
45754596
44529413
45802137
45003897
59882801
44670326
42537523
52523505
45459746
50708730
48969171
44459663
44637578
42383150
45723312
49714154
41111201
44026645
46236564
44684066
42908912
43079730
44916001
45657360
50378245
50031568
56305306
44380035
45927137
49385549
43911739
44250264
46305406
49335079
54951451
45008484
48261253
45987307
48097389
46294427
44279926
44806763
52037951
45573497
45889375
56479945
45111922
46552105
44832696
41518027
46910528
46701148
47414441
44043132
46105020
46731506
46664918
45796848
47747653
44559134
46351570
45650309
43367791
44590490
43952121
46048842
45617636
46783748
48058851
46353349
45252005
46871529
49581520
42918737
44125716
43406305
50402003
50096812
49663017
45722492
46296673
45474547
44931286
45546078
45228893
46227188
44896026
42667233
44911382
49408839
48090162
52078335
46294334
45358829
46670970
44694725
45599285
46126310
45379788
45704427
47652987
46005015
43928714
45146918
43210347
46553210
50123375
48010703
50083446
45638818
41913171
46009655
43192069
43717628
48498198
43647747
43893250
44958638
44996773
48998300
44225709
45450584
43481698
45423745
43219468
44827575
45461668
53369921
43718337
44558870
42412071
43246649
47305299
45672564
45975409
45434197
54690601
45610189
44411772
45827161
46774892
44952304
47970489
46936657
44767446
47677614
46365089
44080452
46851590
45119938
43874473
43923200
48003402
48066161
48052056
46477877
45756216
42956958
41767350
45473231
49968996
45551450
45122537
50419947
43803461
47705857
47332866
44279394
44318015
45027370
44235973
46228342
44063285
48027487
45356000
44094801
44938631
44569668
45009477
43730865
44704195
46291254
55284552
44369936
49168922
45372752
46592193
43920976
45453228
43032524
48685818
49315923
44121598
46184211
45182589
44803590
44162595
43901963
52994539
43134632
46512081
49093040
47426199
50341384
43505545
45698817
46016418
46491887
47028065
51154590
50017524
43247487
44775286
46029856
45440238
45690143
45903059
45413508
49807170
44529337
52922830
52531630
45438073
45786404
45034783
42810367
48695079
42159889
44512724
50223754
42154211
45583314
45858842
44704972
51536713
41961970
44322573
45125234
43899424
50037593
52922958
51669532
43425781
46557144
45576594
45822422
46291073
48312915
49263899
43718096
54530251
45401526
45286245
45095612
45514683
43661320
45830229
44570474
42243474
44281318
47727024
44546940
44149732
43811481
46338284
45648655
41951362
45411256
43889250
45548257
44149436
43852507
44425145
45720010
45367826
44802753
42550729
45931794
43476282
43945577
44718525
43450196
41938198
45468174
46156970
43506604
46182921
48580252
45137020
44981147
45368548
45871215
46337009
46335574
44911001
44442075
45598465
42927626
45473330
46219693
46636445
43617670
43324364
48389976
52055883
45264565
43689041
47275820
54424018
44871979
45238262
45578400
48431534
45106943
46240318
42247903
49033906
46451319
45073733
44170095
46946879
44722359
42823759
43089332
49698497
43555622
46089466
48476652
57766827
44019178
44037851
41955039
47743660
49333388
49602806
46120982
47971725
45621347
48163550
44611210
48124910
46532283
47325271
45594363
47187023
48776901
43409819
43727834
44676598
45184156
44667344
55308829
43156549
44826376
60980142
45213666
43760185
45256560
45889251
45771700
43552430
43969392
44024335
46117814
43410812
47924312
47709437
46180253
43805126
45237589
49579398
42621972
46136375
47808418
47791301
46039136
41170148
44703595
50573707
42224539
46106357
46487711
46871502
48804935
49437256
44234616
48194050
48855267
41622428
45998116
45739323
47208483
43218502
44166624
50711544
43499658
43141710
45662007
48968991
46972910
44570091
45564459
45632357
43995284
45383372
48233585
52465282
42018549
43665979
44496867
46671965
46065453
49118866
43924072
44226117
43869729
45810144
43954245
46565152
46784849
46717327
47430679
45180348
49864896
45076543
44283536
49014634
46066503
47799062
47895635
43412976
45660134
46232761
49950296
44011583
45578165
42667709
42630128
46421779
45894042
43866122
49874662
49815310
45888161
44125995
45937939
48952608
44899926
46737221
41892549
47487253
48936644
45050411
42496705
45716667
42879086
43343176
45433627
42381976
47130427
46457812
43036952
43834216
43920127
42449462
45423141
47448688
43643256
44274864
43299686
48129206
41776617
44388221
46429943
46537563
46536372
44245586
44209398
43288538
42936106
52631274
44623651
44019668
44716580
46006933
46148593
44428571
44918334
43646013
45613542
47594771
46878656
47437484
45285862
47806579
47656701
43791888
51391195
45112642
42640453
47393445
44702112
44922251
50488098
47333056
45419233
50287782
50339261
44928230
44773908
43822158
45104427
46350781
44765707
48504319
49625948
45171262
43458039
42682815
43560259
46036091
46351939
44875506
44104758
47115422
46976070
47558456
45214411
49321738
45094097
50895630
45079564
48855342
42703869
43186818
47228094
46120618
46954721
44155133
48016251
44155580
47420176
45779968
42222413
47024875
42340737
44376223
42567651
49194279
43632113
44690698
46584451
42629359
50344381
43895675
43724142
47811993
47124898
42607672
45787374
53475783
51969575
45380423
45010181
61667322
44054177
48124724
44994369
44279914
44713948
43334835
45510099
46160269
48593901
46897829
44042329
49086845
44383581
45778634
42891819
44987020
49424604
46416515
45417145
45063156
42401195
43886417
42563112
46235903
46522555
51126775
46317653
48188680
46858239
46734953
48711116
43821976
44289446
46843458
46708746
45079765
46084964
45731774
44446786
43749733
49863976
42698277
46882514
47322457
46093620
47810000
45817364
48490982
47606535
45461624
42933500
45961897
46286465
48849864
45377418
47161306
44853842
48099038
49205111
44197096
47911688
45134425
50629961
46174189
43716107
52244494
45100476
46961749
50841039
50159771
43175095
44612198
44271034
46131585
44379114
46784470
43622065
46419158
46195767
43338358
45084534
45853928
46584609
44230403
42955759
44945925
49192908
46706825
48624427
44784673
45577016
49723355
43398180
44150051
46424446
47359194
44629697
43055993
46056377
47383394
45719244
43859055
44945074
45165214
43361797
47011388
45117635
43890746
43166844
44081121
45591567
45636395
47322987
44273017
44899996
48432308
46721878
43603300
43092880
46128158
47187362
45746441
48366709
44189130
45620704
47517950
43235374
45221861
43245959
48731127
45671705
53489371
46931525
49318198
42042597
50565604
45887374
45458936
44700296
46180235
43132660
45340845
47422013
50511338
43693770
46463083
44339935
45438853
44892051
45302517
46196256
46958807
44559085
44719670
42868382
45782510
46419634
43776767
49852896
47710305
45362472
42853362
46042444
45615739
45167227
47552904
51002095
52347924
45775449
48985586
44185170
45610193
45141526
44994028
42227370
55861634
48016272
42757535
55041865
42892826
45150034
46242973
45858222
45878671
48552049
45716610
44191135
44357652
43940472
43364398
44793797
51166917
47175186
49584877
48126271
42790745
45328516
45290371
47098256
44737279
46168149
42483027
45373611
47139424
47727626
45864034
46158745
46437425
43732758
44198221
46047552
45365590
43939593
44691794
45236449
45256170
47500742
44157570
42589872
44127278
46873319
47565436
49902617
47511476
46623907
47921703
50101079
46891635
49674916
43872122
42632282
43640030
43032439
48259788
45959823
46680507
50188892
46049173
46458022
43613954
44744915
44418314
48026169
42987084
45920626
41959245
44192390
44023849
45447516
50040028
47363303
44085451
46849515
47392816
43804105
43561241
44734142
43641742
48331981
44579791
49389707
45810348
45544489
45676087
49823796
43386383
47616145
48918354
47919435
43866361
58587286
48774368
50091209
42921888
48203825
44764419
45903617
45626728
44010656
50181783
47493887
46252920
47890149
50649353
46359185
42881836
44279476
47209130
46062588
47254784
44751275
47346664
43548753
50032458
46681676
43711272
46060722
44198882
44335697
48411104
54218504
45745771
46450345
45297557
45036893
48582556
43792456
44765552
51538155
50867441
43527455
49102166
44003550
44509562
43873998
47753609
44121460
43617391
47821666
49054405
43748169
44772156
47349065
45630956
45852327
44574747
47350511
44875891
47852097
44821115
46258163
43792856
51224446
41743764
44531904
45207847
47552899
44386443
43876137
46158414
46840108
46375353
42862251
47659432
47078247
45098053
50367265
45946173
47134245
49020812
45665311
41761961
48820176
44974956
43869683
43926179
45254069
44352654
46491677
47243252
45805255
42642572
44800826
51483716
46023843
43651940
43699974
50481215
44930344
43485220
42744184
44253909
46017380
51277555
53694257
45280962
49436950
45748247
45601490
43331028
45512286
58790987
46610088
45760064
54213957
52568699
47148629
45194213
45922194
43032103
43950288
46626399
46631774
48592735
46093714
45484994
43329342
48065101
46994410
43920094
46748612
47778564
46476925
44899714
43907743
46729135
52536211
44580007
47385160
46556678
45947966
44860702
43955410
50910487
49551815
42982886
45994510
44058162
44544584
43757799
42870378
44486246
45682008
44805771
43580608
44419605
46032639
45205528
47243501
49569089
43254077
46975234
44620752
46027117
46951689
42010170
46139641
43266380
43733261
51251442
50957248
45878118
45040778
49784083
44894405
45183243
44414161
47191855
47923358
47917811
44552840
46272413
47857673
41456266
50772262
45591352
44598842
44869708
47224792
44494685
47246973
48735734
48033766
43837983
44266118
47506188
50183241
43453518
42567009
49861528
47699900
43262867
47225159
44878762
48364468
43525379
46305378
45643400
43113070
47298625
41633749
44502822
47758952
43525013
43456247
41969166
44269678
47754434
48544300
45092281
48114549
47393795
43176046
44381281
44763177
48029571
43995370
47143731
44557205
44784212
44057916
44688568
51920783
44116449
45633935
45322770
43417145
44171073
47513731
45857321
43776020
44241557
47015337
45017267
46350027
45114823
50294845
46546955
42434983
41973361
45753012
49266788
45904394
45856874
43321353
42907997
43488104
53230128
45642054
46874652
45839997
45646588
43230460
49601391
44826658
44967196
44585672
45178460
46963367
42167772
45958203
42869324
48057360
44844320
44787340
47174936
42546445
47362133
45177961
44419236
52503964
44527043
47868981
44249687
45760627
46588633
46681062
47744920
46354766
45953313
50322971
44959865
44751417
43791054
46754226
47389942
47712794
44781355
47153738
45760244
43493103
49285944
53712702
50135331
45347338
44011108
43610825
44040097
43802849
44727539
43519959
46634258
47251616
43411143
46660492
46063058
43887969
43056687
43264272
45090548
50935982
48426807
44773599
43467376
47866375
43878410
44885586
48690831
45350990
45347543
53178317
51527572
47940850
46955200
46389650
44515677
42861837
44921311
44437661
47175365
46432591
45853046
45423189
42318273
45256432
47770504
45289958
43281502
46364627
45025354
43906315
54224619
44759773
45613171
49946351
52118538
51036838
47361578
44934855
46051267
44738186
48388965
46306268
41924772
49616761
49694962
51913657
46670596
45560416
48583833
47547086
45595010
46877640
48825068
44967934
48328292
46428990
44568659
45835902
43477022
44168672
44947724
48617704
46011597
46151823
42707235
45658231
43802488
45854145
47159485
47092600
46052824
49577611
46339021
44119730
46334482
45184280
44397425
42025658
43733390
49066668
42818322
43135769
42729380
45930444
45867084
46531755
45015821
44377258
46382658
48744929
46398077
44881078
46798578
54913008
46804069
47474997
47782228
46569819
42659270
50333119
45058659
47868609
47969734
49657854
48296838
47615413
47584036
43755944
45879761
50457675
45181790
45837553
45022104
45345427
46827639
44157568
42672913
44678257
46263142
42829009
45858706
46111601
53274634
43001300
44280314
48943812
42876248
51701096
45398300
46036522
52126023
45566922
50229920
46649355
48159729
46911275
43306900
45456531
45694781
43883909
46316876
50372920
43933375
43352925
47775020
43835377
43122774
45636781
48427695
45525417
44656671
46791399
47712426
48332309
48162074
48144976
43202981
43598468
45785360
45866566
48067752
43770188
44872522
49256494
51205403
42482950
44269344
43077028
50206673
46463706
43153710
46152963
43390119
47454971
47860580
45543958
42542720
44724509
44555720
44991338
45274459
46465561
43803100
44271488
45786746
44105659
41548273
47692044
46257340
44706986
47202368
44840982
42181487
43857336
44986585
47324873
44221342
46154514
47352422
43665327
43272558
43695196
45146252
45280870
48314621
45867862
48383078
46622212
45718928
47657608
45233677
46435233
46123049
47736210
44222578
47933979
47373352
43153538
44098805
45078660
44147628
46345202
47387442
50411956
43336319
44394692
45540941
43029715
42700842
45502695
50738685
46416032
45424070
44342184
47135107
47047077
44394321
46630513
52599920
47351380
45310095
45915404
45468529
42936368
48227957
48235090
44202531
43377963
46830942
47689585
48868208
48548961
45961592
44903933
44967287
47070678
50287587
43126076
44328773
45968572
50865464
43526847
47788309
46044730
43468502
42967715
47443692
45735932
43554098
46488010
43853172
43149293
43002253
43488946
45411953
43325212
48543001
43811069
44448379
47249588
49645347
44612456
46874986
60854906
41576713
43795708
48051059
44866059
44628649
47531223
49900350
44990120
47675787
43572195
42173764
49961013
45867291
48408984
46199958
46753041
44873978
45614325
45217769
43579286
42405936
45947423
45505074
50345073
48483137
46548632
49377692
46049565
53681381
50687769
48469922
43961949
46935661
45845085
43202758
47561591
50584457
45046694
45008535
45933917
44951124
46213583
44930479
47004962
42906519
48411226
44233174
43127309
45141261
45361018
47127653
44510267
47183514
44247253
43433150
44390376
42194466
45913053
46957577
46054474
47023107
50164786
50275856
46455049
48709951
48823167
43404331
47363472
48593423
43887075
46101112
45393681
45025049
46093585
44203725
50698789
45014455
45693624
45840386
44603420
46012223
50287173
43950034
47034946
44480846
45694409
45561085
46156513
43156938
45220855
44843789
45355823
44612204
45686650
44772698
44412100
46629962
46557297
47095939
46690175
45013249
44350545
48578334
44566875
47502294
45146613
47757967
46367164
46266485
46969774
42963619
44101128
46067327
45883458
49811663
48673115
45730909
43542603
46209888
47688462
45853795
43865111
46189920
44814894
45388348
44895751
43978649
52413137
43725317
46578448
43899020
46718089
45624963
43969700
50378157
44696526
44031900
44958100
51110571
42526737
47014606
45202800
46537324
42532540
47008760
45432393
46542988
44840127
43754441
45844811
45493765
50059008
51795419
48966585
52482394
46162287
45423136
45228631
45423522
44466883
44444965
52917615
44356377
53862921
43831846
47505409
46679172
47133702
53010660
49254774
44469874
44899661
45635589
47035981
43616155
47062548
43029882
43903803
45322434
46271542
52088379
48788158
48354565
45570814
46398109
46480322
43976023
45502109
41705627
45067022
42969642
50852772
45499878
45476987
44435997
50858958
44707819
44410147
42472139
46337021
49832488
45394693
43550179
45758967
45921491
50698838
44403304
45316490
43036476
44065287
44773436
44599943
45258596
43852867
46919581
44154629
47165799
46279276
46677715
47460648
44383929
46572802
43550980
45427477
47903705
46379925
44192445
47154266
47684225
45620258
47680389
48757048
45309882
47145376
45448391
45953802
49097969
44757664
45103521
44914505
45047087
45162431
42868632
52092888
44807031
43738618
47535783
46151494
46918672
57032137
44515656
43833647
48301547
49854109
43115342
42256163
45211920
43441914
48867702
46479447
47431357
46599439
42132977
46142414
55663492
48369570
48043332
44562454
45395623
43052913
43126684
42940187
45921758
46975870
45962916
44441622
43822726
46194416
44687918
45720167
53361225
52600690
43157626
53300215
42324024
47701865
51236257
44730045
46109213
47004287
42469799
44832763
43038738
43379504
42996633
42845683
46139909
44798884
45314897
47709879
44132330
42768312
46759296
45760887
48321584
42899835
41970862
45233531
43203564
46098474
43480069
49416177
46956245
48117583
46182485
44577625
46248970
45591551
48179251
43071717
44274698
47278489
45751401
48534195
47307706
44745408
44644127
45534905
52315199
44321386
46916902
48990259
44495380
46410135
47789393
47122720
42855472
47257511
48859427
48349077
48924298
44480076
42659840
48764281
48104488
46606561
43938322
45367748
47169832
48311354
43354505
44200320
44965996
51023141
43917019
42814195
45168013
43085628
44113997
44047513
44214200
45162354
44020243
46525903
44216175
44411990
43708794
43201512
43985072
45173620
49593559
47314890
43621863
51257016
43909390
48021628
44104187
45056397
46286588
54967357
44884523
47822026
45570713
45403022
48452786
42229365
48460103
45475830
53144299
51466560
44895961
50402374
53234708
44546823
44028382
47596245
46573660
45368556
47363715
43880402
46819945
46596366
47157586
48794971
51883992
47077765
43789563
48465375
42945490
46237543
48032870
45091307
48041635
45777502
47429394
45348739
54603806
46049084
46716787
48466996
52037550
45556218
57074025
45237806
47562734
42954262
45560072
44659473
44811808
44039146
45425794
42955957
45201136
44501753
45594583
42125444
46746443
42898588
42640355
50451698
42129614
46077170
45152769
42413176
43109717
45643668
47045626
44149918
45147053
43925135
44285371
44790686
45699559
45175227
44208969
47185285
45040030
45985200
45782553
46760523
49583305
44786679
47503811
46130633
50296272
46585769
51116781
45458404
49676645
45739015
45654199
44498750
46067251
46260875
46042700
47167263
46991268
46325512
42706619
53969123
49995675
48667632
43281873
46723253
45547556
42671038
48961575
48283577
45598076
50752912
45000759
46912073
43495127
43160456
50825556
48375710
47895539
46163717
46251303
49115121
43419283
45824381
46486709
46317890
50492640
48913932
44355892
48792524
44592594
51717615
49666854
49666694
43182938
42981250
45216822
47048463
44657422
48792572
45153947
44754775
44278157
47561636
45150256
45338800
45617330
48081648
43496902
53831691
42091643
43405605
43365917
43581190
48862059
46176508
46237359
49004484
46071927
45330342
47257701
45790486
43937204
44451321
47386892
44449805
46716342
45320572
48565706
45541024
50471549
42582778
45194983
45807431
46959410
42288329
45396565
44784369
46826906
48694673
51104258
44059388
50455395
47096019
47191727
44804012
45180073
48140138
45132445
45426629
48080742
43156017
50245466
49391763
44901433
49411679
42918502
45559552
45305393
47758127
50194125
44947460
42451783
45930702
49746192
46824253
43600310
47658397
50804909
45686961
43617914
48057179
45610902
47440147
45427395
47764265
45573579
45807158
46504007
45672713
44500617
46205185
45630381
51928815
44433554
46464936
52048083
42765561
44557003
44343364
43491474
51780111
42132317
49031470
43299767
43642132
48852902
46411969
45972353
46182863
48408035
50253197
49731023
49991448
43582017
44755895
45230662
47167443
45850429
45742644
42071661
42448174
46892285
44950093
46018222
48451178
46429050
46480489
45972911
46183452
45865027
47798710
44700553
45019947
45788824
43825757
47436150
45846563
45385592
46314156
44794049
47376124
45513160
49101406
45839028
42257280
46805793
47058787
45356070
46902320
44935035
46846977
43308852
45023510
42515716
44404705
46155213
43669657
47569479
50247014
44790497
46010112
46218548
46065034
45002768
44880759
46679341
44831045
46711342
44142817
45789821
45383967
47883087
50657997
43010542
45206390
47309075
43185897
44984992
48271852
45993087
42640870
47155912
43488972
48477856
47189261
44520731
48951636
44357178
41842465
43829076
43688856
51855627
44978087
43773548
45004686
47115456
44156984
44008860
51423962
43520983
46082704
45639236
44882824
44876392
45921395
47460862
46756002
44739952
45021935
47217217
41111085
50085889
43452015
46598839
44551929
48952501
46008691
45811449
48332658
44213493
44139789
45155312
45539565
45122576
43833110
44499926
45415857
43658236
46206959
42418710
41514879
43349112
47480615
49579183
45980510
43454624
46604229
45176891
46331303
45996265
41390301
45612548
46735971
46069142
44057706
56314857
46670494
44787948
44186294
48463720
43412732
53164795
49197923
44601563
47516065
45253679
45286624
43355519
47490370
44687378
44589697
46334653
45932981
50286614
51001238
44530259
43770039
44143845
46693290
48234000
45123485
44308694
48274782
54672774
48332632
46327510
44315767
43371556
44560370
46921698
43196821
42795218
46747574
44466173
46496398
47681985
47127632
47837837
48244681
45517913
50274468
45405877
45640875
47416237
48015591
46528827
48163536
54478651
48041949
43854578
44771979
43615109
43505125
47265036
44334181
44006132
45351723
42899498
44210626
43551898
46338925
48174929
48654319
41841921
43218647
51807677
44327931
48271241
47951354
43336753
46324272
45853692
45191752
49061315
44225319
44638830
48758176
51299232
47904507
43474473
44326012
46497813
44078206
46584368
43182707
43844731
51371461
48015779
49319549
46349341
43492209
44314613
45750206
45893211
46070590
47733134
46732510
46265018
52394500
47009364
47925801
45597720
43705582
52506104
47504130
45016195
44283534
45991010
42689980
48121523
49047052
46171146
44985330
45012151
44584273
45407166
44974826
44672580
47213774
45922513
46401491
47978300
44674967
45074038
49939384
43509822
45325429
44463689
45972723
47584496
45530025
46353592
51149362
48133305
46533182
46027309
46091870
43993695
42751588
44565136
43661268
48901809
45196431
48188827
45255395
44040408
47817719
44044322
44420043
51268208
47624105
41948608
51405939
43813987
44519764
43844558
46736991
45641059
46513468
44927891
43649402
46286165
43834878
44313299
49982163
46291535
43784017
49172781
44357650
43018840
43633822
44431750
47932831
44839159
46573900
44672827
43901291
44502425
45045630
48290895
44081818
46701742
47681561
46788468
45131599
46252758
47956666
44925079
44747059
44252852
52385353
44000726
47691441
45150310
46305520
43461689
43920051
42863130
45104419
46148914
44455452
47852888
44272085
43502015
41197960
45746947
42184142
46055276
49050529
44942885
46460893
46099008
46250726
42221917
45146044
46288301
47432642
42208969
46606573
48707494
50499939
45794324
44604293
44981261
45884691
43498202
45036095
44509105
47755104
45970653
43192771
44190846
43708827
45255846
43624720
46175943
44005447
47131548
50510963
46829128
45954513
51462483
45988663
46083980
44676739
46919281
45096319
46566041
45709776
42594999
47722671
46673635
50167568
44918785
42247327
47430168
44838110
48867668
45572557
45759312
48104234
43544229
46599657
48539877
47028705
46141411
43463098
44558511
43100399
44246505
44378456
45184426
56230659
48542542
46918929
48370178
48033727
47839200
47362042
49559023
49103907
44669754
42846693
51361451
45562959
45879797
50012155
45516541
47592007
44418078
44028593
48679016
47761562
49609955
47981926
43860135
50457467
44328661
46129199
45368516
45708449
46629009
45872722
44588299
44696142
49078957
44284112
44679893
45534932
44559337
44749359
48731318
48619491
43905583
44044410
43486882
46623150
46770640
46447790
56286082
43523489
48456208
45753271
47090729
41529076
48676595
43766156
44067725
46483171
43645930
48553931
45081444
50290867
49066967
44862583
45218247
46078487
46804862
47536065
51332377
43732194
44065124
46593735
44097615
53825997
45206387
42935144
47536432
44886490
44530809
48036119
43524455
48978623
46151313
47283086
44699498
45756280
50957659
47051947
43934721
44582102
46306178
47754903
53006442
46296087
50536570
45108762
44841945
42916590
44519371
48531592
49330386
45025073
45923403
43247287
45768582
45969254
51014700
42913249
43988035
45417279
44393882
44583493
42934168
47591434
45617746
45871903
43082463
44742111
53912539
47576854
45393607
42949710
44989982
44534576
48661712
44379768
44341553
44872795
48375105
50869098
44766324
50841940
42928065
45472548
44518714
44619179
43350990
50393579
46115660
43219831
48231930
48372843
44718238
46402572
45302330
44474033
46408335
47744940
46022911
46428123
44410916
54923310
48824949
47194255
45616713
47043216
44360555
42446313
47252182
43490167
45352977
43989482
45908149
46705240
46227040
46065312
47587081
44863508
44321357
47956179
44395353
43809300
44991999
43935780
42783242
45849867
54690883
49645143
44219118
44802099
42761714
44319386
44402743
44204469
44248430
46121819
47703956
51477644
45169680
43350203
44693594
44513601
46398797
46663049
45882748
44125832
43773537
44515766
44214768
46353970
48192524
45625042
49303078
45360177
45570121
45579428
47037191
44462027
46097219
44938641
45426365
47338887
49547507
44801815
44469133
51095296
46016098
46813823
44025040
44482983
43525767
44545454
47230339
46118901
43277121
42177968
42579982
42517191
48643248
46291848
48295955
45123461
50590094
44045885
46549955
59788198
45398434
51647876
47315737
44488139
50688608
44159204
46599162
43765655
45172453
48087540
44749619
44670001
45478764
44036396
47793075
44528614
43890090
47606713
47612051
48189311
44705999
44414064
43333352
44920919
47141590
46989822
43267973
43042194
43250583
45873482
43309088
46786677
45186758
43149782
45945814
47822868
47016071
48233768
45865072
46962692
49623514
44210397
45125753
45820769
45713754
43414095
48386737
42890662
45581970
45255810
43317542
46331577
51426386
44193618
44473819
50056073
44905651
48805193
50514377
46440364
51467114
45454361
45503827
47650406
47670317
45604529
48079154
46948710
44033301
44510939
49871010
47446271
45178410
43247549
47119654
45660392
45359036
44421362
51134944
43400822
44388340
47717166
47001071
43833769
45520143
47068219
42901709
41515737
48590900
44555168
45133075
44614223
46317079
42581314
43090084
44602449
42155436
46535501
43693610
47934947
46166359
46495180
47475317
46625532
46509035
45488680
43223923
46583075
50408357
46413114
42211934
43736787
44568396
47631953
47237162
53004332
45710399
50831890
42800768
46885734
45622722
41878000
44865102
47448920
47170124
49502463
46283274
44802519
46858538
47192645
44246979
44753331
48192605
45796266
46117439
43486277
44959410
50634683
44769681
43182795
51625297
42577383
46276745
47812700
46436668
45530901
45645236
42146804
46020536
43761292
42970855
43765615
43940430
46898642
43748022
43074939
43570242
46446745
47924970
45220921
45625631
45209225
48307132
45422224
45107944
45384926
46068564
46796092
48753414
47414255
46209307
45690241
44304843
44949160
44165063
46215549
46091765
45648508
42658482
42440299
45173721
45660479
46317115
46198380
44384216
56633048
46577847
44951582
43072601
46150876
48042745
46345112
50068775
48329807
46554060
43450492
43388047
43992637
43515255
42311684
49998075
53690481
51660590
48751428
46386279
46170101
43514229
52806016
43687963
45164972
44596270
51673913
43842681
47358911
45016664
45612933
45961994
42832968
44588360
46457633
45064487
45702760
44169201
44290093
46458903
45580636
46321270
42707443
47476379
43089891
42965320
46150189
45424335
45360357
46389616
49164634
43317807
45629769
43779078
46597633
45676241
50223919
49504991
48935154
41934578
55297162
43431020
46670792
45977604
47615057
45646478
46251087
48337176
45082564
46930294
42676669
46819141
46093205
46220251
48485515
42822688
44898735
49021134
48417908
45503838
45754094
50875616
43883495
48417190
44313767
45053479
44254660
54001759
43594301
45222278
45933178
50560707
45897867
46119050
46564572
42106138
45521551
46128957
44061938
46541201
43604307
44815333
46581870
47316321
44473702
42970859
44650789
43811414
48268711
46670846
44927365
49917247
46407798
42232906
43138205
46143210
45693177
45441486
45134505
45601198
43692605
43703073
47983159
49562509
46369563
44988753
45912377
45277599
50115814
47614432
58060697
44115139
48015071
47504547
51617159
44872668
49910511
42524324
43811349
46891703
44556652
44882314
45470582
45587896
47579602
45552506
43521026
46845580
44852883
45130888
44799466
47840568
44227779
46539203
46307163
44765353
45681196
44270642
46043144
52144030
44758690
45722681
43432581
48274215
47754747
45099531
45636780
53183157
48973371
44864797
48329766
43918990
44697992
44936602
46061426
47795849
45355887
48675062
42417338
43404824
42146740
44575258
45434076
43879892
47941056
44805600
44347440
42912094
44870885
47685634
44436658
44458935
51872445
45201230
41813456
43521435
45724527
43185520
49125838
43770426
46928663
46161355
45514062
43076414
45483111
45290817
43667309
47334072
45166934
47852866
45711584
41723871
43367909
48337853
46301188
44156611
45781312
47443282
45796100
43907249
49077781
46627062
43618828
46180089
46061198
45356815
43225746
46212815
47430475
43705324
57558858
46248303
46334002
48991498
44360654
45123867
44910417
46146361
45115259
48323658
43866215
44661107
44482681
44011302
43285896
42687131
45701273
44480989
44706664
48017992
46271930
44478404
45333112
41949126
50789710
42578757
44691968
44376752
45167821
52621087
44024632
44748567
43214635
45368653
45224003
45551842
44499272
45425707
45763951
46802937
50030057
49037774
44323514
45464625
45905015
47815580
49172355
44812677
49781093
47887876
46824697
50477773
48561480
44643053
47593281
49084915
43617687
47956965
45949552
45838024
51939677
51321288
43973141
49796494
48495951
42609987
43273023
43338988
50311516
44984975
51579558
46159761
45416155
51514472
44545672
41631580
49199819
45794418
46628601
43855376
44857968
44143885
45561669
46394940
43974796
48026552
42894617
45553867
44639690
44353000
44423491
45876615
43006614
45235049
50353973
44947364
46796783
43591850
45101961
45889242
49117649
44391327
44738271
44631306
42859108
48773396
48579235
45329518
42938458
44717885
41112111
45881014
43962601
42958202
45764669
44646945
44260029
43872404
48791701
47373323
44321427
46472606
45416653
50127374
46547649
44526509
41547752
44875160
47095272
45428547
44905215
46223239
46320845
48106820
46884767
43461610
44451096
46227311
45112324
46319168
45493479
43283108
42310178
48012087
45637222
43427836
44282275
47184082
44174113
42955878
47769170
45426367
48241346
45998127
43811273
45699883
46909543
48272913
42723660
45837437
45245275
47112189
45728717
45528050
46184634
63121561
44052593
48158107
50860957
44983147
47004671
43993072
44869958
46395599
44331624
46126054
47933178
47091425
43898192
45229188
42717070
43737874
47705008
43032379
48977906
43765701
44706032
45960713
43006987
45523283
43873888
50721457
43763536
45866288
48689334
49039105
48010601
44864696
43894984
42640965
43975685
45182761
51771923
43445547
46474408
47318863
48412806
44971066
45476063
47351186
44121932
44921376
44019622
45655279
42487717
45538270
44957566
46983325
43277851
45336759
48296816
43066930
41109947
42816130
43267940
47418402
41970055
51007042
43441877
44880674
45790835
50433162
44635748
47956999
47993235
45707493
48411674
44943870
46167259
45139870
46589440
46019483
46094754
43701579
47404136
44295111
42974185
44592869
44764163
46784171
47034542
43404627
44803312
49085675
44460021
48048039
45857838
42906322
45118174
44982054
49342789
42327962
43688783
46660879
49704118
44128366
47644920
45690685
48918937
48274716
50479244
47853797
45177479
43638896
45963292
45753588
47198929
45185419
45746977
45151940
44485257
44541835
44288623
47015745
49464124
45592710
47821000
42384634
43110725
44946889
44200971
44741921
48530188
46831040
55274316
47503171
45875463
46624006
45523658
46313902
50484621
47963388
47772003
44436584
49134432
43785595
43859767
44811022
45011978
44200724
46190457
48093310
47206121
44068545
44947931
43633593
45864675
48069664
42844752
46981594
44121636
49772324
46633317
42156472
45720947
43563414
44615465
43590793
45805392
43681846
44231206
48868575
46495897
41678236
45084956
43980832
43797705
44640649
44254817
44728894
45458210
44611503
48501355
43045740
45833842
45637804
44955717
44218758
50366706
43200590
44129665
47285828
45959263
46679081
48345329
52685109
49134980
46561302
44510756
47607230
46858389
44108980
43724749
44578515
45743147
45024446
49652882
45419477
45121619
43820954
46162503
45720368
44458774
46729148
48968270
45542376
43314571
46713915
49128011
50671085
48742994
46819725
47012888
48317944
46247586
46208717
44989814
46504296
47836142
47235896
44499814
