4
20
7
4
9
5
3
2
1
7
2
1
1
8
21
1
9
6
6
22
4
8
6
9
4
1
7
14
5
2
2
5
18
2
4
4
10
9
11
9
10
11
15
1
3
10
1
13
3
11
3
4
9
8
23
7
2
10
4
12
4
7
6
17
2
8
14
3
1
6
6
9
12
1
3
2
8
9
16
5
2
1
16
2
6
3
7
23
6
6
3
3
7
5
1
1
15
5
8
7
4
13
6
18
3
11
3
2
11
11
4
11
2
19
10
15
14
5
5
5
9
9
19
1
16
10
16
5
5
2
8
8
11
3
3
8
5
6
8
1
15
28
40
7
5
10
73
53
4
2
46
2
10
9
14
3
8
6
2
5
10
10
4
4
40
15
1
29
9
12
2
21
5
22
4
1
4
7
3
24
6
7
2
7
5
1
7
25
7
6
11
1
2
6
1
8
1
15
7
6
5
9
7
1
3
17
1
1
7
8
5
9
13
2
3
4
4
2
20
9
20
6
12
15
11
1
8
5
1
6
13
9
3
17
1
2
4
2
15
1
7
17
6
16
6
2
7
7
28
8
3
17
12
14
3
3
28
5
3
11
7
2
1
20
1
1
18
19
7
5
2
4
1
8
2
8
3
21
5
10
1
1
2
21
3
17
9
2
3
6
11
10
5
6
12
1
42
5
3
8
1
12
4
10
10
8
6
4
13
2
4
9
2
5
2
1
3
2
24
11
5
1
5
9
4
7
1
48
2
2
2
3
1
9
17
2
1
9
13
19
35
4
5
20
22
4
7
6
7
5
3
1
6
2
4
13
24
37
11
1
5
9
1
18
15
11
3
1
11
6
2
4
2
11
5
2
1
3
10
3
16
1
25
19
21
7
7
18
6
5
3
9
7
5
7
2
5
1
18
5
9
12
19
2
13
1
9
4
2
11
2
1
3
21
10
8
4
8
4
9
19
11
3
8
3
4
3
2
28
7
18
5
8
1
1
11
8
1
7
15
3
11
3
8
9
6
5
2
9
8
5
1
12
2
3
27
17
2
2
3
2
9
6
1
19
1
8
4
6
5
21
10
4
1
20
5
5
3
4
2
22
4
11
8
10
2
6
16
16
9
4
1
5
2
14
1
6
4
1
4
2
4
14
1
22
8
18
21
4
1
6
10
23
4
4
11
3
17
3
15
5
15
3
10
4
3
2
7
12
7
16
15
19
2
5
13
1
6
4
1
7
9
3
3
11
12
2
11
1
3
6
5
24
10
28
4
1
5
1
3
6
16
11
1
8
15
46
2
3
8
14
2
4
30
10
2
1
5
6
23
14
2
7
11
6
2
6
12
1
6
1
5
8
17
2
9
8
2
7
7
21
23
8
2
13
7
20
8
3
19
7
8
16
23
2
1
6
4
27
21
9
1
10
9
4
2
7
11
5
3
1
1
1
6
4
12
1
18
11
7
5
3
8
6
18
6
10
13
11
8
2
11
6
9
4
6
13
7
1
10
11
4
28
7
60
2
8
1
9
5
2
1
1
3
12
3
13
4
43
3
1
35
6
7
6
15
1
1
1
5
10
8
9
1
6
1
7
6
8
6
1
13
5
8
9
4
5
1
10
3
8
9
2
19
3
21
5
18
2
10
1
13
1
6
9
7
2
1
16
14
1
1
1
3
13
7
7
16
4
14
5
3
7
7
6
1
5
2
9
8
5
2
6
27
3
7
16
18
1
5
7
6
5
14
5
4
7
8
14
6
7
15
12
15
11
2
4
2
1
12
9
1
11
7
14
3
1
10
21
1
5
7
7
2
8
8
2
1
1
10
7
14
11
2
2
20
1
1
1
3
9
23
10
2
14
2
2
9
12
2
13
9
3
1
13
2
3
1
6
1
23
18
17
10
2
6
1
9
9
23
26
6
7
9
19
2
2
11
7
1
4
5
2
7
15
10
6
5
19
14
5
5
12
5
10
13
2
5
7
13
19
7
14
25
5
4
5
14
16
3
19
5
3
5
9
6
5
5
7
19
10
12
12
10
5
1
8
6
8
4
1
1
2
12
8
2
7
11
1
1
7
12
2
5
3
6
32
2
1
4
11
13
6
8
3
4
1
5
2
8
5
4
4
10
37
11
5
5
4
1
1
11
13
5
12
9
6
6
23
2
6
34
9
1
6
5
3
22
19
39
1
8
4
3
12
9
1
6
9
2
5
18
1
9
4
2
2
1
15
8
2
17
5
13
22
12
2
6
2
24
14
7
4
3
10
2
2
10
16
2
