4
6
1
2
1
6
15
3
13
2
2
2
17
7
1
7
3
2
2
5
1
5
3
3
3
1
6
7
3
1
3
1
1
1
4
10
5
2
7
1
5
3
4
2
15
1
3
1
11
5
6
5
4
9
2
8
3
5
1
1
5
9
8
11
2
1
1
1
1
10
1
3
1
2
1
1
3
9
2
2
2
8
5
3
1
4
5
4
2
1
1
2
2
12
1
3
2
4
3
1
2
5
1
1
1
4
3
1
1
2
1
1
6
1
1
7
6
1
23
1
3
1
2
2
1
4
4
9
2
1
2
6
9
3
1
6
2
1
4
1
3
2
1
2
5
3
4
1
3
4
1
1
6
1
10
2
2
6
2
11
6
3
1
2
7
2
7
1
2
2
1
1
9
8
1
3
3
4
2
14
10
3
6
3
1
1
1
1
1
2
3
3
15
4
5
8
2
7
1
10
8
3
1
5
1
4
7
15
1
9
3
3
2
5
3
1
3
6
1
8
6
3
3
1
1
3
2
2
5
3
1
1
1
5
4
1
4
1
4
5
1
4
3
5
2
1
1
6
4
13
1
2
2
3
9
2
5
10
1
4
8
1
4
9
8
4
1
8
2
5
1
1
1
3
2
3
4
2
5
4
4
3
2
7
2
4
1
5
4
2
3
2
6
2
2
4
4
1
2
7
2
7
1
6
4
1
3
5
1
15
2
2
10
3
3
2
1
1
1
3
3
3
2
1
2
6
3
11
1
1
7
6
3
4
6
16
6
4
6
2
5
7
2
1
2
4
8
2
1
4
2
4
7
4
3
1
1
3
1
1
1
6
1
1
6
4
1
2
9
2
2
1
6
1
1
4
2
2
11
3
1
4
1
8
2
5
5
1
3
7
4
10
4
3
4
1
2
2
7
2
1
1
17
2
5
5
7
9
4
2
2
25
3
4
2
2
6
4
5
2
1
2
2
1
1
5
9
1
1
3
8
3
3
6
1
2
3
3
1
2
2
4
3
2
1
4
3
3
3
1
3
1
1
5
5
5
1
1
4
3
22
3
6
1
2
4
1
2
5
2
7
8
2
1
7
1
1
8
10
2
10
4
3
5
2
8
3
4
1
10
1
3
5
4
6
1
1
7
1
5
1
3
21
3
4
2
3
2
1
2
1
4
10
2
5
3
2
2
2
3
5
1
1
5
4
3
5
3
1
1
4
1
5
1
1
4
1
6
2
1
3
4
1
3
3
3
3
3
1
2
5
7
2
5
1
5
15
2
5
7
6
3
7
4
3
6
4
2
4
1
9
1
1
8
2
1
1
2
5
9
3
6
13
1
2
1
1
7
16
4
3
2
1
3
14
8
3
1
2
1
11
1
6
4
4
10
1
1
5
1
4
2
3
2
2
5
10
32
2
4
1
3
3
9
6
1
1
2
2
4
3
5
1
2
3
1
2
3
9
2
3
12
11
4
5
2
3
8
7
6
1
4
3
7
1
1
4
5
2
9
4
1
2
6
1
1
3
8
1
1
3
3
4
7
13
2
7
2
12
2
2
10
2
1
12
1
7
5
2
13
3
4
4
1
1
4
3
10
12
1
1
1
5
3
17
3
7
4
1
5
1
2
2
16
1
1
5
11
2
8
9
6
2
7
1
4
2
4
1
2
1
3
8
4
2
3
1
3
4
2
4
8
1
8
2
2
4
11
8
1
2
4
4
6
1
17
4
2
1
5
1
2
30
2
2
2
7
3
1
11
8
4
2
1
1
10
8
1
4
1
2
2
1
9
2
4
3
1
2
12
6
10
1
3
3
3
5
2
1
11
4
2
3
4
2
1
1
8
11
2
3
1
5
3
2
3
1
3
8
4
3
6
1
3
1
5
2
10
3
3
1
4
6
2
3
4
2
6
6
5
3
2
5
8
4
4
2
2
7
17
14
11
5
8
4
5
6
1
2
13
1
5
1
5
5
1
3
1
3
1
3
3
1
2
4
1
4
7
2
3
5
3
2
3
3
2
2
3
3
11
3
3
3
3
10
1
2
1
4
1
2
2
5
8
4
1
1
6
2
2
5
4
1
20
1
3
1
16
3
8
1
1
5
2
4
4
3
1
13
3
4
4
1
1
2
1
3
3
5
2
1
1
2
1
1
1
1
8
2
2
1
4
2
1
1
4
1
1
4
7
7
1
4
2
3
8
2
2
5
3
4
11
2
1
6
1
2
5
1
8
1
1
1
3
1
5
11
5
2
7
2
2
2
10
1
6
1
5
2
18
