6
13
11
1
4
8
3
11
20
8
1
7
3
3
12
7
22
28
5
7
3
13
12
4
4
18
5
20
16
5
10
3
12
28
25
1
16
2
3
10
5
17
6
2
13
9
5
21
9
3
12
23
23
2
3
2
40
18
2
18
12
2
36
10
4
1
1
5
11
9
13
5
6
18
7
4
5
4
3
45
3
19
1
14
5
14
7
3
34
6
1
1
13
1
32
6
14
23
10
22
18
7
1
47
17
25
1
6
46
8
19
7
6
11
11
37
4
7
9
2
4
9
22
13
1
18
9
18
4
3
43
3
12
7
36
13
22
15
1
14
18
31
15
3
1
11
17
1
4
5
15
24
5
3
8
10
3
11
16
13
22
10
33
8
2
28
11
17
29
4
4
55
7
36
3
25
14
28
2
18
2
39
52
11
14
6
10
18
19
9
10
1
7
12
17
6
5
4
14
37
6
2
8
7
2
33
55
11
5
10
10
25
2
3
36
5
12
9
2
24
12
23
1
27
30
20
15
7
8
13
2
13
11
22
2
19
6
18
8
38
4
5
14
6
43
13
2
9
38
11
8
9
11
7
37
19
2
7
10
10
5
27
3
30
4
6
1
18
19
12
4
3
34
13
10
15
3
1
11
5
6
27
21
3
11
24
29
18
21
8
9
9
4
27
9
2
22
14
12
5
12
8
55
23
3
40
14
20
5
16
12
10
11
5
6
47
29
24
5
21
25
5
8
19
16
12
19
6
7
43
5
7
18
2
30
2
2
4
17
13
19
4
14
22
23
22
5
5
16
4
38
13
14
17
8
32
36
6
25
12
7
38
10
16
5
4
14
1
64
11
26
5
4
8
3
7
11
47
6
10
5
4
3
11
7
15
6
11
17
13
6
4
3
14
2
1
1
19
31
4
53
5
8
13
16
7
12
11
6
54
11
4
8
17
6
5
35
1
9
36
4
42
6
1
13
22
8
5
5
22
12
12
21
22
37
11
10
4
16
6
10
16
2
7
10
1
1
5
5
98
26
11
5
1
21
55
11
1
2
23
1
23
6
8
2
1
7
10
25
21
5
5
1
4
41
5
3
2
4
9
2
12
11
5
1
3
2
2
12
14
11
31
22
23
3
23
4
36
15
6
14
18
44
2
12
6
79
3
6
49
13
18
8
16
21
2
2
42
48
1
3
32
7
9
2
2
5
14
12
12
10
62
24
19
3
2
3
23
47
2
2
12
5
70
32
3
11
9
18
27
39
8
3
39
40
37
32
4
27
8
7
3
5
7
18
16
1
5
29
22
27
4
1
15
2
5
41
31
21
8
13
9
3
7
27
18
12
20
7
5
14
11
32
3
24
29
8
7
12
24
2
3
1
36
57
28
1
14
39
16
19
13
21
5
9
10
2
42
2
14
14
1
5
20
11
4
7
15
6
123
7
15
13
2
11
13
5
86
1
4
19
22
2
7
2
7
5
27
1
13
14
13
30
11
9
11
29
2
43
2
14
3
20
6
11
3
6
19
9
12
9
54
17
6
7
1
3
2
5
5
3
7
15
1
12
18
25
45
18
10
12
18
2
42
15
34
12
5
39
12
16
9
7
15
7
10
9
10
4
10
5
22
13
16
2
17
8
22
20
8
2
22
7
24
16
6
7
23
2
8
6
21
24
18
26
11
34
2
4
33
13
10
3
26
16
5
36
5
7
4
46
10
9
2
11
25
21
14
52
27
4
1
1
11
39
7
14
20
34
2
11
42
18
135
10
14
7
31
10
4
33
26
41
2
2
8
21
7
7
1
11
3
12
3
76
12
14
26
26
7
25
8
1
13
1
9
25
13
20
33
1
16
5
7
3
23
7
8
44
46
16
45
6
3
25
29
19
1
4
23
2
1
5
9
28
33
56
11
2
18
11
23
19
9
5
8
13
1
3
2
33
19
6
4
11
14
18
7
19
4
16
6
2
2
1
2
5
9
21
1
2
10
10
2
39
25
14
3
8
22
8
14
38
51
3
12
10
17
6
15
43
1
14
4
32
30
40
14
27
14
78
8
6
16
26
18
15
9
31
1
52
6
11
27
3
17
28
16
17
1
1
13
5
10
14
14
2
5
10
13
5
45
10
2
3
2
22
9
18
9
27
41
4
9
5
10
5
4
2
22
23
14
1
15
31
12
6
9
8
17
6
12
11
21
17
17
55
33
13
1
36
1
1
4
14
18
1
5
7
12
32
2
53
54
23
1
5
9
5
15
6
17
29
15
17
15
12
8
7
4
