2
11
2
7
26
17
20
15
25
6
34
52
40
10
64
44
47
53
54
32
78
70
40
93
11
76
3
83
81
104
12
54
89
70
92
104
11
93
65
54
27
74
17
76
16
116
9
2
126
30
80
5
74
132
151
46
69
76
166
71
168
242
149
96
132
161
81
185
3
74
49
35
83
128
158
233
103
2
114
118
185
218
209
56
160
171
5
272
108
8
68
29
205
270
2
113
160
251
20
27
78
10
146
247
35
89
128
171
70
9
213
106
55
89
65
4
92
227
335
150
269
354
68
31
133
35
342
216
29
31
136
111
6
293
363
75
21
47
70
106
314
213
107
112
245
28
336
309
391
2
60
247
45
74
64
5
17
2
206
53
184
180
28
113
32
110
87
15
6
16
168
40
87
62
185
58
62
118
450
79
71
102
95
59
211
32
68
57
182
135
117
155
10
229
110
40
264
20
161
133
17
183
333
54
11
76
26
80
362
11
129
335
7
171
47
58
136
255
170
101
98
77
143
36
97
94
27
180
97
129
218
21
30
295
48
228
20
126
144
199
121
141
26
107
401
90
398
50
2
52
45
94
157
51
121
3
103
149
60
228
59
197
180
104
51
213
35
108
222
67
504
192
149
21
30
56
33
38
45
108
76
157
3
198
76
79
343
172
179
416
147
31
23
131
81
16
298
14
9
17
139
61
13
174
122
90
261
151
109
4
22
494
56
123
29
297
65
65
22
123
5
150
89
107
11
189
325
261
100
348
81
313
438
332
392
190
778
141
31
33
11
482
35
41
73
99
246
27
116
295
53
541
118
72
36
218
2
156
184
340
35
97
38
62
151
98
84
54
43
14
16
18
54
80
43
130
34
104
285
87
6
60
4
42
264
75
27
176
70
18
156
125
178
37
111
27
2
349
116
276
427
78
190
264
132
44
6
238
53
14
23
69
308
67
87
2
71
140
146
13
47
268
47
102
71
97
50
369
112
101
31
166
175
140
8
186
286
78
92
30
11
91
95
97
36
16
68
358
91
118
285
172
207
65
80
91
442
122
170
15
138
69
74
70
56
60
8
193
14
218
57
68
110
398
254
95
199
127
2
149
253
49
85
71
39
12
160
46
4
100
202
96
107
119
34
67
79
276
94
227
67
128
49
95
433
453
35
57
130
291
124
46
358
117
128
243
445
136
90
12
130
199
39
52
124
951
223
87
111
7
216
68
17
9
121
216
70
2
158
39
23
194
314
221
406
53
205
144
57
120
70
41
78
223
28
65
22
77
3
5
20
10
61
84
18
45
67
155
104
150
243
84
55
25
173
50
25
160
67
313
37
4
15
195
30
134
129
355
43
14
256
78
59
10
174
538
91
28
5
78
129
70
30
246
14
25
46
8
210
78
164
291
5
30
89
347
141
49
411
185
51
57
37
242
56
92
476
45
10
230
161
70
26
56
32
11
263
48
77
23
411
138
239
113
82
58
64
68
72
12
143
68
69
770
187
60
24
554
48
87
244
41
151
28
537
116
157
208
195
194
50
109
49
104
37
106
77
102
353
441
4
261
144
52
456
224
77
75
246
26
184
192
171
317
34
78
22
207
111
136
19
87
137
235
20
204
139
137
12
53
193
8
76
114
142
27
189
337
61
33
15
35
142
240
95
276
226
310
35
50
48
122
96
145
28
15
129
133
82
12
147
94
82
147
67
72
2
362
76
169
19
83
203
165
268
34
101
37
104
74
129
85
141
160
10
92
23
607
272
24
16
165
124
118
188
11
493
2
47
284
164
197
151
168
154
288
24
3
291
30
23
67
63
177
66
255
187
99
192
87
137
2
291
12
98
112
44
116
36
53
9
76
247
246
49
9
33
8
54
97
110
54
32
166
216
70
6
7
94
302
194
49
438
234
385
42
182
88
46
31
98
65
113
40
130
37
46
32
167
336
359
140
15
96
79
147
45
43
368
52
66
157
12
83
55
37
85
52
21
292
104
2
45
62
23
35
123
35
46
516
59
23
105
53
48
117
280
42
90
119
80
280
14
32
34
289
132
137
83
537
105
111
90
122
325
124
85
79
30
219
79
10
136
36
72
218
77
170
80
36
161
83
76
108
19
28
49
154
87
139
44
15
200
13
91
344
17
60
82
521
75
29
159
77
118
196
18
69
65
59
292
254
390
101
14
56
151
99
110
13
26
216
58
106
23
55
53
2
247
5
88
204
42
111
347
9
63
47
398
12
70
73
63
382
73
4
85
179
107
58
169
79
343
2
59
81
128
125
209
45
66
329
63
223
49
47
56
48
52
85
383
79
27
87
58
122
197
71
30
315
86
84
57
130
173
265
272
57
43
174
19
36
101
68
46
83
293
55
101
14
173
188
31
230
66
85
9
159
235
5
155
370
41
265
160
78
73
33
97
8
19
88
41
77
12
182
261
217
326
51
62
91
87
54
35
4
32
130
39
121
204
231
88
124
10
176
129
38
56
182
51
16
27
9
57
48
106
239
25
167
49
10
36
347
12
111
178
89
35
36
21
141
135
7
12
443
10
2
374
26
122
2
114
43
161
108
64
142
90
62
69
258
22
203
3
72
113
22
75
130
16
301
12
79
180
39
243
191
75
9
106
83
157
648
376
87
230
29
268
44
60
30
28
90
110
197
35
44
48
283
229
115
2
71
86
164
34
252
160
168
258
45
70
13
9
254
122
524
22
502
64
8
41
230
122
31
58
78
35
21
385
57
441
295
73
57
30
60
35
49
22
92
175
113
272
41
34
177
362
138
10
26
64
78
139
5
241
107
129
24
75
17
158
288
23
250
51
21
268
95
217
13
214
25
58
337
106
156
345
106
41
38
118
157
129
404
5
165
28
196
43
2
364
17
128
177
95
120
68
43
75
83
77
232
115
43
14
41
5
144
164
2
107
374
140
171
16
468
48
87
155
152
425
143
109
58
66
95
10
42
174
37
50
65
300
74
48
257
65
156
389
165
33
2
383
11
99
82
3
220
77
66
73
100
48
32
29
15
186
267
44
153
146
133
100
172
83
280
427
81
76
186
63
31
8
152
162
244
324
313
98
18
267
98
405
153
266
65
4
129
128
158
22
117
244
275
146
61
415
149
151
202
45
78
69
59
97
252
30
74
114
81
473
43
16
3
162
80
205
90
223
127
26
69
26
259
241
21
46
98
131
74
26
349
37
316
215
202
125
57
50
2
222
163
419
122
68
150
2
166
395
207
87
90
27
112
147
87
31
68
20
13
32
180
109
272
11
205
204
297
36
30
129
15
16
92
160
133
32
39
345
71
26
317
18
188
13
85
239
384
234
85
102
130
136
17
102
121
67
41
154
16
68
44
34
81
59
27
152
216
413
7
216
133
146
63
38
142
108
5
61
112
82
107
66
202
65
115
2
142
215
57
137
59
47
75
87
98
12
24
4
10
107
300
549
41
66
249
29
20
36
261
134
118
32
87
131
80
7
42
235
31
206
309
314
222
24
129
276
66
118
422
63
267
32
273
222
197
19
24
7
69
29
31
257
76
209
33
62
29
194
4
17
20
104
32
68
85
130
4
45
32
2
154
107
45
66
27
22
235
252
80
127
142
43
362
120
78
31
57
96
314
89
113
30
26
146
473
152
143
33
42
42
25
96
176
331
105
16
27
179
24
81
86
8
78
18
136
348
216
2
108
88
78
15
252
4
186
39
32
99
133
55
125
66
465
164
2
56
45
107
34
55
66
28
22
36
26
21
103
92
182
69
39
276
102
378
104
106
218
29
81
2
175
148
57
111
216
164
91
74
53
67
25
221
16
42
46
126
34
180
215
200
124
408
245
51
79
539
120
103
2
204
123
198
22
68
118
453
107
158
200
236
21
28
51
49
99
107
345
13
2
61
77
31
181
86
64
82
147
6
28
84
57
19
62
61
167
152
86
6
145
43
66
111
291
117
197
46
32
69
166
124
167
69
218
58
14
119
12
58
9
56
235
6
53
161
109
153
173
5
73
77
12
202
143
155
442
84
90
128
47
58
295
16
49
112
169
16
216
188
20
65
20
117
23
79
129
40
28
35
85
121
207
295
147
268
16
141
268
279
41
16
339
53
80
53
135
46
50
41
218
21
24
40
286
2
535
137
70
282
44
38
37
40
64
74
169
33
5
514
45
213
31
169
7
88
120
50
71
229
132
45
82
158
145
110
113
248
180
92
65
55
41
106
70
130
89
50
36
10
6
69
248
128
249
202
36
47
265
144
145
90
141
5
73
112
69
60
550
4
116
232
61
11
152
142
61
44
41
75
29
85
16
132
181
37
49
33
207
91
106
2
318
43
18
21
370
167
83
20
39
316
79
155
173
243
260
226
40
163
59
207
96
82
26
112
34
83
44
246
146
162
226
106
110
69
67
62
150
245
35
22
23
40
57
14
36
42
436
6
323
24
18
189
89
60
92
28
161
152
10
44
33
16
298
210
36
110
32
23
103
174
116
380
66
263
184
2
99
141
207
87
183
142
51
84
17
81
25
132
360
42
23
59
9
106
43
320
144
5
91
300
49
98
5
225
103
123
203
36
135
258
85
28
7
79
77
155
279
80
83
67
19
288
171
480
88
133
11
249
159
162
43
321
27
85
240
121
39
18
11
129
88
97
266
27
53
159
10
38
241
91
184
77
303
158
150
144
85
12
430
163
8
206
74
4
2
352
50
264
132
231
127
31
36
65
31
61
152
24
44
182
189
2
173
225
42
193
38
38
61
57
15
58
14
24
296
85
45
3
27
61
50
41
33
54
208
270
19
5
131
155
100
221
64
101
81
76
31
119
10
62
867
206
129
113
119
19
3
145
216
21
18
403
371
48
28
267
94
140
5
79
102
128
34
6
291
197
8
83
2
243
132
93
123
269
143
119
117
289
175
9
215
243
123
233
106
23
2
26
94
197
72
68
84
73
29
65
381
4
11
48
311
96
193
46
19
347
73
150
71
10
296
102
30
66
284
18
167
307
144
75
38
102
2
65
62
108
219
3
4
45
8
89
297
41
150
61
276
159
33
63
39
34
154
14
224
43
41
56
115
37
55
41
113
6
133
2
161
75
9
164
106
4
212
356
154
227
317
52
23
28
78
149
168
207
396
7
364
5
291
121
101
64
2
6
51
49
577
78
164
63
50
121
333
153
26
4
119
143
284
176
482
5
22
61
149
501
88
116
84
83
138
105
138
56
261
66
69
14
221
20
38
58
130
189
368
14
263
79
8
258
164
23
13
128
108
27
85
3
106
222
169
95
59
164
263
56
192
190
80
3
201
54
118
32
112
51
295
85
39
5
52
42
59
175
286
252
91
79
51
67
132
18
247
749
131
103
241
135
50
116
193
301
2
4
66
204
46
145
209
64
30
82
88
140
14
89
276
27
137
119
19
189
106
132
210
62
22
182
146
58
126
121
14
288
11
3
23
342
26
95
199
2
100
7
13
78
11
268
95
136
104
4
30
20
93
291
9
89
92
485
241
180
91
112
33
284
139
60
2
234
174
14
19
59
83
118
51
2
95
134
109
87
30
22
53
190
2
671
54
88
2
197
88
146
82
346
163
58
82
84
101
5
219
154
172
81
13
200
125
32
170
106
62
98
280
396
64
91
376
519
174
265
259
168
133
67
6
231
68
95
7
277
24
3
140
296
176
100
160
179
65
26
37
75
62
130
23
46
121
91
7
35
114
96
219
68
22
65
133
56
115
118
58
53
357
6
546
83
42
10
24
52
98
70
81
124
113
120
32
44
20
47
43
222
38
267
107
195
29
212
333
41
127
50
82
245
210
159
10
219
22
622
92
107
699
251
190
24
117
420
78
217
204
57
53
287
28
626
51
115
42
117
19
92
140
38
14
49
80
30
80
63
145
33
44
246
47
111
18
286
70
46
5
58
71
190
72
58
2
266
242
4
37
43
57
79
240
96
72
75
86
75
35
66
204
25
32
77
126
123
33
167
128
90
47
78
16
38
20
69
107
197
93
69
254
68
59
243
76
6
56
380
68
208
196
106
54
87
140
68
70
163
160
8
110
158
23
169
274
68
171
54
33
31
118
54
29
139
50
223
323
184
5
28
30
14
61
484
99
110
189
12
40
94
16
125
177
288
128
135
442
32
119
348
68
185
76
168
113
176
478
114
173
421
261
77
189
52
57
11
349
65
148
123
98
84
22
154
32
172
36
215
54
68
27
28
52
8
302
226
245
41
150
6
80
6
58
28
90
580
141
142
3
199
38
143
261
143
7
143
7
164
70
166
255
28
119
211
247
159
125
122
166
105
139
119
31
349
65
15
562
123
141
230
223
119
79
157
158
55
66
41
224
120
84
26
85
131
9
2
124
19
148
268
219
22
47
7
173
98
312
142
70
203
175
255
39
71
64
73
48
68
198
15
132
19
30
233
311
339
26
2
227
192
175
15
206
81
101
61
157
99
80
64
104
513
151
87
149
155
9
24
115
128
16
30
123
269
6
237
94
52
55
16
79
36
133
137
89
11
6
98
134
71
259
88
80
124
171
420
139
19
377
5
373
76
176
16
141
112
106
220
63
158
200
131
65
205
53
299
230
85
140
33
63
63
116
28
153
405
47
69
50
100
131
35
420
22
396
131
2
118
20
96
174
42
24
35
66
11
58
57
48
133
199
175
63
233
118
70
55
17
19
47
199
64
191
219
34
185
159
345
565
18
59
64
2
79
83
15
4
90
23
55
295
35
178
432
41
39
81
268
41
36
159
132
59
70
4
33
102
211
57
234
94
8
120
30
176
247
29
82
176
78
114
131
253
63
38
121
305
10
17
70
139
54
26
48
75
129
14
49
164
67
80
8
91
20
162
14
173
224
322
49
265
114
17
153
15
290
131
30
106
2
116
54
102
186
213
139
172
36
210
8
33
228
90
160
183
40
154
118
64
163
50
112
27
67
23
58
184
111
20
47
38
54
31
210
342
113
325
230
36
204
153
93
99
42
57
148
12
191
617
19
157
128
8
155
38
89
102
16
89
4
3
116
189
50
61
31
62
38
117
12
75
64
119
225
263
239
201
44
46
325
77
38
247
157
55
29
241
11
156
252
4
53
29
79
36
5
4
92
260
368
117
23
107
59
186
14
495
115
8
54
407
575
115
122
113
125
25
65
78
130
124
80
330
61
30
31
39
135
78
51
8
62
25
193
179
143
29
246
214
184
80
116
213
46
241
26
70
2
157
109
124
24
20
77
6
6
106
254
233
3
7
49
81
14
656
83
112
133
413
89
197
99
859
37
384
59
178
20
129
12
157
57
230
73
72
26
154
23
5
31
123
285
323
175
39
272
29
116
2
97
30
200
182
153
328
38
39
71
74
60
153
98
180
283
73
2
102
123
188
85
246
63
9
15
211
152
76
35
84
491
222
3
257
22
48
267
218
13
185
57
74
2
49
29
209
102
14
179
6
158
66
80
235
38
36
215
450
165
273
12
248
43
171
53
153
94
87
50
12
126
70
29
185
28
14
95
69
52
12
136
85
23
65
133
186
479
142
164
31
75
201
18
123
225
26
198
65
184
58
164
17
311
287
21
77
26
2
28
59
117
31
94
95
145
414
222
210
81
220
91
121
45
30
162
138
341
127
353
43
73
175
72
53
571
33
23
85
263
24
14
193
113
272
66
230
109
9
59
142
146
41
243
100
11
47
9
119
120
94
143
39
151
47
198
91
90
68
216
98
2
10
60
105
73
325
86
243
113
521
210
6
99
89
310
111
49
2
82
177
148
18
436
314
18
256
33
88
26
11
148
49
34
58
2
64
55
291
306
141
17
193
282
100
680
7
44
18
124
63
148
169
17
417
215
59
248
91
95
30
152
102
61
233
51
233
28
115
260
139
80
60
126
121
11
183
43
43
150
243
47
9
120
19
20
6
61
63
164
341
46
16
105
386
261
219
31
171
61
249
226
283
113
146
14
8
18
184
185
110
168
8
155
24
3
10
633
154
78
9
49
64
152
41
154
4
178
72
117
57
94
59
153
121
182
285
2
184
46
122
17
139
82
191
24
16
58
225
22
170
256
182
76
14
178
31
166
168
65
85
83
112
180
211
34
200
38
212
58
147
14
98
146
200
32
105
59
5
98
57
103
110
86
27
67
22
275
48
207
66
233
26
232
16
127
138
374
34
6
192
191
90
118
10
15
95
264
34
123
78
20
176
257
89
2
270
819
252
177
30
13
12
78
107
24
10
371
249
6
2
42
91
141
753
24
85
105
17
90
132
66
27
48
147
234
62
115
29
59
278
186
126
225
207
97
207
124
2
112
114
351
106
50
155
140
96
82
34
103
13
15
213
2
228
90
268
265
176
123
185
177
61
74
63
79
33
8
91
93
329
243
13
438
371
86
6
6
160
35
207
19
42
16
96
23
312
8
398
58
75
13
102
88
93
78
22
171
7
216
272
144
188
26
102
250
13
36
68
159
154
100
145
14
248
214
71
25
129
248
120
118
70
18
69
242
7
4
200
30
126
292
226
21
65
11
47
96
13
154
45
13
174
341
104
111
138
2
205
35
38
71
34
50
159
152
274
243
268
24
282
52
97
93
16
50
66
415
46
206
54
33
27
203
38
42
49
150
119
51
41
263
144
29
73
73
35
463
196
19
142
130
122
104
88
267
108
624
84
639
64
35
202
29
250
19
24
322
69
54
19
111
153
33
163
80
28
54
18
8
26
121
147
47
336
201
26
88
74
192
58
28
7
13
495
116
51
183
96
12
148
37
192
393
25
32
358
120
133
59
106
4
191
138
27
73
362
676
263
35
57
52
72
392
86
121
104
86
162
25
114
6
47
26
9
118
66
250
49
4
11
94
333
290
82
66
18
20
86
95
149
141
224
116
59
118
78
244
41
120
107
113
90
27
172
78
75
50
31
184
150
29
24
2
33
293
119
79
170
50
123
50
198
35
68
105
219
47
2
37
30
119
27
544
248
162
105
79
277
233
226
230
211
165
145
30
46
186
50
171
99
135
165
18
124
20
23
51
154
154
448
91
85
80
146
77
41
36
5
392
23
30
12
24
120
70
194
42
66
90
71
114
184
50
164
14
449
152
16
78
158
251
221
139
388
90
175
5
200
39
41
85
245
103
57
154
7
53
154
78
168
103
108
219
49
63
76
19
14
19
451
143
92
304
219
33
380
134
660
19
34
29
31
14
34
27
4
404
69
273
6
71
82
161
57
112
12
191
170
313
80
44
32
60
7
168
92
161
70
43
226
214
136
51
341
19
46
596
29
195
199
115
290
219
14
93
435
84
2
67
95
7
13
107
104
109
101
164
227
62
143
205
133
2
557
4
128
125
26
227
203
155
30
338
86
78
86
163
2
13
79
206
165
119
66
23
60
55
56
35
33
36
22
536
124
62
73
25
251
41
2
94
77
129
116
79
461
122
157
24
42
12
13
203
89
8
243
42
136
48
182
81
140
148
70
68
313
29
238
77
174
141
59
32
40
235
102
256
24
24
161
171
20
117
87
307
294
168
32
321
139
30
72
124
117
19
5
228
59
86
9
599
10
27
20
222
294
39
222
35
20
53
557
2
296
13
32
63
61
120
257
64
74
69
19
258
15
131
25
59
470
485
76
123
75
5
291
145
19
230
97
79
271
89
488
122
36
98
13
118
71
126
50
84
319
76
295
75
79
216
41
87
68
19
31
15
427
38
6
57
113
41
291
55
83
193
24
11
54
75
79
4
77
143
232
96
47
307
297
99
22
11
26
164
92
31
90
2
147
48
82
143
116
20
77
11
15
162
187
27
106
24
64
105
140
240
88
358
8
75
188
24
220
122
342
94
99
45
63
54
184
257
472
50
6
105
75
288
17
236
424
56
174
146
265
34
241
66
111
40
140
153
42
34
2
132
16
188
306
61
202
77
2
85
41
65
184
56
32
102
29
69
88
160
18
65
42
137
158
104
478
13
121
68
334
170
108
274
280
2
23
9
14
44
46
16
83
15
337
312
30
132
25
28
4
29
8
352
259
94
128
64
200
202
539
74
184
38
90
8
72
38
155
165
23
90
34
166
36
140
222
35
174
209
392
85
130
160
128
336
199
17
167
2
55
58
85
173
59
161
129
41
154
150
20
103
17
37
233
47
161
171
157
33
121
114
46
205
4
9
490
47
53
56
124
259
105
69
28
198
70
60
14
18
182
331
251
13
110
52
113
43
57
138
26
230
9
118
6
103
69
214
218
34
163
333
163
6
119
265
142
129
158
283
71
2
524
343
56
2
109
29
87
55
32
16
66
101
128
170
30
17
139
44
10
41
17
8
34
69
88
178
202
280
36
4
89
33
69
21
36
50
45
65
2
81
100
98
228
4
125
10
336
22
85
58
44
98
337
2
33
75
76
69
283
220
190
79
224
125
127
254
74
19
61
351
123
397
2
797
133
95
153
250
93
76
309
223
153
17
4
58
135
546
22
122
60
224
64
217
115
8
439
44
2
104
133
2
5
245
45
157
373
33
88
63
97
19
23
84
182
50
210
2
139
123
183
61
83
84
7
5
60
203
232
214
312
145
55
339
41
181
245
75
94
164
95
102
88
182
51
32
2
240
136
261
107
142
227
49
60
5
84
68
14
13
98
310
215
57
65
75
43
128
99
66
28
155
173
27
215
17
47
100
306
155
105
46
223
246
2
9
69
80
36
38
94
269
101
55
83
129
8
112
105
41
75
166
37
55
140
265
306
91
74
64
269
252
329
43
114
75
220
28
2
203
85
11
38
5
58
165
115
18
54
53
190
151
259
70
254
132
64
339
49
92
32
71
61
176
305
80
57
2
77
237
88
26
83
75
76
137
63
154
151
108
165
47
108
114
81
20
15
98
208
222
257
171
70
174
137
27
62
123
61
58
325
80
229
52
4
20
31
87
124
58
149
135
147
80
28
111
221
110
2
13
116
93
68
99
241
47
289
119
96
233
78
32
50
122
89
64
213
93
189
287
151
114
75
195
83
43
223
119
81
157
66
239
115
144
118
75
73
20
282
108
79
35
203
488
185
177
45
69
3
28
97
34
87
678
36
354
74
124
234
185
295
131
211
486
29
2
38
17
114
84
405
437
91
197
69
187
44
371
162
162
351
125
91
79
268
88
10
8
54
122
18
44
90
104
205
58
107
132
136
23
537
93
152
72
88
216
63
211
44
192
88
166
107
140
187
13
295
269
3
155
59
45
28
6
188
7
97
157
55
185
97
220
438
121
25
73
98
93
26
4
32
49
80
117
168
291
27
221
148
50
168
67
184
4
237
36
126
250
130
108
111
25
38
51
210
142
266
130
8
62
365
311
8
180
245
11
14
166
7
3
77
124
93
2
109
229
57
235
19
142
112
4
8
47
137
153
32
157
21
112
40
273
294
34
94
462
138
354
104
371
181
93
42
92
78
114
71
188
88
36
138
372
2
73
141
2
78
52
145
311
145
47
84
126
39
60
153
73
160
211
83
34
97
42
38
119
25
156
38
120
291
8
248
54
112
543
2
178
2
259
26
216
167
267
293
269
73
33
73
5
4
119
27
103
265
41
45
61
219
84
156
46
2
90
119
246
10
130
124
176
53
108
241
29
33
195
9
92
112
82
23
251
30
2
32
14
503
31
2
162
115
129
13
67
15
135
44
239
138
48
71
107
92
158
84
228
75
79
145
135
176
73
55
165
143
259
48
71
315
11
71
71
65
227
236
127
51
448
58
49
82
105
244
166
65
142
242
30
239
123
80
136
29
24
43
89
33
134
159
107
3
184
212
2
75
168
93
130
43
23
169
4
17
115
5
213
57
133
344
76
361
256
71
148
18
9
43
15
140
82
37
54
170
64
87
78
175
101
117
160
39
2
124
18
158
258
24
31
26
229
291
47
90
15
301
159
24
83
19
22
18
318
62
58
24
7
70
82
130
103
509
59
155
52
132
262
54
297
52
34
91
70
149
94
136
12
570
116
271
444
150
199
134
208
46
93
58
58
422
118
39
144
532
217
48
73
151
10
67
290
59
62
108
47
127
195
82
159
226
59
285
234
132
83
126
6
259
339
136
12
52
51
105
270
53
68
54
11
90
72
23
270
234
35
97
86
76
118
178
205
278
169
482
46
154
205
26
87
72
37
89
78
45
95
28
257
187
273
270
626
71
206
47
63
252
14
108
164
76
155
195
171
686
145
374
92
54
39
99
38
284
91
243
17
21
33
143
31
80
47
31
128
90
68
118
52
39
81
24
302
110
28
141
41
136
5
90
26
147
108
23
196
88
136
351
20
46
30
2
14
19
42
123
192
43
35
311
121
53
142
141
345
210
215
110
219
4
56
343
51
235
140
21
132
81
62
299
100
79
396
75
82
24
154
13
64
212
68
100
267
6
31
41
626
204
275
60
115
131
259
49
114
153
113
35
114
87
241
121
156
61
27
68
146
58
204
2
183
82
14
175
62
170
41
154
13
94
63
3
41
103
6
150
109
325
50
37
334
121
48
28
76
7
306
8
58
248
70
47
24
592
49
134
457
69
46
70
48
217
158
11
133
147
231
9
36
46
93
317
118
162
92
33
315
17
113
64
185
10
76
56
17
25
28
225
217
102
156
68
257
213
62
40
69
185
21
161
126
251
302
2
105
30
10
108
155
39
48
18
51
8
143
65
255
351
65
137
70
97
219
12
106
85
32
73
28
91
116
44
53
81
130
160
181
102
41
151
37
209
6
47
163
39
80
86
17
51
269
12
94
455
208
22
141
118
74
50
142
133
129
314
244
143
210
65
180
35
48
239
142
119
9
22
304
281
33
66
57
2
80
55
134
175
99
3
173
61
60
326
36
304
216
118
206
70
87
121
38
277
41
12
42
62
26
126
336
95
38
145
27
52
16
300
90
29
100
3
144
12
163
220
17
118
43
20
116
222
40
153
26
171
42
134
241
30
394
150
21
9
2
15
81
101
12
170
18
58
179
43
347
38
102
25
108
257
310
206
324
464
116
268
46
122
83
143
65
144
2
39
562
167
12
51
64
154
58
38
106
28
3
71
127
438
124
71
326
32
65
217
141
9
130
13
174
15
288
20
122
247
204
2
48
271
25
99
73
3
36
170
15
80
251
94
76
20
409
57
77
22
18
233
59
259
63
23
2
59
86
75
263
79
84
175
26
65
269
102
185
315
258
513
145
12
28
101
235
203
59
116
77
5
130
210
260
157
89
293
4
212
153
157
86
61
4
82
217
113
295
51
60
219
49
2
160
172
122
310
401
144
238
72
76
51
219
376
215
9
139
102
131
364
523
39
86
21
25
125
166
36
165
124
65
4
88
159
272
54
13
131
95
39
14
45
46
16
34
172
87
5
80
164
155
144
26
34
90
25
110
333
176
15
210
43
288
448
459
105
8
31
116
74
54
16
47
7
2
288
272
173
49
87
85
8
63
133
12
42
29
266
21
152
12
22
65
191
25
255
219
71
176
98
125
15
28
318
231
9
78
97
118
10
3
78
2
152
161
213
435
53
19
189
66
212
75
323
47
95
46
49
153
2
42
5
311
217
26
9
366
99
182
46
45
15
16
34
312
7
235
192
6
114
101
247
143
73
146
176
70
106
298
21
86
104
38
45
71
19
104
8
99
105
231
422
108
164
40
63
219
125
224
139
77
37
84
29
73
40
125
68
40
45
41
22
23
59
104
98
75
137
86
197
38
13
48
243
82
244
164
19
96
43
40
410
193
64
9
398
61
252
37
184
122
62
39
247
223
9
47
23
12
96
2
331
153
2
62
112
93
19
124
389
73
137
214
5
77
77
90
384
375
144
181
69
181
196
159
325
78
131
99
13
109
323
194
192
54
29
291
2
357
368
147
257
4
75
59
91
341
73
261
251
429
66
66
152
130
45
162
287
13
27
115
36
19
4
67
161
418
106
113
106
291
56
36
65
8
76
170
152
138
133
34
30
10
173
2
137
28
148
100
315
259
32
122
130
45
61
167
44
70
123
3
122
5
5
25
28
56
50
310
69
112
49
314
154
12
33
188
58
191
78
40
66
124
105
112
144
51
83
265
71
5
377
281
119
82
24
280
59
49
243
16
53
11
11
26
35
29
97
133
39
140
111
87
6
303
9
66
113
52
150
39
114
413
51
309
2
27
177
128
41
70
76
106
179
18
30
49
139
130
537
274
35
83
38
64
107
112
168
185
175
131
122
190
104
139
24
20
236
25
162
177
127
221
187
2
211
6
92
65
125
171
180
55
333
157
4
174
101
18
25
337
167
160
132
33
391
83
125
400
50
214
61
67
61
148
36
124
68
89
20
150
15
14
29
55
30
163
165
38
65
54
144
196
22
155
127
179
157
133
86
583
361
70
334
27
382
35
7
69
93
270
75
311
66
67
119
111
9
57
152
14
49
238
595
194
55
72
227
111
2
87
178
133
86
68
171
204
290
15
157
126
67
39
64
450
15
59
15
127
80
53
60
390
18
120
98
55
41
70
77
128
109
51
98
118
126
32
212
101
867
47
269
114
33
49
202
131
92
15
63
166
86
131
142
184
21
185
22
166
42
21
47
85
50
76
170
87
37
236
30
135
81
19
50
220
127
229
24
126
191
155
244
69
20
67
331
29
25
183
80
2
126
343
182
89
80
79
161
134
210
90
88
27
48
112
109
24
305
142
259
79
161
124
49
3
58
15
82
17
2
43
256
247
102
178
112
37
154
96
128
205
108
239
275
197
8
211
82
142
41
16
23
285
335
55
176
11
84
185
130
197
54
136
61
33
177
392
53
302
68
67
2
192
115
262
12
6
45
557
103
45
60
184
47
91
485
234
254
27
54
381
151
22
99
4
384
110
40
55
70
90
49
132
215
172
97
260
83
105
72
203
122
99
42
73
63
410
218
2
155
557
285
91
78
25
106
411
18
44
57
191
367
40
94
54
3
32
159
4
63
52
133
60
340
25
55
13
645
5
101
52
65
5
73
5
127
113
137
134
169
166
83
17
60
14
305
289
37
406
31
49
174
2
23
90
56
71
68
42
165
136
303
65
32
136
26
259
23
120
151
35
69
47
49
5
120
193
125
390
74
68
223
82
24
97
216
52
25
31
22
58
19
79
139
30
240
263
45
101
73
72
2
208
26
92
79
9
168
359
72
87
80
6
197
54
44
58
318
399
336
24
107
24
271
85
484
40
25
303
213
316
77
78
115
39
130
68
15
60
3
67
24
254
57
11
252
29
42
17
150
84
7
36
167
220
315
66
293
55
14
32
51
158
270
20
66
103
59
11
286
138
181
53
2
2
319
110
60
283
86
48
14
38
51
9
117
499
24
92
73
28
60
67
57
120
46
3
5
100
184
159
197
121
195
4
75
170
118
101
29
100
133
283
19
24
88
83
2
31
471
390
118
35
59
129
7
228
132
176
358
456
21
99
193
57
140
3
650
105
17
106
103
312
60
159
91
35
125
383
20
52
83
146
127
76
41
160
61
5
359
114
152
265
96
150
365
65
427
86
31
61
393
129
127
48
38
53
65
23
108
28
5
114
125
213
223
88
152
74
33
76
7
28
196
27
259
310
93
2
396
15
86
97
154
26
226
49
122
83
52
21
716
94
39
150
11
302
177
207
127
148
60
172
90
93
47
345
95
4
146
106
30
381
108
177
44
166
69
108
121
36
132
104
50
53
60
93
27
49
90
3
63
124
135
216
115
90
32
162
296
84
86
64
39
198
18
679
134
19
92
49
281
223
90
83
126
230
218
28
225
40
171
63
153
90
142
12
42
71
31
180
52
39
2
26
11
32
302
79
74
447
280
229
101
208
88
93
209
16
212
34
325
231
42
473
38
185
370
48
293
164
128
69
246
134
192
38
68
33
319
7
147
130
85
223
44
52
47
246
12
93
33
145
195
58
126
350
92
36
47
16
711
171
23
128
35
144
494
180
84
43
49
383
83
43
181
4
55
54
430
358
126
179
186
48
125
201
53
107
241
49
92
3
35
274
91
100
292
198
168
16
258
78
38
63
150
2
17
53
190
197
245
38
42
67
179
100
256
58
45
21
69
58
121
59
68
18
127
3
134
109
138
56
189
144
74
306
230
25
117
42
61
64
30
160
9
102
3
15
98
161
29
8
25
11
45
71
464
124
274
293
78
50
138
56
80
25
52
143
69
213
212
60
40
380
117
86
60
46
3
207
58
38
58
39
16
147
84
170
360
178
2
68
15
123
24
107
38
116
345
91
5
58
75
100
91
63
47
20
94
11
109
132
123
81
39
183
79
204
80
94
76
147
102
87
6
29
78
187
379
81
28
225
192
353
38
60
71
174
16
111
101
160
44
225
43
110
144
480
56
79
178
139
86
208
84
121
84
3
225
6
53
164
49
45
145
114
113
144
55
36
232
429
387
58
63
294
10
6
132
46
54
44
59
38
299
32
373
47
55
345
54
26
21
13
45
36
92
178
24
54
22
101
93
122
6
77
344
120
263
72
95
78
107
299
90
78
29
159
32
54
154
524
71
25
92
86
17
75
54
88
82
81
4
160
288
497
19
29
42
160
67
188
133
145
98
48
71
92
461
173
185
99
70
504
46
70
130
52
507
230
89
2
2
415
424
4
52
91
64
63
477
84
266
90
182
35
143
2
107
298
83
18
609
7
360
145
58
294
282
130
14
33
139
31
163
7
268
293
172
52
92
319
123
101
201
4
16
251
132
48
201
79
516
75
153
20
65
187
118
113
212
201
167
25
120
73
192
450
99
90
10
27
113
29
31
36
394
36
168
49
34
36
139
14
16
236
25
28
65
38
54
102
118
243
120
38
27
88
45
41
90
14
81
287
134
218
325
93
351
2
431
18
21
140
19
197
9
29
68
73
43
28
101
200
79
104
64
17
25
81
117
23
297
42
96
202
90
106
76
115
63
290
77
147
25
54
11
269
303
225
74
215
118
247
91
45
272
161
598
147
291
4
97
259
36
477
121
101
145
67
151
83
86
109
152
148
60
78
36
545
68
198
185
288
75
179
76
121
55
157
20
322
265
8
152
105
88
172
123
56
91
237
24
285
143
161
39
55
110
113
204
261
14
278
198
85
343
131
88
2
17
9
88
312
9
64
140
150
18
2
308
22
57
237
132
45
81
12
124
260
36
34
110
324
112
177
142
267
161
17
297
579
72
55
130
70
211
176
103
119
70
85
177
129
413
39
62
67
29
8
138
200
324
35
2
15
78
132
39
2
19
101
132
77
22
13
56
62
25
96
354
3
84
137
90
92
310
92
107
113
36
17
81
115
67
133
53
157
28
123
130
151
179
56
60
18
25
16
8
57
103
27
177
195
35
37
222
250
65
57
119
28
156
97
206
72
46
324
169
153
68
6
108
165
98
429
17
181
219
13
142
88
315
168
45
201
163
127
285
276
3
285
175
166
12
81
76
210
323
70
59
125
136
276
177
34
345
62
18
144
81
351
131
11
202
170
31
152
77
90
290
301
66
79
294
124
74
158
87
77
13
12
87
165
6
152
3
211
318
68
11
77
154
58
33
70
44
199
66
38
10
56
515
211
188
226
238
85
88
285
236
69
115
88
45
44
8
326
88
169
35
33
175
77
378
34
427
19
258
345
194
56
11
22
38
47
45
48
295
188
57
158
14
114
52
275
314
25
7
17
2
92
173
84
46
113
49
11
44
118
80
192
2
13
86
2
91
19
50
78
29
118
116
227
70
67
31
231
69
201
54
174
94
137
217
75
279
103
219
39
45
112
33
259
61
24
41
209
36
223
77
16
163
196
143
134
163
66
95
28
107
163
78
55
122
117
47
97
25
107
157
347
97
252
62
149
94
4
95
2
22
240
63
87
26
10
70
37
68
469
27
77
8
33
166
80
52
63
134
81
11
77
277
89
60
158
73
164
105
32
208
5
62
64
69
64
11
85
353
38
8
18
147
239
124
66
121
75
67
4
67
16
6
30
164
262
11
210
189
252
65
23
16
248
9
324
107
41
49
131
21
192
47
85
41
302
405
50
177
172
8
2
10
191
32
86
193
111
170
147
50
104
27
60
92
17
53
73
112
25
80
12
60
98
65
213
19
90
38
14
49
211
204
27
24
176
58
3
2
67
75
2
13
103
52
322
91
9
75
271
106
100
69
358
188
56
36
194
75
268
93
247
107
6
128
39
204
137
84
164
385
151
37
158
118
95
95
156
5
67
179
33
108
146
125
77
2
12
408
11
27
96
20
58
157
134
348
89
107
117
75
24
37
363
27
201
43
185
154
79
2
131
73
18
91
180
170
120
186
103
159
314
72
197
5
286
219
81
26
72
186
40
600
119
327
50
234
330
5
29
186
84
198
88
17
108
259
169
149
269
267
159
70
464
169
59
144
56
96
378
67
265
52
67
80
3
162
82
65
83
373
195
87
295
173
207
466
43
202
157
3
369
140
25
36
150
140
127
21
11
36
131
5
321
66
357
23
45
454
110
5
21
59
20
228
39
161
82
11
62
92
78
71
182
34
128
3
98
87
117
18
106
7
314
2
256
84
93
48
220
16
78
231
4
199
225
192
108
39
451
12
832
88
102
185
83
18
74
269
18
158
23
82
137
11
23
262
43
114
105
429
57
224
33
122
172
65
395
208
81
129
321
173
30
226
256
210
94
54
173
11
236
113
59
233
148
178
83
220
371
194
165
98
54
150
72
53
19
138
234
54
56
361
97
27
26
60
57
32
25
93
136
133
28
122
13
165
487
665
111
75
34
76
105
53
47
36
36
293
146
93
48
247
470
59
56
486
92
38
140
123
7
94
462
202
150
480
45
72
108
197
90
49
109
62
27
242
63
69
358
174
122
155
33
91
8
70
256
49
330
54
182
105
75
99
12
27
2
134
63
412
255
588
26
45
40
375
148
29
280
5
14
4
38
269
90
139
74
19
337
167
69
181
6
93
27
54
97
82
12
31
210
93
42
112
105
6
338
81
108
228
340
50
245
171
103
111
9
102
10
234
59
337
47
59
25
133
184
46
122
163
9
135
351
191
196
405
252
129
71
22
93
103
179
45
62
66
87
62
9
63
71
12
57
171
75
45
2
153
173
66
126
55
79
173
38
227
2
152
88
65
87
39
67
68
132
71
77
101
41
61
241
34
43
46
174
43
188
88
135
35
11
214
188
124
7
27
239
12
179
3
62
18
26
164
64
12
68
135
108
40
325
350
135
23
47
244
94
69
91
465
254
76
51
53
175
16
46
4
59
64
369
26
153
3
286
677
370
62
364
85
36
4
292
477
61
388
82
48
23
90
624
354
164
25
67
219
286
134
191
55
349
44
118
13
378
206
210
82
81
12
3
136
29
21
18
72
233
35
263
87
34
131
115
323
161
40
63
25
121
82
110
168
4
165
288
2
166
50
91
20
77
19
172
47
15
121
20
20
494
90
6
89
522
13
86
155
18
61
103
102
11
29
39
35
62
122
475
150
120
10
103
389
30
48
136
41
92
9
2
32
65
34
199
68
147
59
9
26
174
23
280
127
25
12
15
130
72
109
172
75
132
57
396
148
59
36
90
269
5
81
22
62
94
119
427
175
268
59
39
16
190
55
151
127
157
117
81
40
111
83
85
174
2
60
78
619
114
263
40
104
7
9
129
27
94
200
28
51
38
107
115
126
71
87
34
83
19
110
19
272
90
286
62
56
18
17
23
34
60
445
7
153
36
121
5
68
5
47
268
53
90
67
40
116
151
28
65
20
118
31
214
2
94
447
155
115
50
220
581
290
303
80
101
43
50
99
82
265
26
40
29
248
26
197
573
26
130
43
76
40
127
5
158
193
128
79
345
427
25
182
75
642
51
76
51
32
223
57
78
134
223
235
107
11
538
158
53
297
48
15
82
169
57
304
210
350
85
174
278
111
50
19
9
169
42
9
205
113
50
119
23
36
130
26
269
12
353
25
120
118
26
245
49
191
20
107
50
228
21
2
18
37
59
73
56
232
151
118
51
33
20
177
23
40
62
226
228
84
105
39
58
163
38
204
403
338
243
93
27
125
208
347
110
2
52
202
309
276
297
165
4
115
101
63
729
202
193
200
60
107
44
75
69
67
119
40
9
83
52
518
39
92
162
304
287
45
76
90
168
83
31
6
286
67
58
150
43
167
120
45
32
230
273
190
12
48
227
14
90
356
145
66
151
19
166
189
342
47
211
342
122
132
246
206
92
7
3
468
5
63
4
115
47
67
217
221
24
70
35
114
75
104
28
111
68
49
71
221
67
71
219
26
430
112
306
88
82
94
170
64
92
53
122
162
218
44
167
8
289
30
57
86
16
137
167
628
113
335
105
255
41
48
37
55
44
273
202
10
124
13
53
74
165
92
37
233
238
123
189
78
67
133
23
23
98
375
351
125
48
55
296
249
24
7
345
27
243
36
95
266
261
111
50
110
74
16
132
176
4
280
12
11
3
75
84
123
13
45
236
60
77
4
169
35
68
60
326
5
17
171
134
8
123
51
21
486
64
83
95
249
81
70
28
124
126
322
51
4
46
90
216
243
85
131
2
2
182
532
162
164
193
5
127
70
61
9
73
133
149
107
63
49
16
295
102
69
51
19
160
79
374
36
197
102
242
37
327
72
11
209
132
69
253
39
123
225
231
2
90
48
114
171
160
104
146
122
443
58
20
264
68
84
183
3
160
132
119
229
72
245
144
176
164
58
89
394
32
96
89
538
39
314
80
132
152
3
289
53
73
140
90
72
43
67
55
140
51
319
214
25
37
346
69
155
23
86
122
149
143
41
58
109
120
68
67
416
57
320
208
389
26
147
50
99
80
144
28
131
78
130
232
12
162
11
3
59
50
168
146
87
69
165
399
125
402
23
117
127
293
26
6
284
7
93
308
12
339
111
41
199
141
16
199
269
205
11
4
105
34
182
63
209
113
82
9
120
55
19
72
46
75
68
177
13
97
491
98
486
73
157
208
33
326
61
78
131
31
27
35
4
17
167
196
101
54
124
31
120
195
40
191
33
64
72
59
66
8
39
58
64
55
90
207
50
104
50
14
90
161
55
138
191
73
167
56
62
249
134
146
109
53
107
43
228
203
297
575
91
29
29
3
115
94
130
22
126
68
85
47
32
114
142
25
117
66
29
69
35
40
80
2
81
13
303
26
150
73
31
285
347
29
315
105
195
15
75
41
8
264
111
400
79
44
113
69
28
7
10
50
85
121
260
159
39
316
104
66
58
8
67
72
27
217
128
42
15
7
150
192
66
141
308
26
255
2
152
17
2
16
53
162
113
122
465
168
230
20
162
81
7
40
19
59
57
209
81
118
467
156
4
321
59
129
37
612
104
254
245
158
262
6
198
240
236
139
162
255
5
234
244
42
134
76
13
81
233
127
194
77
54
164
122
101
109
26
12
346
61
435
158
166
270
299
137
129
259
93
4
61
49
355
233
210
56
17
51
139
80
16
248
2
17
164
120
270
8
121
64
193
24
101
144
48
183
109
7
73
111
47
27
50
370
311
113
476
57
62
87
85
26
129
85
238
5
65
56
157
121
220
551
198
353
18
3
32
212
89
13
93
207
17
118
417
172
157
204
92
34
311
44
269
46
50
156
151
33
128
245
89
84
42
40
127
181
69
7
150
35
34
190
123
234
38
211
49
23
471
218
55
284
56
129
267
30
22
85
199
20
9
158
4
31
221
183
160
136
5
466
76
485
124
112
29
4
62
206
126
51
37
19
51
152
88
47
174
51
20
21
156
27
88
330
13
37
144
71
27
271
88
27
31
18
354
176
49
216
2
12
230
178
139
170
98
57
2
100
155
3
15
233
24
170
220
349
6
36
16
145
53
206
8
97
10
100
246
194
60
236
46
15
142
112
220
72
237
186
241
9
120
299
50
21
84
41
55
69
315
117
45
366
2
129
63
68
62
52
62
41
51
88
17
315
144
72
38
51
317
130
7
102
52
75
41
90
185
4
67
2
131
29
39
210
214
80
89
8
107
51
127
113
23
73
87
225
116
205
4
18
217
71
239
230
156
160
323
86
54
23
153
272
157
259
78
594
132
11
23
3
25
61
203
107
61
218
80
82
38
263
295
267
285
160
69
122
131
10
544
61
56
36
8
95
29
339
131
130
172
31
16
71
346
15
93
109
242
114
440
223
141
363
322
128
221
8
190
164
22
14
52
587
166
25
15
6
72
38
78
129
214
30
100
37
142
47
55
2
9
387
89
526
190
359
122
60
228
59
89
769
165
42
196
2
147
22
98
93
53
6
100
18
217
30
47
242
100
388
590
148
70
120
439
111
2
7
389
39
106
150
300
112
70
202
65
351
4
407
128
192
160
258
2
143
22
128
219
81
42
157
136
6
53
173
59
225
133
12
11
28
91
11
11
3
17
8
22
38
4
26
19
9
124
9
211
14
352
519
222
15
97
217
331
243
57
83
164
146
146
356
259
234
264
61
146
457
283
186
122
98
60
67
44
55
105
30
49
168
68
150
194
2
154
231
33
62
77
118
82
152
85
24
159
61
84
112
166
157
47
374
22
154
62
59
119
21
156
12
56
47
50
188
287
17
73
28
197
252
253
119
6
24
53
71
10
10
214
85
117
2
174
31
92
336
16
203
55
82
