15405636
14983601
15982087
15447666
15455660
14955271
14868355
15831642
15019339
15419430
15793149
15386299
16552289
15407901
15186719
15140498
15144477
14692571
17512895
15305743
15843305
16093038
15580920
15222333
15844400
15367848
15293753
15654464
15942083
14615377
15215813
16126545
14999678
15138913
16703673
15951458
15620853
15829809
15118819
15182272
15295657
15697094
15791189
15617086
15256982
15582355
15170122
14825133
16717540
15768607
15179581
15157722
14522130
15262801
15182564
15989871
15374944
15784104
14525049
14919572
14933552
15440782
15717648
15599514
16075968
15645169
15269219
15716634
15650396
16107606
15881224
14866452
15458562
16281284
15489318
15844617
15804652
15776723
17614444
15939641
15583479
16394048
15468668
15841601
16097856
15781968
15959785
15831182
15668908
14754354
15769657
15661705
15689833
16027680
14854837
15642035
15049728
14234546
15838399
15625518
14347030
16227238
15525949
15023718
15295627
14819901
15599786
16854622
16065733
14998592
16326652
15051506
15039837
15160382
15848409
15041752
15947746
15211910
15616396
15311831
16461632
15850477
15622546
16425052
15529836
14751590
15733217
15303583
15809414
15730692
16541659
16599876
15823463
17365016
15790011
15306570
16405608
15226405
15284710
15066065
14681507
15318909
16087484
15344675
14705003
15120507
15553317
16298724
15033813
16389422
15005566
15495028
16237121
16546128
15797615
15665586
16382307
16404042
15314959
15021439
16581730
14845845
16147785
16115043
15565513
15832970
16119840
15498726
14886051
16235647
14848730
15324655
16102617
16304448
15786625
15996932
16196946
15698541
15202076
15142011
15921129
15663713
15618820
15619613
15935287
15953791
14997730
15785178
14540448
15493115
15322800
15369805
15614941
16295623
16798811
15751309
15590156
15181470
15510899
15633056
15175980
14854221
15561501
15249189
16276041
15477558
15133882
15837346
15143483
14783561
16061352
15489686
16454248
15782372
15128733
15605630
15211434
15481676
15518373
16268649
14542445
15177536
14911907
15909345
15537014
15781730
16151557
15312680
16390998
15491601
15217711
15976346
15041159
15355035
14825621
15028630
15354040
15636166
15356558
16403737
16821739
16239176
15713578
16572619
15498576
16602296
16517163
15773640
15830063
15376404
15332374
16079258
15461862
16389250
15891395
15427385
14883113
14570718
16088478
14563500
15312621
15953480
14875494
15426261
14726944
15141656
15780629
15985894
15970476
15232548
15431887
15917397
16165629
15481251
15503662
15151359
14860376
15783484
16269761
15764720
15138073
16988578
14842044
16222537
15476871
15425744
14894792
15143229
14893288
14871612
16467619
15417895
14777894
15658162
15401788
15806535
15602907
16060221
15936901
15505362
15184686
15026381
15305083
16086102
16330671
16724867
15393678
15337877
16041141
14182622
15661606
15596213
16766776
15289655
15818517
15406068
15374796
15803641
15191604
15210637
16293095
16007564
17514308
15982501
15352846
15656355
16335884
15781798
15451551
16171017
15281491
15184527
15902501
15017452
16876981
15794822
15497384
15629962
14873922
15857486
15618395
16215247
15941128
15275355
15534901
15768716
15018220
16361097
14892498
14780608
14861714
16186711
15311671
15591296
15953692
15561649
15474385
15839828
15274536
15020357
16265372
15497757
15012436
15431137
17189944
15176305
15599869
15541146
15742590
14869533
15266081
15210483
14672089
15144160
15631686
15612464
14888353
14830340
15623426
15631914
15833777
15512291
15934212
15874046
15001548
15931412
15775680
15455985
15453979
15455804
16095164
15352914
16369479
15001353
16720110
15249697
16536505
15530287
15170786
14953682
15648450
15598536
14693155
15560676
14686166
15327044
16401847
15692679
16141200
14708611
15440206
14379012
15111093
16150893
15774156
15563716
15471660
16142987
15822853
16352556
15155161
15027862
15828171
15324253
16157655
14858620
15658741
15808178
14877506
16382673
15358959
16727053
15415041
15605251
15829277
15153651
14879601
15647358
15531507
15948063
15646485
14884541
15531977
16792566
17073559
15310988
16401194
15150469
16377204
15076575
15154117
15575664
15488053
15617073
15640302
16368203
15637220
15824318
15464335
15518991
15282852
15343777
16220316
14845863
14923837
15849389
15043751
15383188
15436700
16237885
15927511
15281431
15501798
15907189
14893690
15615332
16278550
15570459
15444569
15357228
14884501
15814353
16738078
17014317
15625357
15002611
15910950
15316046
15279791
15304850
15182355
16734232
15426896
16082849
15671927
15393496
15185741
15820428
15523410
15848503
15499351
15245633
15490724
15445495
15840496
15897280
16267708
16145042
15331464
15177841
15362998
15082465
15159592
15500962
15938816
16174796
15116934
16165762
15542391
15013576
15659863
15489270
15139767
15835153
14594133
15525668
15513185
15636747
15984256
15062108
15802871
15680220
15159348
16251551
16504469
15203706
15320534
15126659
15677067
15740495
15934621
16403989
15492053
17537225
16601686
14848103
14574386
16051450
15472188
15509092
15430829
15142656
16072392
15967264
15642046
15980823
15676215
15469692
15308988
16254767
16890139
16018334
15061558
15617400
15928726
15591163
15413282
15764927
14719127
15939874
15740789
16905662
15631056
15542168
15281268
15907516
15579676
15337296
15962419
15799777
14937515
16394108
15460263
15933022
16755946
15685288
15921272
15212930
16566646
15813667
15667292
16466124
15950690
14389381
15485175
14767468
15537885
15991288
14638267
15980913
15452372
15828112
15311365
15499860
15496472
16099454
15635535
15643881
15376489
14964656
15034810
16167546
15559704
14409020
15472727
15638356
15922319
15444948
15637362
14693134
15308458
16268131
16167041
15119326
15365632
15804135
15356390
15970728
16648303
14426420
17814994
14886435
16072393
16131957
16405465
15016108
14721741
15035898
15456202
16221524
15716281
15114009
15812088
14855003
14941896
15697989
15503798
15160524
16032636
15020077
16169574
15085628
16775307
16233652
15618543
15193765
15316226
16134437
15225849
15445106
15387723
15801383
15253277
15191280
14651500
14977377
15158870
16106260
15377944
15542162
15782667
14995723
14758455
15450331
15405617
16498084
15387742
15254590
15940698
15180239
15905717
14712435
15642735
15614985
14698133
14739133
16190690
15169993
15335606
15794453
16367269
15579518
15124619
15506791
16281988
16492748
14664804
15251637
15495636
16510396
16074209
15516558
15504627
15966266
15225922
15838439
15182421
15631752
15775264
15274326
15588513
15195558
14644580
15784906
15450565
15453080
16091401
16447219
16200522
15834192
15925728
15271106
17443565
15646509
15769867
15610908
15495985
15600999
16126987
14842760
15307705
14933623
15015479
16120060
15374786
15333697
15162809
16174192
16236804
15031261
16834881
15795470
14969977
15536573
15191845
15528167
15645800
15384836
15651456
15004947
15976337
15154275
15742189
14969984
15336329
15199325
15320714
15638665
17419426
15551865
15072840
15549233
15017022
15338812
14877289
15476139
15162607
14872760
15824020
15437480
15093290
15627988
15649935
15807333
14739306
17507033
15314515
16047009
16026204
14969952
15453166
15831291
15300786
14509793
15920029
15715196
15477838
15940330
16269596
15243385
15108295
14803941
15326794
15486255
15804958
15877258
15327728
15504582
15309224
15305031
15485823
16293120
14746688
15153148
15351957
15183515
15332577
16089180
15946436
15656191
15155222
16558318
14862233
15218532
15992334
16272668
17099063
16300210
15340944
14864097
15513975
15023953
15485908
15036647
15740289
16202251
15688467
15031054
15794738
15345903
16290266
15348943
15453956
15765418
15952684
15881334
15650330
15106123
15965344
15017406
15331072
15439317
16016591
15022138
15484172
15449942
15928756
15431429
16280692
15417721
15366205
15325327
15570493
14818086
15317020
15761638
16094095
15500341
15153749
15622872
15192956
15508279
16024672
14420589
16053498
15920330
15006609
14846977
15678440
15223741
15162498
16279440
16704833
16991902
16079711
15533784
15563986
15276866
15373984
16698902
15650371
15475481
15263790
15337076
15605212
16020241
14719139
15504726
14912491
15652431
15285673
15323961
15184103
16212788
16967330
15344534
15532092
16561078
15883570
15891273
16564645
15119805
14913769
16109651
15569574
15338691
15609768
14436459
14907305
15313931
14581344
15807513
15849488
15069765
16136287
14770269
16197430
15953753
14845015
15324878
15513925
15335895
15778346
14806483
15662328
15345324
15050221
15592671
16432132
15342914
16183701
15986363
14711643
15694000
15266412
16562216
15229276
15924886
16772613
15414077
15513255
15607856
15205053
15632636
15776389
15627849
15176079
15597159
15199994
15482186
15690449
16371486
15164507
15818660
15679614
17461100
16205160
14903693
15662736
14550993
15141259
15167817
15219412
15527295
15058498
16009930
15198507
15358245
16026200
15373330
14407433
16316909
15283462
17534295
14820290
15201603
15889676
15789268
15456057
15886567
16505827
15587733
15763113
15542130
15336410
15536523
14308295
15315305
15304326
14874244
14926833
16353978
15639371
16496167
15624896
15920639
15988540
15179222
16392263
15908573
14679493
15451051
15624679
14777057
15063147
16229655
15366650
15058960
15263539
14984096
16583193
16684094
16387276
15708247
15469107
15825213
15745377
15039832
15464278
15395352
16505881
15263031
15485879
14700883
16732130
16132255
15253682
15590009
15330181
15669673
15274750
15144892
16575474
15065685
14853902
15786691
15585998
15485224
14972473
15881295
16222097
15865100
15318451
16105084
14891471
15486082
16096036
14882291
15726112
16113596
15899438
15446305
16074966
16770205
15744881
15466768
15805989
15222207
15516327
15270100
16551961
16173436
14857728
15774850
15902146
15847459
16717144
16056187
15586462
15083806
15305195
14708128
16084565
16346658
16521117
15335244
15612048
15643364
15302710
15771321
15792769
15983255
15937950
15312547
16262446
16295135
15367746
15528577
15685070
15985652
14813576
15710266
17465213
15984620
15297072
17055924
14872078
17041995
14879067
14992203
14384741
15683541
15131572
14993618
17073154
14893898
15467056
14992896
15320541
15823791
15521122
16288099
14716547
15212045
15939000
16073880
15006666
14987716
15471261
15586411
15834845
15766901
15268160
15480905
16083017
15582349
15440386
15444764
16394894
14879731
15495200
14794706
16430700
15847961
14871629
15524908
15617764
16639811
15545434
15315048
15170395
17055626
16005499
15023092
14686404
14812104
14984022
14775705
15481248
16416405
15212869
16239236
14657841
15198360
15502579
15499101
15981857
16554979
14996104
15970376
15332431
15510548
14748869
15029511
16738416
15794401
15896032
15218749
14548538
15664376
14494682
15938792
15910343
15667605
15954536
15224455
15444615
15330999
15032146
15346698
15007871
15875138
17177620
15461892
15953270
15602985
15641493
15467284
15766135
17064675
15663592
15739633
17332744
15799348
15637008
15052393
15726852
15894389
14556846
16080462
15238983
15179340
15745060
15310758
15794936
15803837
15522379
16061881
14845201
15668353
14659587
15656444
14760120
14840747
14927080
15591768
15886711
15172449
15384561
14725877
15276896
16559038
15103859
16664108
15813435
15499012
16268968
16098570
16224905
15117452
14989586
15964048
15784485
15914975
15275341
14707547
15503549
15799921
15694568
15774705
15990759
16255208
15499932
15022185
15307420
15635631
16352342
16924471
14902973
15237319
15970871
15518587
14957455
15195300
15707917
15372204
15569716
15149484
15279987
15464806
15476849
15459497
15136442
15322874
16136478
15329538
14984488
16071725
14927224
15084588
15682290
14784055
15134737
16061856
15197702
15226784
16076498
15928272
15209400
15537714
15688917
15622649
16430256
14884389
16120251
15538716
15953818
15842291
16084960
15049258
14963404
15528968
14686493
16067649
15630503
16486355
16536060
15623643
15361149
15343684
15625529
15860189
16113578
15739650
14966770
16595377
15360689
15596507
15227220
15691684
14848510
14792694
16264732
15802459
15315723
15498902
14809721
15156745
15931248
15731599
15287835
15974811
15477266
15969423
15533457
15910672
15937912
15500115
15809479
14819669
15769223
15629120
14991876
16080716
15869967
15626820
16573574
15208095
16424041
14839490
15420463
15473434
16596330
15322631
14988094
15773958
17049301
16495388
15332316
15676251
15281421
15504643
14554883
16934926
15669454
14696617
15642508
15236761
16042692
15641729
17768514
16022889
15459733
15661979
15531380
15826187
14531019
15026566
15511653
15811032
15161510
15627461
15772376
15044479
15960157
16544906
14510908
16304760
16450787
15174739
15491833
15825580
15659932
16045824
15158874
16197721
16313652
15487599
15306729
15283787
14587537
15299353
16090550
15490222
15923695
16615053
15575585
16115893
16077421
15291171
16411046
14832603
15809987
16234902
15155382
14880005
14736910
15811883
15422627
14862458
14966412
14665269
15301869
14683111
15709010
15345651
16066828
15809524
14849450
15789928
14565032
15967434
14867267
15198398
15966298
14530608
15035518
16394712
15618570
15050525
15615773
15116990
15604221
14895080
15772013
15878985
15446570
15646895
14853666
15816745
15781086
15830561
15463103
16158851
15776962
15353224
15375411
15548598
14847493
16022349
16079642
15455877
14837364
14920869
16568729
15331260
15806705
15998291
15159354
14906100
16435003
15212630
16082215
15400409
15658888
15889346
16277847
15410428
16431869
14833021
14921467
15935094
15728248
15842326
14991414
15137989
15760394
15552270
16555530
15045236
15779146
14884133
15360270
15307238
16098764
15490730
15962206
16389832
14547092
15614548
15838449
15021609
15736327
16324613
16202124
15263423
15995940
15065657
15059324
15454975
16092588
14910064
15146392
15517997
15357830
14887310
15376827
15013359
15322006
16566389
15505238
15757347
15480189
15221125
15890053
15641034
15130694
16990257
15940564
16164287
15831644
15948445
15278774
15916904
15771903
15983797
15213571
15066047
15045554
16311074
16394576
15749041
15434277
15124450
14504219
15176293
15444793
14636285
15476570
15313245
16856521
15345539
15024363
16951600
14663576
15139123
15376092
15805541
16033546
15780146
15589305
15696636
14227157
14539644
15471478
15773758
15219561
16224872
15975615
15327703
15784380
15791392
16346773
15555996
15836627
14878519
15322254
15278855
15344446
15122688
15930967
16133816
15435733
15482862
15007708
17550024
15759758
17425089
15050194
16363283
16093047
15492730
15591103
14705008
15464803
16926316
14711080
15650375
17299283
16084412
16276828
15992848
15138343
15579637
15110290
15324180
14865763
15524757
15953016
15588102
15615502
15998629
15132057
16231511
16537703
15082975
15008012
15109249
15006679
15939699
15752140
15531897
15377797
16568386
15522239
16235875
15375329
16079163
15334698
15853649
15295961
16335750
15335831
15636676
15142349
16263721
17118124
16290945
15791113
15775314
15442627
16268798
14881510
15473164
15003460
15387101
16403892
15073933
15619797
15176390
16862706
15293883
15302790
15379145
15511270
15512344
15975044
15839677
15574761
15597626
15579786
14672272
15785946
15540157
15353261
15129302
15827786
15513438
15615987
16266593
15671690
17171542
14992017
15636684
15551982
15195333
16248618
15949604
15990343
15179629
15490580
16142890
15187654
15719327
15537589
15262858
15510665
15948318
15106831
15412931
16065864
14974317
15784071
15549814
16090607
15500224
15522258
15428172
15654358
16347713
15227595
16571736
15526741
15695652
15350572
15676430
16218943
14860246
15347109
15824345
15002046
15052255
15403739
15315391
16240815
15431051
16729667
16412687
15350958
16383276
16392545
15511337
15846474
15314896
15728103
15158162
14737008
15644237
14687675
15313093
15787456
15801384
15017253
15787502
14726017
15220685
15512659
16462392
15424498
15827960
15643891
15919318
14736366
15090557
14827510
15573952
15923738
17219128
15622289
15019599
15015071
15878212
15800645
15501693
15489065
15040509
15121589
15536867
15647172
14662707
15449355
15297278
15393357
16914845
15989850
15896114
15794194
16936372
14851723
15282021
16123860
15366975
15054892
15691491
15595502
15697868
15941565
15778294
15765923
14947585
16213603
15522097
14710662
15615334
15464132
16211630
15217203
15242087
16310315
15679276
15399835
14822775
15010491
15627256
16787450
15341600
15423980
16761516
16591172
15029535
15610379
15304233
15476138
15320244
16444598
15160219
15668131
16438289
15819328
16609764
16000981
15415161
15465919
15355736
15603629
15054166
15072052
15329407
15299299
15379952
15560456
17676093
15527720
16112765
14843715
14943374
15027077
15658609
15518169
15308069
14896864
16192121
15316536
15801385
15548667
15514215
16027838
16177564
15516262
15486460
15590404
16202797
15362497
14804611
16555969
16000353
16315012
15343903
14972730
15364623
15564087
15505323
14999255
15782000
15098372
15506751
15361866
15467480
15524978
14843955
16258365
15994806
16763326
16133295
16369586
15227754
15476646
15186814
15672242
14694413
16045960
15733706
15874603
16146900
16243135
15815467
15755655
15709670
15822129
15359656
15625300
15037960
15514403
16001578
15781670
16739976
15939067
16423840
15827452
16238861
15532142
15475632
15291275
16524889
15389900
14709937
15697964
16128669
16145473
15602591
16199805
15227280
15808458
15350646
15504415
15153259
16702321
14681439
15792243
15318233
16166805
15047196
15257719
15200969
15558085
15848073
15135439
15438282
16008918
16857522
15920546
15680443
15326043
15147837
16413615
17064672
16675881
15970506
16585703
14544014
16268204
16763691
15274295
15464991
15283309
17008189
15666551
15480726
15565854
15666153
15614587
15018340
15150373
15938000
15825049
15158287
16370506
14854047
14927638
15057789
16431841
15769567
16712565
15972231
16265278
15152929
15983854
16278007
17071153
16608982
14996472
14558301
16793036
15784111
15760846
15031297
16187524
15532373
15494372
14842793
15809942
14883703
15268723
16127684
15610472
15662026
15329138
15866037
16022653
16239242
15193278
15308149
15109519
17593733
15534264
15876455
15521873
16199568
15694147
15606470
14695507
15147996
15625359
15263975
15500092
15260771
15079553
15074595
14701041
15171547
15611890
15876054
15807583
15971891
15309783
14440634
15250312
16179430
16142296
15634867
15306337
16597148
15962364
15335461
15894429
15775591
15415972
15959600
14841376
15663045
15196308
15335208
15788233
14886310
16154448
15674469
15016175
15377830
15152162
15986395
16526992
15024297
15962059
15619096
15158226
15959649
16260534
15522023
15475885
15433838
16401570
17775688
15774747
16088119
15919809
14705113
15200195
15828900
17181892
14506877
15450921
15057357
16444587
16151060
16128647
15651577
16217209
14998016
15632181
15618372
15740483
14713234
16055694
16054525
15328871
14838103
15482263
15339696
15759499
15759261
16289969
15575715
16862397
15824526
15811303
14650741
16237860
15635062
15962234
14974523
15756122
16207297
15176386
15322544
15151627
15151811
14542263
15591113
16222930
15503095
14977229
16679088
15135827
15475529
15806127
15944794
15659786
15670609
15446376
15870079
15978502
16252298
15446391
15296987
14628112
16907342
14569283
16706595
16193494
14995411
15142241
15600409
15160196
15045201
15896397
15234796
15784786
16043659
15682580
15690483
15568223
15591903
15101387
15777727
16217180
16657892
15827463
15932792
16585657
15525825
14982994
15875266
15729045
15196310
16212741
15625544
15883058
14753113
15157772
16671287
14837580
16568929
15918482
14548050
15338433
15606902
16545182
15459559
15017058
16527157
15464832
14950193
15724906
15142468
14723785
15128330
14586444
15304416
15308770
14994814
14692374
16081667
16478898
15321776
15350015
15413351
15452136
15177699
16402160
15784195
15506054
15905854
14915723
16746762
15690304
15948532
16092026
15618587
16540633
16271034
16504554
15340284
15503661
15548890
15892690
15643900
15126899
14710793
15314081
15063373
16209822
15290269
15658821
15237871
15318853
14400955
15564380
15029999
15342478
15807176
15458369
16211932
15492685
15523595
16255556
15671054
15607384
15974947
16154024
15764128
16629361
15588844
15458589
15124519
15906420
17451655
15494372
15081702
15279306
15423601
18291297
16245065
14670314
14683545
16123923
14817985
15516532
15591119
15433088
15669036
16120837
15296679
15608329
17299283
15588556
15025102
15022480
15161478
15171084
14905919
15199380
16740738
15205782
15691141
15536225
16346312
16428406
15337876
16601067
15680575
16147087
14868396
14696123
15205491
16201463
16248632
16441708
15494941
14729977
15668344
14831547
15624459
15610094
16183323
16119176
14580126
16579009
15177523
16062929
15476410
14866744
14750390
14745374
15787732
15856835
14912385
15388685
14829231
15671414
16082665
15604609
16305647
15823534
15508402
15796900
15986492
17307543
16263497
15486830
15496349
15798323
16099523
14868488
16091755
15631101
15042752
15811913
15892217
16249885
15817239
16309402
16091843
15159709
15003977
15949734
15810840
15302241
15825137
16223404
15607185
15376238
16270333
15822335
15854023
16104495
15173641
14889824
15200142
15801758
15604837
14678836
15856387
15787175
15323428
15641699
15305120
15034990
16068098
15385436
16108177
16767412
16295265
15681588
15307916
15803518
15798662
15932608
15075699
15993441
16345120
15412273
15448042
16058015
14735187
15341327
16021639
15326500
15045397
15663141
14898330
16211882
16567814
15812402
14870871
15076375
14831273
15159052
16004972
15369266
15962735
15925993
15327198
15179103
14951211
15762680
15523915
15709431
15986021
17221124
14829702
15789031
16959716
16072033
14672260
15938215
15996059
15715055
15711814
14901645
15862654
16070900
15578017
15384951
15620253
15782739
15676510
15032140
15458359
15689309
15927021
15593568
16444882
16531831
15470265
16199077
16463346
15769002
16014209
15650731
15646208
15520809
15158890
15571225
16074918
15262566
15330421
15980904
17038350
15615603
15758925
15797363
15642329
15968300
15341312
16442888
16168560
14759880
15142301
15332421
15480436
15419197
16432138
15027061
15875127
15616404
15794927
15063053
16129937
15544238
14940278
15469681
15402743
15325121
15527337
15844883
16321220
15688905
15340526
16285390
15934041
16295399
16363898
15381841
16116755
15998738
15931750
15130592
15655212
15798497
16278684
16581367
15347083
14586283
16323450
15389433
15419826
16549653
16386481
16401307
16417516
15600711
15762000
15299243
15528026
16421572
15174390
15816045
16409201
15980055
16378904
15523889
15838641
15756684
16052888
15516793
15652408
15792192
15176392
15138150
16104687
15526686
16610338
15189440
15741981
15640633
15841867
15333459
15884363
15452539
16576899
14915345
14569122
16303834
16273919
15080512
15788725
16552120
15544040
15801982
15300785
16446292
15962778
15965678
15650552
15207310
15127075
15313852
15659854
15289338
15433279
15812343
16083662
15934436
15812749
15195082
16563452
15331791
16114748
15291130
15678523
16104700
15171982
15045679
16121319
15647926
15559202
15364286
15339837
15656048
15436738
15818310
15788478
15942230
15620897
16858281
15644775
15665912
14828439
15977717
15640248
14991700
15431297
14696534
15497876
16574364
15335328
14759543
15872405
15617083
16831049
16430137
15388380
15062997
16903260
15985831
15480289
15497597
14990416
15010516
17357483
15488622
17041281
15130571
16268410
15465287
16317957
15366244
15177913
16233105
16787773
16033606
15462714
15198144
15079713
17041255
15477267
15783243
15491058
15692751
15197560
15772141
16115356
14691894
16421468
15816869
15368218
15023442
15323931
15618128
15209831
17032244
16561941
15739536
15921748
15118950
15327644
15573350
16262729
15447851
16057674
16517291
16130113
15147084
14989882
15164658
15930486
16551039
15313403
14994419
14844974
15951842
14832182
16164478
15624876
16061087
16167652
15504720
16281323
14718942
15017817
15112235
15855478
16375650
16236258
15554799
15431912
15959779
15413620
15033087
15699250
15925122
16278865
15285033
15814909
15621189
15153743
15747389
15340077
15199565
15179002
15831584
14722254
14887422
15156871
15550815
15377097
15328543
14757353
15164505
15893769
15973316
15942589
16462561
14852541
15928173
15473103
16731917
16100130
16241454
15133682
14792443
14984206
15766927
15434451
15446825
15613361
14833718
14996914
15454713
16324012
15463429
15367900
15607788
16396587
15169870
15121480
15359820
14922543
17347127
15818722
15369118
15649862
15498284
15532227
16253419
16022219
15794989
15148015
15388510
15451238
15919347
14917885
17001167
16411742
15176864
15481234
16925924
16478211
15807800
15132392
15384406
15055779
16578433
15626942
15372327
15461404
16546569
14837609
14761640
15182274
15173937
16530157
15724846
15331689
15941155
15578661
15911959
15493288
14902133
16403551
15494246
15006003
15307477
15291758
16232719
17806519
15414981
15305848
15732588
16458980
15512458
15899899
16558873
16407278
14242632
15907249
16696479
15674940
16050966
15645903
15993352
14679569
16226504
15147421
15647968
14710958
15206778
16054758
15617533
15505841
15750089
15485838
14825473
15759251
15632581
15343193
14429759
15906631
15937032
15996302
15000585
15297043
14376621
14880975
15445357
14869937
14731021
15674255
15999626
16096049
15356953
15693935
16144931
15373773
16202282
15510101
15003430
15808336
16124289
15937787
15927396
15311050
16274382
15948956
16208794
15508387
15011857
15028412
15214485
15835628
16035933
15668101
16088188
16400365
14978486
15674078
16329582
14702778
14983646
15345350
15483473
15440048
14949496
14844926
15946860
15642915
14849832
15654345
15063061
15782134
15611636
14718400
15729150
14760679
15968387
15562425
15075478
15632471
15915072
15635426
15934015
15143912
15190865
15052218
15021696
15997624
15159495
14815148
16090604
15463083
15005120
15888217
15791970
15175446
15996972
15317319
15810833
15988743
15893827
15350709
16216933
14893834
15681865
14972126
15896654
15436147
17456236
14940763
15450051
15755339
15705309
15223009
15647133
15550575
15466685
15370648
16322666
15291005
15753245
15937470
15200379
15640821
15487869
14785166
16245330
15801367
15451195
15582970
14991361
15741172
15650424
15375222
15227023
14820816
15971569
15470062
15772797
16732303
15302592
15008862
15791943
17400053
15562898
15536161
14878926
15734386
16047562
16009249
14879401
15482214
16435885
16597179
15341181
15173355
16358465
16427392
14610306
14825119
15733811
15770509
16449796
15961128
14655703
15639767
15405013
15493797
15921612
14979230
15198423
16077426
15488804
15450253
15792712
15780295
16229315
15047108
15678302
15129392
16264826
14840698
14980801
16231490
15435102
15660986
15383586
15636873
15916198
16145482
15589950
15110732
16209790
16092988
15923145
15629042
15820519
16338830
15153133
15913063
15616087
15765432
16796244
15480879
14435170
15884243
16369478
16083426
16438714
15434873
15132547
15292903
16067295
15272071
15324437
15766225
16292030
15675945
14978293
15496721
15645680
15728307
16084459
16570346
15296544
15615724
15207843
17314410
17193089
16127425
16028409
15486848
15101987
15441706
15913648
15805264
15337024
15026013
16214954
15700118
14986769
15499666
16387969
16202184
15665666
16623222
17050133
15001454
15895786
15924223
16163976
15170871
15588522
15735263
15124991
15204812
15814214
15469734
15063633
15449266
15169390
15136082
15282098
14864147
15186735
15936817
16543475
15249861
15161080
15040371
15082783
15672188
15960605
14882040
16114303
15471445
15548685
16434348
15275348
14909922
15634031
15801423
15774962
16077337
15967839
15528998
16141654
15478640
15747747
15353449
15645615
15959948
15618247
15272933
15075663
15445526
15493946
15982169
15504916
16129982
15302333
14533441
15441160
15160604
15988593
15089626
15177612
15651394
15148729
15785185
16222907
15177611
16321962
14682542
15873604
16116617
14841012
15166089
15340439
14372149
15619357
16272261
16232819
15123158
15682637
15836761
15040512
15165156
15783567
15638015
15988363
16285477
15899255
15312898
15975389
15189976
15489894
15298120
15100857
15580978
16232586
16043578
17694388
15173053
15346063
15248146
15809032
15528551
16499047
14717522
14774265
14742016
16145021
15198612
15499051
15348671
15168985
15389301
15907261
16441387
15860099
15864037
15362618
15377813
15570531
18544382
15035245
15361865
16562867
15499624
15626481
16493919
16443150
14781731
14823080
15828305
14995987
15492612
14923451
15793690
15661759
16186372
15810271
16118685
15732214
15297107
15215826
15643088
15344102
15510477
15366441
15993510
16296939
15235489
15033336
15325772
15828058
16165842
15681210
16147365
14990955
15632180
15849967
16133208
15141737
16027851
16325585
15363696
14714011
16177792
15664951
16400985
15177037
16167889
15707178
17136265
15143476
15646032
16408795
15447233
15312705
14638829
15163168
16853963
15206834
16565941
15153953
17353438
15002297
15531675
15493941
15515189
15004537
15365727
15938848
16126696
15060461
16495434
15638995
16134191
14340232
15458420
15174605
14850676
15575408
15324326
15758291
15964818
17076243
15271565
14537528
14529846
15655440
15642014
15617361
15308517
15507054
14755790
16416624
15390911
14826523
15975262
15580899
17512511
15950529
15180948
15185410
14821452
15046883
15625792
15176278
15483784
15593449
14830391
15775879
15167932
17012291
16073669
15593315
16364619
15804887
14643694
15467306
15005080
15742173
16218616
16447492
16096983
15459742
15506310
16164839
14996756
15069426
15292943
15785741
14810922
16430609
15333422
15530485
15301337
15444767
16261981
16575020
15770473
15017828
15127059
16118181
14849021
16132163
15683824
15757594
14993328
14524478
16000840
16594821
14954113
15831390
16258506
16410218
17649156
15397223
14868070
16107596
15696057
15282627
15952238
15606993
16607489
16927019
15482761
15917970
16020111
15814442
15938318
15878635
15366111
15707089
15340396
15002426
16437269
15900914
15144029
14970768
15677194
15502778
16722617
16118401
15723458
16374217
15178403
15686948
15199493
15325124
16388704
15982444
14702718
15821636
15503710
15936158
15763631
15168431
15339063
15500409
15158801
14386377
15024345
15475307
15460425
15473453
15311052
14809743
15333037
14880149
16029875
15357079
16384997
15821018
16107331
15021990
15495641
15310349
15774640
15472888
14394267
15062774
15557421
15321895
15509011
15452283
15605028
15973968
14660862
15921977
14849151
15163681
15304218
15773771
15467060
16929235
15673472
16073513
15554860
15160307
15281223
14997131
15196002
15315810
15318569
16428086
16728749
15517958
15641048
15731012
14358718
15484035
15822571
15610381
15240467
16586950
15356053
15288140
14870008
15645236
15318365
15653725
15699280
15173437
16254482
15357320
14992842
15409219
15539151
16144205
15743898
15241728
15519468
16108180
15661983
15779125
15626772
14856087
16147747
15333077
16098126
15681095
15638424
14772244
15839546
16238666
16575354
17260176
16576572
14879640
15028829
16107178
16418002
16704572
15708481
15368166
15976059
15535917
15217175
15672415
15031095
15288618
15762720
15439942
14995296
15404303
15125333
14924206
16301488
15789548
16422104
15542177
15511297
15107108
15330676
16007682
15364098
15962598
15459664
16379652
15495702
16436998
14916140
16019442
14603043
15800496
15938982
16729127
15566124
15796265
14545268
17349849
16393977
15519513
15456619
15358092
15494270
15640071
15201788
15280194
16678155
14065212
15296589
14685098
15770613
15813566
15509329
16269709
15906145
15809578
15807513
15468534
15084034
15956087
16282814
15266695
15663000
16097424
15864687
15249149
14958641
15776023
15929851
15802001
15942041
15607298
15301517
15698728
15768964
15885849
15177713
15337167
15757415
16248350
14624568
14775926
16087713
15440964
15399055
15090014
16046492
16391306
15225023
16102293
16460307
15184140
15444345
15621726
15287903
15604683
15434132
14532460
15582384
15459697
16026172
14977871
16203999
14992874
14878827
16198160
15396734
16571699
15292459
15255243
14843395
15408320
15684696
15378175
16097249
16591762
15630341
15863124
15846606
15790543
15165735
15638046
16219535
15829108
15426961
15493314
15472338
16282374
16472189
14909528
14553334
15934035
15820865
15646950
16070666
15856834
15322158
15209666
15353906
16216899
16490152
15724227
15803583
15474618
15513917
16286487
16707845
15362135
15526755
16489013
15004483
15272707
15424887
15284049
14713412
17304961
16755987
15319467
17175316
16125438
16080751
15655341
16719295
15737205
15050591
15329667
15419419
15512107
15321067
15144162
16887825
16235664
14666382
15468688
14880993
16545279
14940586
15793313
15434305
15313523
14373539
15692549
16452355
15147953
15490057
15318414
15302585
14575710
15966486
15484800
15914098
15773740
15101236
15170187
15254401
16069697
17066514
15324440
15341829
15978753
15471242
15808041
15927540
15192940
15133628
16744703
15465403
15815372
15386158
15899773
16456016
15751280
15868236
15039177
16207668
15501013
16714168
15545084
15215285
15156768
16083655
15005036
16313223
15861145
15276345
16640011
15330233
15939825
15153922
15432582
15930031
17223101
15798110
15206291
15518506
15819870
16339432
15086072
15353035
15490251
15354779
15007122
15475059
14765416
15216136
15606707
15740883
15960153
15027427
15331671
16414594
15253603
15032028
14855209
15913295
15823911
15294867
15827466
17077665
15140480
15792042
15977812
16229861
15467034
16340521
15212325
15655545
15094065
14844898
15759767
15541544
15357664
16877549
14900804
14714987
15624050
15025491
15661082
15285291
15762644
17122603
15680379
15805181
15945097
15955612
14881787
14711056
15761032
15316917
14544549
15097312
16121569
15834582
17224749
15309840
15437970
15494980
15967564
15707365
15331704
15548028
16619610
15164866
14873770
16658249
14932326
15462234
15620016
15810110
15655814
15950569
14858465
15584870
15647478
15818135
15289758
15809333
15167257
16044338
14705578
14919753
15189701
15634133
16435461
14913605
15629192
15658774
16223146
16319363
15348233
15485480
15094302
14574326
15683952
15865322
15399745
15450880
15993653
15943607
15452019
15647541
15986383
14839453
16219219
15518487
16368328
14835603
14986374
15810853
16228153
14680907
15696439
15378144
15390075
14683057
16286960
16960012
15998180
15545029
16720091
15665466
15719648
16779161
14979214
16268506
16450408
15449364
14525063
15199177
17860211
15489291
14696580
16923232
16922000
15045803
15455451
16634591
15876731
14538188
15817453
16031202
15322520
16052462
14903660
15191265
16854312
15711877
16073129
15748233
14537238
15603901
16143055
16249575
15190663
15041906
15772290
15622606
15951191
15929677
16466084
15898646
15121367
16100995
15608216
17011099
16426928
15614977
16118106
16072491
16452230
15645621
15403379
16450963
15582551
15808973
15842140
15296725
15020171
16219728
15629099
15659134
16406336
16730376
15752829
15175280
15665426
15036390
15445227
15303447
16131294
15636189
14820174
15464272
16281493
15350791
14851997
15425228
15256482
15342130
16375393
16137744
15373752
15160821
15642107
15943992
15398360
15338511
15144571
14952182
15539380
15497286
15793632
16074933
15586566
15545802
15360082
15629556
15850171
15522653
14996078
16154891
16434116
15159816
15534620
15803325
16307241
15054019
14890284
15507482
15456824
14862029
15137204
16121455
14894176
15501856
15296750
15339002
15182855
15505672
15510114
15694928
16224294
14878843
15391411
16347781
15160545
16409158
15945410
14957613
15269851
16097944
15229124
15002053
15794429
15054404
16177388
15653245
14852305
14596306
15287157
14959106
15498803
16207678
15614665
16373971
14681150
15084294
16154257
14467212
16469724
15370384
17037750
16474932
15631851
14959446
15705619
15255279
15141445
15497578
15548588
14994284
15027437
16092429
16367660
14590012
15980096
15797049
15556969
15245493
15679832
14557003
15610935
15192032
15339691
16996189
15889050
15197783
15541240
16000716
16331068
15308013
16074357
17159039
15506276
16311567
15178826
15795025
16092387
15693367
15546038
15716980
15651766
15181590
15529981
15652578
15504076
15822580
15887469
15654619
15945465
15546251
16558357
16225637
14699911
16082164
16070381
14509984
16435019
15335073
15961704
15339992
15691248
16397175
14888545
14839484
14776466
14917917
15635201
15741258
15481886
15621164
15034590
16336778
15784309
15637750
17846820
16239873
16300557
15338675
15488900
15479469
15171805
15970591
14127180
15350238
15313193
16557671
15306561
15678961
15954587
15315039
15693781
16229312
16858630
14810844
15793721
15786889
15201835
15700330
15791437
15576249
15597889
15946515
16498171
16153807
14891519
15483184
15768930
17144488
15929925
15530650
15612988
16087168
15669626
15618604
15294015
15490154
15321156
14970748
15380942
15810658
16462367
15369075
15668812
16077650
16340291
15055928
15178986
16359835
15505634
15405197
16858002
14822543
16351832
15404560
14539980
16229904
15156082
15523476
16907203
15512734
14638675
15855829
16380168
16063489
15525898
15040378
15374175
14828358
16340697
16597806
15469094
16647089
15610268
14861859
15516379
15740320
15935264
15488460
14882886
15628217
15170547
15407679
16548547
15482202
16281332
15814642
15310454
16357458
16310980
15476963
15620646
14884845
15891985
15184871
15168264
15133470
16152815
15783300
14989749
15006339
15588914
15005538
15733892
15821653
15600339
15848306
16002881
14717460
15475223
15285570
15956848
15338659
14591920
15768978
16054232
14712657
16624350
14591595
16405250
15347834
15165304
15492716
14838366
15637450
14981479
15591221
16686843
15315568
15446251
15002254
15800830
15451391
16261136
16799673
14973681
14385874
17153267
15307055
15443352
16089963
17812000
14999840
15165369
16594237
15174197
16056468
16386664
15662972
15572705
15312606
15318661
15991201
15630777
15316882
14988208
15247896
15471879
15548398
16704117
15834023
15139691
15799678
14835915
15968194
15654573
15360436
16154819
15222778
15714261
15747610
15748727
16254165
15468479
16100872
16226627
15346060
15335589
15531788
16098909
15974437
16444155
15969226
15688573
15804743
16783572
16093441
15344677
15676268
15515894
15012809
15973386
15600941
16563626
15053027
16018292
16441722
17461539
15456549
15201370
15639032
15380527
15588123
15469344
14862701
15693334
15615895
16094328
17183061
14378980
15431558
14885062
15474690
16258143
16101165
16305445
15951244
15205837
15052030
14982621
15152101
15430335
15673431
15744932
14968216
15575527
16692855
14946072
16111162
16159839
15631081
15319965
16507464
16267135
16410377
14468865
15483249
16612532
15982356
14659508
15540508
15513496
15296882
15655919
14523211
16153835
14829275
15294018
16237246
16270609
15849650
15342595
15454468
15818508
14870767
14570364
16908092
15308716
16133693
14648844
15311730
16696368
15298043
15703560
15181270
15010913
15680552
15768958
14846226
15026475
15505495
15374836
16456230
16559594
16184075
15026346
15564127
15527543
15655229
15004249
15146108
15458716
15310795
16111803
16134839
15536165
16093662
16290684
16311366
17441045
15471779
15114989
16117950
15458975
15227075
15159760
15769656
15114649
16508691
15795489
15213920
15479019
15628133
16849319
15336846
14820894
14680795
15631530
15507168
14962820
15092998
15196882
15668664
14891525
15265539
15447005
16237211
15414801
15310008
14868101
16394420
17490283
16491774
15940340
16907958
14715071
16878365
16835045
15322482
15137617
15752605
15451481
16563754
15095054
15502136
16310840
15783205
15715042
15840224
15807663
15786281
15323239
15725518
15283418
15932377
15639910
15911043
15189604
16245654
15046202
16105787
15063579
14967808
15500199
15361451
15311801
15812204
15789929
15572514
15489012
15046339
15620514
15745870
16358603
15355685
14867379
15424589
15789608
16114646
15685916
15258172
14861224
15968152
15301696
16023257
15739146
15193514
14804413
16389328
15303780
15990241
15360388
15448748
15420345
15587224
16305027
15623073
16089571
15453970
16842611
15183524
15177123
14991390
15462696
16466702
14855310
15972045
15153330
15022673
16422364
15722123
15310037
15008349
15604024
15633312
16001675
15025924
15432535
16414911
15715659
15371170
14754976
15190191
15017011
16282326
16166548
15120425
15870336
16819860
16074406
15707508
16474991
16939315
15698964
16642449
16741017
15622411
15187517
15451293
14857940
15766122
14849199
15312282
17342605
15681878
16409221
14598503
15823540
14852500
15923510
14852772
14672720
16004758
15398316
15482603
15292517
15076975
15301623
16375089
15314308
16448507
15644191
15817309
15405684
15447977
15807164
15648136
15006167
15617757
16829132
15380466
15475035
16453304
15487820
15522627
16900628
16010477
15090353
15146874
15051077
14696759
15157299
15569480
15399721
14567195
15211467
15308050
15557120
15802068
16127334
15351858
15982453
15818735
14751057
15146996
15243442
15672738
15117165
15450810
15212240
15638382
16225024
15228247
15598054
15649519
15375964
15604803
15433833
15500680
15891588
15857753
15725244
16230807
15180555
15481038
15982566
15695230
15576256
16100682
14982990
15274410
16495236
15677177
15198399
16391031
14954984
15188269
15003448
15607801
15951173
15529867
16096518
15539542
15194428
15148097
14970391
16140444
15434691
15586602
14834266
15731529
16570931
15341477
15975874
15962275
16582608
16882650
15025029
15189802
15451330
18047745
15699525
15349408
15129088
16619536
16136394
16299169
16316513
15355707
15761594
15812309
15642317
15999297
15170798
17695889
15131309
15706064
15895483
15311578
14819729
15617407
16062659
15934608
16139977
15490032
15818977
15596612
15201541
15396996
14778972
17355334
14965862
15650283
15315435
15153269
14674375
15314670
15879856
15810558
14526615
15643309
16344909
15537687
15283541
16013933
15341486
15258902
14964329
15941655
15684640
16849408
17097845
15386277
16764126
15349210
17080641
15824688
15675875
15871294
15667819
16190558
14926823
15290480
16220638
16081822
15150139
15923274
15253458
16464756
15122962
15032874
15997690
16084190
15382758
16233398
15658161
15935987
16465463
15655321
16314289
15309226
16196839
15980899
15791543
15225838
15489711
15827547
16852554
15632804
15772977
15364584
14872876
16100883
15190215
14907672
17196271
15075709
15969180
15595295
16150393
17093567
15648975
15790667
15805606
14790880
15463675
15357023
15099330
14992761
16460101
14743322
14355377
16336993
15355540
15161505
15450673
14999739
15756932
16857599
15231113
14757629
15507850
15438341
15907333
15321058
14823767
16019458
15568809
16195173
15892930
16860311
15459432
16760367
15017080
15534255
16468601
16030492
15917210
15666851
16359183
15474048
16113173
15318889
16202777
15656743
15676211
14701492
16047486
16017933
14770827
15555367
16072564
15816806
15759402
15152497
16390474
15797583
16470940
18775408
14982515
15590648
14722599
16317505
14704149
15797854
15650352
15620146
15575824
15957865
15965815
15250059
15679280
15044468
15480340
15298676
15448496
14839167
15163010
15893804
15308949
17035672
15799214
15784306
15009742
15289730
14672232
15197662
15484637
15076222
16129951
15992081
15612544
15639436
15465491
16259711
16099769
15347547
16446300
16737523
15356724
15780610
16923875
14935256
17724876
16764725
16533324
15471200
15035011
15167006
16452917
15375365
15173160
15848925
15448031
15482481
16308233
15601418
15012519
15187099
15180778
16047287
16126234
16885912
15881962
15014233
15241946
15602835
15633756
15624466
15694971
15239129
16445581
16135462
16014558
16559624
16570595
15189754
16089408
16128360
16139275
15507802
15257885
15688316
16401835
15955759
15913330
15636248
15770491
15873026
15827128
15027366
15787749
15752190
15789416
15629172
15597160
15263329
15314453
15660171
15489021
14980419
16068276
15962392
15217827
15133097
15679476
15462906
15808259
15314686
16093540
15819002
15487200
15974089
16268309
15056204
15745144
16300794
15503356
15463502
15958832
15656217
15187104
15004519
15718225
15135435
14878828
15516081
15756006
16435960
14711384
14946977
15952893
15006023
16449636
15616600
16865079
15962014
15564960
16295304
15190720
15189490
15313699
15630432
15529240
16180396
15242849
14842319
15957899
15441051
14889964
15287839
15372450
15398989
15008698
15180221
14998539
15582365
15584559
15877325
15851757
14971632
15493229
15640598
15290981
16366712
15876159
16835457
15178434
16895055
15552561
15318987
15484766
16319138
16503868
16102046
15202591
15951684
15652913
15491760
15308856
15454449
15354738
16254790
16263045
15128787
16138078
15003625
16111539
15746313
15171435
16688274
15140972
16253087
15331649
15597099
15515521
14361147
15443483
16033784
15175678
15338861
15583010
14236114
14819205
15472390
16245831
15627965
15568401
15281984
15435461
16264094
14939139
15623508
15332726
14958571
15092833
15547888
15899119
15214103
15088928
15795012
15897284
15495870
15451864
15397136
15139764
15404089
15631140
15434775
15451286
15332304
16053376
15106040
15627909
15790127
15834310
15294664
16437567
15008403
15889951
14869296
15271069
16095782
16105648
16397744
15312022
15811682
15718620
15464563
15316192
15625813
15383065
15919569
16066036
16211696
15037074
16029755
15798130
15783978
15985200
15004095
15444113
15877803
15489006
15646022
16393036
15642343
15212866
14737972
15747342
15486984
15641081
15492570
15674497
15455763
15467881
15992006
15320395
15437587
15501587
15813198
15174763
15238277
16567075
15301860
15946908
15369417
15652883
15256097
15943673
15792359
15651423
14698421
14420778
15478430
15507588
16088895
14857813
15437771
16238388
14235077
15339427
15834001
14563019
15172827
14873754
15347136
15912705
15487721
15785062
15042313
15242439
15841840
16044757
16171292
16635482
15633625
14878129
15019365
14852474
14613923
15865196
16275665
15415090
15389596
17182731
15663457
16097733
17976435
15957109
15492455
15669956
15814038
14538010
15799341
16083227
15240787
15803050
14805699
15771748
15402551
16433560
15779103
15612685
15662962
15173620
15188297
16479688
15194052
15201516
16483754
15647224
15334288
15487890
15359316
16237563
15948513
16098538
16432855
15027525
15266901
15506371
15664198
15988621
15080955
15888223
15772012
16124985
16244937
15167122
15559408
15935502
17225622
15199012
15324159
15293368
15941507
15019006
14441252
15780390
14854627
15607486
15641824
15968801
14832936
15620567
16240585
16285512
16461155
15831619
15557980
15659541
16107257
15123731
15804298
15508660
15492020
15622102
15140802
15313974
16130189
15481414
17717476
14907186
16375400
15673296
15003838
15242098
16405288
15696902
15967993
16076002
16883530
15743226
15637282
15799069
16893446
15981907
14674893
15820225
15971676
15006569
16121827
16317471
15982469
16713676
15944424
15484868
15764072
14719752
15179327
15456623
16108971
16240484
16964211
16419165
14955227
15017612
15635418
14641076
16241506
16165390
15341703
15509911
15378466
15757233
15790780
15491613
16638759
16504809
15939720
15778886
17183146
15654827
15655947
15814508
15674828
14657728
15944187
15937516
15453771
15540230
15044302
15925927
16166226
15952755
16673281
15499076
14510403
15797682
16698240
15178453
14866082
16363303
15047956
15602646
16154971
14940299
15940560
15713149
15955476
14847206
15437176
15162331
15668546
15639487
15786606
15001555
15633795
16131973
16063043
16130181
15361435
15784459
15471897
16500959
15786236
16067156
16277995
15762551
15426166
15677248
16375950
15030058
14833827
15504330
16229104
15413058
16352079
15505304
15146669
15196634
15761183
15843351
14574847
15033798
14545901
15191519
14851806
15060780
15718668
16259497
15309157
15783443
14700440
15132509
15953048
14370580
15622437
14669120
16089850
15743318
15796108
16417976
15169776
14893225
14850302
15787753
16140050
16637035
15329226
15284612
15669547
16032747
15701154
15952272
15015161
15888845
15494396
15612966
15604790
14882820
14834735
15477255
15779293
16328659
15194773
16514567
15745186
15744785
16617416
15774389
15665259
16264640
15974333
16058662
16253213
15447414
16338964
15372090
14988473
15909183
16178294
16652377
15481755
15655829
15183246
15986882
15286097
15534737
15314676
14927614
14863740
15466365
15626477
16049768
16548049
15331056
14676117
16159043
15327112
15952152
16228288
14816729
14825764
15740099
15001997
15444044
15318875
15805350
15602069
15522659
14503003
16120158
15531098
15445357
16934280
15668866
15689620
15330965
15301851
15674251
15519582
14576578
15695288
15138774
14998812
15677518
15749571
14973779
15556179
15547012
14999756
15615823
15348120
15307368
15477529
15632180
15216818
16146901
15469307
16263749
15943182
16474486
15950824
15624265
16380081
15506500
16081985
14687598
15372007
16385589
16535069
15179469
16143166
14832075
17351048
15805847
16422921
16165116
15317208
15119230
17380452
15169422
16285808
15645615
16145971
14350060
16344144
15471813
15233162
16341675
15971297
15091063
15500268
14673188
15995942
14848925
15392073
15911598
15187629
16047095
16003663
14868970
15525788
14846473
15483667
15007693
15126997
15176653
16132777
15343526
15767637
15502043
15857936
16072711
15030914
15666645
15010562
15118233
14684805
15015371
15492802
16548392
15648494
15502716
15161129
15049350
15042671
14545498
17052312
15367547
14912885
16221396
15134916
15369649
15947413
15095451
15291979
14772053
15355988
15947164
15523198
15188561
15324014
15971893
15981720
14769970
15354057
15756926
15162200
16566795
15794092
15490592
15827697
15506707
15823089
15941632
15602400
15003800
15660406
17222980
16065366
15016677
16888474
15984773
14993534
14537456
15700430
14859981
16093933
15457298
16309675
15757910
16294764
15911985
15783641
15021209
15903815
15596469
15406048
15928197
15806254
16380452
15177423
15291003
14891784
15665480
15160997
15017483
15467610
16138826
14843132
15915440
16451720
15222329
14959092
15968134
15949989
16473925
15329160
15465859
15154021
15471109
15606258
15859293
15740881
15963350
15275790
15363044
15500438
16091454
15490090
16088468
15170963
15191478
15251771
15450771
16637348
14964082
15550761
15980311
14560326
15380574
15392136
15157396
16098417
15224446
14622062
15947172
15708539
15669947
15012137
16253351
15679384
16270294
15568143
16308731
15790260
15486800
15140953
17332462
16254818
15171707
15199958
15474426
15140794
15467157
15157545
15933164
15903583
15609104
14675961
15501178
16285423
15214212
16885431
15587512
15532348
15363408
15884098
15827012
15818342
16389187
14535669
15303778
15353023
14999257
15312632
16110701
16108925
16048034
14768919
15802047
15510067
15497364
16111631
15045433
15628903
14985277
15292267
15211482
14931695
14998789
15975421
15290126
16567509
15947919
15427975
14752557
16051355
15511361
15958148
15350064
15132476
15953576
15751950
15097956
15784836
15787672
16467320
15800838
15676196
16280784
17018670
16782978
15938842
15581407
15587554
15652354
15311270
16259758
14978726
15225464
16732521
15315630
16125432
15584257
15867691
15290034
15380016
15955918
15269311
15531160
15442125
15934614
14872539
15725038
14333854
17179953
15605241
15510653
15308080
15757912
15990144
15996160
15624272
16590945
15436671
15600411
15013038
15572802
15471499
15489112
15617680
15295682
15777420
14886041
15298874
15568769
15472917
15754267
14710086
15214071
15447895
16156829
15816461
17426277
15525583
15240527
15360953
15701314
15435419
16011574
16230112
14970507
15563360
16476801
15676880
15517691
15957528
16270648
15737682
15326757
16203559
15546023
15655005
15583430
15551126
15152733
14722900
15519741
15810583
14662897
17245708
16115907
14929351
15340325
15772113
15459473
15184110
15487533
15934117
15619110
15169148
16247330
15793114
15697058
15644271
15170510
15335659
15919327
15776628
15476505
15157842
14685829
15150979
16158143
16024358
16320074
14698335
15131153
15654881
15041069
15827809
16142947
15102578
16585488
15345509
15605551
15331004
15690839
15760046
15161710
15656826
15048891
17366643
15825114
14904260
16073349
15617099
16015104
15339996
16074505
16078651
15423475
15919715
15299473
15271512
17028619
15742987
15842147
15141963
14557880
14840150
14375682
16441675
15236654
15109432
17043448
15057500
15244127
15161157
16323615
15780531
15135513
15193099
15945695
16018032
14694128
14843812
16116427
17055471
15682432
16337555
16049787
15005385
15726656
15300678
15280220
15664815
15310753
14938381
16383923
15300983
15291828
15155925
15014740
15682565
15102040
16752589
15286406
15925368
15636333
14528503
14852938
15332746
15285948
15305491
15430383
15371323
16227817
15202052
14739845
15607880
15383118
15698120
16320048
15189365
15428841
16279182
15515505
15594295
16364452
16224819
15299370
15583410
15331218
15984981
15464201
15060066
15775030
15732168
15498936
15843757
15228160
15360707
15461402
15468665
15310710
16629851
16581366
16327750
14413511
15344662
14647671
15767203
14680187
16594246
16391254
16008426
14764005
16574124
16534453
17435281
14873348
15956870
14953665
15005376
15007646
15944488
16072747
15494411
16134494
14864642
15626996
15728774
15958358
15171689
15761697
15280014
14876698
15339836
16225310
15869714
17047478
15615433
15468844
15590137
15935608
15817087
15297754
15922644
15481266
17496294
15670583
14872830
16280085
15765624
15188883
15849130
16091094
15127821
15149169
15745825
15428317
16406260
15834646
15744733
16668715
15171999
15186262
15780535
15335788
15602775
15514046
15149201
15676353
15649198
15010136
15515427
17050412
14972057
14629569
15624054
15345569
15212769
15426946
15632196
16156505
17221502
16092717
14973766
16431834
16998058
15839609
14883881
15437328
15939450
15639669
15484703
15107638
17706527
15164195
15933193
17024118
15770938
15256747
15163847
16247224
15935271
16074226
15446290
15784924
16134649
15997287
16115515
15942065
15604743
15932393
15347729
16255276
15188279
15526226
15650985
16376338
15516995
15778490
15358368
15027150
15989781
17375573
15802880
15340784
15981036
14845441
15726732
15303964
15821149
15014714
15506637
16702097
15953430
14852810
15316111
15970457
15918024
15184804
15796024
15327563
15502570
15925486
15457673
15170356
15193384
15554297
16223444
15027921
15808429
14672610
15602471
15445914
15331168
15508817
15487321
15966150
15769516
15640245
16078319
15326604
15672371
15501287
15788202
15937347
15111003
14815731
15947112
14780023
15105613
14991498
16158060
14892334
16654202
15057321
15909118
16076982
15973591
15485389
15349165
15390652
15642380
17051132
16133929
15178969
15263621
15154913
15290172
15615806
15614543
14447898
14718860
14998308
15920666
15304061
16241949
15471977
15872660
15009232
16181806
14900337
14812677
15249164
15341623
16107342
15636004
16624653
15908175
15258545
15425915
14836132
15642104
14811394
14973522
17458856
15149253
15157096
15941696
15809285
15319556
14998342
15987838
15784067
15717994
15815575
15521045
15651213
15411231
15317481
15777177
15134578
15320851
15625234
15600824
16055897
15433032
15136417
15348954
15993133
15968247
15944523
15554052
15780973
14841475
15507454
15607644
14832218
15240393
15234472
15596114
15164624
16535385
15628067
15834777
16109345
16500148
15176132
15382386
15063617
15394618
15160979
15200449
15598194
15260429
14367282
15518992
16579720
14715080
16256702
15505886
16450113
15464000
15592081
16334938
15015911
15344513
14962055
15359678
14707922
15833245
15096510
16701433
15492273
15395240
15692046
15029620
15985439
15686328
15897178
15808380
15344282
16514372
15957155
16543818
15796216
15518819
15593044
16158337
15245568
15514030
15210819
15058131
14970580
15688498
15943007
15838651
15819804
15939208
15018803
15577020
15240335
15874978
15936429
15917535
16963022
15318719
16245761
16656326
17112697
16090438
15783212
15281500
15785631
16863684
15115245
15513186
15140883
15229156
15065575
15429789
14835978
15902570
16067992
16081865
15987236
15555441
16293929
15648175
15295499
15626472
15097595
16249484
15550948
15800252
14208664
15431957
16089286
16406642
14880461
15776748
15539617
15042945
17684071
15465631
15029088
15130861
15454809
15791631
15616926
15915587
15366761
15228168
15942094
16180899
15579587
15534167
14997875
17162127
14834140
15325747
15292732
14465402
16264600
14555229
14922210
15221770
16792084
16134476
15861180
16375241
15641344
14422017
15763373
16372590
15646648
16098031
15481900
16228370
15175649
14869128
15663798
15054359
16123682
15906068
15743959
15927828
15677394
16907791
15144631
15144096
15611462
15323707
15036834
15958203
14568304
15004041
15492719
15980571
15795251
14821421
16330546
15334551
15770511
15548939
15763214
15445797
16264784
15802203
17142044
15367035
14226881
17114882
15642388
16074906
15006950
15326341
15270992
16185485
15906715
17782306
15030947
15036476
15411023
15141279
14803011
15847607
15038591
15783183
16423876
15149054
15541946
15465208
15177381
15161797
15529822
15585506
15696239
14575693
15302870
15073327
15457414
15323426
15290521
15147945
15359407
15843320
15620988
15012266
16025610
16237123
15013187
14812737
16413830
17196085
15502562
15369507
15778993
16233513
15464058
15266680
15872158
16073305
14837732
15587508
15105122
15945429
15229264
15106675
14683582
15620982
15159521
16462170
15628742
15783335
14522868
15211819
15147169
15657236
15729974
15180014
15439848
15020875
15105068
15225219
14859309
15008222
15819920
15974352
15824023
14870875
16677934
16295841
14991780
15021989
15699421
15497158
15636689
15128695
15299865
15186326
15030461
15346878
14849578
14866578
14879232
16415651
15482750
15758306
14800634
15350489
15113763
14497550
15850816
16314998
16109160
15295129
15483728
14676578
15367412
16809145
15346223
15727804
15644997
15632822
16406437
15332648
15793697
15955272
15610004
15016369
15773229
15953593
15173243
14988006
15196799
14830229
15478507
17366880
15133998
15041570
16085009
15442176
16557681
16358093
15501700
15117886
15189273
15796393
16055353
15142360
16020435
15590575
16143621
15599494
14726912
16286389
15798946
15775271
15010937
15173614
16392881
15205226
15790832
16484473
15156073
16092808
16110509
15650557
15511105
16577353
14862143
16072126
16897051
14940950
16439102
15671337
16638376
14986290
15685473
15243983
15284443
15173714
16139812
15813436
15480325
15994251
16521341
15053773
14852945
15189619
15791257
16754518
15628274
14931936
16538269
15833904
15768857
15460744
15217658
16145774
15382399
16260001
15307601
16605908
15839822
15319924
15450176
15794166
16057318
15326938
15291162
15148959
15996058
14733109
15223768
15133649
15771700
15803007
16123347
15938021
15654146
17189085
15935503
15617906
15682032
15330007
15797912
15066018
15219267
14519513
16408247
14820398
16744757
15525060
15184025
15574772
15876903
16645525
16164889
15809526
15468527
15728920
14895242
16590023
15447187
16429155
15647292
14774987
16312217
15171478
15228879
14855927
17513394
14858654
15685793
16188557
15157575
15605000
14997009
15476351
15596041
15326142
15190660
16006588
15473988
15980809
14902040
15182798
15063201
15179854
16367967
16603098
15492971
14647048
15160191
15674445
15786578
16426010
16277023
15010261
14743781
15490641
16209733
15509517
15311925
15516430
15637433
17635084
16140916
16103772
15517762
15048365
16261422
16498148
15541877
15312923
17059299
15408879
15433526
15819429
15413111
15479901
15447734
15483961
16109592
15349005
14848912
15944841
14970640
15810865
16416222
15624893
15479138
15462093
15499601
15622228
15329832
16428334
15953902
15996971
15323819
15160216
15199541
15763511
15630384
15952820
15255762
15455119
15038225
15464360
14489763
15861363
15989501
15598914
16608400
16121822
14735732
15459976
16726093
14811765
15353686
15977010
15480963
14986039
14933846
17199040
16414620
15479649
17018823
16536143
15914309
14950182
16813524
16308879
15660515
15835532
15348263
15469273
15768226
15202246
15154426
15243851
15921823
15652479
15003355
15295936
15924512
15005476
15038116
14798270
14996234
15966137
14826177
15490529
15873873
15520844
15964880
16212443
15313368
16227615
14949432
15154946
15843932
16600398
14882325
15967291
15920511
15922821
16236037
16584226
15297041
15955338
14652914
15615620
15927051
14688020
15575338
15310508
16000113
15637963
15572826
15629836
14973579
14515828
16097212
15473078
15168408
15468206
16355570
14989919
16572012
15479948
14522270
15205657
14490649
16083664
15630273
15316607
14866805
14877070
15302558
15810362
15767652
15867951
15316198
15488129
16100833
15799110
15467280
16318415
14728717
16395193
15206861
14812974
14528636
15025364
15552858
15659214
16056950
15518708
15851211
15664000
15843673
16258410
15689551
15360231
17202890
14859554
15810045
16206676
15680761
15028982
15712471
14859840
16101658
15679289
16372560
15854766
15369640
15659608
16113894
15630999
15572610
15349162
15217516
15417654
15710652
15106338
15689457
15203420
15552945
15317705
15495522
16705269
15008471
15604766
15244685
14978203
15761580
15375138
15319101
15049914
15081332
15679484
14892371
15188553
15008124
15947336
15982018
15981926
15567346
15192136
15648506
15976159
15596338
15374188
15512679
16126368
16322169
15993673
14576810
15133137
15032886
15966664
14871666
15001893
16107704
15436101
15577255
15527014
16003202
15510801
14845125
16863316
16215056
15929400
15100694
15451483
15489662
14843561
15464530
15015931
16255408
15924512
16114017
15450815
14904425
14416889
15455341
15644440
15007338
15631794
16057295
15488478
15777242
15049974
15125348
15449059
16141302
15010650
15879907
15482612
15298120
15781072
14969956
15965020
15006900
15633007
15481288
15199916
16236701
16916659
16542451
15235594
15805096
15717916
15475200
15351039
14464002
15646797
15228333
15662537
16080576
15220617
14530685
14786033
15794317
15364208
15800442
15056225
15317192
15842199
14803215
16243201
15516052
15376250
15824866
16256457
14985119
15951737
15450447
15987708
15489528
15593573
15280309
15902452
15299745
16100656
15206140
14825718
17222572
15367184
17163057
15354031
16281899
15377368
15322107
15511898
14854230
15460343
15752028
15839362
15182160
14508856
15170761
15463029
15288845
15407723
15105246
15261529
15907867
16391364
14996520
15817411
15432474
16076838
15801986
16728210
15464774
15529494
16008307
15364276
14958152
15459986
15751533
14926597
16751940
15672030
16404215
15169219
15373129
14716453
15167139
15793614
15540639
15618418
15289015
15318156
15203436
15775662
15051131
16110672
15376394
15678552
16130609
15232825
14983459
16038174
14873856
15897725
15496998
15313211
15635721
16329133
15456320
15420638
14873125
15830690
16047199
15670531
16891503
15458291
17207725
16254770
15354957
17947170
16238987
15127983
15413711
16067891
14682704
14963886
15769863
15989079
15043979
15832222
15066337
14711478
15163333
16080000
15473764
14804635
15948047
16225828
14978336
15363430
14683779
15431558
15967576
16383121
15158237
14666629
15357609
15760296
15267786
15606260
15637511
14982899
17030960
15077603
15188719
15025430
15497176
14671114
15201575
14855866
15320163
15829246
15523859
15607728
15499654
15213184
15623952
16605671
15170695
15990515
15436784
16686624
16894858
15389761
15294884
14818784
15620632
15823445
15966397
15521415
15673435
16239110
16220843
15132496
15881118
14722995
15368930
16099797
16617379
16059652
14600425
15634134
15958944
15200861
15373569
15620492
17346736
16319999
15469694
15482604
15376987
15643521
16523161
15668249
15115409
15947971
15935118
15141985
17201168
15183393
15339377
15771386
15290529
14514596
15940001
14246679
15136018
15132628
16073216
14700996
15904536
14728719
15299071
15048927
15817004
16738078
16233020
15469917
15299314
15002451
15686461
15337324
15514206
16012354
15977694
15458269
14963437
15787828
14655534
16268283
17056959
15170076
16134388
14853036
15576713
15243802
15146306
15639566
15328758
16855931
15597439
15305960
16384107
15306575
15620299
14765275
15943709
14814599
15760958
15589414
15646004
15316935
15480084
15741852
14657209
14949317
15851714
15753946
15807358
15932654
15283057
15038896
15610728
15327941
16612994
16263652
15597915
15953444
16469287
15053771
15996968
15679059
15350596
15648227
15635274
17242161
15337708
15923106
15063873
16315802
15024074
15646725
15363526
16133347
15832276
16064528
15898427
15493786
15926685
15843059
15042948
15392973
15325317
15126451
14989485
15383006
15530402
15147785
16098524
14838829
16140989
14995106
15824440
16487157
14754202
14996199
16447953
14960882
16333883
15905563
15490627
15145955
15516660
15482841
16123437
15623940
14843306
15635357
15219196
15442368
15788204
15472288
15173994
14755278
15315176
15194708
15968989
16216494
17198190
15436881
14827062
15973677
14495854
14617920
15655857
15999926
15949883
15488612
15683162
15210203
14828204
15521548
15369251
15780188
14946446
15192254
15522214
15798974
15693940
15953128
15115118
15338105
15490371
15001430
15367875
15507372
15702757
15159309
16480152
15973515
15263244
16849347
15990877
15464734
15896615
16128815
15750329
15669349
15037166
16595527
15362400
14676105
15907386
16438982
15460809
16261008
15312576
15563536
17145630
15806556
15826484
14828202
15753690
15474636
15324633
15018671
15300578
16148162
15180213
15637087
16743667
15868295
15967341
15019545
16410542
15200393
15102220
16909726
16100645
15368944
15440893
16282772
17069104
15262098
15441417
15242121
16239798
15355774
15505083
15766900
15826667
15109486
16121833
15606393
15835047
15180349
16765564
15584230
14890597
15956444
15128886
14979031
15144400
15762953
15289184
16092428
14668168
16456712
15660538
15233438
16349089
15928792
15675837
15113739
14873551
15027285
14541648
16115662
15342876
15427241
17315917
15036564
15474237
14677115
15203910
15317556
15814901
15179419
15487083
15475173
15630887
14521031
16731735
16392245
15464483
15826903
15452259
15782461
14559121
14907513
15827891
16056029
15428245
15192660
15307145
14835367
16281704
14604439
15009225
15381919
16032422
15981444
15576617
15176253
14531991
15033817
15272776
15282486
15306675
15504141
15813995
16367548
15484892
14703826
15498863
15758888
15468238
15350443
15300447
16062881
15575592
16332039
16080681
15626122
15285393
14486157
15607428
15855784
15913672
16437521
16434032
15149999
16344608
16045739
15806870
14865329
14901523
15002277
16491234
15530733
15796884
14692177
16693610
15940969
15314340
15632800
14869504
15053421
16565260
15331305
15197594
16293004
16428180
16123482
15432568
16559192
15046863
16415021
15926023
15656363
16219550
15784405
15737823
16240966
15319528
15353307
15304156
15625625
15519364
15511193
15285263
15501899
15162075
15778410
15700728
15303737
15751564
15728821
15468818
15074911
14607468
15331869
17946934
15055917
15136358
14539641
15637050
15301705
15775908
15864142
15773167
15108044
16362147
15791349
16228050
14986232
16617341
15234616
15153089
15667619
16298059
16259441
15006387
15755331
15971894
14876454
15799755
16220604
15659980
15311693
15175837
15984295
15960166
15479552
15951618
15364949
15695077
15141563
15999326
14725423
15365574
15500989
14921917
16669897
14980632
15100481
16853163
14713526
15013546
15454852
15254184
15831148
15524208
16734643
15793712
15899643
15968316
15318403
15477879
15960720
15355403
15933722
15487097
15469070
15667563
15650374
14642683
17463003
16366619
15460012
15325469
15911181
15749405
15808800
14516135
14725966
15792520
16097019
15394344
15969109
15956163
15350792
15744977
15955606
15817439
15062907
15788692
15684231
15137585
16831097
16103137
15924944
15272054
15807870
14853258
15180823
16310122
16926267
15300185
15693222
16500384
15348111
15332195
15726737
14688512
14959128
16041928
15942295
16189179
15855350
15752329
15525484
16368330
13866915
15915368
16162840
16270362
15171363
15143989
15318156
15805856
16275897
15309713
15337972
16412763
15133699
15550499
15310979
15463448
15007258
15828777
15532551
15808404
15801179
15505524
16760177
15350545
15475541
15329632
15438588
15617097
15882640
16860879
15497917
15895197
15288329
14905268
15481929
15601899
15333739
17618261
15728535
15311288
15385581
15142913
15663176
15192951
15187696
16101002
15270041
15308853
14816737
15001775
15292440
15442782
17070499
14909185
15736801
14720217
15346866
16463850
16236270
15016737
15489503
15364845
16017005
14692653
15895972
15938715
15832131
15146482
15760815
15389122
15536718
15656976
14700911
15264942
15488795
15966452
14696598
14582016
16283730
15539981
16582455
15304502
15525776
15901263
15325953
16350408
15483831
15808670
15304345
16863075
15955964
16087014
16210094
15911370
14696056
15453984
15364866
16735578
15630526
15564146
15507469
15805392
14793611
15299351
16551879
15082768
15507581
15209578
14853063
15836614
14939474
16315123
15952720
15971878
15598698
15519934
15454897
15332962
15676551
15227305
15638471
15180352
16460016
15824045
16577905
15461314
15383002
14898310
15478625
15771668
14518758
16287507
14541168
15963648
15548326
15736258
14943958
15798497
16003220
15540476
15492497
15346786
14901928
15072830
15663280
15172763
15058924
15487906
15029639
15660447
15179323
15481175
16089108
15927655
15163735
15849312
15669459
15413745
15353791
15980596
15223799
15110079
15647877
14818452
15484213
15295888
15481889
15122782
15551344
15772028
15584912
16548036
15207053
15670212
16635839
16723829
15214263
15777237
15479156
15020319
15271173
15487509
14702060
16022517
14822841
16025723
15173024
15815510
16849078
15517879
15259058
15188690
15548424
14718197
15315875
15931136
16278414
15798318
16508239
15464086
16366631
15132246
15332860
15634168
15176405
15601841
15512322
14852582
15409440
16251946
15920217
15734115
15604401
16591204
15775536
16027266
16518463
14876919
16103646
15035537
14644899
15607339
15264017
15039429
15837362
15314595
16879520
15349231
15098399
15632978
15321715
15910890
15133024
16411900
15457228
15808743
14994370
15767547
15728428
15245978
15660641
15696878
15194235
14618207
15343706
15663997
15176758
14842931
15439720
15615952
15037268
16911474
15500010
15700217
15489762
15815134
16669713
16587691
15787797
16091903
16563958
16433140
14983874
15234492
15657303
15986847
14856446
15361733
15987727
16976979
15881088
14744829
15111183
15634894
15526257
15979196
15167208
16548652
15636328
15329593
15990956
16018625
14961644
16596630
14872133
15805675
16025030
16089803
14969845
15919823
15448638
15118370
15446005
14844174
15947104
14657263
14726534
16194686
15975694
14965513
15527867
15803701
15124277
15470504
15159352
15195529
15470134
15251336
14711168
16414527
15354470
15045509
15012252
15437545
15241283
14730227
16217594
17339119
16398475
15787262
15020237
15275437
16092890
15514531
15000042
15516291
14885310
14856572
15233235
15467488
16374593
15768275
15314271
16218212
15624812
15051760
15512939
14385986
15262313
15696401
16871728
16519710
16873664
16226868
14820856
15936728
15454156
16059622
16681384
15625616
14814654
15609967
14380539
15910346
15533164
14514629
15152454
15178028
15521007
15575398
15558126
16071433
16109100
15728029
15978390
15971220
15197441
16082201
16009750
15644886
16054943
15003114
15785417
15797434
15053820
16549159
15482465
15611663
15714111
16406176
15195103
16123217
15453924
15567078
15567924
16234023
16017790
15787590
15630863
14703355
15583022
15704781
15582777
15922132
15965587
16846300
15928247
15954457
15493934
15479027
14855862
15616926
15310408
15199490
15361126
16271518
16667911
16105188
15908772
14560725
15794557
15616882
15559358
14792092
15636205
15437406
14702436
15344166
14832082
17108445
15300558
15325435
15463192
16788199
15347979
16074040
15572123
15621710
15572191
16467726
15021517
15946656
17023270
15124942
15253850
15030357
15350739
15173447
15946629
15627273
15490740
15512574
15792566
15678073
15200482
16205168
15708626
16867383
15832689
15620542
15911793
15337467
15294920
17260710
17022927
15063493
15786250
14798176
15126596
16180729
16589957
16202308
15605159
15849404
15342601
15336900
15077542
15729492
15747693
15788906
15346297
15603985
14880456
15056863
16678763
14772391
16143496
15785478
16251011
14904021
15449918
15403475
15172544
15210656
15139745
15320309
15624542
15163666
15188583
15474774
14686746
16590515
15625201
15530026
15129547
17178261
15973061
15163086
15598514
15509302
15644703
15309831
15165048
14924174
14883353
15154644
14751961
14966146
16087499
15918259
16257198
15795894
15187301
15488442
15189266
15203223
15350089
14916266
15877076
15451458
15330113
15437819
15407230
15254392
15467280
15293393
15331042
17042927
16001745
16065738
16386771
16807216
16500625
15527894
15027947
15634287
15367726
14837600
15263961
14780209
15320644
16493728
15637252
15263936
15019320
14971792
15277808
15311614
15339726
16785337
15177411
15450990
15697342
15206740
17775212
15611798
15594203
14732624
15949200
14513066
15323833
16083795
15744297
15321541
15565692
15225127
15412687
15043114
16215477
14853667
15833346
15305334
15921442
15503352
15741526
16564120
15759105
15839084
15182675
16114542
14817750
15235227
15773924
16076786
14838282
16086145
15462705
15793947
15038572
15629227
15432727
15568693
16882857
14983195
16320443
15622395
15313171
16545364
15452432
15745774
14999338
15221171
16880677
15971859
15353017
15578812
15225868
16058067
15293167
15583721
15488474
15664846
15192757
16250352
15943099
18507906
15605465
15330707
15818103
15455125
15123716
15765922
16154887
15005147
15196176
15644158
15594774
15172202
16080876
16199341
15301668
15133029
15138611
15170648
15004983
15798466
14710769
15297571
15574033
15177820
15292588
15201631
17636914
16554656
15318577
15433614
15025427
15595625
16225223
15966439
16352651
15979233
15362294
15793607
15663609
16400680
16519934
14919488
15140938
14684664
15509926
15451711
15466433
15633963
15684287
15903380
15478361
15044416
14545004
15763098
16613451
15147828
15618222
15245917
14837651
15804905
14988275
15665213
15667612
15202938
14627590
15681271
15609812
16424941
15846012
15129528
16750233
15947394
15156102
17322231
16008624
15191077
15143688
15169056
16188737
14799119
16308480
15072385
15490597
16110650
15840508
15009815
14812318
14864144
15955771
16519449
15043619
15191181
15368300
15948960
15325664
16183267
16229390
15291070
15686562
15450364
14711811
15780996
15971864
15334834
16688326
15164634
14978936
18175066
15769210
15363897
15317111
14830502
15977457
15255107
15481447
15768136
15682491
17380256
15755745
15397141
15023205
15470537
16187631
15012190
15663958
15739644
16342211
15519832
15282817
16476797
15439513
15290723
15116161
16597330
15942303
15221728
15162826
16886972
14969410
16078895
15484148
15331935
15494474
15889250
17013707
15475838
15026434
15464575
15757763
16109338
15424726
15342905
15939408
15163051
14988160
16219988
15449698
16078622
15819320
16077399
14851536
15482394
15633683
14838295
15794618
15520467
15404079
15607018
15304525
15656681
15927259
15522932
15055360
15658369
14517340
15304692
15727837
15351132
15676836
16307762
15469937
15167563
15645869
15094494
17248232
16418511
15932753
15209986
14689761
14379129
14826305
15476036
15479185
15404693
14854063
16526477
16096020
15951007
16244478
15655256
16164998
16093685
15312676
15960019
15830059
14682841
14599260
14981170
16297682
16242267
16259999
15806215
14333751
16805277
15323434
14530135
15434819
15024956
15786654
16107775
16078222
15605886
15628577
15814248
15766506
15021603
16104667
15411693
15294995
16325892
15429781
15459933
15318711
14524520
17043732
15315751
15240850
16720402
15959040
15338584
15556300
14972373
15771467
15044743
15342398
15453116
14423603
15750811
16003191
14722368
15328744
16570594
16218373
16563424
16001229
16755923
15792479
15849392
15596257
14840412
14649876
14873151
15502042
16227043
15330492
15818239
15501252
15340898
15628585
15662571
15379522
15774500
15655614
15956662
15470292
15451574
15486300
15772815
15175054
15671612
15332834
15177483
15936203
15473060
14676924
15742098
15629487
16225337
15973088
14969483
16243200
16845228
15206704
15368395
16250900
15284368
15161930
15642817
16140585
14688986
17671206
15166428
15324788
15028542
15619260
14856981
15294709
16878724
15508180
15814382
15156074
16308500
15815232
15825305
15580987
16177637
15027129
14720034
15573785
15566958
14267735
14878257
15246712
15987776
16170152
15358543
15453986
14753801
16228742
15541644
15577778
15479927
16203710
15370458
14930467
15338301
15791244
15272068
15196970
15715764
14727496
15189118
14996094
16133589
15596242
16115884
15194571
15218530
15625024
15941823
15521038
14903803
15014993
15473584
16439275
15974365
16189935
15829722
15351869
15695748
16433068
15955897
15310097
15046593
15835918
15457578
16373433
16653281
15658767
16240673
15789760
15691316
15808272
15873282
16569498
15317629
15898230
16109556
15221637
15857143
15425102
14553001
16111936
15430917
15646675
15926604
15757802
14989096
15117102
15608488
15262419
15865334
15201027
16569780
15614629
15167350
15486157
15625606
15342440
15844468
16070544
16144574
15492803
15782223
14956373
14862164
15296017
16036518
16075780
14808043
17774471
16988288
14990734
15974775
15336982
15193091
15521181
15623435
14864657
16550522
15925072
15700347
16449917
15289570
15109940
15164947
15230219
15282490
16423493
14863618
16960976
16207050
14984648
16460282
14814545
15637740
15624239
17948825
15205611
15150230
15777218
15873432
15160072
15466932
15391228
14874065
15350704
15679756
16159963
15377464
15789795
16740577
15108966
15286282
15847174
14908297
15278334
15601482
15120207
16107868
14971827
15536944
15314217
15478944
16039204
15718484
15618062
15902660
14872982
15329936
14730639
14983127
15596859
15062400
15208361
16572770
16579518
15228841
14980170
15166425
15166765
15267458
15310229
15839262
15480620
14895226
15512121
15517714
15448352
14881968
15289114
15361728
15468202
16389881
14729081
16520240
15503221
15036007
15947046
15507893
16142165
15672497
16543188
15337767
15069565
15149289
16190416
15275454
16413035
16067819
15606018
15339385
16125670
16259116
15791926
15491029
16252667
16117292
15547299
15671470
15013970
16064987
16000350
15682937
14749231
15161202
16237849
14972713
15132671
15390985
15304602
15228550
15863370
16407194
15156035
15342832
16351174
15202128
15480942
14586906
16242965
15029038
16066499
15943653
15167671
16200692
17139166
15029949
16753177
15298792
16388257
15320383
15338752
15323539
16889145
15770170
15777385
15208742
14548623
16435987
15311996
15589736
14895308
15059571
15354275
15340836
15952902
15776490
15810168
16140319
16131715
15324343
17174013
14866511
16081606
15334463
16486947
15698970
15664735
16638623
15580973
15782502
15092627
15043473
16250535
16190791
15585003
15686544
16561173
15140677
15779393
14992090
15338755
15467156
15496967
16700939
16482379
16452913
16213780
15166348
14381039
16148772
15749411
15052686
15240457
15193120
15502424
16396166
15024231
15490241
14936022
15555349
16390450
15002746
16345586
16306302
15637403
16775924
14925758
15814177
15514118
16447778
15483584
15014754
14681004
16255726
15731254
15483981
16143467
15189889
15321224
15762131
14990863
15323607
15204105
15278872
15449162
15168087
15379212
16616218
15815971
15519315
15870034
15510376
15700921
15662158
15301491
17132835
15462572
14943142
15411264
16064025
15925316
15810166
15449089
15508122
15638914
15286711
17711844
16247701
15002161
15235531
15487930
16707567
15686854
14741983
17045915
15174376
16328756
15175668
16038408
15623021
16533865
15633319
15118567
16060054
15143433
15995353
16280423
15578310
15011564
15502191
14535593
15318541
14870018
15146349
16131837
15920994
14970649
15651331
15766768
15801394
15492853
15581310
15767447
16229650
15638112
15968686
15582745
15542560
15709831
15635162
15184419
15348286
15344163
15301508
15636380
16028055
15522737
15854725
15771145
15871488
15834801
15134843
16274747
15360003
15641002
15187856
15950006
16802964
15346780
16031362
16785925
15632681
15270781
15334000
15315114
14870891
15893671
16151034
15803101
15924108
14750146
15947855
15175308
15457590
16234347
15758494
14953602
15174533
16565074
15609956
15339415
14682091
16435375
15331539
14850448
15656440
14837604
14931222
14985035
15823201
15771078
15349895
15543200
15944332
15263910
15276438
15651458
15145276
15030455
16149062
14550191
16005041
15837010
14838262
14914728
15642018
15060096
15347405
15471479
15429199
14972838
15113342
17786633
15923233
15216995
16111651
15455303
14887090
16202328
16271121
15320284
15925368
15029473
16728566
14701103
14830699
15596666
15035047
14820125
15500837
15253216
16918376
15959671
15931939
15224704
14967049
15334497
16325480
15193542
15197191
14902086
15608104
15905437
15935849
15897390
15186102
15012183
15869000
16732894
15966088
15474747
15189579
15385923
15799345
15943321
15444380
16293025
15231489
14944659
16491901
15452030
15597392
14869691
15260206
15329564
15485223
15389284
16479500
15154952
14827259
15740497
16506902
16446271
15383793
15326559
15965547
15426281
15096656
16264453
15947474
15367424
16156251
16458199
15909527
15296204
16353399
15010227
15896262
16482102
14902865
16223117
15148315
15344340
16014935
15507830
15282536
15190279
16102461
14750048
16509039
15022218
16291010
15168590
15751087
15902442
15349613
15349694
15495116
15588535
15027076
14397822
16122208
16560292
15455618
15774367
15994776
14842061
15522161
16214478
16089422
15536571
15406137
16127839
14719426
15633845
16098894
15376779
16818228
16585462
15668796
16683186
16529442
15747674
15929426
16284897
15728522
15873300
16721379
15317863
15672466
16520759
16095182
15266567
15772339
16078102
15583701
15929125
15270640
16936645
15505282
15918573
15495038
15771765
15461177
15155701
15425199
15172863
14369816
16158795
15633555
15465528
15486617
14799261
15926695
15184718
15219918
16180602
14791706
15179264
15215071
15266754
15786726
15633486
15583672
15014216
16372052
15205643
14900618
14737159
14868950
16214315
15415931
15573493
16070053
15805010
15013991
15514262
15343710
16082195
16127245
16461252
15875938
15599215
15661272
17616426
16227996
15781843
15453999
15854608
14887762
15054278
16816163
15929033
15550267
16002983
15631974
15138786
15160820
16058557
15871355
14974888
15108617
14751357
15945027
15168442
14983957
15577403
15890724
15010512
15440315
15139888
17586122
15897290
15634323
15678025
15671387
15655776
16745614
15074553
15177128
15506582
15655578
14534934
15928447
16637380
14919194
15807720
16262616
15808201
15129246
15598632
15755532
15154724
14903958
15083010
16245147
14817292
15930868
17188536
15224390
15461342
15637904
15485842
14993083
14884087
15994615
15328895
15815532
15194721
15446755
15487085
16102216
15547820
16406989
15792408
15199159
15644028
15804858
14240136
15645158
15502660
15339430
15814151
15833515
15623593
14930719
15144881
16120637
15984429
16121468
17018939
15196251
15394668
15865637
16061983
15552779
15283260
16291630
15174160
15984443
15974883
15815624
15654466
15867070
15513790
15451312
15602366
15835711
14704359
16270273
15640162
15191758
15763871
15354103
15315364
15519555
15767240
15302669
15810767
16002721
15782463
14961013
15570362
15234585
16051760
14928320
15965044
15437374
15482458
14848713
16282630
16452347
16930909
15153909
15533988
15775868
15308920
15757293
15924710
15511194
15378262
15067055
15236318
15201962
17468993
15118252
15781170
15169869
15640197
15188709
15213661
15612991
15676959
16097684
15020402
15088065
15589906
15152345
15636341
15353130
15773478
14893453
16462444
15317916
15528417
15286090
16725385
15963712
16345047
14885774
15908558
15465464
15500980
15165275
15033966
15444452
16201567
16258756
15960542
15563217
15055330
14550935
16411777
16558816
15292425
14848338
15315728
15487828
15493776
15768691
15753787
16067412
15780107
15248292
15365387
14978884
16728889
15127231
16160622
15797986
17166287
15005214
15786758
15448930
16860074
15376955
16100349
15494134
15356536
15477031
15198034
15514200
14839869
16652732
15271225
15662592
15918548
15898766
16902931
15936628
15415101
15493578
16294106
15334478
15733974
14794192
15269460
15826427
15740308
15934154
15467846
15149422
14701563
16747345
16216442
15958977
14590182
15140799
15394398
15921057
16248932
17057697
15161382
15316159
14990155
15612946
15250212
15374352
15495996
15014764
15522232
15234733
15215843
15841087
14995167
16073675
15702485
16548791
15179962
14693236
14748745
15029401
15800337
16539499
15030155
15656365
15200205
15563755
14877059
15608428
15340452
14949465
15440838
15628457
14269357
15599075
16107813
15788267
14420751
14835409
15426856
16546379
16420753
17069686
15968915
15609119
15937311
15808089
15729378
15992223
15493262
15526009
15393119
16166607
14778162
16036269
15126126
15505580
15689767
16062206
14749795
15334474
15250012
15279744
14993904
16201470
14680040
14468051
15181284
15786795
15745906
16306383
15179590
15182684
15086510
15648657
16375946
14741657
15741040
16078662
14948779
16269391
16608754
15151632
15313896
14639464
15848308
14889111
15965161
15629912
15958506
16252638
15200154
15426799
15246605
16413265
15166533
15947205
15354097
15489942
15940032
15525234
15489525
15947884
15313636
15025218
15399538
15954098
15148131
15750901
15617552
16443469
15056092
15308007
15031439
14720987
15920639
15840735
15112550
14534999
16521601
15804928
16118524
14921028
15029725
14703907
16576231
15783776
15645165
15285644
15348326
16327212
15535430
16531837
15203272
16382485
16107677
14903937
15526515
14944415
15177637
14834679
16064017
15334775
15770760
15672615
15468701
15447791
15681170
14976353
15288561
15333182
15392980
15043947
16140887
15962189
16054898
15504750
15847490
15276340
15790502
15468930
16406246
14713526
15992690
14986400
15785733
15870799
15576498
15320884
15591824
16448748
14516125
15294296
15752041
16415233
15101726
15129858
15607712
15960931
15791817
16561451
15162329
15668397
15155813
14939299
15588213
15475772
15732897
15381042
14740831
15933093
15639729
15617396
16517738
15011767
16248698
15629254
15654283
16439909
16000414
15007115
15633179
15520467
15277921
16196283
15333113
14524016
15936324
15756599
15476842
15638949
14830349
15580260
15495891
17032275
15933578
15470233
16108790
16391344
15164876
15463335
15317661
16259272
15248004
15822700
16597717
15477960
15872639
14989742
15389418
15971678
15918400
17065086
16212721
16605459
15297612
15914314
16035196
15414312
15666792
14865436
15445006
15175467
15788576
15010841
15297996
15644277
15507990
15347910
15488471
15650395
15351076
15650775
15479104
16908496
15627131
15964007
15540589
15862958
15639616
15208089
15489845
15594956
15499726
15347132
16505165
16126993
14853007
15033660
15162195
15654519
15364211
15920986
16307785
15441964
15044114
15490423
17468762
15338124
16433305
15891941
15561427
16176346
15482254
15511740
15816511
16045838
15832367
15465509
16557163
16745243
15681537
15319801
15846287
15717636
15823073
16132503
15530131
15642969
16604808
15652237
15628746
15470178
16762201
15400391
15183985
15681635
14905625
15703031
15909164
15386509
15951356
15187607
15502292
15329962
15459745
15601263
16495979
15837711
16114523
15476170
15575786
16366396
16911691
15222646
14838317
15300976
15164957
16539592
15341991
15794559
15799212
15286281
16100865
15000057
16473336
15379567
16027547
15144907
16068981
15929547
15817671
15429927
15087994
15773009
16204096
15491271
16888462
16096676
15530581
14947802
17016623
15482492
16141324
15101549
15371089
16445592
16554572
15606673
15812248
16108746
15345441
15271243
15271533
16083415
15778320
15029826
18005322
14525558
16246083
16371427
15626577
14718948
15977484
15597866
15780301
15635898
16399365
14895626
16022778
15545934
15248419
15008709
15178957
15327161
15934479
15953292
15426366
14708271
15938061
14869515
15088205
15149784
15774688
14710728
15601125
14636114
16267670
15303656
15594022
15566753
14900192
15365485
15387421
15308356
16008115
14992782
16376437
16132174
16355395
16400769
15523952
15880560
14945782
15755814
14978997
15095389
15377122
15552653
16233195
15931724
15964780
16251351
14811178
15361152
15387036
15028412
16548830
15381532
15198875
16184663
15920073
15361623
15447757
15237746
16204790
16106725
15625056
15765771
15999398
16882162
15908762
15895511
15020618
16445202
15430197
15187764
14594035
17156036
15467073
15994818
15337310
14836313
15361349
15983851
16032638
15030841
15784824
16361175
16120401
15629482
15654866
15005621
15216607
16383930
15646269
15167777
15714812
15619587
15902239
15340709
15266209
15527569
16585948
15513834
15429618
14844319
15527893
15159819
15446454
15653209
16163320
15950884
15193242
15767544
15167062
15919904
15766706
16572386
15460825
15927475
15469054
16419723
15174293
15498466
15089211
15486653
16432195
14821366
16149565
15133419
16751464
15072611
16537907
15812116
15345237
16165119
14985743
15630731
15968315
15523920
16112235
15495939
15335304
15343039
15209398
15083661
15340528
15030616
15407149
15581019
15791337
16403291
15552528
15478401
15766889
15797561
15827354
16682687
14829651
15905445
15806897
14710629
15371066
15628542
15800024
15457823
15942825
15690809
15483465
14802667
15317868
14404802
15639847
15221083
14649540
15306238
15998020
15442071
16152212
15704012
15504896
17511193
15536840
17017991
15452812
15542307
16988285
15097183
14694939
15681054
15282009
15644076
15589249
15211045
15620633
15578993
14998781
16130131
15376513
15450220
15493011
16179048
15193830
15219897
14425679
16410623
16858283
15144053
15044999
15984280
14769436
15526906
15659735
16245282
15189323
14900737
15047362
15708016
15185536
14864662
16014540
15635776
15689243
15975422
14982195
14890498
15117454
15541334
15476667
14923829
15821783
14972435
15595469
16245990
15182937
15665422
15937702
15557603
15326277
15051332
15526825
15974630
15953102
17489460
16053173
16120156
15311622
16252771
15082165
14711578
15721645
15471047
14868582
16091193
15009393
15514297
15883032
16376085
15254276
15339715
15687971
15133318
15102149
14973949
15281948
16433249
15497774
16129960
15151852
14994754
15798512
15682502
15871804
15814498
16177361
15655084
15811040
17149857
15183342
16435735
15817881
14829022
15034107
15277584
16086927
14657524
15329795
16048234
16289189
14482142
15441472
15508578
15557770
14961803
14857221
14840164
16139543
15651104
15897353
15946770
15289331
15250266
15965502
15322122
15821693
15300164
15322479
15513841
16262478
15773282
15341110
15660252
15627552
16812622
15905111
16274141
16236566
15646374
15123838
15761226
14813518
17140180
15368245
15498127
15618096
16260734
15088701
15436935
15678276
15589937
15620059
15194250
15485657
15951558
15507083
14864296
15223843
15396015
14376350
16234117
16866149
15004273
14990874
16092897
16032084
15448544
14650176
15762332
16191271
15145874
15802203
15333653
15371391
15352686
15777591
15619445
16132881
15948564
15635185
15609423
15495087
14827213
16113977
15628102
16036045
16177151
15674563
15279587
15788903
15330558
15523755
14991779
15655780
14807164
15375360
15610658
16496659
15349550
15073566
14865226
14666392
15535968
15869483
15307811
15767800
15385212
15499493
16042663
15941024
15011423
15726040
14993865
15083269
15980208
15167573
15948466
16717946
15601415
15514809
15961916
15183763
14921821
14883653
15936644
14969689
16409638
15459115
15635696
15599623
15297308
15496919
16235224
14994708
15317539
15623468
15431041
15453417
14949697
15898666
16053580
16723118
15436850
15314103
14981738
15113863
15560599
15462151
