1898296218
1846063516
1841342527
1845320672
1902075560
1847897333
1859694935
1864210556
1931041195
1873601821
1926583842
1957522694
1904323315
1865496418
1847312203
1854325268
1858349296
1805759317
1923297817
1775930122
1838496606
1977444573
1875118960
1837342034
1881855496
2005579270
1816721829
1848929966
1888963083
2034782093
1901309100
2007083153
2023202592
1790264684
1829523707
1948815115
1851546675
1788732533
1868535521
1903194685
1827652652
1827214646
1860115059
1966762615
1842197818
1905312934
1903090490
1879208460
1827437741
1945441196
1839210137
1808567214
1784423392
1852023640
1928310241
1845607259
1833699969
1850020863
1808680329
1881021230
1918032143
1901810710
1904741424
1885468747
1920011808
1820170840
1829461661
1868327880
1913717081
1828755826
1860064167
1888812983
1890955362
1823736851
1928079340
1774935434
1825535596
1860692402
1884213555
1851185301
1867417268
1834283685
1909965828
1835657641
1902804017
1866451124
1816642499
1874344271
1868821204
1897676739
1827140578
1850297479
1870184981
1933776512
1803755182
1860574651
1851919689
1871401245
1818241960
1984809139
1894139026
1825734355
1772505551
1812040980
1888708385
1775428116
1872408375
1914933975
1818667598
1837595796
1901443674
1914990985
1802070603
1903407231
1855290311
1856651462
1817515469
1899234289
1884665671
1835116890
1879470881
1897577458
1899101567
1896310567
1867016819
1945931436
1803232914
1846782479
1870580651
1904058795
1862267965
1785054726
1838526139
1893434325
1862759743
1867753233
1886535752
1816685733
1819429048
1893049410
1926502881
1775953249
1829080871
1895053985
1896262994
1765388868
1800611577
1870388692
1946181221
1805955712
1800045963
1914463616
1827230559
1889850626
1885421774
1900065249
1882219915
1867459872
1961521470
1820406157
1843574480
1854242145
1888289379
1928057428
1883604371
1945973469
1891375841
1899720140
1926299118
1900266390
1843294623
1896407125
1823392403
2005261922
1904028192
1940619025
1969802204
1836056133
1853932075
1898899693
1824979673
1875156108
1927611393
1906871063
1839112972
1813556533
1925261549
1877443507
1791796095
1814559084
1867201651
1881420572
1906918724
2006705804
1853780017
1897368407
1917342957
1947148377
1917091593
1864493546
1927824856
1902149044
1933081548
1911500407
2018346942
1908772345
1858046038
1924830278
1807565382
1889602684
1955930457
1914715314
1880156386
1961594602
1965103178
1830787590
1940350052
1850483358
1928474640
1854887730
1863892846
1899412944
1776383569
1870842232
1983300533
1985922727
1941678011
1957641920
1990127397
1836047586
1921210447
1902534579
1843321533
1973883673
1942302853
2022116538
1906476325
1834605808
1901027942
1906632007
1835534379
1917156266
1957226789
1808453719
1922194860
1959349695
1882734166
1867728976
2007297649
1810882417
1882492198
1891372701
1915101684
1849156541
1912973168
1970084104
1857615255
1932926823
1886727528
1877256286
1850124249
1900497624
1930688977
1876989902
1900949199
1885203248
1949858756
1848149770
1882717716
1929822627
1873126819
1878375663
1796898957
2015529623
1922751568
1856217482
1942545844
1954727432
1827985906
1878306223
1922635625
1861987253
1857470753
1855177765
1911135331
1883888029
1911077715
1874065278
1942821029
1905352799
1906924375
1938773630
1868180448
1889979337
1856723202
1923194420
1897379113
1892112426
1945424745
1986420180
1814227014
1904992244
1910426144
1863906930
1911438851
2024000249
2004047700
1870986338
1927208889
1971662883
1865769827
1988762510
1939472831
1865173074
1927379798
1875234973
1922240510
1864403768
1879696427
1929713823
1958091720
1858550169
1902893588
1953091151
1881921296
1896489636
1940796802
1892406311
1820805704
1925757279
1832072313
1956927788
1864549700
1862821900
1947747430
1797805650
1910006046
1920710791
1911645923
1852310251
1841317294
1901836165
1868761499
1885305067
1932875226
1901588769
1827091998
1887331351
1910555100
1895560226
1939755869
1839920613
1922044220
1851100079
1885211072
1876457561
1903364988
1873032103
1860936852
1951212050
1959409198
1872281414
1981631146
1938070049
1820417460
1874235472
1874077592
1981190017
1858058603
1815021458
1850128683
1848685791
1853581094
1920028651
1993143944
1877190219
1894632670
1889717272
1941974265
1924432540
1892229906
1823860261
1843625114
1871772525
1898667508
1926922921
1877455061
1810949293
1869501795
1850395535
1861737741
1817964831
1910074573
1831093258
1883816340
1869051776
1905028981
1785595415
1893024347
1908581225
1848415636
1891855341
1864424585
1929885419
1808213093
1984442156
1940031403
1823737421
1888597430
1983411220
1889878096
1802902576
1936861136
2022397898
1893514588
1906938836
1903667135
1883382718
1872812108
1922874414
1914823756
1898931113
1890183691
2022446714
1848123357
1911256579
2008163044
1840972921
1852064969
1868474772
1962785731
1873551028
1852430066
1869357461
1936266964
1928094922
1846028354
1877914208
1850169785
1847920579
1834489808
1862016078
1911884956
1843908949
1871898263
1973356773
1966754841
1825315782
1883215135
1994083026
1855394470
1903433125
1775481322
1892993849
1918445242
1906639391
1892073477
1827398213
1952766628
1830393815
1893065827
1921991210
1894545140
1870644568
1871555131
1955422415
1891056226
1921117184
1990686468
1920865574
1906856802
1794940505
1871540637
1923845502
1863838728
1899576203
1916040919
1875903627
1883371916
1944128760
1924670555
1868097235
1893997314
1922926349
1946609641
1890429519
1882115064
1889534428
1896519179
1852660833
1903955567
1858523524
1838934542
1857168049
1972942655
1830761045
1829241010
1904265397
1919504308
1823892515
1908239709
1893056892
1805165909
1851160069
1979894180
1777271992
1872500176
1933260300
1906884812
1841716255
1934720520
1835717000
1957864078
1850913405
1841144187
1855243858
1834696147
1841366767
1887266182
2024493643
1899855427
1837159937
1868248628
1820804120
1915579147
1886733923
1922535157
1758061393
1843049859
1921969491
1869894584
1842563013
1871908632
1846494186
1971437254
1853623030
1951780965
1864359461
1887414835
1895786304
1859970336
1924464594
1824646889
1872040175
1967777082
1855585392
1886547510
1943175152
1767097544
1952207576
1906731604
1851553382
1851337045
1826372366
1875409202
1846433531
1855650309
1841692536
1902709030
1832981185
1854483740
1871155556
1873365409
1808144308
1877833514
1869466140
1877783606
1934059686
1930680617
1866684846
1803064122
1928227150
1926604700
1970608244
1890125228
1836670164
1935512125
1894440108
1857567020
1935082892
1950582055
1844634480
1941146072
1956013689
1865494469
1931569022
1934528727
1830999936
1785334708
1855115865
1959875132
1762619823
1770746721
1840424143
1955853883
1863789306
1852361592
1958846951
1829321117
1835135018
1932906103
1901314933
1803027561
1852173954
1868072087
1912440352
1862070334
1889175095
1869444095
1793004741
1918078694
1857922336
1864598484
1879887678
1883686669
1890117060
1864794769
1879385914
1905088995
1971227695
1826731177
1847425856
1902614912
1834178450
1783663845
1873716980
1839520513
1792237009
1816963930
1830733974
1938168266
1843446595
1825150659
1869459691
1891698461
1803373651
1767513789
1960742920
1728619820
1826691824
1794888359
1894934208
1790861249
1887457050
1856256574
1885891152
1847307306
1767987991
1913302744
1921582301
1862306576
1849218848
1960983851
1919791280
1891472536
1863589388
1823185687
1854762685
1889809219
1966605214
2467917427
1907303562
1891894822
1841539561
1851389523
1857577847
1992613882
1830130468
1845122592
1886063870
1938180376
1855164975
1873832786
1951866495
1826696695
1825205905
2009908363
1787594966
1919899477
1898783095
1899057470
1903859368
1835087593
1834170540
1793602887
1807116007
1869357083
1958517770
1878077720
1816467344
1865367770
1827487995
1830144297
1904592983
1917227261
1826984956
1859383864
1861032486
1995397071
1829134135
1937310535
2080059326
1798449005
1919376708
1866258284
1793890792
1815532346
1851421056
1906816451
1853681863
1865936017
1829244246
1925517016
1867953874
1919208396
1930146249
1886248249
1910795240
1938092361
1805650998
1847583596
1838211132
1888249322
1810039667
1871799042
1849461141
1891026216
1882747501
1854346187
1950114092
1809983333
1819722388
1884519497
1896495561
1809605683
1857675989
1832049864
1869791260
1862993126
1940304092
1909532683
1798079275
1874512988
1887646014
1817069030
1839459250
1856326167
1887396563
1856331131
1871132078
1904160351
1903484569
1840684439
1893150005
1890443603
1853284486
1859423041
1933966645
1848014060
1907928047
1902171143
1811131837
1809088487
1877262834
1960673040
1878016153
1878787581
1925735506
1802220432
1859068657
1899949239
1922032050
1812466851
1849673622
1891490607
1920668949
1862757160
1887802795
1911776948
1802515136
1808074642
1888616935
1859053453
1805260124
1817546726
1911331189
1864345074
1827476294
1890021981
1937629590
1819788908
1838055939
1894739358
1900904887
1833075973
1878398329
1857336673
1804733758
1866073110
1916134905
1886407033
1795376046
1839968750
1925863443
1849180470
1851699657
1848627658
1888314125
1823166839
1870506541
1876729751
1931579801
1837355289
1802841789
1891745780
1954527781
1893041902
1852089586
1981325374
1864412747
1865558735
1946821166
1826053264
1827400015
1878035567
1932859738
1818029423
1847155988
1859869254
1977872123
1814504158
1869978447
1932191670
1825937153
1931000327
1950957484
1820473741
1843215824
1929330478
1846690390
1842421035
1935552433
1862243808
1904521570
1837236858
1882980272
1940567361
1825995071
1906317777
1840230157
1951617895
1897967070
1818720326
1936085348
1964851358
1900221383
1855099466
1924428663
1904708809
1877319233
1808163009
1903082943
1871906339
1850000280
1882093438
1839223654
1834250748
1832559453
1890131837
1769213086
1786846883
1835334206
1837109009
1872910134
1849082717
1819213753
1862883895
1827860771
1824570575
1878459410
1757196520
1865257202
1851471392
1864706835
1739775769
1846426355
1895036598
1917282037
1890384948
1851654533
1909626448
1769326886
1910860623
1865090334
1921600213
1820817079
1918455502
1908377164
1870819641
1893249822
1921437998
1925330945
1828815350
1914544074
1956221581
1833067993
1801532052
1834878404
1902532103
1873967428
1891892828
1866034536
1822269938
1840098028
1869856240
1925047408
1838798958
1845557318
1871440606
1925194355
1845321523
1908858289
1956773349
1817873693
1899575343
1913842253
1912613422
1852276197
1900128960
1930688004
1845844321
1906275243
1915557416
1971432128
1858779840
1858051898
1945971333
1862600992
1864734206
1913357623
1866449092
1896568117
1873644802
1956917116
1869477940
1858391931
1934568560
1800094319
1839617056
1916065544
1920350279
1837045369
1922179948
1895251577
2046899472
1900904260
1902555244
1923039287
1914832789
1910011651
2029394394
1935844462
1931999111
1934541797
1787026707
1813037189
1891299501
1897723063
1800126167
1837930952
1888444321
1971430186
1859821235
1970967365
1974618544
1873580460
1785474635
1978275741
1814170460
1877902178
1874129663
1851497755
1755439898
2027123946
1910842004
1875397290
1872306440
1834600036
1885740476
1788063548
1844291908
1834910332
1869556267
1827751399
1824014297
1869416449
1876100849
1837763873
1872206104
1936436516
