7
26
79
7
4
17
8
1
18
77
1
30
8
75
27
3
10
30
48
6
35
63
85
41
62
18
28
8
16
11
12
60
11
21
83
20
12
4
45
124
51
17
13
18
5
55
80
13
34
23
41
4
12
10
30
17
24
9
11
31
14
41
13
67
9
21
41
39
96
32
9
14
4
46
1
82
107
7
38
7
12
9
39
28
41
3
46
49
5
47
66
6
16
7
53
1
11
23
14
8
81
28
155
60
53
72
4
12
17
11
36
130
171
28
55
1
34
34
1
15
5
28
11
25
47
16
80
7
18
1
55
38
83
2
17
43
6
41
35
32
16
33
89
5
17
33
31
25
8
20
30
3
58
34
36
56
25
20
8
1
11
36
14
25
7
12
24
4
12
42
30
11
38
21
26
9
22
78
6
63
20
19
1
38
54
63
3
13
24
26
14
60
4
23
50
26
15
36
13
70
1
5
18
1
15
2
51
24
70
61
12
43
2
31
47
54
34
5
22
11
29
4
80
75
62
66
21
72
22
20
11
29
2
11
25
6
18
5
2
28
24
96
2
10
14
6
13
13
34
10
14
18
10
36
12
22
32
50
22
65
28
17
25
40
11
67
67
47
11
5
17
40
62
2
8
2
3
9
17
51
44
65
1
44
81
104
8
19
14
27
22
8
7
48
8
11
22
35
16
33
53
87
87
28
20
21
43
15
7
5
47
65
76
92
103
19
25
24
8
1
1
11
1
57
20
28
5
8
96
135
3
15
19
33
10
58
29
6
17
86
105
34
51
4
11
7
6
4
13
37
1
7
11
5
28
4
59
17
7
15
1
34
49
37
4
9
27
25
86
42
17
98
18
38
4
12
8
73
43
36
80
49
20
16
24
60
40
10
32
17
3
6
22
51
52
40
61
32
58
14
3
14
50
1
16
37
33
36
2
9
83
41
116
25
7
34
48
18
40
37
12
15
41
34
35
119
21
12
5
28
37
91
13
107
36
43
74
47
62
2
1
20
16
12
27
8
31
51
42
7
34
3
19
9
12
5
21
17
24
34
10
89
9
28
7
9
20
29
72
49
23
14
45
56
35
29
60
139
24
17
11
40
33
18
48
86
102
5
47
16
26
12
22
50
49
66
48
51
65
12
1
15
35
44
3
7
58
7
18
43
161
2
20
21
35
7
49
51
12
22
24
47
25
43
47
2
48
92
15
27
37
30
9
17
2
8
1
42
9
6
2
23
4
3
11
26
72
7
19
48
22
58
40
4
72
100
16
80
113
48
36
12
1
30
20
28
5
40
28
10
5
11
2
153
50
25
2
45
13
6
20
11
115
70
3
18
12
25
61
18
41
9
38
24
68
5
4
111
34
29
1
8
9
5
7
10
27
127
123
35
6
3
6
3
39
6
3
40
30
41
59
1
9
61
44
18
76
51
51
54
81
12
32
7
5
1
1
8
17
75
1
2
45
1
19
20
8
30
44
36
47
27
72
38
26
40
9
39
23
42
8
45
5
14
1
20
1
1
36
4
16
21
5
13
13
41
4
2
3
14
26
9
40
8
24
91
22
34
9
29
11
23
23
67
75
31
15
1
55
46
65
35
56
9
18
6
24
28
5
3
28
3
19
13
31
2
89
40
34
21
41
5
62
1
10
17
9
9
39
31
35
29
30
16
20
35
124
4
25
9
10
33
38
29
4
101
5
2
30
4
27
1
16
60
3
26
21
1
48
30
16
52
1
64
4
68
21
1
14
16
5
20
16
130
12
6
16
16
1
13
56
10
4
31
9
49
37
5
53
12
4
47
61
25
14
74
6
53
18
9
34
8
36
22
37
4
79
11
10
7
3
34
16
24
24
13
9
21
42
48
37
33
93
17
11
139
8
47
28
7
26
66
8
25
49
94
11
76
90
8
53
12
2
7
9
9
25
61
77
13
29
66
149
74
6
3
29
9
39
4
55
49
93
92
11
8
1
156
1
14
36
97
67
116
62
12
37
29
17
21
30
12
44
22
4
8
55
5
4
14
8
23
18
39
27
59
64
74
46
7
17
33
25
7
2
7
8
30
20
6
29
1
85
20
22
30
29
1
19
141
46
12
29
13
23
11
41
12
11
33
52
78
62
21
42
33
87
37
144
3
16
8
74
4
1
2
15
44
23
10
8
4
19
68
8
4
34
27
10
16
51
4
72
46
70
36
28
62
15
6
22
7
2
59
99
43
20
1
15
2
7
5
31
3
64
21
9
11
171
4
2
3
15
4
23
44
21
23
5
12
