1009557
1069044
1336274
1063395
1301075
1094218
1004040
1362648
1137236
1076727
1296001
1147072
1126454
1356264
1002366
1316318
988854
979215
983317
1213313
960539
980283
1281992
1112519
1037104
899190
982771
976377
905220
1217949
910419
911542
1034899
1416377
1115662
1184854
109794107
682677
794305
737086
803522
717742
780235
766470
833546
620702
699064
885821
759972
874663
778424
1076489
960256
707669
740174
702107
587807
760056
811218
680958
677318
658404
1388702
626882
621010
781249
715399
724364
770258
699292
841828
627157
705223
673709
925213
733310
703891
846512
574460
615672
665329
705666
654682
724987
651682
625675
681915
620613
695058
651844
685036
708279
650192
651868
639969
695219
659237
669170
794339
677705
726346
754652
752220
617572
742336
718636
660750
648872
708397
645263
633931
715144
685090
803252
736255
630260
617366
610001
695356
649263
602331
685007
652581
679316
611942
660283
612861
653412
646876
608832
667076
686285
690363
694240
661848
713019
575866
645700
651051
714370
551111
747235
571969
642112
621717
656613
751679
685609
726271
108834913
703579
569591
583937
913967
697444
743510
646794
610338
557866
606530
759619
692851
644889
715250
602018
694765
612195
624453
605365
697534
645508
763164
620892
660488
693677
696467
723299
618945
816139
698262
605978
601288
642479
696454
693244
647386
625357
572110
585346
611283
683501
649640
720530
715979
600982
744990
611320
646396
650628
758112
932925
1079922
927731
825476
1050588
780906
933787
623968
641730
651388
694571
636316
580187
694092
736793
646995
603068
654938
602408
614581
635516
708588
651099
788618
651051
664561
685190
605265
600864
690248
605390
510041
654418
596549
602728
611690
640251
691496
692423
717413
754804
743124
696418
650771
701151
586974
888744
670170
687142
647345
696867
630855
634793
680777
661968
721822
738213
566335
693396
1072782
659036
764072
679902
670186
771594
644774
689169
669950
661577
652546
628993
852665
622594
697149
610938
656978
650379
653458
627738
577619
565442
647151
601019
654736
687942
586123
572832
695443
652289
705328
719973
742529
732118
680110
743010
662250
660436
550968
693089
729845
757076
678472
742441
698703
662223
809623
701452
679153
668392
540276
589058
739820
837463
748452
746481
691611
675886
664677
690133
594883
727496
714696
663792
684359
726368
687848
742360
753855
736955
683413
805043
771395
681301
1041876
1129304
860820
695518
726678
704513
664736
726966
627866
675055
671844
622430
746852
726569
638883
682138
548212
742216
676645
689872
695368
670442
686419
681551
615352
672036
1168540
1040085
710629
798427
653437
684007
513859
647779
639156
639156
633291
684038
966859
726030
696043
601809
684571
649549
645557
562766
685033
652572
688726
679936
593032
641387
583982
697539
611514
612957
572874
644348
679359
642581
611668
585161
612462
602713
696306
700038
642302
560916
615412
645527
679523
639149
718049
690776
679630
651256
655316
629488
685284
595375
688995
685216
652505
707073
630387
724275
655898
597358
691186
672346
584474
599059
604264
565710
606988
674676
651245
573602
721195
742606
642596
623087
724786
649817
585743
726094
595578
654665
710784
606220
649774
643072
642460
650614
642761
633402
577657
627463
644173
609828
584222
638925
705489
616895
672698
697014
616771
660528
645043
619301
612143
686155
717400
658795
684614
691194
745901
674043
638170
568662
640101
558741
643897
590540
587199
655003
623934
558980
599997
588402
584661
681412
605744
565526
586704
682748
681356
593491
675309
594553
588496
593396
639887
647387
589974
685162
589965
682217
649834
644465
561315
651009
630455
571869
1190560
603716
544546
651229
622895
642899
598597
677217
725255
602820
597288
646219
649674
643335
649883
675448
637333
546842
845408
586868
590127
596463
603299
602670
680807
946604
598860
691941
592354
915762
598174
593981
973297
677955
603632
588201
896276
676497
684452
785126
662164
639991
674811
849933
673178
685879
927191
559712
511333
559010
910912
684910
644433
727749
646295
649983
644232
830812
718963
600748
972812
633127
685014
639453
935439
673150
601613
885268
546431
649829
639231
888947
511183
510026
623015
938544
665381
643762
596951
895131
680052
624929
863556
511193
641388
683399
900640
641449
692865
852633
656917
677363
629690
875221
634420
715356
900939
575260
651560
610164
837478
685734
618216
629734
944765
599805
616821
841049
691076
680850
665315
894990
640844
678110
982438
683103
600919
687239
877377
566692
591802
852632
644462
592238
636199
862122
652598
554942
685256
926719
637150
643048
913419
633823
646915
605430
853744
686501
683147
763836
561810
595251
685706
912448
533824
623266
640765
903422
670570
653219
1845820
685895
662142
655665
676371
636588
695929
517996
607297
686950
677557
681462
726602
552951
578724
690614
642161
636713
688116
550855
715948
673146
653131
709178
718861
606386
597561
552954
604845
550655
678567
534742
604191
611586
596145
595614
707245
639485
633226
682168
630071
603906
676933
635471
581911
717800
602456
670076
596345
679391
720790
681213
632378
686630
607566
604074
801853
676173
641715
590155
590515
717054
645543
668656
684859
681136
591904
629609
692253
600168
636655
649457
622960
581884
642548
717426
607680
635255
639349
597381
557467
638622
748791
669115
601737
824515
680399
596139
588128
796828
589611
679104
624013
679066
638290
637559
564552
644284
659343
697065
653459
670687
553288
590620
682685
646959
595756
634309
692275
637460
688951
655039
651681
641406
691874
603820
711875
644506
590550
638513
634116
654126
587185
639385
631537
687215
633207
640150
687823
585023
593556
565995
642493
613834
669898
637203
656137
552844
637775
679049
677539
647718
693686
620801
634872
600669
635488
639923
648236
605337
589667
634072
620283
645134
647702
557575
679665
536167
634152
667164
642167
600226
559032
569262
639475
602741
568879
643456
564287
662595
599185
627845
720546
643589
675282
687417
671571
631076
635469
648550
640064
573909
516369
676136
602288
619103
685419
678048
632902
646814
639754
598472
679686
618338
587905
634762
545227
596234
511121
630688
683954
603305
675622
640236
607645
560428
634512
702363
641295
633598
644362
635533
601456
691324
565406
636227
791537
589783
614595
525017
682900
595940
633939
631200
660144
598548
669001
667342
709298
598744
729130
687621
643030
631719
625095
723261
618389
743905
562985
675053
634934
638534
590105
648354
644545
626060
643443
680292
668355
587355
635030
511614
642398
548133
665953
611132
682074
555857
689205
588019
553652
685372
589335
642908
599021
630674
618417
520672
556885
595914
707069
679487
644016
598583
583083
676103
674896
662954
502777
674286
637436
681368
647918
679069
678943
722610
587563
549074
611946
638503
652363
682330
638101
678648
607777
639496
590789
679381
522119
566237
788070
726152
707617
647902
589673
637942
668032
673971
564142
657527
627196
652851
677756
642518
554202
636227
599300
666161
595931
630989
675238
505456
632684
626638
644423
608355
640053
668445
642216
714917
599638
647048
720785
627652
680346
674574
635297
592110
597389
626670
635544
671722
654193
940817
680992
713908
673294
916729
652877
592930
924140
687963
640938
591977
836410
598573
604420
874381
586866
630973
650669
917240
636159
689024
552860
922162
688710
640174
787884
632397
640509
527785
856252
646521
558152
672566
684765
664846
650504
864265
625809
678205
639164
896283
658654
640716
929812
645793
689620
592006
934934
581599
640904
830856
681199
678195
639201
906261
653557
638654
1046421
584364
624413
686922
889950
599014
642357
590161
851487
637389
597182
983746
636648
668525
673934
897163
609925
502112
890741
708052
641846
625840
856185
594217
543578
640733
815333
679829
663695
844526
677168
673543
1006450
658747
679491
590396
855003
704071
644786
894171
680947
547008
640901
840697
627671
588989
687078
887972
626681
649338
880343
704084
673376
1081955
646080
631865
584270
892100
629937
631348
618413
892476
584919
638561
850743
642986
595292
671421
890525
585821
638833
898316
628434
578822
729642
865446
609039
685026
608800
591380
642435
628375
897559
590519
676894
654513
866237
677629
601610
898782
639964
717773
678796
908466
608589
703974
901801
547110
636895
589338
866209
540143
626124
625095
923245
600606
771237
944937
642654
646111
658086
926366
603103
589417
902760
834319
604650
640449
923984
621533
510981
630643
751946
641161
637648
932658
592813
639225
637034
938812
591693
684904
865670
645168
627337
838820
876321
509911
587434
718482
585369
668676
511790
964504
654615
713503
651916
894673
647620
641037
919896
639067
599191
635706
869499
1123048
625452
933827
634706
634942
583393
836719
629660
554506
642028
858120
677601
638858
932398
642568
638577
674510
946396
732817
589350
817162
668674
596351
643786
817275
676827
633064
897213
637342
634122
632269
892723
594868
599202
606017
892429
637036
684398
868115
683333
589870
606238
932095
606930
588999
918238
655936
682764
668920
923674
589048
708355
842014
642670
604708
665668
944169
676016
591134
502653
675221
636488
644417
899411
589576
599361
634126
949602
585440
600440
799586
573031
663287
648937
822833
592806
637271
633098
932187
675200
636357
887040
583349
762276
569677
929707
637507
586370
590694
898707
675302
628506
854824
681184
627328
642076
965096
639741
626146
851916
601500
583296
585536
924421
545929
606919
547722
846445
633359
764235
944602
600049
673101
588386
925802
597108
629479
584427
832874
670707
661298
1079773
705856
591177
625555
890166
639177
627996
932492
586949
625903
587505
881038
680804
674530
861632
677950
673482
631632
859923
633946
624711
810374
633680
494943
598282
837979
684286
849921
559510
984600
537564
551243
648417
1041013
608453
833927
963077
631032
691085
967575
602006
677163
589923
779725
696712
630650
636800
897863
605319
598459
840235
519346
674475
626823
805751
670245
611950
673503
939215
802324
690317
847898
605259
604921
648200
891213
725903
658747
831193
589575
675753
626685
851642
673787
649728
941279
550820
594036
592346
849192
627312
599009
583730
850237
556567
634280
671005
665572
592369
642718
854107
618741
634545
593620
886081
640038
642031
937671
630776
630495
724625
929874
671875
684276
919814
633259
636512
974501
635181
644810
687345
848412
626534
637161
932521
558503
686285
649444
844524
630050
670357
889774
598380
626249
844333
898269
636360
626354
651511
899270
569107
592372
931355
730468
634560
634774
842016
628566
666861
850115
587008
581372
546660
838540
716447
637986
634086
879301
679159
646881
847135
680234
631933
639547
977186
709232
560667
849752
630883
690366
779936
844937
643342
582525
985755
679578
556387
590892
923146
589340
631770
886089
595979
649289
630381
944361
603758
635269
987709
638375
557783
603226
995305
576709
630684
553577
802894
589657
584384
624761
891995
596098
633122
859667
586676
670436
599519
875165
642072
639748
881245
678856
604794
761798
858485
641390
649822
635263
923350
594997
675604
850408
677574
630426
635991
862825
627093
561308
880400
547116
540517
675644
907391
574686
644212
612304
822255
627156
635290
843975
687088
642294
757612
860023
587986
714880
514786
899688
680190
644247
903259
641781
663583
602898
917833
702233
832485
975710
564625
560382
558439
890207
641582
638014
884939
636047
682790
722462
891586
544116
636276
883417
628135
518907
587388
935765
576012
591557
804108
940867
592546
727864
828350
600395
590806
647911
883151
606409
504748
675239
978963
638034
710432
935424
647354
669109
897623
658325
713511
647541
919925
627157
668739
925109
636225
639312
604533
894870
676553
672439
890627
558078
623179
661603
852392
643262
505558
544270
751450
682761
509358
595335
633302
630506
637839
925225
623159
591324
580644
933484
584339
603874
938549
585047
583455
630683
895870
623072
638514
625762
604365
592523
680746
830820
702772
664185
602550
976736
632347
622209
926738
639163
669140
928076
563247
590224
583389
890990
685146
598599
637936
933190
588859
670444
911094
585394
637214
635156
921153
635242
595830
960108
588556
601270
646138
877954
552345
591503
639410
896436
674994
682948
856552
643304
544765
686673
808479
673320
601296
857776
586707
675399
546993
872771
627353
641987
598401
928761
640610
670964
952064
578425
692065
798210
888096
584805
548436
923859
687723
679162
635558
931880
724799
548159
808140
665092
514867
757676
787728
552072
607657
583022
925837
663017
678121
529680
1000732
758985
672806
903673
596799
589159
633901
938713
605788
667915
846720
603756
671741
686586
818940
674120
627834
922945
630023
604676
711386
853303
636671
636292
951372
672119
680003
826592
886694
790271
508331
673289
863436
640824
596306
932330
729950
632823
594243
857092
678106
515102
858440
673448
679987
671449
856284
554948
635957
885497
643676
636472
589815
933606
633546
565929
670284
974010
634757
642400
927900
671903
637861
838005
558517
672528
943762
848495
602567
625741
599711
828487
719628
660693
926879
638914
546644
628728
885839
633639
601245
864556
698080
633345
727666
903057
564045
637046
982830
645071
715112
596258
832356
672149
684042
809825
536273
683244
633769
881956
595299
618761
504036
889686
593691
610119
600382
679295
626288
664719
1069962
684407
635244
587578
903260
637393
584943
889939
757920
774113
516496
855248
686002
640863
900447
710153
638436
633124
853351
673978
563539
935563
587731
592645
671898
840025
667226
625694
597089
857721
588314
550524
602368
863138
638357
547259
939198
592198
557361
582409
924713
640960
672449
895766
663486
678861
679039
941105
546159
640503
892692
642991
579388
718415
852816
597533
677236
896689
684810
558873
681564
857643
629889
551229
670223
838315
611796
667978
775232
677207
514221
589126
812241
595073
632438
559440
867677
634883
600755
580358
925389
671715
640168
876870
546488
666371
639518
863818
554380
671987
600028
649531
626060
514136
923887
576568
683215
635508
889779
704249
584756
891215
607309
589485
548179
973938
642259
628952
935087
502726
674892
594370
915722
638831
583117
685711
950337
638161
671359
935349
689165
633386
890702
593461
712649
626443
883460
668666
638868
880614
650892
627445
600640
842900
578399
678418
649692
887281
717255
680996
928715
726070
631939
883438
631764
578845
591244
940520
678464
641054
909574
501827
587419
676074
815731
623716
511636
597578
801085
668179
600124
665141
908446
595713
674267
916734
536252
591261
633156
885072
671280
642698
859582
577735
638520
715222
875549
638766
680807
966674
594491
553448
640582
928646
551984
634636
674780
901411
605518
602075
938945
684159
669637
591554
843376
594406
592608
635601
640799
635816
603612
905547
673711
631417
592707
930324
599682
722827
934392
591727
593736
633030
855565
636828
662228
924515
629340
634565
671351
929707
636951
505886
805376
661814
681001
594864
874812
624075
642101
558593
908946
686413
683426
922375
698002
623104
686900
923831
599748
603980
947796
641148
645710
601013
878380
648319
549558
831091
647084
680125
629743
837923
720005
639542
974564
635739
635870
651495
905781
641671
672573
857193
602016
658729
640033
976918
596365
589094
850144
681742
637014
643995
929508
638571
653461
922920
642197
666173
548501
932321
682902
635147
801552
547368
612663
628466
846877
682704
682261
596783
881149
676791
552990
852174
581256
722848
676902
851825
672980
514687
941588
603138
640418
641555
806201
596313
684068
687434
819482
625075
681925
882781
639064
655182
715079
843651
682025
629871
899576
626195
596411
636082
938425
722842
761299
907191
640060
632876
737783
901925
752000
623259
596142
821141
585678
675545
895874
678256
622022
637569
895473
650838
682486
883843
723250
646558
612220
893809
679696
549617
912870
670714
671984
638112
799886
577034
772689
643493
986742
547829
565392
896420
635636
668295
637289
882961
669309
639402
895046
642723
667873
639200
902756
594407
639376
929217
678063
640568
550016
824654
556180
586566
639305
882495
688501
686750
907022
660188
603095
636532
1140936
676657
589691
951502
642544
570629
770913
966761
661789
694119
1017694
629767
669212
625166
806654
607688
784223
606599
908824
580364
677800
878287
623338
618940
638857
844032
632285
604482
624687
671935
1153753
723486
892382
589823
557801
641079
586402
583918
611275
900164
668807
632046
517426
917529
667648
713088
639237
679389
638393
701318
950687
549355
675244
878947
680304
629255
640123
930738
599696
684281
890806
678133
679683
604938
876765
507346
680234
647303
839292
650526
554700
938164
547692
629397
676928
1021116
586156
545036
634102
837823
666832
640363
887141
631470
625907
599483
926306
627512
582579
896518
626012
660619
633936
809078
503406
647162
683921
780288
631257
595057
592807
591543
644068
548986
902269
636051
558207
515187
858279
648569
600254
550830
862872
590619
726335
968830
687845
676391
603450
936288
618737
655708
881869
640824
559282
594412
910194
707966
723680
551856
634122
592607
674310
919994
598477
587452
646884
850989
672609
624971
903751
630649
593129
598391
940514
648470
628335
849475
683460
674981
644644
849983
614818
629953
541288
910492
556183
682539
892622
676011
582921
622172
894153
599946
552690
598051
852088
554872
631817
772086
592769
629419
637675
926739
682982
678614
903742
594450
729759
553425
899021
644141
599808
635593
897108
669161
566454
868631
561745
621623
596671
902716
589040
682272
620406
592052
651582
684584
931073
668682
593982
973586
592387
680586
683992
932684
631654
592148
983119
589596
676123
628326
822554
532369
598951
687314
819329
591197
630437
891561
595641
551976
678364
950337
632667
679596
639814
635656
646579
637948
905657
608470
684965
619842
943643
548349
634162
889905
661301
682469
713610
640352
665481
630352
858953
677831
595877
604159
930096
627737
617189
982121
642065
597657
673255
919661
628780
594125
597398
639006
639345
638048
927788
668590
681389
892668
663992
558070
680399
852033
589916
632066
705747
646993
653266
724357
847385
722773
673977
824536
628187
672105
679374
894388
589858
560719
768943
913899
600116
689286
980307
590402
629937
653714
836097
551163
606225
594341
946120
632202
637582
942114
628434
601772
681733
876890
629294
639827
849914
627812
670114
599926
853809
573848
680427
938822
663587
681926
550279
836402
598897
638532
646410
807702
517129
601786
621466
902357
588129
608760
892018
634430
719002
687679
992973
644647
631740
857854
635195
673937
592590
896575
634521
693920
850204
647507
659998
631472
916773
593946
626274
802726
658297
721169
595023
935381
664852
556550
881499
679569
664757
683029
935656
646625
604231
880127
639349
673081
658742
781369
644442
652088
835323
658903
635659
624020
872478
631960
594006
581043
979226
584163
638977
897263
632960
588136
693817
896041
584819
607604
860917
636308
648071
638559
888688
637498
589877
673688
836368
629264
552503
833053
678593
638126
636797
810513
538276
638432
690596
840100
549727
546654
947000
593672
726147
603290
820853
585668
634656
596419
930714
650987
638897
930588
689138
726061
570340
884929
679724
667048
938468
633170
634869
876005
595467
676523
628388
1096988
552030
639210
629659
867192
633436
681046
800254
637854
592117
661371
943781
681137
874062
854069
721287
582624
634427
835037
564194
555397
666695
849667
584966
586848
844299
606099
623614
680222
928366
596580
586728
896507
602261
708055
679436
862872
652476
588143
632760
595640
640764
637239
923438
653469
590863
587212
922513
698829
653774
865040
617508
634951
629670
856280
673839
604725
838706
686926
716178
640019
946799
508298
637951
852133
650534
676272
545853
908743
587048
668841
956704
599054
684073
572674
948588
640383
598790
635472
810933
588540
674461
889086
623730
591120
686870
851505
546279
673693
635812
606502
592724
630636
682038
563837
715725
683099
673096
711053
680776
561679
632558
641139
692088
797888
665557
591645
555784
674797
636656
509526
598376
596440
677833
665765
653984
592097
620449
642547
616703
569985
602641
682550
598618
584383
628813
637118
642397
595826
589757
683449
633995
604994
626045
595228
638830
680615
637518
600732
541479
667063
676035
612584
591635
646952
554908
591509
607095
673685
679224
615189
795199
628328
631632
641306
590385
720656
674600
664710
604846
637924
592416
680722
634020
698772
598942
593777
601468
633363
679294
674072
687098
646885
789038
638796
742010
850974
641729
891941
595628
635261
628847
589012
715637
667761
642221
689750
518960
514712
640213
683887
562451
638710
668288
637255
832991
586902
546430
680308
640176
678241
711869
636006
679181
600754
633315
624370
593310
667179
712872
589804
629764
629495
679437
636493
672583
630755
593612
666709
682499
659858
673113
641454
638965
680453
598301
718458
592372
647910
503008
623746
681163
669669
589206
647324
630124
579825
581797
624140
690335
637722
639023
633296
592728
676368
726612
683063
601272
627936
680557
561086
677753
603035
685044
713119
595998
635362
664593
513213
593054
601833
579697
631073
595917
678711
675280
552639
599961
636062
636634
670860
598606
671851
661828
673902
682747
640096
626288
547950
505844
586482
599883
499696
600217
610717
505791
629203
675368
658845
687452
553161
594049
637290
679117
682177
643145
553521
672993
682278
663802
637099
680882
677481
636048
595679
638607
588998
556640
579762
681663
677898
588666
628876
685145
675144
618069
600490
671716
635443
594001
634731
523363
559021
629542
677155
669286
640173
679603
552509
543948
610557
619206
643457
690733
604030
598767
598500
632257
677278
608840
644922
712665
635226
681384
593930
636837
641460
667345
718045
669139
598954
596118
685034
631322
588612
637251
591425
676032
580930
629090
500950
638422
638258
699530
856330
635390
719183
590380
556168
551598
588104
562787
685124
677478
607498
609270
605555
549451
667933
658186
637871
511854
604311
554309
674594
554955
600385
637575
674627
652195
588589
682508
641748
589595
645898
669162
636552
549751
640346
603124
647989
546072
684671
634695
680709
670781
630491
686029
629391
627384
562276
625994
565375
591727
718392
633030
682897
637074
619951
510425
671477
728614
629793
632381
627643
650660
600587
634707
636121
720192
655724
630331
517185
692914
587341
589768
929002
642014
577213
600067
676676
595465
648998
898625
603808
628260
591405
844739
679877
638508
850051
629982
631898
639134
848522
636307
595120
638470
746818
630448
670392
843238
697849
562340
634083
884112
604749
638555
557693
583763
605133
591539
839293
676832
694934
596974
921228
609314
767701
1165864
642625
548527
583457
950442
668334
538219
602506
881359
629571
605968
597462
670005
641843
702870
678589
606228
502135
658860
644850
641523
588111
640631
679206
678101
713653
638073
597588
510899
602614
620474
587457
680624
603621
677450
677439
592302
608902
632905
620418
723318
638480
684009
668578
601618
598537
643663
645509
678958
640474
674646
671549
643152
636881
597696
553557
678002
511668
637983
647513
680664
642483
637413
619927
599448
632834
594025
628185
637159
587674
674674
632309
632244
635898
675476
675040
546991
587207
589497
685580
596849
588316
510620
594887
589822
595005
649765
599126
707817
653003
597573
552570
611400
678500
670571
664123
601108
638749
588604
681378
678157
583526
553975
620679
687657
642633
665421
754788
594252
638581
673437
679748
677852
718134
637685
633421
632244
649816
595825
593893
622709
585564
600735
686721
615585
567999
627190
714007
638133
678520
506251
588514
676703
666088
645887
636190
642739
676202
669922
810438
630018
728913
583401
724573
634437
617600
625412
634697
649412
688974
604269
639362
579179
639525
592720
599156
717536
635381
634390
639559
670994
670673
631075
521080
588912
675926
594614
633685
607825
587355
591894
562597
674190
589716
649842
626748
682923
588561
585493
646553
728937
589654
513640
628888
641034
588169
673518
583892
683048
674421
606609
632222
642045
551556
601630
679918
722778
632501
590982
629772
639986
502041
629732
674520
705746
694223
587760
655435
683849
677346
638317
566954
597654
590127
548044
635801
687749
687584
819095
638788
596558
673886
594829
634907
622639
543917
601704
667959
631696
721468
550001
628217
636055
673726
673454
637577
638693
624827
673958
615841
632751
560857
730951
677056
590132
623607
555465
679512
728403
496067
635880
635452
591816
602826
670528
637911
617465
684828
724857
555042
616263
647739
672700
625106
630380
682629
600876
675801
691917
638506
630587
598968
867532
635936
593715
682004
632251
622969
596932
633253
546081
670691
689349
597905
597364
660695
563111
635320
684455
553655
627142
613181
678409
622220
681986
629974
552936
597060
593760
594180
680170
611248
626519
676734
646219
542389
651551
553790
594815
678627
592569
677465
674045
548886
604804
551561
631541
641498
587651
629896
624291
677300
537118
591960
596769
625018
718074
552784
553405
636404
586267
631411
676597
676942
561622
516221
648989
551422
504305
664345
593329
596324
650252
593614
597219
679952
635944
638198
613731
677834
640253
592237
603497
630205
620652
682180
601047
687153
585657
677813
553304
586630
710762
685352
632383
552284
609587
588218
600464
672226
666754
640542
594793
626019
675638
723699
639085
585350
638436
636318
589620
663535
722546
691757
668211
679439
582760
557299
676551
599845
550304
563149
691241
624216
631904
665030
690469
673586
635634
677109
719051
672681
681270
692947
642366
639864
677773
643743
636530
722611
631013
612960
626646
599850
673868
597086
626542
594427
642412
638286
638995
802544
723231
682297
684761
609696
672071
647001
596168
551126
604357
634170
596985
629404
670323
688635
675435
601470
585035
698879
632047
613378
633881
544332
628563
640988
589556
634703
553756
619600
588603
668483
723871
699654
627912
624713
651086
673679
631974
681192
590732
600770
600898
679821
598196
641721
595921
678830
611761
712960
671865
590852
638180
638011
672816
601050
603345
766185
566612
550778
634633
664785
627143
630419
669875
682312
563934
552377
591996
505115
676512
665459
711805
596169
588780
668872
632893
642615
635569
574289
607363
589362
628966
635954
554926
678373
675942
593967
678840
688665
650660
607387
647430
638327
588027
524879
585966
552388
672441
603435
558571
634119
662156
624967
507647
632018
612431
553819
600074
629287
622960
616543
599892
716544
637793
558672
640737
636510
723917
557441
678671
558229
621911
706045
648571
511737
684829
601444
640430
603095
595137
626957
677683
598785
664961
610129
609961
609666
674536
510044
551133
582037
597896
635246
629062
559395
675855
673254
563523
648083
630249
680861
676692
638021
712499
633869
670326
659388
645376
638081
683114
638158
710848
562972
678325
670518
672452
636599
550416
637515
718774
656175
640348
632091
558595
625997
595667
593904
668157
583490
631290
584148
549619
573996
633233
663644
690415
688563
600601
629640
631224
598142
682350
547231
603197
550223
599806
664496
710218
598296
670233
633134
679578
719975
595624
646003
648726
633466
764834
602457
632438
682451
634525
642848
643843
602069
596973
719452
595829
598540
702767
523345
495544
563433
669657
557621
634743
642206
674166
661635
646550
646149
692855
1012251
625690
654139
721205
671431
645152
584774
596600
667803
676221
665324
591099
633723
565076
588129
629891
621006
642737
689758
555149
584999
553123
637489
632627
631662
676315
590270
674405
631510
656044
647476
557180
679286
556234
662309
640347
630882
690639
631251
583113
549759
560816
631196
673782
553452
613386
638832
597858
565446
714643
558165
662347
570041
603954
642859
600090
625252
592860
675985
630599
631659
695441
586968
642501
549644
671469
515178
665239
590524
631233
578243
522469
666819
639937
593171
590746
685074
567397
515954
569896
679666
547263
559415
665765
655690
586918
639962
593011
675135
670896
631260
608689
630452
645661
645210
688346
672671
665735
639097
634000
681172
642248
626980
607303
601509
633562
635087
642492
506393
646237
647845
720107
516441
596794
598130
679047
620217
670638
630113
604020
633872
685484
588669
628859
551283
556632
598703
627637
648972
681747
626398
690819
664728
588820
676861
644532
648779
639096
609839
552225
626792
670545
621163
596137
616075
703638
710174
678787
604752
634677
594527
564332
628259
633825
711282
627667
665597
625319
626909
630183
687556
706878
636701
677951
646312
638050
670561
639093
635955
635863
618767
723969
734872
595001
555335
635913
663079
679222
587741
547687
659493
601514
584874
680657
583373
545279
640639
593150
638393
685584
676128
616977
717299
674660
634595
610001
599237
632308
644142
628192
590046
589591
584557
594559
627711
559199
508836
581021
603743
708820
635993
682695
570383
685470
676672
563358
669402
672830
513163
668137
641938
640697
604148
636174
677781
629603
676431
595155
591883
677278
636046
671611
589197
506411
594808
603484
556232
664649
592368
635062
718918
596791
680988
654732
596529
667720
633933
640565
672340
593991
633818
668112
635254
721280
612366
665664
680550
645898
630443
633522
641604
594817
705920
671883
640107
705805
591507
623124
677219
677716
591709
588732
633711
628162
599134
687418
719873
550000
544189
666152
681323
589483
632958
659054
607607
666301
566466
622046
626705
638775
628025
648799
609027
591742
671067
648553
548496
625639
671048
668610
674205
648034
630668
680118
676406
634629
587477
595463
626778
667983
636595
553300
685818
669535
589680
621375
609279
566957
611042
602002
675408
607904
593397
626927
590525
590256
672749
635897
726833
599789
566338
642554
685656
644862
687489
665059
678321
656433
694954
708671
666718
608884
655012
695165
652925
604670
615851
607322
659688
650024
649239
643368
629920
684721
629378
604293
595694
526177
684679
630801
648378
683247
629947
671317
605345
709453
718009
599497
641772
684867
678374
556501
575269
559796
664977
604807
638236
622331
637235
679808
625494
681680
668579
652378
643906
551828
671214
602375
599726
671407
626605
687893
586799
632547
641015
593028
724105
586956
586124
588412
588459
664956
590459
682555
641142
625744
684847
627785
602521
716083
642410
719109
636072
507316
595322
677583
672224
633379
628202
554253
629846
666888
626275
634389
636096
637644
593340
646857
543826
684659
629829
687075
633151
729658
678919
690789
515238
703297
599054
639141
628001
637639
636222
591134
595880
698726
676657
671815
557405
585695
640965
628197
632301
625052
511984
595894
638567
559192
517755
596870
602042
637671
629373
610323
644741
636364
711993
719315
553617
643537
597696
513826
600713
583239
716927
608860
637835
622044
567483
632057
601219
675228
628331
620685
731440
562647
610662
676037
542023
651683
683519
687817
668485
549717
539818
678325
600238
636074
595930
641759
540248
676234
628192
652636
629566
638626
626486
583448
674883
558823
681312
601024
665599
677268
637189
633012
633021
629564
553244
591101
674104
605389
601538
583722
644187
647967
603248
685446
548844
631201
638244
550726
631739
648879
713325
594233
642204
689996
683559
635717
629278
639365
626414
591720
670884
675921
549828
540302
594577
673973
598053
675973
549540
604963
631910
615707
713416
641011
686621
639409
590345
650511
685069
594778
683275
594921
563391
579997
643037
548492
632630
628417
627105
587064
641336
593655
628942
683168
594547
596552
549079
672535
602877
592728
644830
567616
665547
674680
627325
670834
604777
586929
495041
644880
678606
631393
635218
722225
618649
599954
682707
684894
598356
613007
670438
636269
718839
622040
678884
675344
593686
590842
681497
600457
649403
669565
680083
676432
643854
598560
552185
637908
673007
668475
646949
883154
592941
605030
639860
632436
600380
636283
680484
589768
507644
642383
604279
594717
681281
672935
634224
671362
640258
590078
679608
715382
610595
632516
646782
595409
668623
674063
601702
675588
582228
670389
519373
680516
620590
717449
595647
522754
681552
601798
689125
601221
753522
638206
645049
660434
822592
629979
666261
638855
607227
641366
586603
628895
647360
646257
552099
598351
679900
667923
628323
643223
507688
689782
647835
497266
602761
583971
671319
684623
719754
670126
644121
646110
635769
689368
851276
627209
636936
633874
639101
597755
510685
669762
642627
638369
724315
674975
644413
634820
680707
682524
636645
650890
563241
627267
623547
682627
631841
586737
642926
887615
592025
638693
624346
596184
631331
597689
677655
681714
593179
635540
641645
676201
672881
596468
643167
640014
637196
599802
596567
587651
709360
598302
588220
624215
665557
636074
641218
620955
595957
663607
600586
673559
646746
680131
678527
677046
600363
595089
637688
601685
631871
684446
593097
637776
678793
634663
562659
635721
693701
609965
495848
675166
638544
683658
641417
624785
716628
607020
591247
660946
624080
637965
716671
698596
644558
671536
561484
625699
664435
550743
636358
546369
639458
737662
654384
724801
797111
646877
607248
597955
724390
643839
678288
594286
597244
642494
514232
640484
589962
630792
639540
565368
550208
633901
595730
744912
601280
624043
689760
709093
671661
676803
647109
620838
631995
643142
678873
577747
607292
728699
635180
600005
589664
676675
644521
579633
679944
516853
625281
669194
704321
635469
585770
651451
632941
585028
597336
618509
631016
597800
667599
675940
636701
598789
778356
727010
586566
633439
680100
625632
596211
638519
678973
673919
593962
679007
629428
629513
610106
560200
631102
574974
689561
509315
645970
679390
824050
693980
631429
546271
592402
679422
598642
645995
679765
682320
508864
550530
638291
620122
710151
628303
617362
561001
638862
683626
645327
568258
632592
665842
626306
518422
642051
592869
597351
633025
631103
639470
653460
586680
681891
720593
683657
670891
631248
644917
625350
691683
674875
596198
625722
629472
507425
599914
629418
644158
649454
586201
648699
676709
623041
640492
593380
676664
689692
639827
497890
645480
607312
558771
716146
593729
619841
643884
546415
556963
638993
585095
676510
586474
676137
672906
589374
628910
610450
674971
590248
709995
639124
624953
680008
677119
701082
635648
602998
627836
592117
627321
678133
633074
600445
622256
696740
612461
672075
645775
629644
680563
671087
552899
587417
566390
592717
681592
631086
641025
712883
607734
627351
675046
603388
595597
630271
646339
601608
708323
683569
727463
671793
589993
629978
639621
553219
586354
676010
636018
672793
683281
607423
509705
541503
683887
640452
597345
671113
638155
626790
638213
642487
673150
640261
680714
588089
672655
554944
598155
599215
640377
687859
638049
664918
628776
678674
583176
640404
601390
542426
631910
632922
633117
615615
671258
644389
679657
647982
501955
567196
669475
506240
672207
671617
604438
559716
671707
642127
584768
623459
691351
601822
635702
649032
627461
751913
596348
650153
623132
593721
667197
1151197
642688
718533
638159
588451
681535
691475
677432
553965
637167
645698
561615
643354
683337
631928
640746
681008
554148
659372
647067
679913
543474
555474
628330
646329
585014
643905
647475
587630
605679
589890
670788
607285
675805
636321
640424
691793
631173
617670
650804
617041
549657
630863
685192
640666
677059
677215
678276
602629
581014
605566
640602
644432
603079
631023
582486
641416
636576
660905
631321
576799
582287
606064
635846
630556
623920
745778
639709
608547
593219
590459
676824
603440
975080
642979
638753
606383
675556
638031
515864
633181
643153
628575
670985
566833
661214
645100
552939
628842
633603
626995
628698
629130
589897
550714
677081
645387
632314
565020
674054
554378
512509
676905
678808
596337
671097
712653
641627
658151
559452
702016
676079
601076
673590
666470
647737
634019
645002
542453
633631
591374
641318
677770
675957
632388
657430
664281
639231
680003
593776
594321
647143
582688
615963
565505
652899
636931
632486
607927
639176
679873
542307
681710
505111
590699
634415
675131
592653
647643
678642
633179
517631
672483
559054
638579
628571
684571
549486
623623
691730
556656
588737
608271
641088
632088
633832
612939
711846
635570
597558
634260
550114
640591
646986
505807
649611
563987
630968
540754
648356
548112
606323
598174
595088
645922
635875
628527
553768
755510
633440
628060
641885
629520
602877
667745
589563
634613
555135
587152
729335
599906
537285
637889
680925
628595
633918
594498
544878
607634
587081
640490
596981
626947
594230
652379
686863
687212
679581
633790
670039
632137
680960
592040
719921
582427
600667
598013
591890
633534
610685
670123
604498
704702
681877
590226
639172
669209
554826
652123
508547
631854
676957
744362
733351
668031
556080
627980
510312
734107
632682
623425
668091
578550
642640
620975
608466
589198
583944
553705
595728
671446
556262
670407
667506
511242
673809
606972
667624
671667
679443
676666
565444
687448
639000
666997
582150
598076
596599
661142
685081
589543
609764
610990
555945
637341
688003
595663
595413
677489
552132
538452
663753
641437
717907
599473
633329
603858
586838
671812
602786
632535
614334
547484
678451
714157
740825
593187
562663
632959
680582
631554
693050
727255
593803
560677
625480
629758
634156
633151
664469
561581
606223
593949
632390
632720
686160
548721
628204
652258
676763
672775
631142
599817
716569
664146
681514
628236
675548
603238
631376
587030
669206
678410
676367
543381
627328
640093
644179
582831
686390
645338
589068
519484
638871
586511
632065
555579
637439
673918
643461
546630
645920
634375
593441
634459
579637
548272
690884
667057
640528
643420
676139
592129
699582
593199
600523
683105
541136
572202
594983
633523
635240
716785
681573
671230
551830
551943
551123
588764
624729
598541
562892
682143
597548
597403
681954
686242
781481
511846
629087
590129
629432
682023
524184
795230
632163
694375
758339
642617
616201
596379
681005
698350
552477
641903
619011
625803
676569
628784
673781
643991
638957
631160
638013
629314
656528
571132
827297
713094
602227
512422
658133
598768
681635
636082
680465
702015
586861
586706
681230
593682
633391
680820
652899
625733
558782
589505
630680
637864
655424
634683
628916
592525
636075
724401
632091
682471
634411
597922
549797
634741
689475
664316
619497
739823
687093
639738
745576
659420
692944
571150
664433
701036
653367
531594
659880
645246
620873
654851
649646
693499
542116
682029
675563
674612
588282
551803
667261
597108
597150
639863
680935
645752
579860
678406
624780
639631
640249
636609
637946
562980
632067
527281
704514
591350
629484
555142
630187
721005
648699
588623
644073
582003
632056
547153
590432
673195
681039
623910
776324
605598
628210
631997
564201
581507
649658
679139
646243
604508
607552
627556
550975
643441
675228
562133
638997
555032
674097
627275
518445
631462
543789
643056
549943
579437
609432
592426
712091
654508
607272
767554
551882
639114
508457
642850
628430
725547
586620
704638
637572
661472
598894
675582
621943
628867
625654
688734
680903
643424
613565
653964
724030
698540
686746
706983
594200
667138
687488
623253
591877
697530
637343
662048
618000
617417
652518
660262
600151
609849
612581
664998
589988
673214
698290
820659
597452
588512
550178
642562
631360
680175
633190
595145
673054
638270
588751
607886
639675
651622
639484
602329
633031
667044
603553
544962
639996
571872
827937
551012
724140
632872
569453
834820
675445
676382
674846
628536
587681
679564
556238
633504
633885
671784
714700
714740
706190
597066
637168
696951
590334
642312
608314
854275
680073
562367
682851
693812
677215
554006
591769
631405
607312
595113
677964
599373
571886
507690
593152
636887
635594
707686
644225
632842
591823
642686
651353
649603
596661
635922
600476
636206
642395
634859
673556
583004
674454
666153
552115
598042
602293
633865
597250
501351
680211
675279
633040
669703
604972
648323
615913
640588
719792
639799
676831
626379
564404
685903
638228
673191
691840
636611
567408
562168
642200
592318
677473
673695
634356
644668
634536
676731
724618
547106
630861
648345
644739
602522
604151
603402
603676
605037
592481
640519
727739
597086
618617
649228
621833
687833
646655
562384
663198
642054
594493
601353
666925
631622
674540
602046
659307
558836
639646
603556
629638
606028
683322
516513
750273
600524
751853
635270
603801
559339
591434
669974
594705
664259
681144
553530
635058
631502
513126
636581
640009
599234
511762
629941
678174
654359
601457
623230
719185
647406
589637
671405
673697
563590
683124
868178
683698
643411
651494
608940
518861
653146
647105
631282
703032
881301
609281
646013
641588
601866
674635
814615
671381
672396
635504
685386
585162
601416
680658
771953
647755
517426
580751
552812
598810
672402
602380
590397
631365
649091
637374
593269
682677
538810
594708
629266
588242
645128
587385
587995
560210
631302
669436
665076
580573
561937
559313
677619
599065
591725
634876
631417
669168
651249
684493
645064
603276
586566
599981
637411
675898
684428
678446
659902
592741
631821
670623
667254
584604
683286
629697
668247
668280
638181
634967
595552
641995
632546
592946
562659
646088
632742
630744
630429
719058
723240
602025
649023
580506
591768
671439
668466
677330
708333
641445
604396
651014
672008
644087
673649
630073
576246
602460
670457
606396
682173
635827
710197
726636
639081
590937
636120
635997
681424
775952
641640
605470
559197
681234
649164
542596
632458
596365
561857
637893
640424
686434
674297
594442
589341
592651
521322
665150
634532
647999
674094
671893
634536
635839
588682
608207
655716
682552
555832
555358
649462
594732
598410
695710
510875
677917
637317
584893
690479
648974
676691
599111
585240
512133
594456
595052
677024
681194
630465
668725
718739
651393
670121
677194
715560
678669
642549
644055
650107
678606
688036
620826
816889
636197
591442
667921
681274
710133
591505
636424
609433
812877
650236
685769
647925
605968
643791
641576
653466
590170
602076
636873
686431
501897
593978
646114
695632
642458
588111
646591
602876
668748
632739
631010
695009
599522
674205
636608
631478
542546
675759
543852
596061
552286
603013
608286
626366
518996
596399
683891
644092
690860
674772
606784
646871
596400
567767
599791
642657
635793
638855
682493
680025
597940
639896
630717
600175
637158
598593
624910
644914
681826
669405
604033
592508
586802
650756
671600
632650
512135
640100
518978
595230
660212
553322
590628
588617
634006
629267
638770
718368
588863
597955
719006
638990
602195
670506
669686
680153
591748
640526
544275
675799
628295
676666
636095
670636
670457
645133
724180
601171
637792
686870
603566
644089
647743
602348
590555
680322
633441
682410
610646
584537
593646
676744
578667
625778
667422
560246
616909
639460
590534
712911
641308
719894
746522
553694
672648
653897
592811
599385
674723
629899
641952
687053
552762
658029
544115
598606
687139
627050
636891
628438
631841
596279
513054
668396
595776
636117
590447
649963
586331
605058
681046
629924
631021
718780
561432
682003
605063
649114
594605
593797
701226
600631
588398
712541
636201
673248
639590
709392
684460
629958
629975
561453
550617
502706
537766
624129
683138
602391
654231
584069
643894
670857
627722
661649
727067
559199
631177
635263
635353
591187
681149
648000
678739
629640
609235
628215
635609
641243
598665
599294
598490
643534
515331
641328
556127
676739
549872
567548
603689
577932
536869
592084
565115
640458
509210
635152
552861
626045
637691
550498
629653
678647
631065
722301
553425
639775
587977
729428
628089
718018
517726
644412
890732
591393
582466
684097
719696
671846
633083
634065
554183
616826
695360
688507
674637
558271
676972
595161
654975
642005
677479
676389
649293
677615
719687
587711
674526
668011
599615
643193
654740
630578
595219
637066
631081
545579
584939
632882
668598
589951
627809
585525
633275
680542
555555
675658
683197
679311
705655
597963
624942
619490
577567
616541
676799
759864
682863
592756
602265
635122
690744
599022
594342
624358
549708
586772
632042
554214
598810
635764
639526
615123
552426
713480
688262
684354
632840
591609
722281
709516
647144
598156
719215
637017
601040
600311
640305
721751
672679
645421
550392
643568
637108
640376
585714
598561
631621
679413
630395
637578
676239
600305
686368
676844
602704
643608
670279
637488
598645
632845
625871
682263
636493
638964
563261
616898
632123
622391
703048
690335
721197
684482
636159
677014
621295
598514
640998
663047
599820
692298
630868
604659
671059
598019
647546
634077
562002
671476
641228
598449
666254
682439
640538
548491
618707
591037
569117
603130
591394
575494
694514
614244
677571
665313
643756
558135
634469
652605
673052
630612
592812
598598
681110
554548
648230
676283
639361
586336
641412
591610
646323
643813
609157
611752
637178
599780
640403
554393
632720
586014
613731
630990
643980
623559
623966
634625
626899
585417
677813
633503
670270
637102
711398
716146
659431
678775
676824
623043
682760
616190
667490
674646
633748
634509
641003
638536
681387
638786
619724
667711
554319
677214
594281
676266
585412
671232
670006
629601
586757
634237
597566
627895
681458
670582
676267
676680
677473
556973
687670
557849
592141
675330
637900
635858
638281
646619
638033
709469
671195
668799
677428
676739
639736
629850
649122
600166
680675
664873
767260
667383
575017
639585
637008
629558
626945
626734
575154
603490
588172
715752
670952
638952
581482
607472
593420
630021
712974
627502
604582
635519
600663
844574
675401
638766
588565
548767
498416
639606
590434
578572
564151
627247
599921
631841
534130
559261
540942
640611
643511
673823
654291
712146
636373
624700
611606
594529
598665
582436
598458
678855
621742
556183
668675
679566
663204
677695
634782
639270
640652
593553
613471
717607
689065
629935
680327
673869
598093
624815
591345
684679
629315
649835
677653
842464
638992
493696
594581
558646
640493
514624
647532
579556
687845
639472
673971
589757
586075
672171
626858
681099
621140
605182
629100
717655
504456
647090
577206
569237
674565
550747
520704
677106
684912
758937
638216
634216
605613
642757
631726
597116
636290
680627
595578
548062
685286
635686
567398
641583
649260
632585
591416
590536
579063
862794
722666
711157
734545
601421
585789
683882
642077
643165
556679
713818
671484
756678
618669
551660
503060
580144
589389
700879
633125
673490
637555
604907
667133
534211
502331
643006
764113
678253
591357
569708
672121
574907
677733
626433
668156
667420
590921
570595
605767
630725
515150
625531
685549
661556
588111
679686
680016
657578
581276
650170
583947
707396
638405
698127
558319
604533
671496
636988
588655
635059
710549
668575
559136
624398
558833
630184
696077
716870
669292
577719
554893
638636
611632
559667
624341
671911
594047
596875
690733
602257
629560
640301
628116
620364
628933
639136
645136
611443
558373
646335
664639
628326
678524
596415
676016
683657
732556
607771
571171
688231
681764
630672
659017
681278
592853
636891
603595
676110
654915
652056
645205
643227
541298
632775
653899
671684
586798
647586
681700
630675
655430
676879
633764
628516
672920
674792
627109
609174
666269
627470
590143
649602
734451
599495
676616
566403
663516
677256
617794
645785
583838
606498
586806
669369
713568
880433
639198
623649
682472
639010
644390
642777
672254
582239
600493
581373
612701
518810
690662
676466
588334
586361
660856
540470
601498
629375
545486
635532
703495
643698
715771
697152
641542
713743
633859
655231
595227
564910
687608
628381
605745
641442
733080
632846
720621
677036
513510
675455
660906
561682
635465
557172
687912
610830
633570
693826
604245
636988
704861
601605
594998
682859
627003
626473
659599
601495
599912
677459
636775
561684
609928
670426
724069
637237
683756
629239
582358
629095
640012
645396
634547
647644
692688
502968
698463
880856
703895
673634
666570
677607
554544
695893
686232
627407
637951
519402
559666
639470
630209
595317
598966
726956
664763
593602
647090
552520
532118
658640
704909
597098
657616
600990
625876
684792
666455
681140
676461
551897
566960
590178
643666
731293
592383
672452
664068
584636
685655
595387
665412
592812
693217
687764
560139
630709
597645
593620
648964
623787
637661
590008
639494
554583
695284
632305
643529
549535
669317
671236
730039
694984
691718
590421
627705
564431
615912
668217
685372
691120
633584
638277
697551
629748
612092
514090
638584
659120
649178
662045
646805
657080
504428
626527
670533
677851
724234
646067
638505
563883
709178
647513
646453
604894
585086
601749
703620
633456
652559
681681
511139
630050
554395
663160
597141
641209
729181
629477
630416
658031
650202
681404
644797
672222
729704
605436
634180
692632
630450
606084
858926
670808
641250
639189
681206
680180
657420
567861
554012
723794
560770
589376
619632
628002
666077
735948
601351
790217
597232
695350
637217
548615
595947
558793
671409
634479
612495
543831
637895
672879
681810
684837
639789
677339
644520
593072
670311
641677
580380
640153
714131
673932
645404
557851
630614
592756
635946
545060
675339
590955
643412
680924
586458
666481
646902
664992
646630
651386
648593
677887
677938
586702
598884
513723
634877
695483
502185
587818
597066
630554
602389
587458
632972
558994
572028
633646
651663
668287
597193
628377
666771
673852
552719
632833
676166
706172
561795
637726
674020
632769
668322
669804
554700
637514
634583
589949
724865
670422
545018
580641
551970
510230
594924
621769
592203
640600
639984
559895
586502
720405
672139
713678
739361
659130
618500
668610
605100
647128
564415
679840
628560
575183
642604
647792
720184
687776
677514
635779
602698
678654
638013
640520
559874
585588
635625
594906
590116
722486
579970
685348
521954
578064
568394
633074
837985
640722
596631
631310
601399
700070
643358
654793
606105
649103
802461
743694
684293
605863
620535
604771
605588
592953
610027
692401
601918
656263
656733
598521
693265
1277999
526866
641093
585791
570540
747491
673082
653526
895042
621045
609272
656717
599083
651326
724458
613463
668334
606032
629316
595275
792808
675908
744966
800269
666674
643690
846819
725376
640011
636718
581661
742334
574975
701481
645191
639811
729064
602538
752387
775343
678867
624359
574060
647841
790287
740965
726228
651546
758102
604496
602455
588228
649037
820886
630826
639876
645394
794644
742270
590378
724458
708148
546745
613144
695254
724279
656210
846085
701933
601173
607227
866997
560150
732799
745168
686012
592194
580245
650789
803711
688228
651991
849022
689453
720562
672912
646703
643325
888867
641280
785696
723813
647525
603580
607665
860080
727973
608208
602211
704151
694800
549182
617334
644675
810529
651181
809406
643801
855310
603392
733314
637912
688647
796989
655203
678166
668483
603072
605578
571522
639466
773060
690152
628530
524804
653265
848135
582754
651016
837547
694822
589941
685165
518540
749230
714621
649332
851148
672713
637376
673671
556552
615165
643318
813762
607364
589616
585992
708830
672855
623148
555453
711397
679035
663934
651096
604106
705563
611152
608502
618449
595944
612541
658229
618467
653993
647012
678204
573521
686918
638600
640691
600682
635560
635739
675326
629014
517255
596029
619629
602063
619916
642456
637502
635899
546443
660257
668213
603828
631382
590046
590251
593271
637439
589262
507450
629716
571449
683341
681198
628946
596169
688529
631026
672546
593888
682642
629980
553031
669318
627182
599047
665931
636798
633741
717707
633004
633123
663430
591743
638533
628889
639160
670491
631189
676970
668914
581053
635362
599746
607058
552562
537120
707325
592440
631248
614920
636991
588656
674308
617519
559609
548765
627004
503448
556704
598392
625957
595936
678759
554084
666553
629543
594735
585138
629267
713255
599577
591741
673258
559034
583591
679315
636520
631190
549907
545607
641439
545381
647557
684251
673376
674550
641536
689751
630378
595806
549245
581001
680904
672201
563202
593923
725291
675266
601637
629664
596712
769059
676747
670236
642358
626997
637746
636342
604441
585335
588447
635120
554433
727814
629001
586856
545562
635244
638704
599150
599980
630708
635517
647355
674853
667716
633935
591697
677507
673032
646248
642724
642134
641067
586416
592746
630981
590611
678362
680082
602602
562903
623223
645717
621684
581219
633491
633620
562451
595616
546718
601230
600945
555227
614242
586754
686367
685342
601232
623610
583451
591443
642444
499495
586666
678667
594263
630700
636137
589312
607154
551576
689927
639451
641577
634315
626307
580262
675251
674625
660030
725732
546210
639829
640364
676115
626201
676200
559566
591955
662048
559165
584026
621514
676664
669544
603348
673638
677460
675984
635469
603159
648922
601234
633849
682936
603169
596457
659082
553256
667890
643830
642574
628973
659118
646360
582091
646464
664921
642611
695737
637763
526233
644496
684104
585691
647568
710865
598341
693471
597828
507073
625911
540618
671578
645693
603291
633091
629715
630518
651532
637422
534807
545373
500359
677855
587981
626452
638848
589837
673130
601456
627200
589415
669260
682695
638660
675260
602381
656545
552719
550180
631714
680719
746159
598776
709483
671100
638343
550659
545178
613854
627162
545200
631376
644830
683935
675098
587825
688689
606957
622146
631682
676031
647659
585531
512379
719016
635334
642918
632100
635288
674166
642090
640232
626667
671237
648341
557714
507791
606150
691292
638315
724713
564232
638455
581532
714749
642397
676079
622589
640317
635491
670570
641016
603788
631548
688765
629214
633133
643542
693456
675985
628326
635296
638554
649479
638332
636574
613379
589666
628031
559997
654579
641055
626073
607189
673868
561118
664744
677575
726128
584148
546273
645745
681285
595536
586684
678789
582242
637709
637930
561369
669326
593939
635360
678836
671526
603887
581634
712927
644956
553165
680154
680705
634432
684860
675451
582716
553891
681432
630359
625483
499377
629705
525651
679226
632448
634273
600744
563903
585020
594910
599774
557613
723144
663766
599947
680128
632179
629628
597160
552982
627642
664099
566272
671895
600354
579039
670870
678814
677563
511355
637986
686276
675722
756318
557682
589150
586921
622201
640945
687505
587638
643884
635761
634105
586989
629011
639991
561476
643883
628298
666536
582047
557248
692488
604740
676244
629895
585746
515456
594542
524565
638783
671486
566135
593346
621735
583393
622844
678405
582769
634874
592638
680707
668125
644316
632585
677660
639414
601392
559151
598059
595262
703011
639456
680784
596657
679544
676770
588497
610114
677294
597044
671232
666897
633990
664375
632826
623165
601607
587508
639025
621699
671095
678588
645695
676052
549398
640795
591031
637658
560544
671791
586232
680093
597043
639611
592515
643710
676047
683957
710005
520810
667253
644746
670679
633061
628978
647043
591620
647508
601176
622400
638922
641652
546055
636015
675921
672713
545041
717356
579469
678271
719224
549599
631020
592760
623072
638661
630409
667527
674275
628621
638172
674905
675721
582170
583337
661896
605545
549313
631529
670200
640907
674536
681670
496776
712957
686519
626213
546869
666162
606178
635251
604126
623766
589838
594266
624956
643516
626899
642581
589659
631807
681464
647177
594274
624233
640154
614613
651357
728509
707217
646698
594158
612211
640040
645196
653995
625891
648982
641817
675377
544940
687116
671744
670839
502781
646533
673973
633300
629391
632587
640557
630038
641862
634636
666369
588965
675069
618289
594942
551969
646704
685394
565454
559255
591067
631966
669927
628067
632400
669533
624328
638997
590122
632953
635901
649594
639441
623391
640280
666179
675952
509976
588736
589090
591387
593197
632892
632559
589991
555230
606532
621076
635410
675974
575070
630745
687972
636750
641691
686144
663621
562734
673673
548571
557368
709388
679358
502845
598363
590114
635402
587228
670241
647156
682968
627813
634817
594108
591938
518991
584676
561682
629603
629799
665674
501982
668197
683391
598851
665875
631925
675265
587402
694769
670207
677360
651229
672897
590804
673217
597117
640498
635668
618438
742044
634245
640612
607354
584650
643236
634432
602999
629546
679640
596512
629715
638056
596827
603285
670846
587007
575590
629413
713224
630297
637743
587783
596999
633346
589100
633780
596668
639647
613153
633946
675820
630598
562886
621090
720370
592083
638214
714436
679460
594179
628924
633815
588618
677419
539622
629503
678531
717172
663124
632629
708871
585958
647642
683308
632553
594060
632571
623878
554446
589513
589842
549846
707388
636687
678626
598864
687539
715992
598390
628862
634388
674561
685692
701228
692286
653851
818637
689522
640076
697706
686636
601919
613294
645063
729218
640446
759380
609866
743956
761903
562911
603450
609014
605374
613046
665620
610137
643847
696076
689612
614168
646738
860025
648358
711668
628851
615818
662315
620782
612202
667944
826013
673533
666335
672285
650097
679472
631260
639110
639897
600053
636945
633906
645145
587948
626646
639055
600396
672769
575058
638090
511905
677530
646125
553138
626650
668346
683032
679612
596333
648056
624845
587229
636440
672213
640999
632028
679773
506676
676944
585826
639991
629682
588710
711279
585463
678055
659817
640893
603360
637997
711296
636972
675803
598145
639001
596594
552824
620247
687266
548656
633191
665582
593920
590573
630493
552093
633036
632824
595350
668884
592613
644451
722161
586913
596662
677148
612861
666992
587541
511854
630093
633458
683873
520834
554498
632762
626500
604529
601051
637735
641302
674056
626903
593122
604164
639606
726335
625771
671473
546684
538490
636536
679262
662753
641496
509369
540864
593158
638457
626208
634188
595079
686231
644503
639208
680302
653639
633336
581032
640598
593930
643999
647816
634072
574032
729479
625896
684561
549245
670943
653396
650097
625725
683106
680459
680911
691281
599548
628230
630441
591766
639089
701642
646634
681403
627654
679532
583472
658173
677439
634102
682726
679353
590451
604933
597788
631099
675568
568795
670021
694252
658786
629293
594956
628706
674655
601264
797455
595598
689505
597723
636845
653825
609073
577695
708594
690845
564191
757404
764463
592167
651806
842879
651196
796207
621052
626046
655330
586238
592798
658998
651956
660589
688828
607459
565510
669303
658637
698690
552401
599218
695993
652216
653755
821330
646493
782800
665116
696901
610396
742272
749940
604461
638241
611217
692207
685177
738252
643046
639685
806564
520732
726117
788786
709215
688049
746716
743557
577237
650481
678315
592036
658869
724440
667530
639022
675738
690632
619562
582698
590415
595011
633778
659616
545712
633599
648999
626378
628442
630845
508259
564064
634119
719105
643715
668904
594091
692068
722269
676094
636869
668991
694761
687803
679053
632846
635496
555700
686770
593904
677817
632858
641737
589667
651582
797344
685180
678258
609050
620728
564927
646687
735699
675608
642276
632738
672895
592592
632286
690950
615778
593773
683567
612617
561307
616344
811299
564443
592087
719654
688109
545503
630731
720898
544965
656462
633564
682011
643424
856211
669957
673413
680179
810400
616550
651541
809653
640600
790961
674546
595939
637781
671084
640663
841316
607130
664368
595803
676732
607976
547350
686551
688097
687739
687133
684096
626930
673829
635043
693558
582845
547669
653280
767385
613801
687183
570044
626002
638568
649656
813971
625949
649337
798559
648735
809473
679710
609316
652758
898446
626071
734879
645250
649500
764536
695761
689870
644592
600858
707402
737443
580259
675721
562752
612511
605168
699351
648734
637792
642073
551865
686131
631638
677267
647153
851642
699363
623154
640987
679968
650737
806839
520675
644122
803803
629633
653026
754819
531139
826797
638744
556150
665769
672854
596159
814090
649129
554121
578495
609320
608251
788955
675261
674644
611191
829739
641804
847758
641338
563265
643137
608791
862356
646705
856244
610267
640845
773959
655786
599920
711852
751882
590111
630583
640555
698171
621585
645901
817138
702832
641830
611678
614660
572874
826582
617363
558974
783870
540521
599967
606766
566380
594177
567496
823080
629536
666920
602144
699755
689636
634901
603907
610579
742782
793484
668462
640767
612829
519495
617444
587066
672827
604542
663571
745277
765341
609062
598006
653312
730402
647843
847230
520640
709998
620865
840602
665454
634854
696545
592537
696973
651944
653108
755321
550436
646279
608580
696080
514636
630559
620159
612529
609805
556066
551940
722666
643244
645056
854224
569069
653549
676934
609896
825609
646026
765073
688915
712117
672593
632750
548076
531469
740707
565123
665117
639023
599150
609994
621903
610455
651446
824040
628187
548481
633112
637401
779475
659021
599686
739888
556003
631650
613276
610176
646454
861169
553625
793752
629389
727600
693338
691658
643029
646582
662044
569508
694951
639353
570928
569120
787978
641544
807950
643087
730942
643605
670832
693378
723921
759147
562802
557138
514670
617408
575589
682728
649967
864033
668063
678703
636368
519917
664796
768177
662919
650541
824851
637885
658453
649410
688681
680108
680675
602144
748554
746752
685202
674665
621646
577845
811366
648762
799243
648943
839922
667324
660544
699605
642139
671277
648514
800951
672429
604286
630713
631030
601263
818621
717604
673523
552535
515477
569629
689793
553277
641627
834443
633177
605594
663618
671163
598496
682279
749083
600854
700717
687874
608669
597019
589374
598253
582907
1117131
636053
645867
754021
604130
819908
683023
636048
604595
644060
609149
825206
604218
613752
581110
703690
596885
556792
642204
597179
629093
603645
639854
684257
661115
651924
621452
515464
564830
876417
659362
653781
828143
649472
772956
702093
619999
631255
588375
723026
674391
592894
629454
668634
697990
600642
701106
556724
635432
623740
504311
590929
597940
629336
552773
640088
674538
730754
647573
719189
715438
668991
607343
641140
553503
678389
651360
841826
719108
638687
807619
557322
743723
841495
655155
610286
633954
601393
779257
602334
691202
613536
740480
681792
736819
804264
596005
655418
728977
613191
680763
710374
816754
641880
643693
771746
742809
764476
683147
632353
567777
613175
676540
639007
539368
655690
648400
636050
557766
590023
673207
660839
603121
716174
633293
638349
653270
800474
674026
630923
604078
607063
656857
637138
636079
596352
696830
580868
656495
694484
640900
587053
537553
647108
852304
609832
610790
598954
569598
507985
553954
685425
635897
630102
570477
568910
738335
796204
656494
653668
611677
645949
766027
600217
599363
653748
790869
609205
599903
652648
593918
570109
610630
752730
762747
695775
673158
620797
652223
826930
704071
612683
634935
669541
614825
712281
727103
722226
594998
602481
657692
634934
680090
679272
596042
601090
695806
643794
693956
647884
697717
682270
700224
593989
625905
623856
736168
709340
638330
619682
596137
594194
595658
556011
638191
740353
738550
643033
548412
668142
600716
723295
649683
651909
726689
600492
607910
578346
532865
568387
569356
677293
655421
712598
560649
674626
640790
819904
567783
595363
833144
633735
677628
618351
597661
676006
638451
628038
766712
646801
624426
522905
715707
654992
563757
644861
775264
606438
732907
703503
557769
714570
639512
798893
662740
508483
594593
590984
693440
602335
569704
659864
603716
629258
671697
695300
606845
564085
661436
713656
685643
746646
700252
563874
622796
612746
689063
684347
657787
592091
512473
652862
849074
591712
551086
609061
654646
565801
601676
784486
695447
641575
633589
676073
652529
845481
712291
658042
690442
604244
643194
736511
639843
914567
823610
716153
551730
649502
800536
609744
606102
909539
663175
651907
788855
703596
643376
837466
809421
544914
636417
673740
643717
632470
613694
862444
672431
657127
640352
565536
564400
499305
667625
582913
651796
850147
748092
720403
561373
599599
611709
696743
653471
744372
594463
785332
829475
633782
573584
604243
612737
686556
692815
659120
606810
621607
636584
579282
845540
711668
645801
802678
684492
640234
683487
720495
650579
807550
644813
595614
510595
715978
562649
734175
839793
635581
651687
591942
559750
785940
594087
610658
871740
660046
632330
588511
599310
660681
695153
693650
623903
559376
604346
541775
726183
500797
583441
667048
559834
592040
631447
640734
642032
556621
640972
620517
635093
638871
595285
668784
598645
508237
693733
585744
627653
707123
602083
555089
639576
588231
602977
629402
640760
601797
635055
659480
686015
641428
664315
670675
637601
706397
587776
558560
636068
557110
587133
609929
549607
635151
841173
601152
602512
599953
551654
594335
670771
642705
595055
563981
554442
676502
635757
665936
599489
593406
603828
635763
506892
670264
633575
557002
643990
685927
628105
585569
679423
550372
592781
544606
636028
633848
510011
674702
632299
583559
672729
671933
631092
602318
684030
643477
747819
591848
538972
595663
584899
629368
553027
631566
596195
659739
679094
524183
591276
707961
712889
628338
647114
584638
557309
707213
607936
666446
603538
677439
617737
1249707
543925
607457
589364
653688
663836
648878
669662
640237
667383
717578
600959
636080
635560
520911
641589
634651
628175
563343
821150
684951
559192
628032
626866
717688
645721
848097
698641
603267
638776
639045
632841
645033
665354
635497
740547
641766
607007
775252
560472
705965
625883
696383
648922
656439
641720
599681
560507
651393
835572
647380
793897
640267
602875
693812
596436
562267
555780
744951
518491
589400
740920
746895
649805
809465
575741
574080
534867
865091
611984
617802
616808
749898
770274
682193
677206
511515
608430
647428
700246
645030
838014
591407
721351
774474
636354
647530
852324
646967
779501
615151
658296
684017
654933
835952
693920
591989
600620
618413
646771
606854
638604
685920
657536
642029
789496
563801
872416
695571
685055
655806
799935
548968
671871
801863
667035
684005
610554
655346
570196
594846
596189
664220
652520
640866
677595
640036
748889
639090
590397
646523
777329
678048
654950
687987
618427
659390
682308
629850
655022
604679
613185
608831
654396
825770
653430
801679
597746
682006
564311
661624
806335
764388
797199
619737
648636
808566
618612
881854
749390
873826
653042
801769
732771
515432
634081
627864
605355
631151
596034
700097
634776
553169
716943
584950
654248
798800
632835
643816
870456
760742
704494
600936
616774
608184
604819
658723
643485
705121
640331
611404
682838
704950
601481
616140
620028
618055
563380
633371
657951
599839
678287
694351
642317
618135
867242
611327
559633
690547
622399
818120
694064
561269
688040
603681
623902
730104
644341
609761
831213
598065
584264
594868
677725
633185
749515
740585
688693
686181
629710
675540
618991
571659
739633
657040
658314
636122
634726
643253
599080
635243
627102
604661
680784
648555
767867
635638
729531
614633
693722
647744
601212
567426
569680
607025
644133
796341
643751
771083
687621
609219
562024
692407
675793
570067
665283
639558
572234
649901
847972
691546
685721
713439
693504
679318
713495
772114
721900
740234
648957
752454
604311
619499
735605
643549
652330
766277
631152
592248
628416
654495
642235
569659
647799
795804
634793
703288
672438
741362
673428
716074
697310
553502
574061
609401
643689
811118
612328
654989
830837
741591
754934
739165
645753
697453
683367
578015
633543
528920
521611
679151
572325
609992
655881
640394
525016
881900
645238
845231
653265
566287
645546
770124
500738
670568
799122
638488
653887
846845
722502
788631
646568
850026
653172
853687
683957
698461
602421
736962
639855
651344
760031
699540
719079
744061
733143
631653
723664
631789
673446
698559
693478
608341
612717
617804
622289
629848
708771
643536
708791
748513
647439
786503
730391
658924
638621
725552
633410
679900
842976
658067
642753
673392
650959
857267
582745
651184
847572
636169
607219
646324
847072
634807
647318
784216
644729
805652
681735
508937
614567
558780
645335
640097
639281
744901
817432
723729
629681
690789
644124
590102
702992
640192
610155
693651
638331
616860
560900
740895
635165
618739
617879
657077
647868
687499
683286
611381
715371
612300
598576
731095
802894
606433
613155
651047
769799
632173
668371
631986
634305
672247
647342
834615
633120
636969
644836
719698
812247
543292
630753
627727
559409
634894
659148
654741
707990
738340
708153
605647
743940
759868
573920
594487
769205
658528
650407
599469
678155
597971
613435
582886
604224
686957
641709
585255
596041
644817
844646
675818
611665
657110
768757
689447
648602
565084
577240
616592
644841
893608
752156
746430
752768
742353
547717
608876
792951
688391
725699
740259
644624
737140
727383
602440
521116
646562
718251
758586
752241
650722
774702
619299
569875
695013
684699
608404
806840
691180
677298
686324
733835
825785
672536
671995
740737
723858
651638
684248
734980
597160
600111
600709
612819
729275
761971
717606
604558
806536
572290
628517
717381
735820
602829
643576
769486
601847
598562
590877
725285
722536
610913
648471
821147
613594
569325
733737
711263
607973
657015
607993
651905
809931
698383
685058
663573
697503
679156
616094
606626
647206
795434
703378
560231
687543
635675
707913
552342
628362
742759
759100
706303
692696
673025
510383
654972
644952
590208
646365
838341
694238
605829
652374
844914
620188
604597
599753
612078
651115
848090
629331
586748
644847
646627
683135
647083
719986
631180
584313
584530
609588
677677
747391
682886
685203
648454
750413
642216
638540
679197
596841
649637
760128
620884
686922
663616
603141
627334
695924
646244
624045
771161
753591
629798
629428
677628
590725
673972
553242
643663
587398
614776
602342
640351
765468
580359
648867
851948
628673
673402
658476
600656
653796
899887
586092
628753
653943
752257
650955
668873
677153
636018
601709
683549
637530
691445
642846
680775
654108
791091
584469
555291
647127
564002
701818
646247
630614
592924
616055
738091
683977
674493
566071
604811
606739
691376
644911
588235
608994
759653
740065
650567
579843
605045
735473
851379
634722
699169
581810
587120
653415
774888
645929
856566
683674
681069
603140
657713
637262
629292
647122
845672
698582
647260
900546
720883
730204
591084
545972
823813
706242
628278
596360
641025
720897
624587
591732
637091
661866
600378
568624
650584
630863
697081
644502
621303
738720
730568
642148
754731
609045
724916
781233
658059
569636
612712
609110
612071
840875
688787
684036
587015
677864
788008
793653
623018
827477
769273
657825
695347
672478
825981
609550
690302
604376
603787
828317
578881
553766
678152
595745
642971
599536
548331
591136
836674
630209
611863
684285
817223
653839
771901
688348
595677
655612
562667
667370
708134
641777
559791
675840
642720
561122
690633
766881
600428
556776
552657
583805
597914
898023
631094
645008
844599
714153
643613
611227
625248
776337
650042
764184
562214
617868
651482
745823
796213
560638
692849
697937
599327
742407
630543
579255
597644
650659
794427
618535
818117
725117
606027
616404
652051
775599
753668
772948
693147
634276
579937
600363
613613
624806
694668
694021
724369
694107
639877
555384
606815
748127
623324
601048
612112
695589
622491
543353
605147
548130
561914
637170
844647
639056
687117
642128
650460
716886
684210
590038
611924
788685
600454
607365
728058
584234
547885
603681
646069
847658
634340
645938
813168
631060
611447
553578
613954
641399
655523
691380
708004
643443
592541
596635
