59
117
144
52
8
35
191
299
191
37
180
73
41
315
44
128
532
41
146
41
2
97
611
1
86
232
565
179
247
223
45
164
84
84
42
8
162
111
39
386
23
58
100
68
132
119
10
2
78
271
56
384
81
87
295
316
93
17
36
184
544
645
237
92
288
62
371
397
74
317
113
397
359
82
170
126
10
116
7
167
295
90
203
234
130
335
760
129
201
216
146
41
158
264
26
4
33
97
56
107
79
140
60
576
412
499
77
377
103
294
79
322
29
176
51
359
320
98
15
61
12
451
30
268
862
178
242
39
139
98
20
291
147
80
44
54
347
23
74
33
78
50
35
101
28
67
60
55
328
22
114
68
224
388
64
7
253
58
208
458
400
118
129
352
473
151
364
140
123
50
32
106
79
37
205
22
9
168
381
331
48
23
336
226
71
461
94
83
52
320
8
89
248
61
83
190
12
136
122
86
33
168
353
104
26
121
119
380
80
119
63
93
62
190
43
323
108
39
128
1
41
231
359
258
64
44
4
101
154
192
58
6
88
270
181
40
316
420
16
2
43
145
6
40
307
180
237
83
63
204
160
124
142
27
73
23
36
101
28
233
117
158
225
184
44
117
424
55
181
182
54
2
399
111
97
3
112
157
84
81
253
511
81
198
156
230
231
98
129
59
31
3
175
119
14
64
205
404
81
54
1
196
154
30
577
11
169
185
166
19
39
387
250
197
41
353
6
43
77
208
14
2
192
363
80
75
221
146
266
7
553
70
105
155
60
1
86
90
92
470
162
88
91
53
9
142
43
60
247
60
444
176
23
128
146
307
155
52
462
215
220
202
60
83
121
30
318
47
839
46
25
188
250
7
10
638
89
62
108
159
123
115
59
122
48
43
262
270
85
24
357
304
539
4
68
304
14
345
15
298
89
333
106
25
253
112
10
6
333
14
27
57
340
76
373
69
768
116
48
323
916
67
85
1
282
83
37
79
37
47
65
211
25
38
183
65
9
277
137
118
219
431
176
139
80
16
42
264
17
81
30
280
32
81
29
11
360
21
200
11
121
42
290
46
121
6
144
94
368
41
723
50
6
45
128
1
976
28
86
193
832
59
6
50
44
80
212
59
305
33
125
291
559
53
161
198
523
205
222
41
130
2
203
427
586
294
99
337
93
141
341
56
1
18
113
26
108
69
630
135
114
6
112
106
16
905
80
716
234
43
194
111
51
177
130
82
129
266
115
163
47
144
9
42
462
4
38
69
53
80
726
134
112
76
97
260
79
336
491
75
122
280
293
169
59
184
339
3
166
93
659
311
99
133
21
124
45
114
166
49
205
303
145
161
284
108
820
232
153
33
404
6
54
555
109
598
24
344
272
585
427
33
319
35
119
129
43
119
21
259
32
419
151
136
327
502
677
298
165
2
275
27
891
54
179
89
65
290
198
32
84
117
277
52
181
37
29
29
285
430
75
276
30
329
265
204
182
267
458
216
469
276
157
450
77
163
24
20
199
102
106
53
19
92
340
71
88
90
66
34
148
850
582
33
424
181
547
9
199
311
218
4
368
216
67
4
89
42
128
52
130
7
30
46
393
29
105
202
217
225
89
146
240
505
146
21
21
9
96
65
128
16
205
91
140
102
54
57
108
175
229
29
12
220
125
8
218
23
140
158
214
100
60
79
1
89
244
202
6
236
236
48
42
110
219
429
316
55
134
161
328
209
121
160
131
169
6
62
602
62
14
192
105
95
62
206
447
218
17
105
35
79
19
144
63
307
89
574
68
6
166
5
72
6
64
4
102
109
179
498
2
16
97
867
40
867
16
94
139
293
273
268
177
214
19
51
148
7
31
45
169
360
130
14
4
384
131
37
84
293
77
34
412
246
274
139
195
333
282
13
145
55
194
105
92
85
122
117
441
23
368
248
49
36
426
49
44
466
129
477
340
177
39
348
175
78
53
111
20
804
237
23
364
187
65
68
170
32
32
386
80
654
110
316
57
3
101
205
312
119
232
127
252
50
930
404
4
150
288
101
266
304
95
112
334
355
286
92
191
123
60
546
29
293
382
21
17
9
146
21
363
495
498
248
57
181
105
167
124
161
64
23
174
62
159
44
97
64
116
36
956
13
193
199
160
202
529
23
145
17
135
49
136
235
19
117
92
234
571
33
8
183
314
193
19
232
160
9
33
418
636
32
770
552
131
764
158
173
60
540
12
126
171
26
114
56
173
88
655
246
25
95
61
63
21
280
395
171
258
70
291
340
607
94
126
307
4
279
51
2
16
89
54
254
32
178
506
151
544
62
358
63
22
28
341
62
135
48
138
46
147
23
70
46
424
282
79
26
175
179
115
638
45
268
91
89
43
27
46
118
167
91
57
27
19
230
298
80
66
19
176
29
195
53
279
33
7
45
70
6
239
9
108
1
41
74
115
269
279
46
38
566
776
53
28
605
76
127
163
432
102
92
31
740
298
73
129
22
36
2
99
314
78
564
56
150
208
164
214
300
205
133
58
57
27
57
577
78
311
47
147
285
101
130
289
12
34
8
75
251
45
55
245
91
280
64
980
88
297
353
37
172
42
50
79
84
205
78
579
78
303
149
345
97
179
20
77
268
13
271
25
175
64
3
103
129
29
2
4
500
240
669
72
75
45
1211
60
169
43
62
86
36
457
224
583
496
313
155
30
71
33
556
37
262
125
48
20
780
84
571
118
326
22
42
89
45
102
5
105
371
692
137
505
2
88
32
129
33
50
414
2
132
170
65
111
38
62
236
63
362
139
488
35
138
157
169
235
4
232
574
53
171
17
132
538
70
69
96
253
3
36
80
15
272
555
372
83
305
6
363
182
197
472
65
64
449
408
20
646
103
102
200
57
103
325
285
263
28
236
144
163
35
111
4
275
386
15
274
23
232
31
354
77
56
309
303
404
266
14
47
276
261
241
62
51
122
203
109
226
54
208
25
65
30
519
25
32
27
275
513
269
211
28
133
377
210
1
156
209
75
494
716
91
76
32
159
93
114
76
221
26
83
127
38
12
67
222
53
222
480
75
204
47
76
50
518
54
411
158
192
70
33
191
199
66
126
388
53
108
459
345
52
85
176
186
34
168
7
115
10
621
140
36
145
92
188
195
187
239
164
83
205
77
99
95
159
596
20
24
250
397
82
1
195
354
116
7
271
563
552
253
125
183
73
80
79
13
105
35
207
32
168
168
53
60
213
60
40
94
22
607
407
105
20
17
96
117
206
16
175
14
85
68
463
2
136
34
15
129
160
37
118
233
314
13
441
167
44
19
224
2
109
185
65
166
238
128
175
15
357
204
371
157
221
70
199
160
122
18
143
260
111
35
17
73
26
29
407
17
143
38
131
37
21
80
164
82
22
45
704
103
44
443
179
61
863
71
147
181
87
35
152
85
4
168
310
26
193
707
11
39
53
23
146
37
117
136
38
167
43
129
4
362
65
444
243
150
321
58
244
49
97
191
213
6
1
200
22
85
4
52
27
114
377
180
157
176
188
25
46
14
172
25
448
69
222
34
198
120
138
183
37
150
210
163
212
77
634
90
450
54
173
313
23
133
29
95
93
73
274
56
46
476
102
254
269
928
15
221
614
68
320
295
178
139
38
6
22
16
193
82
85
534
1403
62
126
14
42
193
194
148
6
84
88
27
237
73
57
399
180
294
178
54
227
16
305
65
65
53
69
74
610
9
2
139
21
120
155
86
29
94
43
158
98
221
94
158
47
297
169
41
165
2
244
29
310
52
197
123
86
244
118
362
132
93
3
796
60
112
157
102
179
319
10
91
328
142
124
182
52
294
30
13
195
115
563
141
64
195
307
271
25
281
19
495
38
119
182
89
264
600
113
60
343
159
47
282
44
351
61
213
13
194
46
42
75
123
748
76
516
84
230
64
78
865
243
85
71
252
638
416
528
465
23
202
1018
76
43
338
274
104
255
123
637
334
49
2
99
32
263
713
114
141
127
104
131
119
38
226
209
24
27
227
100
433
381
111
18
557
19
22
331
38
406
161
9
37
419
326
2
274
471
223
179
156
8
750
24
314
441
11
115
421
66
222
37
343
117
200
1
457
27
196
113
58
55
448
9
90
60
438
31
19
87
356
467
109
264
187
754
158
26
22
216
10
152
51
29
334
239
21
208
314
242
21
16
150
23
54
57
110
19
171
139
161
208
162
175
38
44
100
37
161
248
45
172
487
12
151
41
139
430
354
146
20
21
12
77
100
311
77
280
8
258
21
21
124
47
343
326
2
61
210
18
191
249
119
8
69
69
497
80
204
86
9
237
235
77
789
229
75
258
96
177
191
98
520
6
30
553
11
12
337
110
75
3
2
209
50
160
220
71
108
62
104
177
23
149
91
122
126
40
130
77
135
16
114
69
130
93
36
186
193
677
95
34
12
160
247
172
614
410
285
286
1
135
3
38
203
23
151
528
79
140
71
84
43
696
130
10
575
52
685
172
125
159
176
537
92
35
235
123
37
2
292
57
483
96
292
11
381
248
91
1
122
3
368
221
551
108
243
92
101
26
49
139
148
32
423
179
122
56
115
678
142
37
180
116
67
174
147
173
320
482
39
115
463
296
104
96
124
7
115
17
11
24
331
312
48
80
60
380
333
179
922
73
182
230
139
109
75
13
506
23
75
42
27
90
47
31
140
12
75
29
219
150
531
30
151
754
103
36
429
14
185
360
310
109
238
89
175
87
108
128
120
484
82
69
212
52
52
111
37
98
38
3
9
607
325
100
281
254
69
37
280
67
398
136
281
214
43
5
17
53
547
102
35
39
112
226
69
352
498
27
51
144
129
76
165
155
143
149
14
81
374
96
225
28
126
144
109
38
33
45
194
215
12
59
83
12
78
333
181
404
99
58
53
155
302
456
38
202
194
181
2
197
314
107
86
43
163
362
46
186
162
40
63
28
106
488
115
111
59
481
371
115
451
179
203
140
55
21
272
72
84
13
232
26
93
248
31
273
81
58
663
223
343
380
171
149
237
9
113
260
8
441
97
6
201
191
21
185
465
27
162
203
37
189
114
261
9
20
115
132
99
193
393
169
471
17
130
156
445
71
48
463
230
586
163
177
294
186
82
200
236
420
269
561
15
176
7
152
31
225
56
34
9
310
87
57
77
77
532
20
177
315
6
74
21
61
24
67
59
120
122
11
76
276
222
285
444
219
59
46
73
47
128
24
594
34
151
97
85
1054
531
102
14
29
303
3
33
413
73
15
309
102
185
113
781
141
4
23
7
27
2
397
86
262
156
145
2
19
26
73
37
238
93
73
172
10
69
41
110
179
72
38
84
126
47
16
289
423
21
204
87
166
176
147
89
63
41
319
362
59
330
50
58
130
56
255
19
125
116
601
22
115
93
31
118
141
67
76
35
22
12
127
19
12
2
214
16
188
317
18
34
95
342
300
129
54
71
150
136
444
105
67
211
307
6
58
78
101
93
214
61
185
535
154
96
458
201
44
43
24
26
114
263
13
111
47
148
107
28
79
169
72
334
49
290
165
264
37
453
100
52
557
120
194
358
24
14
22
152
107
14
227
630
109
185
278
48
139
42
579
12
184
31
111
252
318
152
11
65
5
261
212
256
546
57
141
56
411
78
263
43
44
235
21
116
7
522
242
309
9
329
2
29
40
32
18
31
278
34
118
271
244
358
53
122
447
724
141
275
160
206
487
219
746
129
82
184
359
29
253
132
24
27
23
74
208
30
16
39
262
99
225
60
3
334
639
308
60
1
71
174
774
164
68
13
58
61
51
101
211
60
282
16
19
312
27
8
309
208
180
56
200
95
105
204
76
16
60
49
48
121
250
25
106
26
320
338
232
167
228
7
39
80
137
121
55
189
57
65
172
217
3
61
333
50
156
123
118
405
68
163
15
16
60
91
305
482
271
67
159
90
223
11
53
202
92
8
62
305
280
369
291
196
134
47
333
172
125
63
21
249
64
375
170
236
252
48
129
263
82
20
99
32
8
86
281
367
10
118
92
472
5
22
98
49
183
374
62
344
52
133
310
13
14
92
124
268
260
256
136
45
353
19
179
17
290
134
5
106
58
73
942
74
197
27
37
73
31
515
270
30
52
172
281
415
355
184
6
239
128
162
93
23
4
338
16
25
892
901
230
74
43
234
334
19
183
193
41
134
40
24
537
8
32
625
140
89
384
80
254
101
782
4
819
151
189
449
23
263
66
51
47
165
421
47
337
39
126
193
276
122
120
344
390
104
106
27
50
13
7
52
55
77
203
448
20
809
174
86
72
154
38
122
77
133
115
142
75
324
135
13
20
4
134
19
716
339
8
309
217
7
76
90
363
82
243
190
30
82
148
100
572
205
118
127
45
110
103
60
28
332
6
147
334
167
163
498
283
116
279
404
4
298
55
41
122
11
102
112
636
29
47
213
788
528
128
76
38
264
130
119
179
58
233
260
709
198
80
351
46
130
572
7
528
425
114
208
169
436
360
67
120
19
264
64
93
6
61
147
133
60
199
107
458
163
674
150
242
29
198
33
80
59
112
106
397
292
45
6
58
105
185
106
130
16
126
101
128
590
50
77
1252
35
12
67
72
131
4
147
180
70
71
428
212
142
402
69
52
26
33
276
43
130
8
235
5
24
220
288
65
29
207
86
243
7
63
25
158
138
44
273
135
221
57
83
48
272
274
185
86
162
89
39
244
592
304
229
481
33
549
308
731
166
13
155
287
6
80
69
567
711
13
19
169
61
561
28
118
79
4
108
481
55
343
379
31
24
88
233
8
46
1
49
19
339
89
58
191
349
42
226
53
126
457
228
9
64
192
85
7
315
61
251
43
40
145
11
62
40
54
426
625
875
329
112
46
290
7
138
415
382
73
54
33
83
241
509
184
132
199
61
6
79
54
87
22
266
102
186
32
856
210
191
32
102
384
58
148
174
1
235
37
36
142
208
113
260
18
17
151
331
97
61
3
666
191
14
122
471
137
42
239
983
187
70
158
48
278
91
383
57
103
57
38
48
195
12
349
411
121
126
151
111
39
70
20
161
22
186
87
21
551
445
99
154
198
360
199
60
263
14
24
109
852
200
258
79
153
280
206
179
27
58
152
353
1
8
182
333
212
83
90
102
515
191
239
110
181
340
509
2
198
302
46
1
149
41
517
155
398
134
464
304
132
31
261
109
162
174
99
150
46
28
47
207
256
210
113
77
485
35
97
392
88
90
61
311
199
240
28
51
68
45
184
38
3
92
186
36
80
300
131
3
265
73
71
93
121
43
468
13
2
185
392
12
57
364
498
59
337
119
69
386
166
31
207
202
479
103
234
203
200
34
173
273
201
176
135
189
108
59
459
4
265
261
3
321
93
591
262
284
1024
30
16
230
221
134
102
2
40
278
87
36
227
147
318
143
45
261
410
459
129
54
258
329
62
32
20
139
134
83
137
32
220
17
347
461
17
312
23
332
411
33
224
205
249
632
173
108
256
58
190
112
541
313
351
117
187
409
568
98
279
496
133
394
72
62
276
49
399
72
29
171
143
71
189
61
28
40
230
32
46
96
688
113
295
111
74
70
2
66
178
769
280
55
172
132
8
85
17
6
623
251
640
59
50
146
19
11
236
253
176
111
19
109
109
5
93
574
161
59
195
7
19
201
153
150
107
23
107
28
179
50
320
46
131
27
19
67
267
77
190
119
20
372
152
32
46
230
58
6
76
16
141
81
453
44
61
295
333
12
29
84
355
77
84
130
9
121
415
173
242
169
2
318
27
132
220
124
17
303
429
61
276
186
285
151
121
378
12
79
292
4
59
188
73
91
256
27
286
3
112
112
159
21
57
119
77
18
306
110
176
18
182
147
20
151
38
11
19
245
58
162
17
234
105
49
74
138
202
363
34
108
94
68
182
326
178
184
278
51
141
113
65
452
354
19
91
4
478
402
412
18
70
95
174
4
69
13
20
28
324
100
476
218
390
9
199
85
134
439
88
244
48
399
218
174
130
267
37
129
79
239
46
203
417
47
260
42
94
30
101
114
15
328
114
39
301
70
269
418
292
183
52
58
183
115
144
7
77
2
111
174
32
40
589
5
27
62
60
61
163
13
39
25
89
434
206
62
227
71
344
220
416
64
222
20
159
99
131
93
162
57
16
311
81
30
90
359
469
171
367
128
52
159
741
125
8
12
67
13
206
259
200
446
230
549
296
82
229
568
230
176
10
376
57
76
136
1
52
324
23
153
107
133
409
114
154
117
14
379
239
316
20
108
499
9
92
59
195
36
345
159
124
111
490
68
129
150
140
268
12
44
163
18
230
711
152
82
4
167
124
191
150
146
10
184
100
106
358
240
82
55
7
77
284
48
110
457
336
170
13
218
21
406
261
3
4
275
214
12
64
285
32
1295
142
196
295
6
168
168
63
245
175
68
186
232
2
83
115
29
368
118
123
71
358
8
93
69
63
175
206
61
213
198
428
12
197
91
68
92
321
176
196
41
265
174
81
399
496
35
123
127
129
99
61
195
26
64
75
399
144
291
80
37
715
13
237
47
93
240
343
455
331
72
134
175
4
93
37
329
146
14
155
37
411
38
13
234
433
26
512
48
153
495
9
228
32
30
561
520
430
259
621
78
263
344
136
124
213
145
376
145
182
126
253
207
116
264
88
578
9
150
15
106
26
60
110
263
11
306
91
381
54
31
315
90
434
345
355
135
75
247
153
135
127
266
423
773
240
139
10
8
111
33
111
230
280
47
207
10
438
178
424
278
95
14
67
127
193
193
85
166
8
172
276
221
453
161
80
353
280
103
1
140
143
64
900
54
604
85
456
170
164
560
32
17
260
66
101
51
133
346
99
11
114
287
521
47
303
290
614
242
474
122
411
346
24
77
77
114
44
23
237
97
74
314
115
76
6
43
230
87
1
255
122
141
363
325
165
284
72
263
257
139
77
17
355
22
196
199
48
235
86
116
6
34
95
10
130
83
458
331
344
58
167
13
626
100
182
75
75
246
402
122
53
35
468
566
53
55
212
35
223
267
71
14
4
158
68
199
283
82
85
60
40
267
4
168
63
31
240
43
93
78
25
32
69
537
17
125
123
57
357
28
164
237
122
168
54
84
104
392
291
84
441
231
341
97
26
14
361
115
145
123
268
39
144
199
114
159
563
108
225
146
237
461
165
184
53
36
593
206
19
15
636
33
112
334
246
79
525
359
262
353
12
90
105
127
406
30
49
39
129
53
40
120
369
267
373
121
106
77
133
283
222
103
110
19
64
390
9
98
77
75
42
79
140
51
103
292
242
163
99
83
76
72
113
116
234
44
201
57
304
79
49
265
143
404
255
212
127
100
58
197
542
88
133
56
229
28
375
180
24
324
106
46
183
171
94
279
107
81
56
459
443
121
502
5
265
31
5
128
37
41
340
171
4
207
67
284
11
315
125
227
186
16
70
603
132
46
34
240
369
64
149
260
118
203
241
60
44
130
293
62
164
356
219
113
1176
81
232
206
61
128
93
15
35
97
146
5
154
350
33
126
112
118
222
357
55
453
78
419
12
230
214
98
97
234
74
743
64
280
201
194
337
144
54
322
387
74
160
372
95
124
86
29
404
13
277
3
353
99
392
105
313
237
2
267
352
422
538
155
220
39
143
29
173
22
2
205
200
34
32
5
310
260
24
597
12
48
3
3
495
282
4
103
384
256
43
105
167
560
28
215
677
314
571
136
177
396
226
9
145
285
149
183
311
487
153
385
174
34
4
221
578
114
176
34
203
136
193
48
1123
154
90
152
87
246
300
200
117
394
7
403
70
186
68
118
746
25
29
81
58
182
14
73
133
112
586
176
301
179
142
14
198
34
367
105
58
9
213
14
48
720
105
36
690
164
181
41
73
187
337
157
113
113
51
18
534
74
396
38
162
3
242
36
18
134
69
162
24
139
9
162
179
312
498
191
607
198
140
21
185
195
570
278
327
84
100
422
86
189
78
122
146
35
345
186
151
4
50
210
444
14
85
358
3
79
78
81
394
583
152
443
156
96
417
221
56
189
290
32
63
200
167
44
15
155
31
94
210
167
50
545
82
403
16
210
65
13
440
139
128
46
223
77
349
65
517
335
393
356
211
98
16
48
24
172
3
77
204
14
8
43
175
54
1
69
67
257
241
224
55
257
25
15
187
130
147
4
1
37
56
178
111
597
36
262
282
321
313
107
2
165
129
121
65
440
31
48
167
125
539
31
60
68
58
17
5
102
200
220
56
365
13
448
38
145
124
373
68
21
197
765
332
101
1517
31
306
192
222
62
28
34
127
321
21
229
650
16
92
135
453
23
385
9
153
25
1
225
63
136
37
548
12
273
87
141
58
17
2
14
13
419
183
380
99
1
189
266
80
70
136
363
11
14
118
498
542
167
157
139
9
504
197
39
404
105
191
115
43
267
599
117
117
17
251
212
388
267
107
16
226
192
134
29
31
288
184
618
49
113
16
14
208
85
18
210
392
229
85
92
249
10
40
157
63
9
298
98
330
74
24
177
330
127
41
15
77
86
22
351
448
46
25
885
53
537
149
328
178
156
306
93
182
332
61
113
322
6
45
108
192
264
164
8
3
8
43
109
174
417
217
42
62
234
73
36
108
184
424
408
383
120
1
322
94
150
88
64
213
41
50
273
40
219
81
371
164
103
121
124
144
70
152
459
1
121
306
162
288
13
70
146
69
143
128
94
125
187
67
54
97
45
173
16
119
32
123
57
363
442
129
249
242
41
200
345
239
275
379
177
7
66
202
42
489
253
40
41
123
30
383
17
20
93
575
111
25
28
264
88
283
24
12
182
340
228
144
69
160
209
575
1
235
69
220
226
136
164
95
224
24
157
69
372
116
168
79
435
49
373
27
406
180
76
153
89
2
355
46
151
213
170
202
147
432
390
167
330
107
10
59
69
88
46
172
105
127
108
296
68
40
24
117
511
37
48
143
121
36
62
111
32
143
383
60
76
108
22
64
16
434
387
21
155
444
120
193
498
13
172
189
319
133
13
399
55
237
206
179
556
78
274
219
40
72
146
33
61
459
86
129
144
12
121
196
102
210
6
57
90
76
110
2
84
195
106
170
127
290
10
151
32
109
47
79
299
367
160
152
13
331
234
115
449
464
74
59
13
1
224
24
87
188
147
438
90
205
69
85
5
180
134
142
103
59
95
89
1
269
16
76
6
243
104
191
55
20
235
201
22
134
382
260
36
368
339
11
125
134
241
114
527
35
45
78
71
25
130
7
439
103
101
486
2
144
33
475
75
225
438
135
283
611
47
20
285
161
186
158
92
243
245
268
81
73
345
85
459
212
13
62
300
249
125
53
230
147
25
79
433
114
193
884
95
200
55
18
161
57
37
199
34
192
25
34
94
117
194
61
23
196
11
388
261
405
37
18
429
62
109
201
280
17
1
74
232
187
125
559
62
223
229
155
33
434
288
407
16
208
40
129
450
143
276
23
196
26
343
122
429
130
31
31
34
256
1
165
131
30
289
24
331
18
78
172
93
32
65
75
201
14
190
243
29
98
12
144
21
230
253
50
107
13
23
401
211
136
72
340
159
172
68
107
55
101
283
18
68
69
23
88
100
386
141
87
132
186
17
66
128
9
23
52
116
187
32
55
439
1
229
7
107
286
3
258
274
10
1045
227
365
77
196
281
291
74
217
77
416
137
205
245
104
121
191
38
115
550
296
123
157
53
50
29
62
220
177
122
499
134
296
73
587
338
748
88
91
31
443
206
323
74
644
232
35
321
202
84
35
376
213
80
50
89
35
95
180
144
114
67
194
142
294
131
460
93
118
104
88
78
120
155
14
69
32
40
25
44
45
143
143
1
392
138
134
113
139
90
183
1
168
39
564
320
137
131
106
281
107
90
27
1
184
536
207
67
682
468
59
326
187
144
219
246
12
26
162
37
57
106
246
264
506
115
17
37
2
77
223
256
58
43
290
422
102
37
302
45
310
38
182
13
73
69
117
224
116
116
23
37
341
189
212
655
66
82
13
134
723
49
274
81
545
49
330
36
139
13
561
388
77
103
40
611
75
187
292
66
130
152
82
110
138
273
13
275
19
134
19
9
26
62
50
32
360
50
300
261
413
134
39
93
254
399
400
205
9
52
133
11
61
54
164
74
79
159
78
174
230
103
59
359
350
148
29
89
570
147
128
190
9
153
304
204
284
204
1
173
144
321
156
53
435
30
45
18
83
170
97
246
231
154
20
772
50
12
164
173
484
87
167
108
1123
54
302
166
52
93
141
95
23
32
48
91
58
58
138
59
86
98
30
138
37
97
9
319
49
75
77
143
262
28
174
50
343
625
40
192
19
303
279
85
176
297
494
16
82
360
546
48
62
213
289
59
297
24
183
118
51
355
1536
272
122
432
131
334
389
48
44
40
114
10
121
48
143
154
99
50
126
153
195
333
252
601
382
31
178
50
436
200
32
216
812
57
89
87
169
215
322
227
458
546
303
398
326
81
96
33
58
285
79
30
138
98
911
154
77
237
190
202
125
4
249
124
18
12
10
41
60
46
148
203
134
176
46
9
297
5
3
14
116
425
117
15
92
160
112
281
81
115
38
26
394
101
22
115
20
91
87
183
159
163
77
89
319
357
242
567
69
264
79
5
83
120
195
194
292
381
122
273
36
622
106
5
172
102
128
6
38
3
66
379
100
6
483
8
62
534
113
18
149
908
43
205
277
165
50
422
23
24
341
101
188
209
110
281
10
387
28
14
226
764
97
199
608
302
105
45
340
101
142
546
94
96
181
73
79
51
883
190
151
128
315
49
39
66
162
37
158
160
162
80
73
327
98
83
137
103
35
70
425
274
273
139
842
87
54
250
351
119
4
65
497
357
150
269
83
115
12
153
519
107
474
59
39
496
134
32
120
33
292
74
96
107
259
59
891
197
50
125
103
108
386
14
202
62
416
182
239
156
128
15
235
197
94
235
28
631
79
329
682
31
89
276
334
27
359
266
189
222
292
231
93
41
36
38
54
380
236
600
285
73
182
312
123
176
60
49
144
233
165
107
82
37
108
230
11
239
391
227
41
434
122
343
202
34
419
212
163
253
1
79
25
573
15
91
43
183
74
110
78
7
74
246
110
183
32
290
131
43
166
181
149
100
472
241
47
16
17
23
363
64
188
93
140
35
201
217
59
59
289
89
24
48
74
2
510
10
166
156
82
271
170
67
35
202
43
62
124
164
393
514
43
206
70
167
292
233
126
61
176
84
35
120
369
51
195
7
2
193
108
324
157
51
602
295
101
113
18
161
99
90
499
4
9
113
43
224
200
26
234
68
17
944
190
33
5
251
42
588
89
219
72
63
153
3
383
105
201
94
9
228
70
239
59
196
101
43
143
12
128
39
272
707
105
121
174
326
86
283
76
218
47
120
82
54
239
283
111
224
32
176
128
458
265
33
159
78
179
78
438
193
90
164
87
138
23
43
83
223
403
33
46
28
76
188
131
116
133
49
29
6
142
65
214
362
206
52
35
41
176
21
52
69
261
220
380
15
115
324
52
89
111
270
65
111
31
61
226
139
246
364
174
46
369
85
129
183
55
37
85
258
19
69
320
346
31
20
314
112
170
105
45
76
170
164
57
221
341
222
202
82
16
115
232
341
135
107
250
23
404
106
36
24
207
526
97
390
400
68
10
28
82
49
25
324
238
29
46
384
282
122
97
251
159
237
60
14
112
95
79
48
84
421
56
108
111
18
202
32
308
380
203
200
115
405
39
466
46
4
60
24
194
321
199
120
115
195
136
42
217
55
78
372
10
89
50
138
177
183
289
235
29
43
92
19
68
116
179
201
222
98
25
57
56
343
76
318
15
396
192
288
30
408
151
24
4
136
80
15
528
285
85
303
58
28
309
14
62
43
369
85
56
16
152
235
106
204
84
247
293
67
37
5
53
463
39
240
83
378
99
207
140
5
69
1
594
114
55
121
13
115
106
99
187
196
8
3
62
35
130
6
65
73
19
112
208
77
55
32
17
69
33
52
39
329
264
59
26
111
84
39
14
81
111
103
136
23
68
168
16
92
90
103
50
210
175
271
184
689
37
238
6
116
164
178
412
181
60
485
203
39
139
2
35
8
131
35
60
72
90
100
19
109
56
65
42
173
162
211
161
18
17
266
40
533
28
344
3
146
125
46
86
133
33
90
67
245
59
57
329
292
328
239
116
161
30
146
59
55
191
97
30
660
146
92
102
89
64
72
491
2
282
221
73
33
198
18
37
243
24
55
140
30
205
7
92
9
8
54
180
407
78
140
93
354
42
197
240
13
784
29
52
51
28
3
10
369
32
224
144
52
199
231
124
85
182
10
191
62
178
373
226
117
83
140
15
8
69
91
75
610
179
136
276
214
639
117
434
41
111
155
73
101
223
86
52
50
39
28
172
31
26
118
508
748
309
302
57
49
89
46
31
36
107
40
454
144
94
701
12
34
52
150
57
143
327
39
156
544
37
29
64
40
162
29
253
71
180
212
241
30
35
314
71
48
179
20
115
65
154
108
74
37
217
25
21
332
468
205
156
501
675
204
122
393
59
41
21
27
38
12
340
208
367
255
21
268
246
8
113
67
363
125
148
16
122
298
68
90
104
42
534
128
169
179
51
179
182
358
10
298
157
66
464
499
47
4
131
241
34
17
34
113
81
133
102
32
43
179
164
476
119
146
195
22
36
110
159
11
55
153
23
95
207
140
304
354
11
38
386
238
48
391
70
206
218
31
151
218
127
417
275
234
84
796
50
158
353
177
36
222
27
187
295
8
101
183
56
217
114
19
89
92
7
84
107
43
390
333
140
122
290
293
34
103
226
6
76
330
18
13
46
478
276
282
142
246
444
155
205
9
134
271
227
44
257
7
125
46
37
118
400
51
40
222
10
221
320
29
63
205
110
41
134
230
165
529
53
76
315
132
59
28
14
266
98
35
110
85
86
47
307
25
324
252
19
267
96
287
155
111
57
29
120
245
54
25
128
489
78
13
1
220
263
182
456
225
196
32
364
85
1
162
212
313
257
40
301
256
87
367
31
49
62
279
32
41
41
452
125
69
66
22
82
221
54
318
121
115
95
95
207
4
132
85
289
363
295
119
222
265
41
397
248
399
43
5
71
12
8
87
20
52
121
110
120
507
54
171
150
35
13
47
72
338
335
263
94
257
91
28
12
164
66
46
301
7
974
86
51
943
79
48
39
85
78
485
3
44
369
73
150
105
39
161
138
148
19
391
355
11
27
464
75
306
128
202
113
379
232
28
799
73
54
62
398
176
481
182
367
37
7
239
131
95
21
81
90
90
122
51
16
116
77
136
64
152
100
217
96
133
418
86
21
9
43
119
71
92
191
233
84
112
183
133
103
280
271
100
505
298
20
5
63
33
21
174
127
95
66
115
673
55
462
255
31
169
61
37
68
122
17
465
227
92
329
317
40
91
33
257
68
91
228
223
974
96
30
116
205
998
133
122
72
48
38
226
97
763
388
174
124
19
73
22
651
199
145
551
86
88
105
78
4
21
814
154
171
454
83
150
37
307
332
76
76
635
463
370
31
1
476
552
115
171
42
95
175
176
124
68
261
70
124
66
113
138
435
21
89
579
4
420
118
45
348
10
60
60
17
93
145
108
230
214
41
42
10
11
367
35
914
38
245
94
164
94
310
95
88
101
2
379
37
102
14
302
638
119
48
47
450
249
231
25
21
90
72
327
92
223
101
194
56
29
344
110
79
197
600
28
135
59
69
2
15
167
57
42
375
11
116
178
187
30
244
41
169
100
281
294
53
252
180
336
1
596
143
264
37
719
2
112
149
61
229
100
57
175
159
410
53
83
80
1
15
284
41
111
421
148
132
178
98
115
11
267
284
71
197
219
91
142
112
61
122
44
179
158
117
60
59
99
529
539
245
367
62
203
166
28
69
277
91
303
365
79
2
116
234
6
9
205
209
399
274
128
186
49
140
309
393
305
41
295
70
56
30
117
158
37
30
248
111
206
228
136
40
113
489
73
82
112
193
413
122
334
18
14
1
39
179
249
105
269
25
131
28
323
73
224
21
42
77
265
67
238
225
131
76
29
130
68
271
91
135
53
555
73
179
320
146
245
174
215
49
172
132
176
476
73
116
96
169
11
83
31
72
173
203
351
216
773
5
28
214
252
290
56
51
32
85
97
45
9
329
149
74
34
83
85
118
36
165
22
24
1
305
211
127
331
85
147
132
131
226
83
35
97
153
72
187
156
29
364
198
119
184
226
53
63
150
177
56
510
241
327
13
323
385
111
54
101
171
437
24
71
243
191
124
30
367
24
91
110
160
76
33
784
174
154
108
273
275
65
43
180
8
276
196
250
148
1
3
324
559
13
25
18
461
199
254
154
66
81
148
392
97
87
10
163
36
228
15
24
247
238
132
178
8
20
25
221
56
213
106
557
9
196
124
8
119
3
30
230
40
399
79
159
216
665
26
312
138
76
106
42
166
78
118
398
244
107
241
5
21
1
61
665
80
66
250
156
66
90
61
18
131
79
707
292
211
11
164
19
163
12
324
295
74
29
321
67
90
65
231
124
88
154
152
110
34
114
485
380
57
53
74
64
12
567
404
29
26
167
344
75
533
94
26
116
1
153
2
298
160
594
118
464
135
84
410
89
192
34
229
94
63
373
130
27
113
210
45
129
363
117
32
11
98
71
73
276
1403
442
73
112
424
356
181
95
459
68
60
91
568
59
83
16
123
16
296
146
102
99
32
118
45
80
472
37
292
140
198
75
78
161
3
19
97
36
62
27
83
66
476
82
203
97
133
6
305
219
151
268
215
112
48
112
22
179
380
6
150
353
138
76
122
232
44
109
59
17
327
75
88
581
50
46
48
188
89
87
53
776
93
69
111
304
3
242
633
422
126
191
101
16
294
237
133
61
436
51
472
132
199
8
87
122
534
1
89
4
299
107
20
750
195
80
51
94
146
4
115
72
17
33
493
466
3
157
672
46
48
313
217
89
193
17
23
116
70
69
298
55
179
1
28
172
17
237
266
24
64
1
237
16
177
215
173
579
80
381
44
63
242
515
169
238
136
340
139
240
353
213
76
97
19
37
466
281
54
104
27
80
225
75
432
126
96
56
210
53
11
205
41
6
28
321
151
78
328
805
390
201
3
80
142
120
8
41
16
403
1
112
308
36
146
383
5
43
181
284
150
42
61
1088
6
282
77
54
177
61
107
368
101
35
248
142
126
88
70
555
26
8
466
58
43
358
112
187
32
253
66
13
543
226
199
328
124
10
167
93
289
83
632
71
94
134
31
212
1
332
148
75
112
117
87
11
20
96
2
22
385
70
762
39
20
134
104
536
9
239
185
364
53
228
29
14
230
60
47
341
266
7
134
96
306
128
70
321
16
42
91
106
175
317
698
142
394
121
120
59
135
331
132
133
244
87
48
86
177
184
109
35
180
358
135
33
390
169
324
15
4
132
139
216
125
541
3
439
311
190
104
233
98
225
55
671
57
41
88
157
379
159
666
88
92
10
29
145
60
24
84
39
4
55
89
35
143
51
122
82
259
79
54
482
17
132
106
79
94
15
125
34
320
104
181
82
96
269
47
71
1
7
341
162
19
55
370
374
174
8
17
467
122
109
94
799
29
260
34
239
349
124
776
8
15
524
214
52
46
84
85
21
52
16
3
116
196
2
81
138
69
56
140
184
37
31
5
242
20
345
57
24
117
119
26
16
1068
83
43
147
213
20
291
69
19
70
202
31
80
601
125
501
189
88
92
52
704
780
87
8
136
202
75
14
72
96
29
160
74
171
268
57
73
37
93
175
378
78
168
195
34
182
42
98
40
98
161
102
64
165
404
103
244
120
89
16
166
24
13
142
464
255
282
212
188
239
496
195
220
243
210
22
123
52
42
338
226
85
193
420
39
91
359
158
20
56
745
66
44
203
89
338
498
56
106
262
27
23
100
145
7
418
61
87
356
89
100
150
109
47
464
210
443
77
25
207
295
91
226
59
528
80
59
49
315
82
80
504
168
71
353
141
134
88
237
73
30
149
36
153
566
21
174
15
59
412
760
68
22
487
72
85
259
34
31
272
105
329
114
67
143
134
200
90
194
191
40
308
52
129
127
98
19
756
28
15
230
47
325
48
219
148
149
30
205
15
27
192
518
82
66
64
49
134
126
532
220
208
5
86
202
584
48
124
258
2
108
13
39
246
32
61
24
136
136
372
200
37
203
31
161
438
2
168
71
124
62
126
253
26
3
247
5
186
127
10
28
112
55
73
98
118
56
217
20
8
104
278
143
61
257
45
692
173
71
19
239
15
173
39
50
124
476
19
88
271
225
89
511
165
255
131
158
71
473
15
198
265
56
209
138
194
112
122
17
175
263
178
127
23
123
546
126
96
193
75
97
232
129
73
3
582
24
45
17
334
62
70
401
72
92
5
9
180
31
1
41
157
188
242
195
325
48
99
337
300
74
145
62
180
622
32
68
357
24
23
202
94
235
157
68
169
41
56
355
185
25
119
4
48
26
89
469
111
38
129
25
293
296
90
70
233
109
13
76
106
3
42
32
235
11
125
113
77
190
367
19
146
95
7
85
42
185
1
2
38
4
48
139
479
412
100
281
551
153
68
20
21
58
177
23
11
86
148
415
276
462
77
80
193
42
84
179
248
437
155
305
18
62
202
73
3
21
249
345
15
85
56
1289
86
63
37
8
549
327
79
439
541
4
77
108
470
134
202
459
45
81
42
77
201
56
229
131
154
48
165
86
87
233
108
151
38
117
46
8
37
90
396
285
54
347
560
71
92
149
23
301
2
719
43
81
60
321
9
51
93
677
117
264
54
271
21
348
45
23
8
5
58
28
276
220
70
190
25
9
241
409
125
524
80
259
57
302
22
45
37
54
482
63
356
20
61
29
245
329
335
43
134
50
121
58
62
179
84
27
4
49
67
117
148
151
19
79
102
14
53
4
5
26
224
132
73
59
311
61
142
87
320
722
165
164
68
124
47
241
99
87
230
45
204
279
12
1028
6
226
122
420
114
41
85
382
132
216
180
62
140
55
37
62
244
97
50
266
70
71
137
201
316
48
156
36
17
235
532
77
20
114
27
19
156
25
51
22
108
279
236
102
26
909
298
8
372
74
265
11
65
4
157
125
19
96
230
175
60
631
32
223
209
117
73
256
4
351
102
184
1319
14
179
541
77
67
77
54
386
56
54
28
22
176
35
739
114
214
100
132
50
509
460
107
429
116
256
79
421
208
515
49
48
39
127
57
67
538
108
222
117
159
5
451
32
39
60
315
334
333
97
51
221
60
165
19
65
19
106
56
77
24
150
177
22
3
27
103
14
171
474
19
187
152
112
80
126
496
346
86
125
362
231
103
13
282
239
492
18
163
318
75
65
33
118
66
186
193
281
7
159
17
146
84
42
117
206
174
520
180
532
265
210
7
73
73
190
110
235
723
238
655
124
225
7
660
13
94
243
45
22
359
1002
106
89
264
59
607
105
141
377
3
193
89
136
547
521
45
69
203
15
67
66
49
310
69
47
311
343
113
11
308
162
167
420
115
131
43
100
130
216
24
160
206
42
125
356
37
391
32
101
2
185
560
77
11
275
48
95
345
170
90
394
6
41
15
495
113
75
106
81
168
119
6
296
26
189
123
113
549
223
65
14
94
150
241
106
88
15
105
246
21
210
13
91
206
560
12
56
66
131
188
248
27
87
139
99
40
223
68
46
344
158
116
90
50
302
42
234
78
299
156
46
64
576
130
74
21
67
120
40
110
119
157
142
371
168
43
315
38
54
399
168
33
345
214
31
72
104
38
290
277
98
29
495
23
100
184
85
76
399
257
408
57
261
156
316
189
12
153
428
206
84
139
235
832
39
226
121
78
36
306
153
190
246
215
45
185
114
205
109
626
308
39
27
95
118
321
32
190
62
205
267
85
294
99
1241
111
93
328
152
201
30
46
372
113
118
1
21
447
16
99
29
13
205
94
201
111
293
106
127
69
28
127
66
123
46
6
187
36
349
259
19
30
29
20
72
311
223
84
20
177
163
388
20
368
37
489
105
772
291
421
31
21
475
35
6
45
17
161
160
99
187
21
58
90
376
48
136
22
98
280
50
296
45
85
369
46
21
450
384
266
98
12
12
28
3
270
296
207
399
86
257
155
79
98
248
183
273
222
174
64
285
162
8
75
682
764
193
71
91
82
28
142
16
111
735
274
38
112
3
168
135
327
141
41
60
472
138
4
129
281
129
11
131
8
95
349
186
173
64
337
324
294
23
258
228
424
196
33
26
92
16
86
147
99
736
370
492
234
253
134
149
46
76
126
90
94
85
63
35
11
281
552
57
68
180
68
46
122
73
100
74
43
169
76
75
3
334
90
524
128
46
50
102
2
294
24
23
72
192
315
352
216
187
608
112
113
70
116
79
150
63
34
23
259
114
94
31
351
18
279
192
342
14
212
69
4
54
292
415
164
284
342
114
394
71
68
322
95
48
48
122
61
271
169
5
157
279
329
15
214
29
170
82
51
108
166
196
14
33
100
19
93
101
22
108
83
6
26
228
79
195
195
110
208
203
1
273
37
67
16
123
45
134
187
149
238
24
89
211
143
48
116
567
188
5
451
764
114
174
50
257
141
116
588
76
39
568
52
13
176
104
19
67
14
228
24
31
50
149
110
186
170
69
130
379
5
5
92
255
379
342
229
18
185
200
58
184
568
254
246
377
165
419
201
177
476
105
602
144
70
173
447
202
4
117
132
141
44
41
16
400
53
44
58
38
166
321
83
19
34
49
31
467
228
148
48
117
90
388
129
371
91
14
222
311
217
42
43
41
59
131
49
182
229
757
628
105
198
68
448
96
120
118
44
21
87
319
82
12
374
47
149
140
104
151
227
148
8
32
113
74
156
4
45
146
128
1
31
217
956
113
32
224
36
110
27
261
30
106
15
168
55
8
129
73
539
24
384
759
557
98
557
16
175
781
256
50
80
510
150
3
13
165
300
399
41
61
109
63
31
156
434
20
96
113
72
175
242
68
81
70
39
243
10
44
181
68
116
243
89
763
34
76
295
6
113
69
146
8
126
195
13
98
183
466
204
274
285
283
132
38
189
138
734
77
581
31
64
14
288
138
44
180
52
466
79
86
55
373
71
104
114
28
54
88
49
11
88
33
48
264
335
295
14
320
173
75
74
356
40
271
101
43
287
654
100
501
256
99
82
60
31
34
26
48
53
170
266
276
179
42
187
20
175
115
101
224
134
16
244
285
133
18
228
126
141
282
61
245
167
27
2
90
211
162
161
41
81
456
71
122
423
209
8
115
78
594
47
23
338
292
261
39
90
173
172
23
58
62
16
93
340
408
75
118
46
80
56
227
126
369
194
103
18
342
249
137
17
21
15
86
710
130
63
74
87
79
257
192
785
213
564
129
59
54
48
33
397
17
114
160
137
92
81
48
330
676
355
198
221
119
256
188
315
175
37
300
74
46
232
147
34
31
58
78
162
387
39
380
97
303
208
224
75
90
449
135
34
34
101
14
135
89
36
82
320
63
69
22
271
65
86
215
185
66
104
336
50
24
226
108
95
260
320
308
26
39
178
31
129
82
89
1001
6
122
462
62
458
195
69
180
93
237
231
77
152
93
114
14
21
133
492
35
62
111
10
84
214
514
13
171
345
294
143
229
89
28
105
152
67
258
621
556
27
41
50
675
69
23
165
45
43
105
39
224
112
106
80
181
64
195
291
232
392
276
154
330
30
53
299
477
173
33
59
2
147
5
17
334
97
395
188
79
98
5
432
88
88
1
185
267
69
181
100
117
181
187
232
21
48
41
387
184
35
40
156
198
120
88
562
69
546
189
26
325
223
140
28
291
227
75
7
83
173
40
271
5
47
247
478
189
135
344
106
71
80
293
19
869
116
86
29
171
105
154
47
55
367
232
211
190
96
40
153
491
43
163
25
242
17
103
258
192
385
101
11
275
101
234
8
119
8
56
117
261
475
141
443
10
126
236
25
60
103
610
232
146
209
13
103
51
316
105
260
8
250
336
274
309
5
173
59
130
413
30
288
34
43
41
166
456
38
183
81
116
75
426
9
75
182
503
20
187
123
56
109
207
485
140
352
233
261
124
193
278
214
292
72
456
23
57
69
349
44
275
33
174
338
223
264
42
139
535
276
2
544
228
104
103
300
288
9
56
95
72
32
128
56
47
43
168
52
236
107
128
144
1
262
529
27
262
295
450
197
309
57
200
334
231
169
60
9
147
158
63
51
137
8
194
114
428
53
44
447
96
30
109
69
192
37
61
34
174
12
681
41
300
89
54
1
96
81
2
571
80
20
12
165
282
794
79
151
137
423
218
39
935
48
99
89
59
79
171
307
149
15
36
80
99
358
355
82
458
304
3
183
26
308
203
7
361
67
495
136
973
58
91
460
180
31
55
591
23
10
101
75
133
765
146
18
6
27
213
100
80
11
135
744
103
29
238
6
88
305
366
3
217
90
93
121
192
173
136
12
464
158
137
64
23
194
36
32
51
24
57
6
8
20
127
22
88
184
10
93
79
206
154
328
171
145
320
25
182
