14
18
66
56
78
96
114
102
4
115
122
137
31
41
143
159
53
193
191
243
242
256
116
260
248
274
267
20
164
306
308
280
337
56
221
385
380
396
347
230
601
66
33
168
39
218
510
431
526
401
230
388
157
353
49
106
148
506
275
558
577
10
579
270
44
606
597
84
252
520
622
386
402
636
650
40
165
61
105
131
258
61
795
166
279
152
390
224
1208
494
297
589
43
171
262
351
69
72
313
229
317
516
39
685
186
162
434
571
751
152
273
9
494
74
1053
255
1090
1088
453
1016
233
621
587
519
179
263
240
229
675
198
224
334
1013
465
428
59
727
517
42
183
428
324
1071
23
419
896
311
178
246
958
1078
335
197
614
234
55
304
20
1042
3
107
153
7
27
829
780
786
562
257
945
137
929
774
565
807
86
1358
381
477
830
30
8
336
270
30
859
521
304
872
348
202
445
506
505
318
70
141
31
15
801
276
102
752
244
234
450
551
558
558
741
418
600
297
397
323
35
696
220
8
1590
386
362
28
382
656
196
159
947
134
99
45
454
246
121
557
163
302
487
520
836
440
668
667
464
9
122
169
870
31
13
113
459
236
132
369
893
1801
432
106
331
107
519
288
70
35
559
558
278
829
775
94
794
1743
1036
639
907
101
190
79
307
667
109
188
98
8
677
152
137
1254
583
265
275
938
392
812
39
6
77
73
189
108
1422
12
616
1138
666
920
398
34
307
209
276
275
314
71
382
265
138
1290
204
699
1881
2007
189
205
646
1187
869
505
302
5
216
95
137
475
175
240
202
782
795
738
711
1107
209
164
1316
628
190
2342
1122
502
46
193
35
262
444
255
167
93
503
1484
236
62
398
335
1058
829
505
23
671
227
142
265
526
1184
106
167
696
1229
1646
1406
69
476
419
226
1094
891
337
682
90
424
328
148
667
68
2005
33
756
25
204
290
939
62
339
645
1163
38
77
1814
292
654
527
172
207
555
2535
209
869
323
76
75
30
425
561
268
40
186
62
443
120
12
82
581
7
486
1176
573
467
59
279
714
417
453
561
850
33
657
1005
728
49
135
143
89
62
129
479
2029
383
157
191
136
105
715
454
539
931
165
735
257
103
393
30
58
77
122
193
10
349
55
531
48
136
473
870
137
3
500
876
215
573
356
672
83
911
890
974
166
182
1063
288
359
112
634
212
82
104
955
202
301
417
897
362
63
194
209
304
1573
744
106
779
503
805
899
149
784
624
539
156
398
25
87
213
102
965
982
232
1124
244
225
94
144
298
1241
1188
511
113
186
414
1107
397
3090
662
502
24
239
260
605
221
452
100
1340
835
183
124
600
34
171
70
502
1085
849
135
528
1534
221
41
472
200
157
203
157
658
202
491
140
46
285
115
398
544
321
186
407
30
267
995
24
657
116
633
129
431
938
480
54
1500
331
721
1035
560
332
242
841
856
340
42
269
306
314
177
193
836
409
73
191
152
2230
3
20
433
1241
756
94
689
915
170
960
137
620
521
86
21
1257
1232
124
98
196
1098
164
269
275
13
171
289
56
812
980
258
552
268
35
835
165
215
412
142
296
90
162
437
30
621
227
716
632
198
218
307
860
511
700
356
179
163
850
151
179
28
102
109
107
2609
1289
129
35
290
518
289
527
759
2448
82
286
889
507
290
213
301
15
194
479
150
561
933
312
128
168
145
239
421
57
297
174
306
45
149
29
551
1164
529
1726
86
38
140
152
216
90
217
1033
385
255
830
45
497
1809
63
312
308
387
224
585
176
73
131
180
34
150
245
623
660
179
145
376
123
69
401
213
27
1008
286
109
739
129
1250
507
281
304
799
100
1062
659
1073
890
285
473
680
80
209
50
125
168
339
153
236
477
69
940
7
252
311
1537
367
102
191
498
884
475
999
98
654
289
778
392
1337
503
54
1481
481
687
175
10
13
46
709
215
321
404
582
2243
212
52
446
298
129
281
561
13
71
269
735
418
1274
521
27
368
31
198
845
93
1693
138
639
503
1369
1203
948
29
338
640
520
37
489
223
25
1272
196
778
685
613
816
600
391
644
372
872
978
58
412
2078
1211
105
304
12
609
27
99
437
1022
498
331
893
472
287
124
146
1550
430
340
439
24
23
81
646
306
90
39
904
71
143
218
634
148
250
340
732
160
328
263
930
210
120
332
136
38
201
955
810
752
215
1166
720
686
392
567
693
275
934
870
118
256
829
265
411
719
595
536
443
406
454
1006
52
342
279
607
137
321
755
28
481
126
99
136
704
106
1664
148
181
61
398
418
290
396
73
658
691
682
122
448
8
106
1548
70
74
1248
1163
733
90
72
210
357
201
483
48
289
611
217
237
533
143
288
130
119
1058
1587
1241
405
79
94
806
43
488
112
396
204
46
219
39
53
1060
219
608
805
86
668
21
211
959
2165
807
344
1137
349
131
534
220
480
417
415
1180
765
328
872
219
44
762
543
470
294
9
1181
638
160
286
48
80
76
42
270
310
276
401
7
630
512
194
448
449
8
454
1123
615
1378
164
854
231
125
103
584
362
232
577
1170
19
3505
593
2017
279
62
198
106
624
467
180
881
251
247
485
1030
49
225
617
367
780
178
831
878
166
149
195
312
220
208
23
373
1143
120
802
956
35
817
122
292
1857
888
40
329
394
238
264
60
233
947
69
586
1268
4
19
1926
24
98
232
716
1474
1014
272
439
1887
166
54
135
607
408
656
1510
324
497
349
382
68
325
467
864
323
317
73
2482
70
60
39
376
1267
457
136
433
127
5
1330
630
1100
59
1042
1895
41
912
2064
511
1032
171
113
850
128
680
245
272
420
125
9
370
77
283
302
141
54
1160
1104
38
119
235
707
6
2203
44
163
173
691
388
269
247
1405
1101
14
52
341
162
22
2095
2064
567
23
76
340
352
422
364
1011
96
360
57
574
105
43
27
545
349
245
860
644
121
402
20
474
138
970
473
274
170
1463
912
28
104
447
441
2263
1293
362
503
246
216
62
107
336
263
26
65
46
331
49
59
800
1193
24
231
412
306
300
490
418
155
370
252
1089
478
184
166
126
1250
170
98
256
222
626
350
2111
578
553
256
8
508
156
278
531
256
1573
61
716
129
1073
277
512
174
414
17
1144
957
68
1181
804
862
699
1000
135
98
104
21
616
236
335
25
33
1711
604
172
192
668
309
380
98
922
170
591
668
60
346
179
939
3287
1466
490
285
627
767
15
374
89
504
181
216
857
137
372
268
353
263
205
812
497
45
101
292
384
358
947
971
5
374
89
704
114
51
727
834
263
776
659
218
136
503
947
199
1841
340
124
22
293
328
17
356
1546
40
65
387
212
523
157
442
221
288
93
4
346
127
1069
703
23
687
1429
560
624
449
291
96
172
321
36
61
1147
460
37
192
63
942
309
35
69
439
540
2045
535
484
93
279
971
619
1002
230
700
280
1359
366
545
1357
1528
167
125
347
38
555
653
1128
356
141
761
184
50
100
95
673
129
507
547
125
5
668
57
280
914
179
367
448
970
477
671
301
238
489
1286
242
61
262
716
334
258
273
780
298
212
126
199
1256
1643
256
22
382
536
21
226
722
52
232
454
348
24
29
905
203
746
191
24
343
257
167
1323
494
151
638
557
181
139
568
445
460
94
350
41
25
602
2147
610
307
327
308
388
5
148
572
489
315
253
491
1807
203
766
1440
520
104
439
53
474
1272
319
424
557
1311
133
266
326
402
1211
603
614
582
233
35
1567
558
175
440
809
154
227
30
86
1332
1235
535
46
242
176
41
91
341
515
172
55
437
827
1474
703
334
154
75
591
211
194
72
54
33
206
39
870
228
841
245
727
54
285
952
175
158
73
238
180
81
519
813
67
977
54
56
914
1255
582
521
289
350
473
1145
1608
744
168
592
129
1073
332
324
1161
87
2432
78
773
1696
124
181
321
503
47
329
463
2579
270
309
179
180
876
863
2467
372
1614
741
499
345
347
1111
484
486
371
1337
189
300
122
1049
181
700
571
325
419
632
362
281
2002
253
2432
1128
144
4
314
34
316
73
22
709
140
246
1787
232
265
811
20
405
498
137
77
2623
8
57
333
341
131
1345
320
953
199
61
6
115
272
458
300
259
56
322
151
8
1022
26
105
192
541
286
379
419
787
189
439
45
112
2072
236
94
64
177
83
782
3445
476
411
437
1108
356
123
350
798
835
38
287
851
705
25
275
605
466
332
378
1620
581
169
429
172
50
348
421
224
434
408
31
159
120
295
2456
154
685
320
792
651
438
449
9
944
627
909
62
866
454
526
318
1028
13
255
41
165
112
540
539
413
60
208
620
499
615
100
666
327
447
499
57
354
202
364
1290
335
14
1278
1170
3
1174
662
101
17
264
231
44
460
19
321
270
91
381
261
420
11
1456
191
117
5
509
791
84
226
101
1491
132
392
236
377
535
1039
33
50
625
843
45
69
888
675
42
97
99
549
328
107
280
1000
473
631
38
63
331
1435
348
56
65
856
695
1159
209
782
234
1019
898
536
121
44
43
462
791
326
236
1183
281
502
371
214
1000
333
1645
10
163
388
932
179
844
391
350
1320
304
825
256
562
1001
790
24
1118
814
336
37
229
188
123
59
588
83
129
124
268
688
53
31
425
882
488
250
493
653
486
401
526
803
85
15
203
155
1587
38
433
244
1028
701
274
655
633
616
289
154
83
129
323
2396
1267
650
280
697
295
343
1815
214
2112
85
14
750
412
213
574
491
163
82
117
322
227
229
201
534
230
34
707
701
742
347
526
925
234
194
539
934
183
568
224
335
737
453
237
781
42
256
1484
623
375
396
1289
931
379
758
286
493
1121
614
62
31
835
213
752
258
418
553
2137
598
200
830
865
543
70
38
844
868
412
102
42
5
364
89
307
137
942
1550
129
311
66
442
564
985
918
73
177
252
75
639
262
247
104
740
309
178
265
973
1426
70
336
607
872
75
1049
180
341
272
120
453
134
554
93
270
450
13
150
75
795
962
107
436
484
250
62
29
536
1349
111
668
913
382
190
86
1563
388
225
124
1102
722
46
1483
230
29
276
74
316
717
1389
417
442
251
1791
645
199
234
216
1264
351
16
459
605
7
322
297
115
194
560
76
408
1221
956
2041
571
362
113
352
141
271
388
142
296
351
520
243
249
179
729
107
187
149
460
235
399
344
119
138
250
544
1246
114
262
163
415
248
133
23
523
402
32
456
292
107
413
10
1190
38
258
1003
805
427
112
409
447
127
1210
123
769
44
13
1067
1269
489
731
895
105
512
191
86
391
1744
370
845
851
793
272
259
50
336
87
222
843
1110
534
313
114
914
235
301
225
66
96
75
434
419
174
1232
497
329
600
217
986
225
575
1525
368
48
875
1198
184
1753
72
356
294
1084
526
365
113
419
264
672
526
91
570
232
145
1027
705
242
180
301
1608
94
166
228
128
25
984
451
91
1389
403
97
52
261
2146
97
653
422
194
139
538
328
868
140
305
776
133
1558
10
67
12
503
317
516
55
270
81
1571
188
708
17
573
252
439
149
162
911
88
711
377
733
761
286
97
183
65
21
332
272
184
630
1051
255
203
23
580
242
547
1165
286
1491
300
5
1076
426
446
860
405
842
49
602
9
104
352
515
760
229
458
122
222
199
676
98
45
762
454
571
59
151
1139
277
48
498
1140
582
33
1033
227
741
401
213
23
46
210
651
244
647
1445
292
22
153
426
543
62
92
53
334
838
404
37
912
46
281
408
767
489
2003
540
287
931
248
88
1066
231
543
5
626
1334
1240
816
566
474
108
389
1126
114
197
250
1035
359
38
73
19
105
295
732
591
1674
601
132
261
156
525
1887
1663
177
171
1407
73
847
792
703
356
103
1140
489
6
3
171
535
95
55
524
501
423
232
194
230
1563
76
131
3
142
665
403
19
177
408
1182
1305
354
975
413
312
1734
181
14
829
550
18
21
1127
13
228
565
811
79
37
168
741
1013
1071
115
264
1360
594
903
38
142
438
1598
173
38
363
117
61
40
275
403
225
152
376
300
186
419
252
272
254
205
174
41
1064
9
375
330
309
264
682
2547
5
213
220
766
247
557
511
419
154
30
411
47
113
45
531
368
378
323
143
47
698
877
172
460
223
1061
457
181
529
215
70
424
581
151
555
542
80
1011
27
175
808
725
566
137
137
538
263
1172
1119
295
201
78
286
1073
624
110
21
524
156
167
2379
153
312
37
565
2806
210
7
411
380
122
961
1016
548
238
108
115
60
496
543
318
181
489
139
210
640
806
122
76
408
146
248
123
763
96
1102
850
193
86
110
179
323
648
393
626
117
580
18
39
622
462
57
28
80
99
657
26
50
16
109
299
955
1917
159
507
177
598
62
133
236
666
667
145
3
680
59
699
206
442
327
666
344
1132
779
98
63
735
130
312
1538
24
62
64
199
105
2117
132
748
221
427
841
56
170
132
1368
832
358
645
192
414
864
996
71
1105
1519
471
360
301
532
291
75
1687
205
296
127
200
388
963
427
426
163
76
4083
200
180
323
371
269
458
123
347
371
12
453
75
622
48
125
445
41
413
247
654
672
264
984
226
26
208
771
611
83
908
606
264
332
642
162
475
258
81
70
87
1509
139
883
471
623
156
180
657
866
2447
328
436
47
45
239
13
190
565
427
220
307
423
840
690
22
311
715
426
598
337
133
90
439
295
53
418
295
718
285
1145
257
57
560
779
900
163
110
527
1146
149
459
52
235
26
861
3770
189
365
503
25
937
260
583
634
957
271
68
957
557
779
835
356
522
103
97
257
530
206
111
1199
1855
8
73
132
218
618
1062
917
976
96
19
29
777
209
2176
675
49
61
97
137
160
170
85
216
62
959
575
284
738
24
727
62
49
367
25
433
547
17
76
1908
865
96
831
405
184
196
671
31
1201
1349
9
143
237
603
241
232
804
139
79
87
391
588
325
839
1181
39
500
3
508
168
817
48
182
289
1984
58
893
1828
1486
291
80
707
703
350
144
836
45
356
49
137
372
233
137
351
168
13
195
121
662
452
90
205
143
588
190
134
360
318
263
256
3945
279
61
177
604
268
53
750
65
477
69
1333
15
613
177
367
28
302
679
62
543
1362
340
1344
760
52
494
1530
1727
307
577
46
164
576
518
38
809
146
1013
155
357
458
150
354
91
459
312
2073
34
80
45
452
98
980
136
29
964
162
91
549
603
520
149
64
479
432
532
1537
53
243
148
242
45
1150
332
336
137
189
1342
334
598
1695
1162
101
347
1036
260
418
723
9
753
2445
454
107
25
4
310
278
159
655
107
61
93
12
109
706
685
142
737
460
27
788
89
696
397
383
381
485
570
168
299
166
317
220
1118
1319
167
76
1114
195
864
434
72
606
327
448
164
220
161
283
49
632
400
425
475
755
724
6
29
1099
325
120
163
656
195
314
50
1145
127
243
469
541
642
1297
21
19
1155
163
437
56
21
563
344
580
50
140
319
438
517
396
519
25
63
303
461
2538
1439
1471
351
197
502
1698
540
432
984
68
112
134
848
1231
784
74
631
2826
391
25
168
72
681
51
37
28
606
262
2729
271
651
953
84
257
61
394
222
205
1266
96
349
146
42
161
472
922
1481
58
661
526
194
59
320
831
643
181
315
402
211
779
423
322
36
284
258
498
14
628
712
555
181
330
381
263
143
350
643
708
195
244
538
352
281
323
36
418
160
1242
193
142
848
169
1091
571
37
243
613
1036
20
454
1198
305
680
823
110
870
194
184
365
323
2150
431
299
289
174
172
1476
207
1901
880
32
62
1655
1325
117
1180
638
91
69
291
578
153
380
561
393
647
168
35
54
411
625
28
247
103
12
404
29
423
656
251
471
1381
43
475
102
385
44
92
74
310
1169
120
50
566
322
428
9
354
644
662
499
66
822
76
341
852
1317
567
582
991
49
1509
53
47
234
1476
1012
605
826
74
117
607
164
1582
142
302
34
106
925
262
196
722
38
779
754
905
86
27
423
201
10
364
209
1156
56
221
286
92
311
586
1478
1158
193
520
1098
11
564
27
299
377
548
118
16
1613
595
573
672
150
1279
151
1260
25
14
415
286
137
34
731
251
64
510
944
703
215
1363
219
169
124
964
79
16
567
1331
301
289
348
14
304
241
102
80
192
623
830
81
1773
274
151
45
574
42
151
163
43
174
29
401
336
359
128
308
209
851
225
347
98
19
259
126
204
660
498
1489
263
680
780
1180
1552
1017
1436
445
524
296
292
779
81
591
355
344
624
297
264
236
565
348
87
1204
14
10
19
1176
354
488
568
429
1549
2047
147
684
425
1759
1154
448
371
1844
59
205
179
217
439
719
162
40
171
376
765
823
174
278
1161
855
680
120
1146
2364
18
1609
33
433
1352
120
1581
401
1625
556
293
71
304
133
334
496
110
2123
108
800
229
714
280
29
500
110
448
252
657
1149
86
64
275
877
255
339
76
597
282
808
36
248
153
548
18
60
124
60
260
778
1555
1230
20
772
296
208
339
363
460
51
102
353
64
131
2549
690
800
695
374
488
65
491
726
190
332
179
89
216
23
446
724
1092
7
396
58
367
409
694
369
51
721
99
87
177
585
48
494
1965
77
101
26
399
1919
91
213
1041
310
206
109
378
778
1549
476
777
15
53
776
19
518
236
1576
958
49
266
31
12
307
49
821
708
692
20
85
18
1771
50
1196
18
1039
127
393
256
1904
1805
586
39
152
654
198
24
1768
1479
626
438
705
129
137
738
714
328
628
868
874
338
137
369
1894
67
1040
397
1702
4
127
248
187
921
638
623
117
1344
178
395
219
373
1136
128
630
283
55
7
316
130
1162
261
652
157
37
325
841
170
317
1278
165
186
219
588
147
1410
40
701
1108
84
50
97
424
57
506
1652
245
131
866
186
257
1739
641
116
789
21
126
1122
974
15
393
88
244
488
366
270
72
1251
131
428
875
219
317
1793
128
317
732
71
200
278
312
148
278
302
209
27
599
23
703
1608
609
369
943
309
751
138
70
915
193
343
412
256
235
228
34
916
793
196
620
352
198
170
253
121
103
103
487
9
590
17
266
1700
627
421
643
1136
34
164
384
823
210
655
247
300
202
207
374
79
894
223
25
1486
124
33
539
460
523
255
399
194
377
280
15
576
254
1374
193
131
15
189
24
198
340
787
366
240
246
1004
421
28
78
507
1696
1044
74
714
926
154
509
367
607
147
363
142
130
158
353
188
503
730
217
125
64
60
73
181
138
229
674
171
624
447
944
96
631
83
258
423
15
163
365
291
250
1110
290
42
149
771
257
280
124
203
499
365
349
72
1152
383
135
93
42
227
221
301
110
52
10
358
332
19
991
1430
189
3
212
175
71
830
300
792
365
760
76
545
75
182
1994
214
805
602
168
142
796
65
564
419
725
216
390
976
30
457
249
333
474
99
634
399
56
62
260
261
875
221
208
302
861
393
363
158
101
1399
392
146
1654
136
306
348
705
39
30
1019
188
378
250
97
49
165
89
25
860
374
57
1306
192
40
1656
24
1430
60
241
180
861
545
1051
762
1001
20
718
243
207
163
1110
365
43
135
130
705
507
530
164
47
349
832
266
312
110
256
280
439
104
545
153
223
883
806
1178
87
159
59
409
131
267
521
506
109
134
705
117
16
685
2427
84
242
332
2015
279
52
371
492
453
266
79
876
677
416
24
684
1599
1263
222
484
249
130
87
385
351
174
42
192
282
733
41
195
2686
300
92
35
2185
326
2124
162
799
57
766
92
312
732
93
216
585
439
136
377
624
281
191
792
572
94
222
194
66
406
318
309
356
269
229
219
588
30
235
425
519
1054
25
378
67
32
696
94
614
302
75
313
1369
370
46
977
340
106
794
482
630
72
144
1004
545
417
1434
260
330
102
718
146
898
404
415
664
328
247
267
249
197
226
44
408
736
84
110
38
1131
664
1032
732
696
15
497
709
745
127
125
794
1007
264
105
549
871
11
131
195
109
417
166
233
627
805
1192
588
174
278
802
486
1157
374
1270
1725
16
535
370
276
452
153
900
536
104
635
105
3
780
164
261
824
231
389
36
220
44
66
229
714
432
197
704
1545
698
202
89
212
311
37
1326
15
183
2059
1110
139
9
725
154
212
116
148
864
471
520
380
561
651
1491
339
607
916
415
587
264
1017
187
1096
621
44
11
1286
394
70
1900
99
351
285
143
318
54
547
514
820
446
358
432
541
853
1520
764
291
217
1061
91
161
218
855
326
469
236
254
197
1430
628
542
364
129
282
137
412
232
61
889
1211
687
575
22
1765
551
264
683
307
731
506
525
532
266
733
170
1757
310
73
415
468
234
258
300
331
164
245
418
183
1216
173
154
294
406
517
862
980
788
312
216
1389
1108
228
995
431
199
661
253
127
77
61
88
561
854
169
880
170
278
659
374
299
542
365
994
759
1796
110
79
138
1228
380
518
467
378
189
647
1089
62
136
407
32
886
101
80
627
110
488
35
89
276
333
350
236
47
129
98
75
41
263
150
337
61
343
27
230
358
648
338
270
230
594
46
1087
25
216
9
1555
348
1894
355
107
15
1081
377
142
1700
298
1512
1348
62
62
370
52
30
493
266
1463
1277
122
604
503
293
403
51
568
207
57
514
241
85
117
1638
176
947
497
185
908
741
88
995
106
289
527
91
811
291
1205
994
1801
803
621
55
118
219
148
1253
250
908
408
1088
66
141
1164
155
460
27
207
544
252
1139
3012
306
182
313
167
1058
50
224
197
934
174
988
48
573
1093
560
198
1154
76
22
284
328
28
90
465
135
439
1356
301
967
5
1127
1126
466
1744
1128
272
56
289
475
437
178
673
144
134
73
112
596
1569
1414
88
1181
327
322
92
685
206
1347
702
720
767
307
242
416
256
466
821
61
502
944
16
71
70
120
349
685
242
21
36
706
307
541
394
114
1216
1413
277
309
96
174
660
119
34
75
301
265
808
111
255
226
472
38
104
135
488
93
436
12
27
1196
42
1306
140
516
260
346
796
776
551
109
349
681
327
582
4
50
139
225
414
564
985
145
91
685
61
119
17
100
132
72
392
318
1474
428
398
671
1305
56
1244
109
17
280
1047
334
120
381
264
490
191
943
115
230
73
665
285
708
825
63
1171
440
221
566
1182
34
36
724
756
671
86
172
431
445
1542
585
89
390
618
124
190
489
49
107
345
38
115
121
396
154
250
1236
45
420
418
629
385
90
597
390
795
758
389
966
223
166
1050
2057
302
219
80
2
67
72
56
440
505
482
393
1170
451
540
756
28
823
870
426
528
596
481
354
345
56
466
374
716
981
885
165
239
374
1694
85
604
222
250
136
646
988
718
678
95
889
62
557
38
225
176
35
302
435
620
131
1102
48
581
186
287
143
379
433
226
316
258
200
29
909
166
15
256
766
1607
956
723
1021
1170
486
350
496
576
106
397
28
784
656
23
853
60
1609
176
718
41
315
155
69
164
1497
146
974
551
187
686
137
542
194
1438
172
550
1820
354
425
250
5
1745
64
576
1858
17
1037
484
360
182
234
22
1178
1142
1105
849
23
112
365
72
1068
1199
6
409
525
1033
1361
2846
172
701
497
24
70
96
269
301
393
1036
731
581
260
323
740
20
483
208
161
32
180
355
123
582
430
640
180
368
217
218
455
1288
142
215
656
220
190
255
117
625
298
427
344
74
648
119
515
251
314
522
409
463
37
376
317
87
306
404
15
84
10
210
235
1472
797
10
635
542
157
947
1816
913
241
540
388
296
661
322
225
1007
94
414
1103
130
482
1034
611
269
483
849
3066
124
141
629
30
441
10
157
14
682
132
166
204
118
594
144
164
59
72
176
143
139
34
648
128
1639
773
533
1224
495
356
508
1388
572
79
1605
316
68
746
94
66
599
1022
293
187
114
708
834
368
844
196
196
826
1234
70
454
434
411
637
27
509
330
500
629
53
856
773
948
182
359
21
763
384
544
1066
1072
80
472
135
393
1378
110
74
169
1173
918
52
155
705
809
89
381
167
407
79
1058
50
310
779
40
117
341
1550
633
1139
199
62
190
103
254
1220
91
241
38
201
163
137
1395
73
557
369
1555
668
1492
325
773
1760
187
811
478
208
640
203
81
1294
150
486
251
230
246
307
16
322
586
756
16
1266
375
42
405
518
28
1332
1078
201
835
155
88
213
645
312
595
83
429
21
77
313
214
1368
548
9
471
15
1937
52
211
601
297
201
12
96
243
410
612
250
204
74
685
817
548
1047
222
773
250
393
184
7
850
46
734
254
978
78
1252
434
833
322
1300
283
3
45
283
483
927
9
35
206
351
629
49
1349
353
441
279
32
116
1039
33
323
568
113
497
71
534
271
3
295
292
827
175
946
97
496
529
400
393
111
809
328
1157
1422
175
480
1543
532
1343
16
532
499
767
117
432
939
166
552
863
1190
828
31
470
50
390
59
335
309
204
235
979
577
829
279
1365
412
523
161
41
501
282
15
409
162
361
220
375
529
248
96
773
172
385
425
464
88
295
77
61
83
355
246
295
313
654
74
437
843
652
252
69
254
750
705
1025
337
529
472
550
253
713
136
239
228
107
399
650
545
448
158
803
1266
25
312
450
132
667
113
527
991
366
112
852
578
339
112
382
744
634
122
1282
1469
619
1784
67
444
454
174
61
903
556
823
141
59
953
1163
334
789
141
523
2101
1495
212
58
612
734
69
84
41
55
163
301
103
376
1054
501
104
141
213
914
55
515
157
674
120
178
318
110
726
1513
656
20
64
429
493
360
633
189
84
479
308
1056
710
738
424
800
29
210
296
160
1346
387
693
120
297
1249
152
166
38
218
228
318
186
1095
264
338
193
1334
851
383
81
110
383
570
535
103
46
2154
206
1438
418
139
679
149
788
362
16
79
214
364
210
1117
38
174
281
919
1541
191
275
157
1556
366
798
839
90
476
306
406
95
309
698
47
937
472
31
450
21
235
850
104
55
230
531
216
225
126
498
797
791
141
424
603
490
413
129
1491
208
7
11
22
1072
71
111
555
353
223
392
1010
237
147
1038
30
276
198
908
424
291
641
788
33
534
158
54
267
1057
823
109
663
547
298
543
18
333
140
76
652
149
243
375
284
129
139
441
18
213
74
649
167
164
163
53
229
36
863
520
536
792
106
77
1857
483
125
48
966
676
861
681
687
803
1625
232
690
10
216
154
427
540
6
429
352
958
1008
199
180
102
1250
537
16
2687
694
216
321
332
124
356
177
897
1515
647
230
137
28
636
20
11
557
698
342
1473
345
1053
1228
327
176
587
784
249
32
74
572
95
2052
137
107
865
152
180
23
561
20
33
520
1494
426
444
184
911
1589
1325
264
112
55
860
127
132
162
499
102
313
377
32
52
689
306
542
110
224
68
209
1669
502
51
32
156
224
548
378
572
137
94
110
184
407
92
151
63
204
462
421
501
1165
940
1104
55
31
1434
54
1252
233
1629
81
186
224
438
222
456
161
388
418
1482
623
157
326
301
615
108
638
116
321
436
1657
101
92
136
36
489
202
88
156
348
5
151
147
123
228
808
253
977
192
220
430
757
200
228
242
959
1314
1100
289
149
170
50
77
375
535
306
319
202
775
524
314
127
69
231
1439
140
360
256
234
310
1100
178
347
681
1137
100
340
113
1697
808
130
1377
382
56
420
41
122
27
133
49
43
166
906
682
87
574
660
55
335
20
20
404
331
1160
87
113
141
139
1496
215
43
378
337
277
206
533
456
511
17
124
572
201
13
190
2104
211
319
222
37
496
132
876
146
1679
115
967
329
316
863
1253
205
411
96
752
1013
207
19
452
792
1900
1386
506
618
496
511
27
616
760
324
208
577
375
697
825
989
585
158
366
435
184
550
58
356
361
518
745
228
146
1183
529
508
783
740
711
19
164
256
218
901
269
866
412
1751
410
114
1317
313
6
601
249
183
686
106
1045
243
289
783
56
168
587
376
43
94
23
658
403
23
583
199
406
131
1239
73
515
254
659
94
119
207
369
576
797
65
357
112
587
672
266
527
21
12
194
484
152
22
242
392
624
1739
23
255
508
725
433
110
425
163
175
55
175
200
15
133
186
519
453
149
305
4
645
1295
1125
699
774
114
13
751
166
789
72
540
518
52
588
117
95
289
1272
793
215
299
873
176
960
354
340
2141
261
1858
599
441
255
570
101
669
919
257
285
665
223
321
71
61
131
277
371
740
371
707
442
383
203
100
115
380
835
106
98
447
988
32
867
149
551
341
167
340
18
116
983
104
855
510
343
66
803
744
981
1113
62
37
158
151
791
399
33
38
971
692
100
9
298
37
186
509
237
322
42
1420
312
473
356
273
102
591
333
60
209
613
159
527
111
201
407
468
145
573
107
90
874
117
604
88
362
2056
176
51
1163
30
159
1148
318
108
286
183
1463
277
118
217
872
564
142
546
793
1256
1483
306
604
103
149
102
147
276
669
870
447
405
229
143
618
171
640
1650
581
28
640
962
739
264
216
5
25
442
83
232
571
852
103
321
1002
452
412
199
660
207
124
108
285
20
56
416
57
44
487
341
373
64
419
295
181
782
875
1478
162
398
1257
88
322
332
70
410
77
266
3500
109
712
730
77
1247
761
364
1065
109
44
475
950
158
383
700
1079
184
517
235
2076
110
1088
375
99
254
1488
271
204
510
1485
2311
11
123
306
900
182
786
255
432
90
173
384
139
526
5
81
1171
214
256
77
65
528
1574
91
286
1914
337
839
478
120
16
700
521
472
1270
249
311
1455
234
256
488
345
517
267
870
367
153
558
2352
1287
728
57
153
375
611
1078
111
1597
1915
600
385
734
1374
1220
991
1104
883
1359
416
214
190
127
6
378
80
638
37
634
266
246
19
846
482
500
302
649
368
361
114
375
130
273
465
704
338
351
247
2064
1463
613
573
395
111
65
29
220
999
244
574
1024
528
121
19
820
1103
265
338
366
464
56
276
1057
605
112
30
1553
98
466
144
196
158
132
875
227
81
155
118
178
31
407
66
235
183
176
222
117
324
326
640
243
680
1178
289
80
2270
951
419
416
106
231
821
123
484
954
182
241
316
1053
39
716
109
728
780
169
100
340
315
217
395
57
608
1000
25
545
22
153
32
555
576
228
153
98
209
81
55
950
708
501
39
77
483
264
829
841
260
593
801
564
443
715
987
115
151
652
240
1479
15
170
337
74
303
655
723
473
1099
248
1509
707
34
14
99
502
272
626
674
363
42
20
611
8
154
429
115
618
906
61
10
127
315
381
117
1435
418
387
597
631
161
675
1241
208
748
18
98
42
221
394
382
1164
2802
145
1020
87
352
1106
115
829
989
1149
262
175
342
2074
425
1484
606
839
99
244
1009
955
872
671
1039
149
337
505
626
20
356
164
997
405
100
708
192
636
51
41
293
1323
920
33
277
1213
118
317
317
189
16
403
18
1146
48
325
161
22
16
140
1237
317
172
82
20
638
627
172
71
1547
323
112
808
1119
193
435
239
1606
42
474
476
18
768
321
334
145
134
15
221
994
619
724
1198
167
258
646
920
505
654
329
90
669
347
12
160
410
708
24
325
541
1190
1014
107
84
21
481
3
327
674
814
380
678
32
187
84
490
919
483
447
1298
665
430
275
895
477
7
261
1683
116
5
71
674
20
385
156
569
255
666
94
574
160
108
503
198
91
1803
74
197
1333
1746
343
134
104
157
70
43
810
822
515
639
51
239
42
334
27
270
85
589
574
1109
33
439
551
18
468
28
23
652
151
315
187
233
525
132
696
682
437
256
139
142
421
346
131
1523
89
511
710
938
177
470
312
580
1235
169
270
415
101
122
2026
12
36
55
18
964
35
295
32
904
1006
246
55
321
308
556
19
76
235
718
133
189
272
609
99
179
142
185
155
1361
35
513
271
238
283
192
28
1528
387
492
1804
243
557
937
412
708
111
954
129
54
230
148
167
76
206
196
304
364
777
146
611
89
73
452
725
198
140
529
716
753
1144
103
329
272
1127
284
717
951
66
262
962
526
350
150
338
506
862
17
1267
142
113
18
24
670
380
654
851
1288
73
34
631
860
195
2339
363
139
273
506
168
699
110
159
47
151
77
66
47
1992
25
76
22
1404
185
79
104
805
169
903
749
29
25
605
1071
340
569
381
1380
92
480
160
1143
942
182
581
16
644
15
834
1569
476
104
765
194
1751
1037
9
377
189
1436
8
310
158
73
39
69
330
96
190
236
335
103
60
360
914
163
760
94
193
20
629
1242
719
393
370
1356
435
204
712
297
1116
37
69
91
134
833
82
489
83
75
215
556
368
188
326
441
85
264
344
132
966
256
60
298
63
173
530
249
342
46
466
21
839
773
45
691
192
30
437
625
200
176
557
961
1684
436
98
417
68
267
737
98
31
12
330
234
536
319
25
35
618
172
251
846
849
1132
366
634
493
181
283
87
270
148
281
70
1317
813
374
244
16
1539
122
314
378
682
528
278
15
532
1498
339
124
209
1054
123
801
504
1187
1161
271
518
336
224
59
172
769
16
263
749
742
845
400
96
129
355
1944
695
303
1068
135
793
857
713
1507
350
273
1392
198
168
543
268
1286
355
513
254
205
307
387
249
564
296
819
82
70
212
1215
108
409
559
52
66
283
24
144
631
50
769
292
1120
141
470
514
187
364
1202
1284
489
308
598
483
504
103
76
429
118
144
552
52
163
460
70
145
142
78
62
69
166
139
139
327
24
164
370
43
55
588
745
235
760
23
14
148
92
152
1299
797
34
1043
389
1320
125
236
393
610
141
43
31
24
96
422
101
859
353
746
252
379
192
623
1176
47
141
1164
359
563
9
444
16
365
43
1489
1016
171
3
263
36
288
770
1197
1104
249
516
93
30
206
498
187
8
594
12
355
472
208
423
79
210
828
670
248
1092
97
990
265
1521
14
376
1119
1221
210
460
104
733
901
685
1328
318
55
355
299
310
1128
327
9
192
492
680
399
421
767
368
240
1143
418
303
384
514
620
708
487
482
85
1135
400
148
430
170
710
977
224
14
244
360
114
1111
449
257
27
728
143
12
9
54
164
263
352
125
176
481
751
762
30
555
31
144
31
426
316
696
1043
617
809
253
486
444
791
51
739
209
67
875
32
886
590
562
200
165
29
421
79
62
58
124
295
249
23
506
248
399
185
893
275
90
664
449
856
33
8
26
748
72
3983
1212
620
28
382
430
1162
111
95
753
236
473
395
21
549
265
246
161
332
249
80
299
1192
1133
19
9
233
18
188
332
224
478
1308
1254
207
1151
86
72
60
871
71
343
238
173
1512
256
441
402
964
177
588
136
287
392
26
227
1167
413
127
342
1254
68
151
1230
883
301
386
182
561
230
463
151
1582
286
293
387
193
110
510
165
631
140
55
578
1494
640
243
50
187
12
257
468
254
102
811
32
148
463
658
144
450
273
310
423
896
284
505
194
1522
476
407
75
327
311
810
499
121
1411
497
97
289
184
750
148
340
308
737
16
1401
90
4
376
637
215
249
1230
628
135
381
1611
176
370
513
98
86
395
140
1694
1211
1010
721
145
32
549
1347
40
220
192
303
684
1645
50
48
1918
459
98
737
386
587
303
146
66
96
69
917
1987
171
242
275
2650
207
12
347
704
441
548
23
84
838
122
172
1575
65
40
303
234
1045
364
1197
620
161
120
185
512
559
442
582
282
6
235
768
407
82
737
141
532
226
663
180
96
362
815
332
429
421
408
688
1645
158
1227
890
459
947
443
337
201
294
49
711
862
985
321
11
11
297
870
366
740
264
73
372
56
590
502
1398
207
100
465
165
322
316
221
685
102
1238
175
72
631
769
1324
50
864
580
267
709
79
216
637
79
215
2141
115
667
521
44
326
148
310
946
152
98
587
128
863
850
374
729
51
638
158
231
156
349
69
162
449
4
100
307
22
29
137
230
205
51
570
271
181
64
731
329
29
275
916
1244
418
153
176
86
775
46
1255
478
203
271
566
299
421
152
80
102
354
50
165
209
466
622
165
11
143
140
263
1506
543
122
639
484
992
76
931
46
269
125
109
828
318
304
474
129
407
6
379
97
525
145
1103
723
25
344
685
61
415
371
8
58
675
200
444
798
1008
416
447
13
794
88
241
585
1109
164
760
726
423
555
500
148
420
128
55
596
163
64
2196
439
85
263
16
432
729
91
1667
157
13
795
9
98
149
409
338
188
808
137
167
50
837
915
300
119
73
163
140
416
168
604
636
568
310
53
86
686
501
487
477
349
241
642
329
1196
553
61
642
889
615
421
109
95
1115
170
299
450
240
253
502
662
272
1397
83
563
171
420
741
756
465
935
135
510
255
93
471
83
1144
56
882
1332
303
1124
53
608
45
46
105
1004
37
321
19
1098
361
298
226
18
413
290
1104
415
257
74
78
312
159
134
360
159
194
149
1057
1365
429
364
9
165
196
97
957
478
182
563
53
74
105
1408
397
539
101
366
496
450
2973
359
403
82
781
49
146
425
207
423
36
69
196
477
525
17
58
311
19
549
64
155
171
326
224
1084
179
942
83
320
210
373
1140
868
136
47
308
1064
193
43
381
23
722
89
140
254
1664
1513
283
62
463
303
171
963
214
319
660
470
1271
152
185
43
563
627
68
364
3214
512
231
98
161
84
311
356
451
119
90
1217
242
96
151
1022
79
52
331
1328
16
572
191
93
256
45
34
2074
111
460
652
479
260
1128
351
293
1252
27
633
33
822
551
672
457
104
17
1184
218
31
462
455
175
9
789
119
453
457
1255
487
261
199
731
1618
1140
181
146
401
87
436
264
263
447
50
52
105
201
848
1461
52
28
45
360
143
901
103
154
447
277
1001
124
538
126
71
356
214
488
178
105
200
732
133
50
200
572
605
25
897
135
28
347
649
153
949
122
1074
109
1195
368
871
23
569
1387
490
614
272
136
217
147
759
22
347
182
44
241
161
33
134
423
285
685
67
89
111
181
256
157
234
694
289
1015
277
47
32
748
549
419
176
334
815
574
1413
57
328
590
462
702
207
542
587
48
645
522
872
61
79
351
459
483
688
231
15
332
143
1347
233
869
149
364
160
73
1126
1358
2157
937
1424
3
149
867
438
390
160
519
347
212
425
2391
512
350
738
1229
472
134
105
50
204
2013
1225
771
261
539
61
192
130
37
14
135
309
447
192
114
324
1666
185
419
540
158
152
368
638
127
929
123
361
379
208
101
643
174
303
407
1197
3
506
216
65
600
230
315
1999
329
585
833
921
244
255
144
740
2111
502
203
605
162
215
1692
252
217
58
549
174
63
136
305
713
399
63
2301
166
783
436
834
1320
191
1135
157
143
98
414
220
39
255
40
45
22
142
297
132
88
1622
151
163
384
556
1266
491
187
188
76
76
575
240
311
344
261
172
142
191
39
177
325
1801
422
523
319
126
128
253
1549
323
205
242
212
248
996
183
72
718
477
345
67
455
23
323
701
255
593
109
1649
1851
267
148
269
22
242
657
8
422
96
459
269
27
302
782
162
823
474
187
442
205
416
28
725
195
119
437
23
713
293
40
1658
275
271
413
767
141
563
541
262
554
188
4
159
133
401
1911
2015
964
145
33
63
36
1135
124
655
403
73
926
196
340
260
203
164
56
505
894
193
660
112
442
397
16
154
1344
408
675
505
136
165
170
874
202
251
143
57
248
116
250
89
726
277
730
18
2135
1257
24
310
5
374
180
481
401
494
1014
796
266
203
234
17
33
956
129
77
596
2194
136
710
1037
62
259
968
1277
152
15
4
154
232
1728
220
1025
305
402
709
172
317
57
471
819
57
503
219
349
511
362
586
794
670
1169
1597
68
545
1541
727
290
408
535
153
338
239
596
182
750
69
289
254
1092
248
576
224
117
431
478
206
351
77
90
188
27
23
204
339
32
335
11
786
1648
776
356
92
160
177
401
771
80
169
869
96
13
764
805
1704
703
224
222
401
806
416
59
64
488
1163
915
492
467
96
105
567
261
511
651
754
1403
828
73
226
58
296
738
441
1065
433
53
96
740
343
94
362
97
43
460
1925
175
603
538
1140
245
1026
655
747
189
571
1067
268
319
1362
93
5
97
423
725
328
17
81
1231
30
374
1173
146
518
317
844
273
711
409
302
2104
477
16
39
914
350
545
348
411
434
1089
302
127
404
373
876
19
163
140
435
7
698
547
278
268
681
281
53
229
176
594
745
586
41
19
941
289
194
345
463
882
363
180
236
1091
271
64
1285
465
188
581
432
1010
564
353
2019
571
42
50
521
68
1190
2545
713
302
105
341
1456
837
46
42
145
863
566
176
674
335
38
38
67
146
355
196
48
234
621
379
1002
127
1125
194
126
366
11
896
311
85
33
657
79
361
440
22
1780
241
364
66
604
644
178
96
435
241
468
110
935
366
912
127
29
456
936
213
278
77
71
37
188
425
181
558
24
19
654
839
1079
87
114
285
194
371
202
546
166
83
209
62
119
871
461
1871
252
1183
991
938
414
1067
230
387
125
52
380
109
210
231
187
74
439
292
1158
860
149
302
275
106
76
281
333
15
213
210
90
757
718
837
156
199
113
780
484
491
1718
534
681
233
118
35
510
335
20
228
339
724
1887
22
965
276
151
693
177
312
379
205
445
198
67
909
601
128
210
722
756
540
206
169
28
467
46
799
462
248
398
1486
497
178
665
497
164
60
432
579
427
1101
579
624
606
626
1354
257
1808
247
1341
1685
810
79
1579
282
204
771
3551
40
324
7
246
76
666
363
109
1089
141
216
930
96
431
454
368
958
836
117
357
866
54
961
196
287
353
421
886
585
230
844
214
1597
409
161
247
776
163
86
53
127
426
526
50
760
1230
333
38
255
552
961
846
548
71
375
122
441
125
574
65
249
354
392
790
397
20
69
64
172
143
172
1117
155
1110
580
464
199
99
1128
90
345
1043
246
94
1979
681
762
312
595
302
505
994
780
951
684
917
843
1583
948
1971
164
427
325
127
314
68
33
508
76
603
43
726
855
746
10
510
167
159
727
845
1204
743
71
265
924
52
573
1052
367
166
155
98
975
1433
462
3
312
562
87
1057
591
2354
228
340
167
36
734
128
1068
156
258
261
37
86
1842
430
621
306
1094
12
47
288
446
237
430
124
2029
370
85
529
429
144
228
89
44
44
102
1453
463
609
774
346
66
40
244
23
527
10
30
329
240
564
991
110
215
817
38
767
64
336
6
844
692
265
562
616
91
17
300
67
70
103
264
173
253
114
856
203
487
197
153
589
72
160
514
105
466
756
61
2070
583
164
197
97
483
177
369
6
121
538
2314
461
1186
55
851
2126
359
1283
308
46
185
1316
977
54
1069
1679
591
326
464
335
1039
840
53
274
619
575
223
312
662
577
936
1777
894
78
734
202
180
180
261
34
63
298
735
83
302
189
501
254
308
195
844
191
1180
870
191
1036
445
279
72
38
95
257
282
411
333
515
9
9
336
1004
166
90
767
182
37
729
279
88
895
324
428
299
261
50
576
1334
1839
901
365
333
896
502
882
83
122
47
103
792
14
109
467
92
804
576
646
800
598
309
120
71
521
290
470
69
131
1264
48
599
1463
70
504
705
851
292
908
106
149
327
194
856
847
350
186
1209
254
384
36
992
495
67
123
221
178
10
349
288
971
364
145
226
637
8
374
586
60
600
185
51
1066
10
72
104
38
208
159
339
174
419
121
67
1056
29
407
502
1151
114
507
212
300
107
521
824
117
47
134
338
344
238
587
200
217
963
1428
341
187
159
118
893
831
213
234
235
1023
225
369
78
267
1164
304
42
794
497
299
5
232
1347
70
173
235
159
70
536
144
81
307
834
1663
561
229
1503
770
66
172
235
570
933
57
1101
101
596
70
2
639
203
520
161
117
318
60
110
603
1231
6
221
213
315
14
186
408
1951
125
335
77
132
221
550
255
238
1463
248
293
1065
63
794
588
94
405
549
544
470
675
725
1020
292
72
303
158
20
212
1303
832
1144
289
38
2003
118
941
741
739
123
114
493
647
9
94
428
592
21
708
279
768
628
782
27
99
56
381
712
78
540
454
1814
280
559
413
665
2078
471
66
528
738
1117
290
332
173
68
246
1425
229
152
1421
224
306
246
326
465
552
679
864
448
359
1819
1399
361
631
337
672
558
672
565
661
1496
23
1508
1839
370
157
351
865
373
278
115
391
114
2055
201
465
371
768
526
461
544
162
325
105
846
1340
189
691
653
169
436
241
149
472
890
59
38
74
778
1462
1410
309
1153
703
60
847
310
223
259
259
87
81
550
542
504
93
33
2253
1533
53
623
809
229
267
396
10
39
483
568
778
2925
368
140
2825
110
877
271
396
805
1538
200
929
681
219
560
948
1328
773
279
155
131
542
933
190
409
668
49
795
197
22
1212
6
477
237
377
1194
483
170
75
238
229
539
195
137
517
134
142
600
743
118
216
496
32
91
137
557
377
1053
408
426
625
32
1097
319
144
21
402
48
78
1175
216
1851
440
374
203
68
960
41
1175
522
430
2884
75
81
345
196
151
313
85
317
993
838
36
1070
375
670
286
123
722
367
744
198
71
83
175
413
607
59
872
113
250
120
51
167
453
800
198
55
158
800
62
1517
96
123
114
477
926
60
1226
92
559
880
158
844
529
3283
1071
71
992
239
1229
164
543
12
262
548
433
268
433
23
1463
473
702
37
301
39
104
203
166
461
1054
373
205
391
1790
466
337
1174
1160
182
54
110
1074
79
797
16
236
1068
64
41
120
163
253
309
579
6
166
1306
272
151
277
32
1264
820
91
186
957
345
2122
501
137
612
469
135
398
990
107
187
253
175
23
467
41
329
32
1683
249
263
311
116
690
25
1025
143
30
404
771
298
79
59
45
792
700
142
182
148
176
115
267
74
560
151
187
640
781
1985
287
363
682
1542
24
226
1196
339
130
616
31
485
110
183
829
484
604
414
58
842
1371
315
60
201
359
22
578
242
328
183
369
356
273
193
538
208
940
9
75
215
1423
10
44
895
411
43
338
155
400
1608
441
53
364
90
97
345
657
662
652
296
283
105
48
205
1014
2816
5
28
620
923
697
639
559
58
521
121
208
239
1007
54
372
569
737
225
33
79
54
664
567
92
55
260
249
192
695
13
1107
820
328
332
92
990
94
365
990
188
177
1761
1035
998
1095
299
587
1369
732
53
309
226
473
581
381
638
100
500
820
733
214
458
150
805
248
886
37
1548
17
127
555
1185
1402
524
15
484
146
424
472
14
1510
199
114
590
212
172
30
777
425
531
55
71
532
580
984
319
446
245
1576
2644
18
439
12
597
30
469
228
245
402
415
12
915
70
80
979
277
837
1686
16
557
105
143
633
205
737
604
130
1018
444
63
202
106
862
116
1326
280
124
1498
475
385
426
66
243
556
61
214
30
16
204
1316
310
420
56
47
1428
305
270
477
58
541
513
173
109
590
215
720
12
72
474
90
674
517
252
358
81
450
365
119
759
1534
375
273
499
319
324
214
409
159
89
296
18
436
260
263
1590
145
71
216
519
168
1023
258
44
305
418
375
211
455
84
408
513
2279
563
2193
152
29
627
111
147
185
727
362
203
802
943
54
490
239
2031
1111
1354
93
477
893
789
462
322
2068
534
76
90
1335
