29
16
26
21
39
45
90
97
95
100
107
93
201
215
208
222
229
19
261
270
286
437
321
488
264
184
420
336
430
164
464
34
197
258
480
487
243
516
58
115
366
225
610
226
693
216
699
126
792
464
376
334
500
826
842
846
368
541
398
724
137
12
35
939
891
980
497
762
918
416
31
191
1055
49
506
268
1031
607
1181
1055
739
144
156
1226
78
1229
413
246
1141
1015
54
288
1271
42
683
129
342
728
2
82
82
270
586
556
434
19
505
145
60
173
22
176
413
113
753
799
207
298
54
771
118
387
1618
672
1609
56
473
734
388
581
149
530
40
742
381
339
748
832
99
99
425
122
380
667
38
737
104
453
414
112
672
48
17
856
312
367
293
590
148
114
320
227
143
1215
171
2067
76
411
843
814
1497
782
683
68
375
1690
2421
347
867
1287
451
136
167
1848
1289
392
139
930
18
262
835
577
1203
110
70
912
1045
176
1970
526
2551
385
40
236
1888
667
758
1338
190
479
178
1583
181
105
294
94
74
335
412
509
520
1161
296
120
1406
1814
585
304
888
569
517
643
49
1186
57
75
3258
706
51
348
425
708
871
620
989
188
811
59
570
164
381
424
1069
229
420
916
240
439
752
730
137
885
70
519
164
74
27
391
119
553
606
1193
1294
20
1761
3
460
44
532
428
333
1316
399
228
440
882
307
204
532
181
27
384
182
788
225
150
233
1290
591
1939
9
1706
925
235
436
1890
845
800
492
779
70
1828
63
132
2939
1329
923
65
393
168
1107
306
65
462
1917
944
394
861
144
522
398
433
66
1648
552
175
318
1410
63
104
211
1198
221
254
565
624
749
558
231
137
365
765
33
669
792
1544
83
337
14
122
720
232
599
1325
40
144
307
1332
445
2247
790
1013
246
535
823
116
727
441
734
1090
90
770
98
1137
207
513
73
16
625
777
609
96
1272
206
1236
415
348
1493
90
177
679
146
659
57
72
337
205
607
921
684
1590
1376
355
242
123
508
1887
623
12
1886
564
764
3
450
127
478
536
1799
445
108
2279
240
301
164
105
523
263
545
115
439
1151
589
172
1543
542
204
670
324
1191
179
252
314
423
1267
96
1832
233
348
167
869
1017
1009
244
78
38
30
173
1053
681
1235
1537
1893
918
1715
60
291
128
34
3300
493
91
107
30
50
1349
186
69
163
587
59
785
689
219
183
1399
529
911
757
378
418
503
56
308
360
71
242
2561
331
125
2113
293
1153
775
23
431
1315
1575
958
107
711
701
627
1306
786
365
449
594
1634
1460
1884
889
88
866
41
1066
939
640
131
364
800
1953
112
1583
93
195
334
15
231
527
507
627
142
732
1469
474
1315
147
2390
1278
597
540
541
86
338
689
1192
639
786
208
604
1961
571
817
446
9
200
698
107
1002
88
1275
737
621
80
520
130
848
22
67
1161
375
93
953
734
250
178
222
95
768
196
2377
176
333
429
1593
118
903
372
719
293
114
187
109
291
257
2431
471
309
143
63
3131
189
220
137
226
177
438
511
484
225
645
39
164
431
47
505
755
432
28
2752
1025
1237
899
749
573
654
32
1042
1058
1550
109
875
154
535
344
663
513
34
502
109
1578
554
475
744
44
24
457
527
174
610
246
580
147
487
130
778
570
281
811
1167
837
152
201
248
506
225
134
83
503
710
218
1709
523
631
153
96
92
192
396
274
647
569
270
189
561
368
108
656
529
690
800
501
466
233
1369
486
717
191
965
70
773
132
1412
2747
473
85
95
1730
701
610
960
2067
146
35
1862
324
1266
170
112
582
519
711
604
1268
336
2019
470
848
169
57
233
379
1694
613
728
32
1173
31
254
102
308
401
720
3149
299
251
423
42
63
437
269
2092
2800
1171
179
315
301
49
841
1307
738
350
288
30
156
136
170
160
888
1505
132
397
650
730
627
835
50
174
2075
457
159
285
631
790
359
102
1311
733
1232
26
407
15
25
415
109
708
865
168
85
465
791
305
1576
351
831
67
1732
275
266
211
570
842
203
34
352
1319
181
87
151
142
1015
250
130
495
768
1363
10
744
513
390
568
1263
44
272
701
2166
923
62
1724
216
559
98
1094
473
30
1034
437
473
143
19
286
46
2051
1178
931
654
1471
484
1682
932
86
2329
938
1322
117
269
217
3153
454
79
346
80
478
656
502
549
760
218
540
372
1235
1698
614
182
540
203
318
296
453
1549
802
637
2223
380
405
586
604
69
308
36
42
184
978
260
748
727
148
714
256
192
1089
7
553
986
96
624
153
941
222
72
397
169
923
43
195
179
104
464
1052
565
131
43
347
91
94
652
151
66
327
156
1259
297
336
141
960
1391
314
45
379
1503
554
103
2450
769
234
193
1722
855
637
214
790
422
1035
191
704
201
1015
227
1010
525
1896
101
408
164
962
1246
879
1894
853
108
174
109
223
593
390
790
180
322
569
227
15
157
89
2789
419
2590
1496
807
475
345
447
1733
373
140
640
67
1123
153
242
1895
1078
956
990
1711
140
24
569
1642
1498
72
281
172
462
809
493
1890
213
83
1439
124
101
1046
244
116
725
302
1800
295
130
67
910
390
572
344
602
928
787
938
223
342
798
568
1298
802
158
191
223
1205
1777
219
159
524
191
1616
149
76
33
575
1066
1733
1510
537
370
60
977
247
64
499
965
530
849
187
218
13
1338
903
727
2380
457
316
808
211
216
57
1148
1010
79
474
509
196
89
450
1352
58
148
203
172
119
2000
481
154
261
926
181
1129
237
398
4115
1414
181
1784
491
257
292
298
228
2313
1067
192
550
1301
637
1435
1098
527
160
442
542
134
112
303
52
547
550
926
1044
283
141
751
1975
614
1251
78
550
344
397
734
39
373
692
1904
306
463
1288
1815
110
1460
106
210
680
93
1202
51
2794
261
2259
139
191
288
555
547
2195
250
386
763
697
581
271
513
998
1570
894
104
329
129
31
679
205
779
284
152
57
238
747
195
125
12
722
782
712
1044
213
134
110
407
7
281
885
244
591
79
178
444
67
141
324
77
1271
1980
1668
43
417
599
30
60
431
643
1138
648
294
3348
618
52
1507
267
200
276
42
14
229
489
210
193
1130
1779
1898
161
144
171
263
759
414
926
513
594
130
446
524
123
766
840
965
73
51
777
303
519
449
171
865
474
642
155
7
660
704
81
209
389
88
116
756
2027
951
150
263
365
941
255
265
1823
666
1462
79
852
616
1026
1331
1511
149
895
569
902
890
132
84
822
334
310
430
239
1398
398
157
157
1494
443
1023
1309
286
49
466
676
940
963
992
332
1385
2297
481
303
62
98
511
617
1163
1960
234
1057
282
1589
193
360
101
635
244
82
1425
172
1574
382
1484
1743
1093
1607
137
583
171
1257
371
291
463
1391
11
1645
598
522
1972
374
1802
631
385
878
712
979
1591
145
516
68
464
413
90
1093
36
248
91
811
102
353
55
315
1150
550
228
663
539
505
877
805
86
1753
244
226
1391
296
164
9
591
588
103
567
148
45
92
1021
724
19
1354
1797
38
89
291
151
598
199
1004
485
349
2516
364
1616
3367
452
90
245
613
62
1486
380
1347
549
498
2516
1114
96
208
112
1400
1994
1833
625
439
16
263
348
808
159
7
708
211
474
1252
40
21
119
364
551
586
99
504
673
504
266
1628
913
1070
617
1656
243
150
383
1811
586
16
84
244
404
1149
565
465
403
147
99
725
1808
290
100
191
511
190
810
1929
473
766
7
447
451
48
160
118
1109
147
159
1905
411
27
442
644
485
1036
2092
383
792
1330
1652
188
934
96
1297
24
65
995
1108
245
249
80
70
17
1304
750
988
692
36
1584
1069
276
1591
316
399
464
60
1587
730
1555
102
510
1349
965
32
63
342
360
208
435
1096
440
232
757
665
729
245
728
523
878
170
327
611
671
589
411
191
574
595
940
201
11
1325
893
126
239
322
936
586
468
468
8
333
1541
1174
138
26
589
36
279
66
162
791
158
613
134
132
432
49
821
133
896
112
358
90
1602
1357
1658
520
808
1758
251
623
498
267
279
2713
119
23
1207
35
178
577
147
1523
640
406
545
232
224
326
225
401
1056
660
669
764
1133
543
1351
655
1600
454
18
74
834
277
660
177
327
371
345
255
273
137
282
10
403
167
840
2018
448
164
1027
25
30
438
755
22
412
127
348
526
139
50
1566
797
398
80
1477
316
1415
2178
428
68
1007
165
389
166
450
798
114
774
1336
656
40
176
1019
235
413
457
906
487
56
1912
1158
307
552
1215
1575
19
368
51
18
115
118
91
1158
378
1067
416
176
633
122
61
1313
436
191
528
453
54
35
33
72
675
2219
386
894
234
603
653
735
103
513
360
551
200
69
509
1014
851
174
320
1396
147
666
1005
12
292
161
211
1646
156
196
39
454
737
366
1172
71
564
216
1449
995
215
197
197
3046
1093
103
30
249
1708
791
532
450
1685
180
525
141
1886
335
793
465
645
108
27
183
915
105
1815
913
9
229
543
57
280
957
143
338
378
691
2041
872
696
97
230
994
1014
186
896
579
423
19
697
1187
655
137
573
315
214
598
87
223
201
942
791
566
73
442
431
1129
33
593
660
414
636
304
29
123
170
1732
1308
2066
1336
2096
530
489
844
1593
827
1797
52
278
207
62
223
1089
833
276
3
246
40
2039
2876
447
1240
240
647
353
74
575
102
2982
49
323
1065
538
98
563
240
212
99
281
335
612
205
475
130
240
713
1020
180
109
1477
64
88
2722
130
732
426
415
40
608
1097
302
485
852
708
64
18
323
440
1647
454
317
605
736
657
643
598
282
341
99
1302
336
868
694
813
502
696
650
1655
35
168
743
441
913
44
346
490
83
563
435
48
256
1013
3719
489
522
700
103
6298
206
381
308
1149
2669
169
516
44
392
407
307
684
170
76
357
486
374
1049
275
317
314
962
144
427
886
88
669
82
160
476
312
285
965
810
39
556
150
1054
57
173
472
345
789
635
1999
219
204
424
249
51
567
136
547
143
1580
42
1179
1001
3095
314
655
2455
1580
1610
62
705
975
573
326
1229
1212
218
110
490
120
1283
230
31
535
105
1081
93
466
1525
1650
1684
988
162
435
117
272
821
819
693
309
282
503
48
2043
371
807
1700
1041
1776
1170
33
278
1613
753
928
74
822
425
249
382
565
1035
602
447
757
450
95
408
1126
1069
518
125
324
91
793
131
41
301
232
101
1200
164
1499
409
863
595
1013
176
780
981
216
39
322
358
110
234
1385
495
259
395
184
349
197
391
137
1783
150
705
1590
625
85
499
267
401
379
673
761
20
543
63
88
294
66
56
92
8
218
119
601
2919
408
601
220
62
160
1677
110
25
225
232
1257
167
1222
38
2154
468
3
1587
78
45
3385
226
8
334
1335
347
605
430
255
952
378
877
995
112
2301
1040
69
1175
276
1443
744
2125
1778
820
1135
361
126
216
1796
304
111
1401
108
131
693
334
907
242
1739
168
128
556
1530
388
1258
43
562
339
331
1388
1025
1074
641
473
484
1154
949
2535
755
1267
553
247
123
108
1390
509
342
437
752
1281
463
629
1173
662
279
878
952
187
193
54
623
315
574
567
1795
218
1088
133
60
1023
1605
759
211
1357
321
424
805
294
1926
390
657
971
803
462
528
727
96
736
555
1006
582
1184
1184
933
65
2154
1021
589
299
58
536
398
544
704
686
275
638
58
300
84
106
206
169
336
16
3554
608
452
147
1825
41
328
664
1098
240
297
69
258
759
1120
1068
36
529
603
945
348
806
652
771
558
4
2306
949
500
1204
1003
326
372
10
2122
151
500
398
359
259
1796
1202
298
962
149
135
133
248
689
616
2120
616
32
724
1294
714
360
621
17
243
906
2227
535
590
204
615
1869
995
675
412
595
722
181
868
207
290
726
126
588
648
299
290
1595
237
382
2127
93
276
1671
147
85
41
745
690
125
348
94
703
819
51
468
889
731
2116
306
97
383
500
1085
2491
851
361
946
823
330
4
180
51
586
75
2777
139
532
1275
447
70
265
1324
35
8
438
698
67
2323
100
2198
191
215
501
1074
1182
480
242
103
614
2325
327
950
320
370
296
2759
651
2417
31
610
16
1723
1054
497
44
108
100
239
2169
518
800
182
909
857
7
804
25
124
793
366
74
430
1074
945
1046
612
2011
4
10
654
328
1174
559
1430
1021
306
223
538
349
726
1544
10
866
707
791
116
668
2249
154
180
80
1288
206
302
343
857
170
1421
1207
734
144
281
137
104
1040
531
47
1582
347
1755
1295
1309
146
1939
574
1022
479
186
1963
656
307
304
240
26
1075
23
871
540
1536
227
260
1018
940
457
691
586
228
2092
850
719
442
58
613
78
226
41
48
360
328
274
1561
16
200
741
302
280
1366
900
831
391
308
1282
539
2777
65
219
2071
556
154
60
43
31
158
279
240
11
484
72
381
9
39
120
35
272
874
527
98
282
639
491
1132
913
1836
296
2577
391
158
1743
1322
515
1158
222
268
184
137
265
218
67
849
404
175
186
1233
586
485
1120
246
447
134
835
1418
152
290
238
731
161
342
879
105
383
194
257
779
114
288
235
318
1455
441
199
250
617
693
34
231
398
271
198
470
114
52
140
465
261
439
52
1554
240
459
33
925
18
310
1854
135
1094
1376
1048
762
110
279
1000
14
945
534
77
710
1190
898
96
114
79
87
783
698
505
125
6
51
297
1368
49
128
462
791
50
250
673
780
378
127
46
1373
320
1141
206
150
773
550
350
525
624
443
1995
101
393
264
1728
114
457
1200
2681
485
8
1067
358
36
1513
64
360
817
1009
500
449
548
121
1852
134
417
189
2766
204
50
761
209
1460
493
377
486
402
248
1487
663
311
975
307
298
244
312
164
79
371
7
33
542
832
579
174
20
11
55
65
914
233
72
1920
316
177
463
1595
8
1220
155
275
1248
553
299
486
424
639
762
1740
24
225
455
168
165
1333
393
1030
2542
479
1857
1353
293
295
820
364
428
84
742
452
1098
46
987
38
194
1044
733
379
93
580
395
191
159
647
979
27
997
726
132
173
125
607
232
56
227
106
171
281
578
1027
1119
807
945
1493
833
730
279
375
69
1207
799
1015
261
152
111
119
741
589
840
55
1039
317
38
931
360
140
441
5
393
83
37
51
1016
529
703
833
122
396
416
1318
84
343
1267
1592
1355
181
388
33
257
522
146
381
196
780
653
546
85
2606
1785
781
2061
525
148
26
305
232
33
1061
1030
642
1051
31
3095
297
2386
2618
139
58
315
244
520
154
200
153
469
138
96
168
753
138
19
264
590
2
836
1025
1748
668
445
251
477
1455
525
203
129
213
163
910
140
314
178
1141
298
1304
445
62
11
291
141
1199
208
988
963
235
558
752
471
1579
2527
516
80
248
52
228
60
1416
109
1108
72
1479
97
1157
1712
149
61
695
685
1051
22
384
955
1142
385
529
183
528
387
1624
1107
962
516
113
644
728
129
58
943
1512
77
4
965
263
413
334
459
472
86
759
234
434
381
455
223
26
382
1185
383
10
475
251
681
1826
133
270
322
938
2163
593
530
2329
1155
549
72
614
731
120
201
195
408
836
177
101
892
288
1516
725
970
719
128
1557
242
291
343
27
1519
374
268
306
612
467
618
936
114
42
258
398
1943
505
596
1522
68
809
365
354
303
714
83
9
360
345
85
370
134
111
353
1528
27
1000
27
7
472
235
428
298
826
108
2145
1201
324
272
1093
43
846
370
1716
1106
846
156
478
309
351
670
111
80
250
317
694
1426
1081
1106
12
76
79
709
868
846
205
319
591
335
212
487
25
317
818
838
340
71
905
1769
86
719
515
427
270
225
547
281
166
25
242
1916
192
133
441
1319
224
26
223
999
99
1463
455
132
672
153
1017
593
34
508
488
434
326
732
1793
112
887
611
42
1191
1157
612
794
154
623
489
1469
203
1562
806
409
185
1266
120
125
556
209
989
254
1177
695
319
98
1208
435
545
159
409
1184
471
535
534
371
507
806
444
253
133
440
1557
379
877
664
498
433
357
629
898
10
1458
455
151
858
303
147
866
60
885
307
231
161
531
1623
280
438
103
1480
1810
602
214
2388
375
1077
1073
158
241
620
444
44
163
514
267
469
397
79
197
92
545
85
162
310
43
779
344
257
38
1395
510
766
704
246
499
32
914
910
352
1098
351
514
303
3096
394
376
128
992
218
523
385
404
1650
367
106
71
221
532
592
1414
9
324
431
664
1121
1823
468
659
27
19
489
496
789
11
1453
922
1507
1301
785
124
403
633
426
2240
154
23
1120
1425
57
509
70
1863
107
390
215
1337
337
607
431
2317
806
347
115
1048
1124
774
339
747
262
1142
1069
408
339
635
146
733
558
719
160
319
1700
2656
37
236
1301
977
52
638
409
227
1122
71
561
488
923
504
650
268
1155
190
124
1041
147
431
1519
162
1107
159
939
596
62
91
497
9
1754
876
505
187
1432
109
145
7
228
75
56
649
323
201
614
1510
468
338
116
996
138
189
684
1114
193
112
74
1425
527
802
767
306
1652
16
564
579
152
2102
60
172
712
980
768
63
554
784
1066
100
824
607
3130
162
1906
214
221
508
469
132
278
1330
603
599
1222
1464
1217
372
293
63
12
615
194
87
225
3096
149
235
215
562
23
44
402
113
1261
33
124
545
789
2204
368
2293
1084
19
139
479
771
507
87
192
651
184
732
1570
1219
77
445
185
509
863
291
711
285
51
263
166
81
1373
735
889
1004
107
606
152
1567
410
863
118
31
803
150
472
539
3993
1710
815
208
723
100
9
447
103
653
245
398
86
313
1755
1129
250
125
805
776
640
118
52
45
99
447
474
2188
250
49
127
487
389
355
67
1402
504
2400
606
207
12
177
557
73
367
1446
754
2188
1043
526
732
472
402
316
342
906
983
279
76
709
413
498
2755
1263
863
676
382
1916
3106
757
1049
308
258
767
365
411
281
294
725
163
353
149
275
839
1948
1630
262
733
2307
713
177
1619
1846
1222
1021
50
1478
79
77
666
184
508
173
202
27
337
1380
46
153
947
313
1101
1753
60
1384
272
970
541
771
108
1129
1080
249
1156
126
71
329
2075
522
1041
355
197
412
66
182
793
1601
8
40
79
302
763
935
568
342
8
218
545
542
216
327
48
1077
298
501
907
43
986
1379
340
3
552
54
315
588
309
116
895
650
1137
376
96
23
633
106
230
999
687
1927
284
173
1281
131
406
1402
82
1778
296
2296
1120
121
210
525
168
175
416
1220
56
427
605
109
942
304
160
2355
501
691
311
1107
168
940
1228
137
327
418
268
700
329
45
690
1422
180
1150
78
1348
166
115
66
170
217
1517
655
273
789
83
1102
512
77
257
21
1317
249
117
731
190
565
198
916
1100
359
49
149
2994
50
1794
817
1496
758
322
1750
899
165
1097
341
705
343
216
363
2235
75
102
900
479
192
4
30
1702
51
1226
391
140
548
231
363
758
782
484
768
651
822
1569
135
350
104
818
178
477
1415
904
80
442
184
383
91
524
377
379
1778
766
186
25
1231
480
1107
350
1630
419
507
668
26
225
641
2577
372
782
387
1479
61
824
122
508
28
27
643
76
693
15
1912
904
179
637
62
233
1124
498
750
492
259
372
1121
289
188
947
2030
2016
766
386
128
981
270
158
174
15
91
30
689
387
46
414
1041
423
131
316
201
49
1491
218
2350
654
628
125
45
152
916
690
775
301
1962
6
166
537
419
1384
586
65
343
267
92
1016
142
141
683
25
759
308
75
249
23
484
107
2044
509
1610
365
203
729
761
1837
408
365
240
31
140
4
699
128
384
149
670
17
917
1263
1421
923
740
2935
1016
118
882
279
384
12
27
274
935
111
348
101
221
1454
262
386
68
71
230
744
700
224
374
114
155
223
895
1002
222
697
494
380
178
1205
1304
966
170
32
210
232
723
349
151
2038
1088
480
763
242
392
987
505
1171
710
620
255
506
222
1159
177
697
56
780
540
204
482
1482
364
268
173
80
529
122
478
704
1098
1810
200
128
624
2469
1671
3193
415
40
1313
452
400
1583
984
373
543
259
69
552
282
143
76
1208
885
124
1192
2168
95
297
162
365
450
835
740
40
1786
375
2084
1193
1252
778
457
3531
609
8
558
878
180
596
384
168
2208
385
1665
1996
321
2239
1125
401
465
1005
34
1358
659
992
266
416
983
95
542
288
1461
785
766
898
204
68
1058
1201
343
27
459
97
127
1247
112
507
167
25
139
516
407
109
1157
172
785
287
1613
125
580
1545
287
78
695
1388
934
265
963
107
527
348
431
8
902
1154
1211
564
377
1140
1215
558
149
639
116
41
767
283
552
178
105
253
763
370
396
3985
50
136
765
24
101
128
29
472
102
12
786
1807
160
1030
302
409
441
657
20
1153
766
22
406
306
724
53
511
59
220
594
529
14
533
968
1195
1462
797
675
234
71
68
322
164
496
1354
141
192
96
51
1256
1408
361
1027
211
1828
88
648
354
367
12
69
849
103
478
1519
381
725
316
181
249
1397
494
113
27
198
1572
5
307
1586
575
792
396
285
136
310
572
53
157
188
319
483
165
197
717
1585
673
1018
179
83
42
1135
116
282
169
274
143
148
167
785
250
19
1189
54
189
94
846
1598
696
1027
144
591
3206
89
904
321
14
252
629
42
59
1287
1298
1173
25
770
550
247
18
572
838
294
815
298
1187
171
1367
231
1170
490
62
734
517
1046
499
467
1040
265
161
726
1032
150
730
71
144
212
395
1161
2255
53
1347
321
258
90
370
236
1655
560
555
391
19
568
406
91
346
123
140
536
448
2229
105
167
758
2505
634
594
143
684
1046
71
537
485
781
1523
7
1237
494
712
63
1837
809
107
232
590
851
273
716
118
856
2566
94
468
359
69
199
685
165
984
3
382
194
402
781
1509
374
391
313
303
1228
1131
281
317
219
888
29
529
527
193
2416
296
114
557
244
552
1384
69
880
967
57
967
29
1302
363
235
495
1201
1002
191
825
348
49
974
141
687
707
78
452
44
16
890
164
183
1333
296
16
378
131
256
1140
1136
1136
682
193
451
1276
349
1309
22
1499
128
843
322
250
747
242
3178
897
453
86
907
158
514
1070
263
1049
777
2689
348
377
774
542
310
402
475
52
204
13
612
79
442
1866
339
949
25
68
292
1207
209
1633
491
283
574
131
457
26
236
338
162
3097
445
812
466
14
621
937
825
2356
622
224
1548
650
166
161
39
52
625
41
799
1238
81
408
1980
126
644
264
171
59
47
919
344
27
478
231
21
322
193
12
414
777
640
843
503
55
2352
61
802
155
197
35
770
85
323
250
1171
2382
485
776
659
783
460
274
2688
343
6
24
484
1947
207
729
1424
1164
560
231
2119
29
527
617
794
433
667
503
253
1700
1126
1275
23
102
216
543
32
17
460
119
33
1742
319
263
1501
1373
1011
432
1162
634
801
2297
1534
823
1088
27
157
1619
581
41
8
1831
1433
621
434
113
322
419
115
343
38
11
790
208
307
28
890
223
102
68
520
319
778
256
1178
1739
1974
1366
47
763
782
855
667
389
218
556
1025
1021
1668
340
2265
1207
707
161
506
1082
79
713
1642
521
490
1218
203
573
590
621
197
182
789
59
907
1159
855
173
383
591
128
791
740
31
321
407
17
1584
277
403
806
380
234
1059
442
71
1099
1369
1731
500
278
742
2598
600
506
1402
261
157
24
704
1095
25
299
591
512
339
52
532
356
117
490
820
1482
698
619
45
114
76
1458
56
11
745
494
1039
1167
16
70
415
2042
736
1103
161
365
467
131
382
2273
1071
1592
97
1690
606
1019
250
266
730
12
93
321
764
479
119
237
922
101
1244
149
74
1789
51
571
1708
114
590
249
140
476
823
786
128
393
27
663
381
531
51
458
932
175
67
246
202
165
445
187
838
876
386
251
4
567
79
1280
161
106
635
1187
1453
205
139
34
414
423
656
1513
407
189
561
23
1003
220
115
79
369
893
555
1291
600
55
261
409
573
265
1030
261
634
457
200
307
1100
433
661
805
417
597
30
242
189
4913
906
272
571
950
851
669
268
456
493
405
785
148
229
1276
71
508
1847
1587
892
132
42
742
60
449
1101
328
928
296
1169
940
523
479
1824
1755
1025
818
3137
337
166
138
1193
285
520
1522
560
50
849
685
151
203
179
231
456
189
1447
2103
308
235
1050
214
168
457
851
597
251
435
601
1505
464
49
109
335
2916
432
204
124
303
241
7
84
178
34
122
116
17
46
228
490
16
122
80
3019
81
448
86
362
943
303
418
355
590
204
1754
237
21
10
119
227
78
401
576
647
1021
857
364
116
404
382
56
5
124
431
27
1057
569
684
168
409
40
88
797
188
305
308
871
1190
410
106
158
796
2111
36
814
757
1052
134
259
37
556
456
205
70
1729
93
746
73
12
266
1065
69
276
626
526
214
47
1998
162
452
175
453
656
306
38
317
31
512
458
439
1098
327
360
2146
3714
183
895
76
1503
1673
524
336
105
163
814
992
161
675
290
695
252
1315
68
855
99
326
1377
757
633
244
1205
300
358
135
896
1558
459
1903
604
128
170
1249
1004
666
838
97
296
38
323
592
1257
7
1013
208
850
158
1032
269
82
531
148
47
253
1083
184
1476
209
159
3673
3232
170
256
141
211
896
706
516
187
42
164
432
574
655
20
137
673
208
156
1159
353
245
862
101
1148
88
1344
374
377
1080
159
222
773
490
1384
385
418
187
171
816
257
1459
919
1026
1329
1906
258
718
1122
304
6
545
102
215
523
1518
1416
592
2060
1147
143
237
64
88
644
422
165
156
902
102
304
1734
79
1267
49
1150
666
1887
286
354
1343
160
1482
273
214
1042
1734
1351
539
551
82
512
514
235
845
131
910
356
1252
783
1243
676
319
192
810
492
319
334
1143
269
154
710
76
467
898
222
645
628
376
109
349
450
867
1987
313
14
616
176
3112
1314
175
2265
107
102
927
685
74
550
13
314
26
375
1859
491
517
275
9
40
916
1732
1028
343
192
273
302
100
53
1139
323
582
1319
174
1269
1259
202
107
185
1394
531
336
1249
897
466
911
675
722
845
382
758
601
547
441
251
48
1800
383
490
1599
594
191
1789
383
1136
85
101
558
2906
599
672
202
539
2820
309
178
175
864
538
260
52
111
585
247
335
67
28
201
6
511
160
195
139
348
213
381
610
219
1349
244
267
478
647
1143
123
327
635
2156
717
462
217
1133
130
447
156
161
1863
721
514
951
1052
31
279
813
1158
407
143
46
1555
651
1015
215
228
493
80
820
1242
559
239
105
930
49
860
711
331
246
1024
961
314
716
194
159
186
503
1124
2626
1420
231
818
886
495
429
618
39
79
364
423
717
196
1036
1262
758
591
423
42
247
409
379
178
300
93
320
130
1070
41
2070
143
253
622
650
626
495
181
29
1018
674
467
19
750
237
219
45
337
456
1793
1934
146
341
424
617
39
701
2237
696
1756
3227
258
28
90
384
463
324
95
132
206
609
385
761
392
1402
4
176
476
1284
641
827
104
775
677
2935
519
38
286
688
397
367
1912
55
18
307
287
99
2039
120
194
358
136
386
55
234
263
4733
359
725
261
295
1039
681
445
16
624
524
84
968
416
749
299
118
79
19
2228
398
968
1609
2033
616
49
1382
178
98
1488
247
75
365
13
155
276
34
167
294
105
52
1365
378
1223
73
45
941
110
536
91
38
529
151
512
2434
78
307
485
211
168
547
132
612
532
93
938
67
35
518
180
48
285
60
522
54
1102
918
209
418
345
438
349
440
82
245
81
467
694
466
435
11
569
508
479
370
996
1016
520
5
412
155
530
125
105
566
232
2207
277
196
359
280
16
263
50
751
844
975
1027
452
335
634
956
949
88
413
11
298
1635
174
1180
613
320
733
542
526
436
174
315
7
755
494
449
552
89
243
648
1597
238
39
89
535
726
2063
151
141
685
833
32
83
2260
167
26
234
192
283
82
109
42
8
731
1552
745
445
432
119
513
565
1745
163
58
818
60
155
1163
37
451
263
719
362
1039
372
135
304
221
1656
215
171
537
85
260
234
251
232
525
589
245
832
1417
66
684
697
302
770
570
142
616
111
1211
658
90
408
659
386
1470
437
667
643
232
239
326
1386
1172
23
937
319
1107
479
882
629
275
261
44
177
258
56
459
92
71
354
129
1095
1557
319
1007
1103
1654
688
223
518
1529
382
43
892
315
557
2170
1767
1055
487
358
1096
102
349
114
1178
2471
408
575
359
129
1680
392
39
870
21
239
400
242
259
79
1198
547
1040
200
860
1300
307
297
250
969
47
2826
208
250
509
870
1033
117
1192
1002
1095
572
863
214
761
79
349
9
311
33
59
750
807
13
442
357
810
670
104
258
140
1242
832
109
450
1034
1056
860
382
155
987
131
211
1732
3376
703
120
650
784
1824
146
628
995
101
62
103
1078
337
11
655
1719
174
938
240
1803
1610
1479
212
37
77
1182
1366
675
738
827
991
45
1776
953
762
319
1299
675
987
754
402
108
89
1374
246
322
45
173
124
1398
19
368
263
112
677
330
853
18
26
135
537
76
777
272
1487
262
182
850
341
123
75
635
62
851
715
222
1022
766
621
451
904
1651
1786
145
1116
1411
320
494
362
116
60
526
2163
283
700
433
247
24
891
2763
729
287
398
140
481
325
905
145
744
311
1365
656
244
306
914
554
113
371
364
230
1374
943
350
830
322
145
66
151
812
295
16
862
144
1347
86
476
1992
38
205
1596
134
1966
159
193
1108
2051
412
135
570
1022
927
583
1089
886
156
15
722
727
271
862
755
741
2045
75
279
585
1866
951
534
1748
1583
95
1231
101
193
345
443
120
70
1003
230
196
23
202
93
1135
266
367
1258
564
1087
465
1579
1048
481
1476
650
688
272
265
897
69
49
193
305
1352
763
657
259
1250
249
374
228
541
804
202
408
807
791
421
314
61
418
1066
47
538
434
327
657
785
527
566
206
1565
379
323
1269
1853
1051
255
621
959
6
101
1348
156
131
141
374
371
233
232
1194
357
132
287
758
382
1826
1940
506
1647
259
736
1678
458
2030
56
538
437
21
171
1276
1008
58
130
773
252
534
222
1293
811
117
825
145
164
1358
620
207
3393
818
1393
174
1517
450
921
1302
62
489
1225
124
337
525
727
926
171
486
814
101
92
742
432
348
547
71
1553
105
1308
190
479
870
1881
209
885
718
2440
778
1145
601
722
179
1422
242
135
281
1067
63
73
159
1244
621
228
607
424
453
170
1040
39
282
242
895
63
16
477
300
1397
658
1042
1048
990
1246
258
395
58
123
411
1147
478
1783
1677
194
300
1188
13
349
500
81
101
410
72
448
581
585
898
687
585
323
966
54
175
143
37
430
339
316
911
339
748
2483
143
611
204
535
419
37
101
628
217
209
427
132
96
27
372
142
448
367
604
1134
896
106
134
2002
417
793
508
371
718
335
1138
774
764
309
3865
186
2175
562
2098
2002
183
458
7
2010
1619
690
645
710
154
117
305
561
257
9
197
752
254
115
2629
2784
1123
820
853
1722
943
1185
34
1623
50
111
14
51
43
35
1163
1250
56
128
628
385
531
861
2435
62
284
164
102
254
175
180
248
460
380
482
240
759
78
1036
112
36
1341
657
885
219
182
353
443
1532
221
1385
1936
143
38
706
602
2393
422
241
212
129
1347
67
1594
513
1057
295
405
914
399
2135
648
322
141
301
185
258
2181
1344
793
66
446
1310
20
36
730
649
42
340
606
14
176
906
278
108
1323
141
59
414
1285
411
1086
197
63
125
714
115
443
103
1471
246
194
26
860
94
194
54
297
1000
619
759
303
4709
1377
952
99
940
2457
295
1284
366
24
1357
59
620
700
1378
1522
35
749
576
2180
550
461
1096
177
695
820
2163
361
400
3160
1340
682
849
1070
720
897
700
1158
436
110
442
183
870
690
85
112
369
340
370
51
151
1388
914
824
508
29
287
416
2350
351
76
226
1053
122
2305
1268
86
1088
451
41
53
343
53
1559
825
236
438
183
113
225
78
1354
507
1125
62
403
411
1039
1161
338
265
131
351
309
797
309
439
932
469
51
408
905
1066
176
1254
1443
5305
1269
1445
479
264
82
1336
1147
751
1463
1129
236
198
368
711
478
41
242
47
496
56
497
817
182
237
223
451
653
1266
199
545
298
429
741
592
28
478
256
377
473
875
602
1688
267
51
1258
185
411
1262
205
407
107
83
1302
1014
1587
414
1719
406
559
575
385
461
197
87
734
1286
1128
429
206
10
282
708
112
391
187
557
634
74
1289
486
503
78
951
2260
517
796
510
612
260
105
41
1694
397
221
93
329
1805
440
1536
877
124
88
2228
735
627
70
274
542
695
479
382
151
1245
94
100
112
859
434
203
984
566
101
154
113
145
941
245
731
513
984
66
467
127
97
562
291
1044
173
406
650
1324
253
154
744
872
160
14
211
186
360
17
39
1222
869
1577
1306
1470
37
326
313
178
1377
89
484
218
1378
1745
251
977
70
1510
43
438
181
394
3226
2555
1249
429
331
2068
99
54
452
257
190
813
1895
1459
76
66
671
119
288
1555
692
823
983
949
1103
485
526
2005
316
758
806
676
621
966
1565
144
432
1376
647
983
311
416
603
301
73
318
303
793
172
1763
951
2826
24
614
605
92
135
69
104
797
1635
917
132
79
275
1016
1890
732
2405
400
497
660
802
920
512
517
319
1015
419
151
52
722
131
183
25
819
125
114
1168
495
17
1121
306
86
308
632
219
1044
226
70
353
173
98
181
105
1610
155
1180
216
675
2261
893
93
704
109
1018
453
703
747
945
789
193
1695
264
486
283
767
2108
863
348
186
801
32
2998
505
305
184
250
138
1557
1341
1636
60
680
71
926
705
1060
203
275
653
2479
630
234
442
225
725
1596
612
187
150
35
708
242
824
669
564
1130
573
538
726
1046
225
1604
783
740
9
1044
31
284
1537
732
1898
184
416
640
188
1091
369
770
242
276
285
2125
271
1482
384
664
224
1124
65
895
477
436
1211
1413
546
34
18
900
1020
923
1256
108
986
175
814
275
89
557
101
1167
88
444
615
257
213
295
558
282
57
268
439
1531
110
700
805
1209
1018
567
95
195
194
218
304
900
735
89
610
609
101
89
354
147
120
529
51
116
310
174
23
399
558
5
1237
1699
516
856
803
1528
2071
124
995
140
425
92
144
1031
458
122
1366
1235
831
550
529
216
221
774
35
490
380
862
1221
4
735
1329
214
488
850
563
608
760
239
128
3
598
196
816
129
1026
66
1160
527
482
1340
25
1198
881
529
2439
185
823
1362
407
340
624
152
51
1747
512
210
2260
343
299
25
1130
20
223
185
43
7
207
433
188
330
396
2030
595
451
153
224
272
291
621
167
165
409
241
50
2278
1047
320
208
595
666
142
1021
864
616
3213
561
46
260
1131
73
313
400
142
689
69
460
152
1051
1231
269
689
269
60
16
1323
591
1202
38
69
509
97
331
371
592
809
333
532
131
586
78
48
964
36
367
1594
276
949
1882
2026
437
323
1203
334
898
864
578
802
804
753
651
838
631
57
202
1194
735
122
106
312
89
87
314
1174
115
209
958
119
134
936
1057
733
761
1427
345
556
1130
312
75
318
265
352
429
352
273
139
116
900
2012
378
331
321
5403
532
251
858
108
960
853
136
274
336
641
826
31
740
15
186
83
356
744
144
589
398
236
1049
185
1764
899
267
180
197
653
1250
1220
2489
270
74
287
6
188
293
455
1852
581
343
127
362
678
327
936
100
353
506
2168
16
1440
4041
1721
860
287
206
2035
1365
398
181
1451
1279
632
2061
377
610
393
631
194
1428
1964
1672
1344
20
181
159
314
268
125
82
649
143
68
55
654
609
2181
129
1148
1083
1057
194
870
150
120
21
921
25
898
210
591
266
561
35
49
1614
1704
1193
107
264
1117
306
1247
279
690
687
247
461
770
2912
1389
438
208
867
1299
565
57
27
57
1754
20
558
132
3424
52
208
781
469
807
126
156
172
425
62
512
267
150
206
2714
84
346
2103
713
113
1031
2278
181
1052
115
16
291
1154
440
215
325
976
191
172
124
482
299
553
289
285
19
312
13
1379
718
316
907
448
908
6
1441
965
1017
465
366
409
769
191
908
1370
54
721
491
269
955
550
82
479
308
425
245
110
378
407
50
539
679
500
1244
113
258
138
1213
563
943
101
46
985
221
1251
36
465
374
858
1945
363
1242
478
254
177
259
549
349
1348
576
481
542
100
404
236
3196
278
1718
1315
468
865
51
154
1143
494
243
33
808
97
645
465
1711
542
1483
221
441
1000
35
6
1357
576
1858
21
109
603
286
298
333
447
1680
1206
601
101
115
1893
256
675
2438
788
53
2762
551
483
367
665
1227
432
562
260
751
23
375
2724
484
303
9
799
531
240
106
294
240
727
1293
1009
818
671
211
146
437
96
246
123
88
336
480
198
1911
290
445
214
550
1254
1939
413
18
297
57
729
466
1463
155
112
1650
257
312
608
329
2576
441
258
315
55
135
917
530
591
925
234
1153
261
1166
623
197
1437
2299
310
987
387
1029
665
164
1355
839
374
352
582
95
157
764
2512
734
762
123
1512
77
236
94
1201
128
272
669
29
89
1028
425
76
24
30
1000
210
1536
2029
150
452
358
1022
175
971
144
15
428
817
556
40
295
700
62
754
1132
1014
411
1242
842
1195
92
42
304
594
1354
200
1314
58
384
1729
143
238
394
1604
545
199
775
512
534
581
980
238
297
1962
244
952
543
814
284
282
2383
223
1274
801
186
30
1094
2932
212
322
1564
592
72
290
468
478
42
206
279
1324
867
112
198
13
554
724
277
1125
83
1888
427
890
679
670
110
1431
102
31
1351
90
39
98
88
200
14
681
1577
628
638
1223
979
1378
87
20
233
97
792
1149
2667
79
612
167
1218
461
2492
503
1842
30
1256
1177
934
1065
144
383
27
119
578
1345
60
279
446
392
45
232
13
366
730
208
689
204
1001
124
1244
499
67
313
48
70
1184
672
71
652
217
101
97
505
959
3164
824
1160
207
221
133
119
1519
149
456
320
45
958
376
836
738
139
53
1443
307
1418
21
7
1049
269
470
2139
161
114
63
60
17
77
108
421
588
833
2556
883
236
291
480
848
107
597
1152
583
139
1419
1837
816
1418
2483
780
354
328
282
377
2417
1177
182
443
931
171
214
1119
640
193
293
60
62
983
199
134
1216
2477
379
1313
550
1173
455
1300
594
521
65
31
434
365
54
33
1345
81
620
1106
756
788
445
228
188
79
2695
445
188
831
32
51
904
211
790
495
632
278
823
39
117
54
967
494
215
330
270
902
642
576
611
221
919
193
419
1142
242
782
755
39
463
378
575
558
460
918
991
1975
222
789
116
452
1268
128
979
521
1182
722
852
429
169
382
797
1085
344
696
182
914
909
149
1512
924
191
265
43
132
91
673
166
976
176
2124
276
775
294
1213
13
207
116
73
98
1007
385
525
80
159
5
10
212
433
56
552
811
289
883
638
162
17
1618
923
92
174
1150
127
760
590
883
250
104
712
627
119
291
94
317
983
88
911
553
1098
1412
716
5
218
1036
84
125
18
188
675
828
513
518
1808
71
382
189
902
236
400
558
48
1304
1673
1046
1786
175
1799
120
1175
193
382
537
4628
61
98
32
175
353
719
2174
1908
198
231
128
837
803
154
18
48
179
759
615
504
1120
255
144
515
182
489
1391
134
55
844
30
653
166
168
1907
636
448
288
59
364
623
82
2896
1045
414
522
346
838
93
324
332
274
200
242
862
283
44
646
1054
926
992
1552
82
1810
599
276
454
796
380
193
9
285
181
971
15
11
1221
883
1035
514
509
479
86
285
245
192
54
386
191
511
100
256
1002
17
468
621
68
200
296
43
175
272
461
382
610
1236
737
521
42
439
227
750
149
317
1513
557
590
620
856
1244
102
400
89
815
369
309
567
990
14
2054
574
476
256
251
99
6
90
1273
231
1062
698
715
875
454
637
341
293
285
695
1202
1260
1134
352
1661
77
1713
594
1595
5
522
232
247
566
500
930
1401
285
569
260
302
289
226
650
541
993
119
478
708
325
489
197
2435
407
264
1712
1106
282
1101
405
645
594
103
285
1107
140
813
161
167
50
2352
686
255
1011
411
1531
207
596
503
340
109
243
1009
508
318
340
678
1614
1064
1531
1081
35
1068
629
1878
272
157
692
51
1256
208
2387
1814
783
473
322
231
145
198
51
515
503
200
303
78
33
522
801
399
1539
577
34
26
887
68
209
316
63
457
368
654
1289
170
477
35
185
127
1381
528
378
12
937
562
765
369
1317
902
844
807
801
1267
73
340
220
1881
255
2216
345
388
687
557
613
109
14
588
865
170
1777
614
580
312
3
83
209
794
449
497
115
111
74
1266
3092
86
28
197
357
137
449
13
201
458
438
181
121
36
358
955
1065
262
128
2494
1153
204
856
81
130
124
1890
718
689
219
381
815
325
920
333
543
305
241
3604
1420
115
881
116
702
546
538
2217
474
1786
515
454
244
100
22
10
2245
971
916
1530
265
1246
76
96
401
593
1372
2199
445
296
519
1085
1582
738
127
647
438
88
47
425
872
449
783
1067
261
172
1460
81
630
286
84
47
621
116
772
1409
229
191
39
137
261
240
251
280
572
189
448
66
87
137
194
191
1366
208
394
8
295
557
55
66
246
127
391
522
2448
403
223
2106
94
931
284
1339
116
661
682
245
294
1052
1408
48
405
806
930
769
307
45
310
171
110
166
258
31
442
983
192
350
35
722
612
355
186
1094
262
326
778
1042
615
9
419
93
84
917
699
754
1422
133
1724
28
513
1188
616
358
722
1193
24
598
394
605
587
478
1708
967
268
83
92
283
61
262
300
1843
532
223
44
674
1148
340
307
234
788
1090
353
925
352
62
1800
80
542
1628
31
73
320
2432
708
108
1181
866
785
354
445
124
1499
489
255
456
166
1080
244
344
239
238
318
3246
624
615
662
320
2214
800
727
100
316
1706
1264
118
44
281
966
801
21
373
969
683
2360
779
573
667
621
241
741
2998
1823
197
178
1391
1494
1182
61
290
261
59
330
235
44
1979
1318
450
123
12
131
808
122
1045
948
154
341
453
639
763
694
93
109
39
267
468
118
251
2030
1325
196
543
125
939
1733
814
159
180
159
1779
847
520
386
407
54
285
467
237
2372
511
528
489
336
20
476
327
260
259
495
51
40
61
637
31
86
1858
455
225
516
89
1242
702
122
330
155
18
644
505
869
119
347
598
1653
692
637
122
169
1462
274
52
247
222
31
2371
225
449
1343
697
258
752
2522
74
34
146
1230
1929
1019
85
50
82
154
361
83
602
798
911
730
739
400
1023
137
254
1221
821
1170
653
528
152
332
2182
274
303
154
884
444
238
483
194
78
157
120
475
156
322
49
173
586
75
785
669
235
46
207
490
487
240
342
453
869
368
1022
46
211
585
1284
69
256
190
213
738
402
1216
281
15
540
746
15
679
86
1074
1411
124
115
142
82
1876
253
179
2423
119
133
444
2167
160
684
169
775
1134
62
962
83
287
63
448
135
577
487
1002
169
531
3106
283
626
344
337
926
279
73
295
795
411
707
391
724
1048
3331
187
46
869
1583
255
1291
157
677
11
140
256
451
956
684
419
673
130
1263
615
2297
159
37
193
532
1364
5
1675
929
416
58
64
826
943
77
608
23
901
438
38
2218
287
267
918
17
1915
48
716
786
210
309
1276
484
372
549
854
103
299
433
35
2507
371
223
1174
1467
1317
2100
439
542
318
235
667
328
75
1399
329
260
94
1068
22
608
264
304
461
500
180
350
100
280
680
1549
254
609
374
1031
614
28
209
89
1659
18
719
443
1895
174
200
83
220
104
638
713
257
650
20
1470
202
263
1224
631
95
550
586
626
164
455
1374
199
6
521
216
292
437
1117
237
3184
121
1280
319
142
320
700
198
260
183
795
498
96
588
1487
728
97
52
290
326
798
994
944
1461
1626
360
880
1589
117
49
73
1004
1276
29
954
730
421
24
2896
31
154
809
620
259
157
1970
263
262
585
137
206
727
168
1232
691
599
196
212
419
595
722
78
849
599
391
641
685
88
1706
34
103
1954
197
1669
96
1270
1063
220
370
1506
1252
387
1529
61
508
1585
294
301
400
128
786
497
190
214
326
292
414
646
901
1078
537
159
744
214
40
387
240
458
22
465
546
1619
4365
97
361
1188
993
904
611
2009
1695
353
258
392
1137
423
126
99
603
435
333
1620
1301
959
670
1502
616
667
121
95
1212
510
46
70
255
403
1560
761
302
7276
185
702
1479
117
1113
1983
802
173
283
416
836
841
1429
881
631
1319
124
534
64
292
234
1751
518
344
980
480
131
1604
35
246
953
497
1199
30
426
209
681
95
192
346
302
419
519
1477
2748
275
1501
360
380
69
268
1158
1383
565
2149
44
385
1024
1060
494
2162
219
638
375
400
398
557
216
1651
158
3252
230
1186
364
1258
234
162
467
395
1245
462
1262
2091
695
45
2629
492
2480
992
212
423
577
26
112
383
71
94
184
1686
3356
358
235
879
200
79
316
1677
841
2382
92
257
1865
567
1003
712
675
111
721
2013
289
1206
767
19
355
401
478
2086
357
710
1225
625
674
510
116
529
1770
62
41
1825
1263
719
15
1543
231
2588
920
16
18
573
189
194
358
702
195
1418
86
144
115
233
558
768
278
1269
73
1047
1222
555
1083
131
401
631
459
42
827
535
541
975
1683
889
690
850
566
17
557
634
2554
168
930
381
1563
935
363
1741
281
240
1065
30
843
169
211
1425
417
1114
253
498
391
619
666
480
32
639
132
416
489
352
613
1736
521
425
43
731
530
416
703
734
94
22
1341
444
141
153
27
188
280
162
298
471
407
53
186
1589
667
530
443
2236
164
384
850
757
44
1207
314
1129
233
914
185
463
1159
280
350
153
340
1400
336
21
196
1342
899
222
12
1292
386
94
473
35
142
492
176
589
593
997
333
1197
586
597
142
264
932
573
848
677
313
200
113
491
88
83
704
53
1072
1384
741
56
975
43
48
803
2550
1485
16
302
533
412
150
1130
425
305
260
84
356
322
1023
255
87
185
1241
95
161
1125
957
101
214
2745
323
145
345
678
543
926
1372
1017
371
89
425
123
680
2509
410
509
786
332
292
1085
417
298
1480
455
1126
369
824
1326
22
1701
460
898
63
598
721
174
1343
11
415
344
476
57
665
246
636
11
878
183
469
293
1038
348
264
325
113
186
145
107
473
603
241
737
1827
339
1323
158
352
139
122
600
159
24
728
1568
803
92
13
507
190
192
674
413
2635
124
832
143
460
343
1874
694
981
444
117
453
907
583
348
88
1236
816
419
222
61
314
95
100
497
298
1386
195
305
72
427
581
823
677
645
257
77
912
737
536
839
943
394
976
188
2177
1199
745
1558
922
466
332
556
227
1950
731
1519
1183
819
466
61
494
113
1272
488
257
372
182
885
619
29
316
205
2252
255
331
1061
615
888
120
314
2171
151
520
520
251
105
1167
678
98
201
649
130
1338
490
221
647
2276
1011
668
1321
1337
236
454
559
1351
1593
1700
245
407
1135
1393
3038
1428
141
313
285
21
186
2220
1565
96
65
626
718
188
531
522
200
267
26
235
1860
276
352
2592
25
363
157
431
81
1723
231
270
877
394
12
226
536
1020
475
787
887
410
618
885
285
640
71
507
200
104
304
220
61
81
1891
614
95
54
74
493
229
1360
99
98
530
11
131
653
207
820
215
60
226
270
287
838
44
76
913
1623
120
1884
562
509
103
873
1232
720
514
87
404
175
836
869
1067
422
811
118
367
791
153
18
903
415
1750
91
253
814
516
508
9
23
2417
761
736
27
1004
649
1060
258
380
3199
169
210
569
1142
264
17
138
403
551
2736
418
149
407
324
52
634
706
70
834
305
377
1184
243
749
544
533
137
206
544
537
859
2003
709
214
592
161
114
200
69
701
1042
1804
80
1654
92
677
356
763
1651
13
387
762
664
380
720
514
952
17
202
494
190
283
818
1171
1039
536
191
161
13
515
881
468
343
439
109
795
496
301
125
628
2763
385
12
385
688
321
171
2071
377
109
449
440
693
120
131
281
401
185
1000
1157
955
268
995
255
934
545
164
1324
780
2610
400
1805
1449
169
1386
123
256
468
1016
1604
3287
365
114
2691
114
336
169
412
42
2174
113
1575
830
150
187
18
540
1701
308
43
654
452
376
222
1427
103
325
526
48
45
7
208
1261
739
613
370
1341
1469
496
694
656
1257
951
1033
452
59
595
1859
63
619
253
28
802
