10
47
61
219
217
281
251
321
79
384
543
598
766
827
694
913
958
1030
1076
1103
1052
1088
927
1309
570
1371
1397
1717
1472
1483
1598
1734
609
767
1858
1874
1293
1918
525
2100
281
195
1375
3272
1322
467
1903
2306
1024
1374
382
2227
716
2887
2134
1907
1809
3058
1345
1649
1076
1011
2188
396
3385
1324
3487
3169
667
3682
167
1207
1331
22
2098
38
3881
1210
1646
1685
2692
588
449
1204
910
1305
4459
4090
16
3283
1469
2508
855
1356
3008
4765
1586
3335
2463
4435
655
1966
418
396
2078
940
4869
499
780
296
1317
6432
684
342
3157
2146
2715
2024
40
3136
2873
1953
373
81
265
1048
3437
1698
7321
942
489
2246
77
3778
1113
5108
5387
429
1177
4
2162
4259
17
1921
1616
3504
130
1117
382
4834
4356
1652
770
4699
4127
476
7559
542
7292
1095
355
1399
2431
553
290
7668
831
1844
5325
32
93
366
3898
1723
2144
9332
1594
4689
9673
563
5037
6572
8672
6209
2448
1111
214
4660
971
209
3256
1433
2552
114
3028
2142
1580
2668
237
2380
2368
2998
4169
151
2949
531
1778
4968
3927
27
2746
1595
2475
4298
652
7950
1699
2370
9105
3297
3494
2692
1495
1287
2660
763
1542
3688
6088
5046
665
1660
2019
1154
1910
1158
4626
2415
4183
121
889
961
510
3239
5003
1082
1501
3150
3956
1219
1155
708
1078
1490
1253
440
4188
484
1707
984
3999
595
3303
583
3198
3657
1237
959
3394
5087
5004
2088
40
1213
155
3607
743
6226
114
1027
4347
11275
5153
6406
1846
1359
3092
468
2301
5458
114
457
791
1244
205
496
459
2407
349
858
4625
2465
2147
468
1001
570
1196
1787
2289
3688
7942
70
1144
753
1008
3483
5461
625
3375
243
2183
2447
942
820
577
1741
1707
3121
2569
1025
1637
921
6392
1539
2604
5270
2148
1461
706
4485
3523
5498
722
336
790
4546
370
2994
3093
1773
2528
2656
554
608
3113
4847
12077
6692
905
284
1178
449
2045
2511
3105
2953
2608
1663
1889
98
630
2678
3092
685
652
627
3330
576
628
2359
76
2742
1947
5973
3736
4819
1715
1834
4210
74
1367
62
142
181
4124
2932
5248
969
840
1651
176
1511
2109
127
3725
1888
623
1729
6
2062
2309
1766
257
447
629
1119
2409
901
1311
165
1106
1918
1550
2279
197
4182
232
3936
766
2220
3067
2362
3163
2778
1595
2040
1247
874
1404
4726
6236
1162
807
404
1232
3189
50
1845
2480
935
786
240
1849
2268
4494
187
2444
622
1635
2347
4925
1378
1906
176
297
2635
1717
1203
365
1597
519
1775
4546
2196
131
385
1078
998
2867
1405
2641
651
1858
1167
192
2235
1047
1962
1601
1153
931
1847
1738
923
769
636
5740
590
1407
14549
153
1047
125
632
4184
4697
42
1391
262
3317
6479
138
409
1291
1730
92
3135
3052
4394
540
220
680
3881
45
807
135
40
2591
2311
3093
4898
1082
2011
765
1626
2831
1863
5239
2370
1228
1197
3595
2945
1277
8223
2247
3760
6186
1041
3325
2259
78
1638
1941
11144
1125
881
3063
3931
1639
2717
631
324
2006
3037
724
1567
2164
1407
402
4040
1311
5874
720
417
1922
544
50
4951
3575
640
1498
4622
5370
1830
3246
827
1006
824
2173
3612
816
1190
2251
1297
2266
688
2039
179
838
2828
2555
313
3283
4521
359
146
762
5023
7472
247
4219
2339
3251
832
26
460
6
1920
2413
14
449
1386
2483
1887
2862
707
118
2245
863
1802
1852
264
659
2334
2090
2001
2876
750
1811
2380
429
1326
3155
1222
2235
263
2430
96
2291
5
2361
8570
1607
3755
4079
2398
780
1338
1637
1279
1768
3191
2206
968
45
1032
1468
424
60
4921
23
270
1173
3731
8177
7002
1281
472
1011
3231
2427
1406
228
4033
1106
54
3889
1464
893
232
2784
5103
1052
3703
2092
417
2407
1335
3383
1235
1983
6011
2428
344
1840
3393
1054
1586
2177
706
1015
59
1664
8365
36
1390
1288
2675
1521
7598
5480
2261
3819
319
2865
1354
695
3781
1439
816
2662
381
3270
1122
2254
2010
4128
2734
864
1512
4370
1326
1854
1937
52
692
1253
783
661
1716
33
3290
816
159
578
6169
1232
909
5821
1354
1795
5583
1033
526
1494
174
3581
850
197
2585
2262
3687
1691
1262
3353
1216
752
431
1453
2305
786
4024
3884
2618
677
76
108
217
1129
4014
5383
8090
93
314
6044
1576
226
1052
484
6837
381
289
6184
620
645
7
459
1002
352
505
937
331
603
2204
373
1344
1167
4619
2810
45
1338
7236
4103
1751
980
848
5559
617
224
3295
7384
240
1601
606
349
822
2132
169
1231
1819
232
300
501
5242
35
987
814
2141
3
1195
2081
355
43
798
609
3193
3499
608
2047
143
1641
22
713
59
2679
3557
81
2308
158
1563
78
1137
5071
894
9416
3632
122
3857
281
664
2940
698
973
5243
1505
27
2340
3827
3566
7032
544
1572
1768
2827
1294
1042
3389
1292
4350
432
1468
4310
1226
558
4093
4466
2204
65
993
1728
4462
1176
10118
1467
2782
5098
657
3534
5232
67
1535
1629
1671
526
289
204
191
2366
3527
1121
1902
913
2062
417
1382
233
1359
751
2474
4104
4503
867
2978
18
1228
168
1415
649
27
1825
25
2783
2459
731
1331
1603
550
255
1016
3812
6921
742
852
77
2242
491
3182
1945
1209
1814
929
500
683
1186
3253
3758
276
436
1065
1600
2285
201
756
5038
4981
767
2433
3569
197
121
1085
4070
1902
1877
2448
705
566
814
137
3323
2435
6168
755
352
1964
726
256
3274
1327
6433
1080
5586
4332
143
1635
6033
1001
4946
2231
828
2146
2963
2589
883
4752
351
2154
1294
4110
5491
1230
2078
1858
3142
1218
855
515
1940
2311
300
2332
1042
1576
4612
1059
1670
1600
1531
1854
898
8310
276
2001
1823
5767
213
5717
354
931
184
1744
265
1686
1561
2561
1794
307
11187
3492
311
4744
545
4263
2497
140
4462
3279
1432
159
1114
281
3217
1226
2291
3054
49
2491
846
260
315
1680
755
4997
364
1715
5865
1067
3784
372
925
1547
864
1107
59
4475
2365
172
3521
533
2820
1708
1188
5296
5592
693
12062
595
2654
4802
674
5038
1608
1605
268
1019
1016
1213
3589
4246
909
2466
2704
622
1508
322
4467
2718
1068
1576
3513
693
4232
3257
6637
12705
5338
45
342
290
385
1326
7093
3626
2137
8439
230
1225
323
8835
452
555
845
1800
8436
1479
2479
6888
102
1505
4558
777
709
6267
2603
857
850
16936
785
149
462
302
1264
3876
1248
754
1049
1129
993
1784
2658
1641
1808
2051
438
1295
1147
3814
405
7502
295
2463
676
364
7950
199
502
408
55
5667
3433
2697
1220
5448
1135
2505
4
1093
817
179
1033
819
1803
2567
963
3782
5595
5783
2861
1092
4427
662
75
1862
1895
1541
3703
707
1896
2171
3257
525
6321
1519
4163
769
441
123
1452
15909
1390
1574
2400
436
11711
4722
191
351
4315
1094
714
2470
6873
6397
1084
427
31
5308
11
3618
1318
101
537
222
1099
3080
93
3397
1068
119
759
66
2972
635
2554
355
534
414
786
321
152
234
2257
541
1092
366
21
2016
375
2811
12565
654
1451
1561
9130
2127
2306
820
4200
248
646
624
140
1747
585
836
1242
274
1424
281
495
934
768
1052
892
5428
2407
189
2231
1075
995
2911
4881
1347
455
7258
1105
4122
384
1051
6238
3423
882
4325
1744
19
1993
3006
196
1747
6344
1071
331
1852
1924
1362
4339
1199
6302
452
8478
3422
1053
754
2561
649
117
5091
2170
2125
28
2027
945
2692
480
106
2741
165
703
3129
3007
2746
3302
3184
12
1031
171
359
6746
3001
2859
4486
414
546
388
618
546
1032
8288
1676
6339
390
5887
881
531
688
2225
1238
101
1715
821
1769
1975
672
1160
7078
1444
2761
241
207
257
2870
424
252
11096
1995
1201
1787
2060
1544
138
1479
3666
345
659
1500
2659
78
1272
2008
3609
212
1574
861
6826
354
2930
1793
2362
1326
4047
87
3281
4240
2989
10995
31
500
2397
1817
545
443
5236
4718
467
872
2504
695
462
2090
5117
347
204
468
2758
1651
223
7421
36
11364
7693
859
126
12550
1225
811
406
4509
4835
2643
681
1511
2980
882
2082
714
3282
270
2059
3554
1893
4538
746
1575
8710
2788
2870
7724
4980
2631
1762
20
208
4217
1055
521
34
4360
411
11800
104
493
1479
1725
1732
546
11535
962
831
1739
174
1146
939
214
2144
846
4601
1231
2140
580
4125
1659
8518
4435
1188
262
8220
1363
817
592
753
1726
6443
293
885
211
1932
453
124
323
6787
5802
1835
370
649
2790
5212
3566
3633
143
153
136
60
909
3904
282
3607
87
1661
5967
2743
687
1388
407
819
5691
3034
1312
721
4258
1000
45
1665
124
1499
3027
1665
1869
2909
224
376
3408
4369
581
3394
1588
1745
1736
1799
4614
1208
418
8047
2226
7771
3944
374
852
62
315
4549
8083
1587
374
2945
1698
933
3189
1820
2732
1227
1679
5275
1430
2424
2279
4745
3564
2760
6450
1971
507
3841
1487
678
3648
412
2364
494
4221
227
2064
287
1176
1533
5715
4129
3849
1646
1872
1594
701
200
601
3708
1044
9777
5705
1165
706
3359
4182
2303
1797
332
3293
2264
1068
2315
1485
610
4566
2389
188
3134
1736
106
6948
1303
664
3134
2762
2025
3728
1480
2699
1886
1495
3921
7906
2183
1173
860
1601
8371
2077
6311
2530
2466
2921
1122
518
5482
813
939
3738
4343
2300
786
803
475
1732
2913
2649
3716
2164
1100
709
733
197
1876
274
1431
2673
6266
3112
2940
1354
10459
191
93
1349
847
3584
3102
1922
44
5120
2126
2276
13999
427
315
9249
2209
1731
355
8481
890
479
4253
4730
1822
142
3131
2556
947
4756
6897
7280
5773
4452
1129
352
35
5037
6334
4777
740
829
7
166
450
374
4213
1145
173
4574
2121
292
733
2307
242
791
4508
7341
7613
1795
3987
770
655
3450
395
929
652
680
604
48
645
1036
531
1662
219
5411
342
1818
186
789
1405
569
2275
566
1820
3240
2832
4257
13142
121
760
2688
13
748
93
4372
5537
1604
1202
996
1398
1468
1909
2891
2520
3919
1765
5243
443
1642
11383
3402
1087
2227
2343
4654
59
365
1125
658
901
560
7347
1411
2204
3015
285
601
900
1470
1037
3717
7553
1560
370
695
46
2620
34
2869
130
171
2203
1591
966
731
3379
932
8287
4497
8854
744
1872
3574
168
561
2962
2406
5704
221
2352
882
163
2356
284
1818
2505
1773
400
440
3051
1519
147
6327
1849
3816
4078
1078
582
1020
3625
24
5006
1437
483
5484
4729
1359
1888
5398
2252
3728
2075
419
8125
6413
2103
1466
688
251
1466
3037
1260
1592
1606
296
522
1138
3139
2758
962
3873
826
2001
3437
676
523
1679
748
1217
3383
615
4060
2540
1291
51
133
1356
775
4616
4628
1903
3031
266
606
2356
4507
1036
432
1855
17
901
1533
2042
1223
4626
4770
1557
428
3788
5448
6170
344
792
8130
197
3601
432
269
866
103
3561
748
4218
2877
1501
3011
2089
1867
541
616
2167
1255
123
498
345
1413
3667
2474
7610
389
1499
1707
602
395
3264
1272
60
450
2803
4812
312
1871
2996
2794
2513
773
1166
2465
1056
215
209
506
1046
3310
631
600
1538
258
1336
1575
59
1553
926
1154
6483
3336
2436
4890
1706
824
928
398
4316
3259
2663
676
7271
934
1161
4089
915
538
510
860
1922
1698
525
2948
2543
532
4978
186
296
504
3185
1082
2557
5459
3180
656
1139
544
533
7615
2030
1785
783
2343
4438
249
2828
2111
1197
3543
1536
3322
405
716
1986
3513
329
632
1033
193
3513
5368
33
3607
2196
1541
1880
334
4123
27
178
1873
746
999
2039
4210
568
3571
1499
1157
3241
879
1216
6247
1570
580
1394
25
2355
2278
1244
398
935
1033
3686
2758
2216
825
2656
3754
1947
819
1120
1117
4130
1057
109
496
1814
121
2348
2784
671
3149
353
3275
1524
11622
1044
9295
1334
410
655
1920
1272
4080
950
3795
1513
4578
2205
1098
956
6292
671
719
879
3836
1804
1126
1558
1473
2352
627
419
1911
230
1020
1617
7935
1212
854
156
1327
186
1024
2100
1008
985
2646
284
2479
9153
530
62
1980
3306
374
2422
7415
1638
6099
1694
2401
3884
149
1331
8514
1744
36
146
1914
1415
217
1396
2131
94
2135
7148
1006
1321
231
466
7956
1411
102
937
6596
2648
97
242
610
1392
15
640
181
1184
1167
851
2633
2404
615
4929
5313
1559
2963
405
1656
1617
4758
347
1637
3502
1090
2439
559
89
874
1847
1988
2679
6408
1116
184
1794
1112
2038
98
864
2334
9
2458
1517
4383
2413
141
8418
1743
4048
571
770
714
2361
805
23
84
3031
2609
3948
7993
283
4463
1521
324
3555
257
5189
4503
1248
1465
2249
631
669
909
3111
239
628
54
6444
754
164
1354
1926
1474
10508
1543
310
1389
98
901
1678
2296
4842
1193
289
463
885
1996
4892
3511
3129
380
2537
3230
902
3534
273
1732
3433
1322
1204
3746
2297
1409
2271
471
914
1618
2834
592
3412
1078
300
3191
5819
2241
2317
96
747
3582
1618
2988
7221
507
563
223
1442
3505
1581
10578
314
1413
9
6306
521
514
5048
1396
1839
1859
1586
3622
1605
1113
2337
7184
2363
1070
3128
290
4379
350
629
2055
5121
1638
868
1407
84
4703
761
265
4241
4293
2799
371
1343
482
4856
2969
2913
3310
470
1465
424
1550
6493
4360
815
9751
16650
1483
2642
5431
453
1371
5118
1392
214
886
4480
407
4894
2078
615
2957
563
1358
1398
368
390
1786
277
390
3418
377
30
28
5032
1610
135
1030
1169
4048
135
337
3161
1154
3541
1604
1935
77
934
3059
9349
4106
4465
515
2471
980
3695
2610
447
3150
2378
1168
94
2869
2412
537
162
1737
1123
2009
3271
4934
576
4601
1336
1566
2501
1269
401
1448
2226
646
614
835
257
126
849
221
245
2037
1153
2681
3081
1263
666
52
1759
142
5161
1778
3850
153
6891
4277
83
7524
1555
342
520
444
1646
165
496
1345
355
665
2165
2006
65
945
1210
1722
1508
2877
6707
502
2641
2936
5818
865
10024
3095
1159
2397
3267
1162
6566
4012
5816
1103
5587
896
412
3812
828
4186
113
4213
59
688
7894
3658
3767
3206
7631
514
5506
4453
2129
2567
2351
1106
783
6108
101
508
1887
1238
2903
6182
333
346
6645
3901
252
479
429
4603
1051
4442
11355
4806
461
2942
1778
114
3895
6893
88
2564
903
921
593
1167
8999
15576
2757
324
1110
3551
2162
22
4780
178
1745
82
3739
4211
242
370
925
1108
1451
3058
5724
3846
24
1137
2392
1135
7889
93
1409
531
5642
324
235
864
3682
1735
3238
947
2602
2673
2598
7107
5099
708
638
1152
53
3919
3568
1955
5759
9637
1167
37
1063
2920
3580
3505
262
388
533
5721
3849
6779
1890
11344
10411
845
535
3702
2669
868
5424
894
123
981
346
6264
1543
2764
6305
3397
1549
1636
970
1513
272
7
184
1847
2861
68
7114
1016
610
921
1089
1067
3562
538
684
766
1624
444
5784
144
614
1167
4779
189
3086
3855
1729
1473
835
1620
2335
1860
3286
1197
2874
756
2186
151
1384
1947
2909
16
272
586
1172
384
4382
4598
9367
1617
1420
1847
1990
517
117
439
243
605
97
186
1499
399
766
2157
2657
3226
2243
428
79
1215
367
1449
6839
1342
605
3076
1992
4420
1040
1379
38
4006
1932
5248
1031
263
10060
1134
581
5492
5882
276
2625
463
5762
1066
194
1536
4008
1237
1887
3028
609
1202
5598
2331
2199
564
3549
1831
1666
1526
5072
1944
4571
1100
4474
2200
459
304
1973
2830
318
85
747
1062
2071
1142
4949
1646
721
3036
581
559
14
665
4808
98
2191
1861
2408
508
2493
2245
831
616
2489
3640
4779
542
2847
1218
608
2188
2629
4825
6315
7352
894
1079
883
4244
943
6645
2391
794
1048
278
166
604
242
8023
2563
464
772
152
1227
1621
3775
693
7919
2357
3489
1594
3774
3760
1072
9994
4325
2171
8431
1327
3629
1677
5744
4616
2164
1018
556
1330
14981
4061
916
1571
1179
231
1190
1967
1771
1173
4347
1241
501
4606
1730
1070
4768
2700
3873
9868
4146
464
1662
4118
3177
937
4449
389
11387
736
39
1115
1219
1032
5189
984
7356
1653
156
1478
1246
1593
5188
1722
9050
163
604
175
869
1145
476
5850
2318
5855
2694
2999
2785
11
1714
1640
650
1193
2702
1996
702
3944
2476
844
1706
190
429
1208
1338
6823
46
651
402
661
2559
2398
1781
441
1945
5571
679
5554
5123
770
722
3705
1447
1150
1163
3073
1924
2132
495
769
4391
770
3014
1100
1662
8027
1015
1274
2803
1291
1229
3160
953
2526
2441
3022
791
761
6193
237
3312
163
6172
1154
3881
3253
1841
5007
2408
5427
1601
1983
2085
329
453
1819
3124
41
2500
4087
722
586
1904
5929
20
1417
4579
2477
236
138
5831
855
106
1314
288
3145
1244
274
1908
3576
66
3533
44
1230
1027
778
1772
3860
309
2963
255
1187
42
270
1722
4093
817
1906
4815
4774
100
6981
3106
1296
5149
957
1095
3573
833
1542
1897
5977
2906
1516
943
2283
941
2397
755
3014
3190
2017
1068
9410
7401
1972
2267
2915
575
394
741
3100
1324
2123
2534
5807
2218
642
5666
2262
5521
398
9450
1318
2029
74
793
1285
667
2532
3716
934
951
3338
1104
2989
610
1219
1151
304
799
120
582
99
2936
2683
2166
2450
5284
519
1799
1303
139
1156
3501
1377
1357
157
1279
167
2129
615
957
492
194
1616
4168
1614
2995
2056
1279
4
3667
329
3145
263
1954
10605
4822
798
2335
156
3012
4011
1076
2128
246
178
1057
2588
2925
377
565
67
4024
2950
208
1364
5326
77
2176
2402
555
3027
1198
2625
1415
72
1892
3021
382
3869
435
4341
2555
1083
3347
1347
396
748
2047
1216
1943
3842
1379
2483
2113
339
1263
1037
1985
2662
1225
1211
1679
386
2431
1583
2068
5229
1512
23
3935
1046
1074
8936
1652
1088
2818
2446
3866
126
3154
1052
1733
8217
643
2937
2727
4177
4106
120
825
7564
2428
7792
323
395
2918
310
1318
630
12331
1761
864
2108
6001
111
2542
680
3120
3104
6052
544
1597
4537
1404
3569
1970
1664
76
683
2118
5955
482
677
784
132
2756
450
444
402
1705
170
4040
3828
3529
4956
647
3833
1911
358
6323
1411
1638
979
1697
735
478
8650
1124
2457
4436
2641
1057
1063
1838
2024
4537
599
951
184
1125
884
816
2837
2950
1419
3073
1859
6559
1594
1173
6131
6495
474
4917
116
624
1341
864
2335
773
779
3732
340
4616
490
3472
979
1311
148
499
1686
814
351
2819
1812
5549
312
5
2535
3127
933
8555
3217
435
3252
1234
1145
253
336
2853
636
768
979
2446
1529
2536
3647
5916
204
1160
6117
7885
5100
2863
1115
1580
5768
926
17
133
844
4412
1918
4039
23
1095
710
3502
450
3787
1842
3886
652
1495
5962
2133
421
720
1054
473
5419
3945
315
710
2441
275
74
1843
2839
508
8011
3046
5474
2890
1849
117
336
1301
564
1112
247
5492
528
734
1405
2959
11509
3376
676
8015
213
8
528
218
1071
4772
3060
7815
8008
1947
2759
782
2335
1037
43
1970
1583
184
24
480
451
460
1986
1151
163
1603
1512
1030
1805
5081
149
1378
1866
1918
3775
432
1601
297
780
3591
216
103
199
6058
1297
1056
457
3975
4138
969
359
6948
493
755
4080
5346
185
191
1599
2627
7087
800
1965
1059
72
698
733
2604
1330
4638
4521
1684
2254
1607
366
304
2478
1460
3889
3941
164
1591
810
154
3690
740
3072
956
134
1654
1239
371
697
1677
236
2642
1644
5271
2957
1952
195
4566
1097
264
5110
1442
4928
265
6033
448
3518
2962
3158
187
552
535
2094
2641
436
208
186
3272
83
481
6989
1784
49
5109
1493
3208
7239
1787
2123
1520
912
830
1978
38
656
1394
1631
277
2173
1444
2525
3338
187
3818
1570
375
2661
4612
1009
1207
319
2415
6655
1352
2911
1670
745
914
1440
6037
78
6978
983
1741
657
2611
6682
666
1168
413
322
157
640
866
1619
338
393
1571
209
3935
6661
1388
937
242
964
1623
4202
476
1673
7073
4298
1026
2624
200
1271
2286
1802
1265
1079
1992
2137
1577
1212
693
4793
2307
1593
40
2426
4217
8131
429
803
372
1955
3920
959
163
2732
93
30
3253
2539
2415
2709
591
14
473
3340
1571
1734
1120
1635
4661
250
3780
5841
618
2372
2318
2487
4309
1665
406
1622
2769
5249
2985
3764
256
4747
237
2953
680
1441
864
1684
1140
225
582
2874
426
2381
4297
2213
1347
1074
547
2005
3220
767
7086
842
2048
26
1001
3904
2278
726
1334
5274
877
459
4211
5684
2274
2198
310
217
1783
1658
1624
434
1133
177
1221
169
4038
181
681
1083
3854
2358
2636
241
2423
554
815
4024
274
503
1922
469
2558
1442
2258
682
2419
538
1969
362
285
1690
706
328
1487
2583
2281
4583
2582
1140
798
2859
5360
1014
596
4920
1208
2075
1437
8056
2742
1492
5805
1099
1372
6666
383
3033
698
59
764
953
3154
2563
2902
5465
3081
4094
1444
792
1681
515
10
235
1614
1112
8548
311
336
964
3246
7189
849
1442
2126
1275
1208
471
6783
1738
299
151
1685
1812
953
2812
1820
6228
1162
1912
545
885
1374
1586
1167
1612
555
14183
717
12
337
2054
112
5928
2209
2831
601
513
711
3283
4418
569
6154
3205
279
8012
1655
199
86
5007
1098
2033
8116
3254
1924
3665
196
2113
1706
94
2710
1189
315
561
34
574
2980
743
3057
233
1738
1352
4943
3883
2637
114
596
234
1638
2929
8883
4542
4298
2201
1116
488
164
3348
1027
5872
2838
504
3054
3571
5177
2095
4610
5595
5336
5432
404
323
193
6
2667
3553
1147
505
2639
561
394
4562
2033
76
616
4774
3847
2430
1618
3328
1354
5717
2707
214
596
2249
1128
1009
691
4849
1051
51
1874
435
1406
1120
559
467
1346
831
5730
1427
119
2338
1326
3581
2317
338
694
420
2760
395
1514
1075
1029
323
870
291
4865
591
1419
932
644
6580
2315
10525
379
230
59
1197
58
875
2949
79
1431
1326
2895
397
780
568
824
2561
988
333
289
4475
1251
1112
1766
2451
168
280
106
739
110
7005
613
67
3779
1527
483
626
591
893
1728
8510
2005
766
1092
1447
644
3541
1708
1126
1562
1437
2601
687
1174
3081
495
881
2397
381
6166
3067
1567
2502
3765
1771
7083
1148
920
2552
1603
3400
432
4774
977
117
94
6719
1363
243
298
1039
287
1090
2901
708
471
133
816
9049
4557
7584
2653
7159
504
5216
3021
6377
1465
98
2070
367
370
4239
2220
3580
128
422
2718
3804
3192
640
7531
270
686
3343
3390
1266
3683
1006
288
3985
659
1768
3154
2048
3339
761
1292
269
656
1082
2684
1941
1369
133
1066
2794
23
521
528
910
1243
943
216
937
1186
145
1129
577
1657
4755
913
2157
674
574
539
2096
858
3528
6159
905
4992
6623
3490
4474
1273
390
193
163
1824
6235
2543
3134
724
335
2110
2945
52
2566
2089
1715
1185
4562
12860
4981
1470
438
7274
1238
5578
580
254
3358
1384
3315
5135
2212
927
77
1126
2094
2862
682
344
5476
2373
2265
1512
117
343
115
1539
66
688
18
102
614
4177
7617
5627
1404
2298
21
3008
478
650
2277
1460
1045
1669
1679
6666
981
2314
284
377
169
3218
2638
2995
910
109
1196
5605
6400
809
885
625
2023
1423
2972
1618
1860
836
784
1106
1920
126
3423
1112
1303
1124
2795
2542
3226
1750
2225
971
28
2493
1049
2705
298
1903
1005
1212
215
863
1926
2620
2352
3279
1673
890
65
231
15
1476
684
4265
2474
245
278
2777
670
164
5569
1631
1569
232
3667
1610
2489
2681
5226
723
1622
396
276
3699
693
3493
15875
1120
1278
2680
4513
5260
1511
289
2268
213
6938
1636
1968
2488
6400
526
269
12376
3401
7609
2082
1827
1502
289
10955
1321
1446
611
230
653
2398
3681
769
6230
1795
3307
1488
1757
11996
984
2121
4362
3394
555
112
456
4761
2599
5488
512
1921
7562
5238
1476
1371
1076
2244
697
266
520
1484
726
1131
3497
3915
851
1444
717
420
1016
3865
1472
8421
1618
876
3069
8185
1283
1414
7057
845
4661
6085
1442
1418
10424
1420
7129
232
2072
117
3592
1298
69
1763
4944
6187
4812
4594
1230
6016
6281
12408
4797
1504
2393
3764
4448
151
1685
2839
2690
243
635
180
290
359
429
262
11573
2149
2690
1042
8084
547
3579
12766
129
3276
8741
799
596
5335
999
118
101
1030
1274
5147
383
3317
1305
826
99
4274
2396
103
692
462
223
6041
3256
2171
1423
725
548
2035
3188
2842
390
322
5733
1596
911
1929
2806
496
926
2061
6193
1049
1144
1915
84
2845
1673
130
413
316
1880
705
1359
230
1204
2068
5346
27
2823
3257
602
8154
2028
1911
2635
2196
679
1464
1345
730
345
1747
65
4704
1158
741
48
2637
4702
364
1617
3288
5168
742
3391
711
1215
3583
3242
376
1844
663
565
182
1818
1776
4108
1148
3011
2801
565
404
84
1567
1097
697
4075
1222
1974
1859
107
790
423
7105
2641
958
137
3202
5054
1726
3258
862
1186
2141
352
3381
1497
467
6765
1394
2112
1886
174
396
4779
1458
1377
1744
713
3104
946
4120
1645
5095
115
1070
1938
1903
7363
941
21
2681
5802
7432
4499
4305
1204
2122
378
1301
795
409
1333
520
855
2359
2794
747
2439
1960
5904
3162
7400
9538
261
3214
582
2020
45
2265
492
542
1956
1263
1600
3121
2680
4794
1258
3200
1871
1920
10911
3465
131
682
5375
2479
1393
1894
570
614
1329
429
2364
3145
2955
2255
3331
1782
1056
4695
1059
3181
857
773
4233
2323
210
1019
2038
1006
1874
2261
5475
274
2320
477
305
468
1892
1138
358
1871
863
78
182
1358
385
1455
1251
2200
7358
4062
3021
1321
3622
484
2189
2532
284
750
529
1776
4677
9001
1442
1604
5782
3744
4731
3655
42
1509
2021
323
540
1949
662
1705
2392
1225
2339
1498
1583
2782
1856
2946
321
2694
1467
1531
176
325
254
1426
1284
2383
971
265
469
4770
392
225
1085
513
956
2
2396
2389
2011
18
865
1236
2098
3036
89
844
2837
1669
7078
6176
1825
53
3706
1026
1394
5697
485
2390
178
6980
1281
1776
2577
997
6359
557
2525
1518
1821
1649
1098
476
856
2026
1678
487
178
1656
668
541
681
288
1001
4985
4087
3035
271
2920
193
77
1838
1052
728
229
1479
5989
788
606
1349
56
42
2882
2031
2124
436
676
16
1819
1304
1355
70
2152
558
4113
6924
7
3947
954
178
6609
3109
1138
35
2878
4396
5627
782
5329
779
4872
3044
279
1052
1314
236
1011
846
2474
84
1341
889
1192
3548
696
3037
2606
97
368
124
4334
5
3946
4731
2509
477
1052
1796
3302
3064
936
3640
3295
97
722
111
1757
4149
115
3435
5001
1234
7626
378
459
305
1618
1562
378
6126
130
1747
1545
1074
1340
4086
1112
444
970
599
1281
13
1168
205
1799
573
244
1441
702
287
96
4456
3
2599
6785
2735
2774
1872
589
356
423
77
546
3246
881
7382
3125
659
535
460
2216
25
18
1199
4055
2990
876
223
2694
7273
299
1699
5952
17
1145
575
474
1145
1737
2496
1534
3208
1497
5440
1243
2482
1545
4636
3387
6333
993
151
3418
91
758
3845
843
2166
438
1309
198
854
508
3339
3911
4060
1738
4608
110
827
1133
859
1051
8922
221
1028
769
620
3814
9334
28
345
2384
2204
237
3112
1493
11580
3512
2034
485
2982
5768
4678
1661
3521
2087
3318
73
815
2501
1653
4198
3690
502
8619
1166
377
2073
1159
399
575
196
1156
726
3491
856
4082
1244
1750
3509
1555
2773
2635
587
771
934
2732
2710
620
6297
2552
2760
594
2709
1240
2790
319
611
863
3530
897
1649
3019
1235
1303
477
3181
2911
2533
610
23
1755
16612
4003
2981
4331
6511
1978
826
6164
1731
591
4948
275
2652
4173
1431
610
3141
2347
3426
451
1273
2051
1920
824
726
2179
936
1939
51
1978
1033
3696
511
2114
1548
1193
1394
2013
8777
1739
2005
23
2069
14484
328
296
753
961
2329
7201
2365
136
3919
266
3022
409
11881
1837
3912
882
2440
6066
225
45
1202
5102
730
4812
1150
2407
822
1333
1640
3520
393
2780
6194
15
1322
3101
1344
1918
90
3136
2245
115
3039
2432
337
4104
3306
14
243
9867
468
7172
1299
4964
3543
1516
767
112
206
404
6413
6148
168
292
3576
3896
1762
685
2259
1355
1255
66
2049
1367
10004
1637
3185
5116
84
3731
6641
1235
258
154
1220
1919
4732
687
3280
4404
5008
966
230
6040
256
2685
3858
1009
268
732
3417
1085
954
443
5662
1130
5297
1757
86
339
81
2277
425
7332
4639
3698
2476
1219
510
515
45
1693
2956
2225
4567
1690
703
3495
1466
78
88
1052
405
312
2396
5961
1253
945
1395
430
6493
6097
261
213
407
827
3154
93
360
330
2465
1067
3031
1377
541
5042
1726
6715
1748
1142
8500
2292
1885
987
365
982
1706
1197
9124
970
2125
5270
3372
2369
38
836
571
1466
8775
3138
2402
3532
641
2535
5142
1233
1352
4052
4298
286
3160
2850
938
1754
933
9855
3111
3384
1404
2680
687
1586
266
2682
939
3081
483
825
408
375
1108
1591
3621
4087
361
6465
438
1313
556
1307
2474
916
1045
4
1259
6063
12062
2009
2260
3417
2559
537
4580
3147
1117
3634
204
2870
1872
3662
370
656
2405
6381
465
3536
4876
2673
3758
9613
2459
2538
936
8536
907
1437
623
1738
2531
183
398
893
2846
5260
10309
3570
769
1015
2788
475
1098
1586
2991
1622
2427
1472
566
8709
1261
2323
34
7494
115
4833
1111
431
310
52
230
1064
592
3621
1447
189
1275
2517
3138
1003
2304
477
3224
4761
704
151
5890
8781
2302
2991
1390
7067
364
4053
40
2737
2655
1424
5143
4050
964
1687
2571
378
2948
887
2729
1093
3009
946
1548
69
869
708
650
854
6120
3249
2260
690
16
1394
2308
329
868
2501
7968
1493
199
418
3527
289
4251
7587
2212
2238
579
4209
1011
459
696
1438
894
242
535
2333
449
1856
1732
902
1516
9727
6280
281
1379
6076
262
1334
661
516
14
1128
3060
318
2132
2288
8331
117
2360
9588
1645
1613
1285
294
4111
2728
58
96
3418
6436
1014
364
2824
249
260
2934
2656
461
937
5719
2388
8145
279
259
15
319
159
2743
3015
647
5001
1469
3945
4360
3057
1087
8955
12286
2194
1746
757
935
1222
2840
61
1355
5248
2058
3498
552
1000
3844
1993
3323
206
144
2017
6999
1194
1537
4584
163
10287
1174
5711
1134
3647
891
238
2454
2364
8350
51
2124
1552
5075
855
5895
716
5655
542
2637
665
5594
1847
3493
843
1927
1366
8942
1129
589
902
11350
1786
641
614
665
4183
1166
189
2839
2925
211
179
1081
1279
61
10
4202
1488
3533
920
194
138
7795
216
2217
668
1290
2311
773
769
207
992
448
2306
584
1940
1428
73
969
5232
956
953
976
505
2362
1596
76
4472
1375
3720
1628
1583
4640
1224
310
4854
1292
4301
983
7142
1630
972
313
1438
2543
1673
3894
3090
2094
1626
4375
1247
1594
446
71
1981
2760
378
2818
2304
1500
61
41
1176
4774
1277
1171
2588
847
3372
1359
465
4892
750
225
4127
1351
299
1014
534
4949
449
1069
138
346
1878
952
3765
2826
568
737
2364
3028
1135
484
478
1452
4046
1075
7325
5067
7993
2228
1471
685
9822
675
1918
1130
429
1727
1777
332
528
3207
290
1020
173
1292
1965
835
8950
4499
1936
3881
273
518
2282
1405
5178
3329
1511
4823
1914
275
810
6764
635
5060
290
626
1529
1180
376
143
2324
8613
1986
10011
1202
758
4869
1324
1662
2092
310
2984
1063
1020
3761
4340
3431
563
1045
257
675
416
2614
1539
5613
940
393
159
1087
586
1908
377
720
92
807
1189
706
1803
64
2535
230
813
4700
937
1331
478
2933
237
2871
783
2809
979
605
6605
38
226
2022
2761
4675
831
1634
1501
923
8753
3815
6626
707
5921
2451
393
2679
1065
947
20278
726
698
1050
817
517
1596
2444
960
5313
618
1526
1309
391
933
3343
3692
2305
6938
2171
641
2687
2739
1505
130
3900
33
520
1106
3595
3249
2581
6197
193
807
227
699
3230
761
3324
1915
516
3699
1097
3567
2558
8792
790
1579
517
50
1715
292
3458
2052
3230
3281
466
1290
1882
1869
2447
5144
5189
741
1144
2197
3153
3162
491
2889
628
5759
1932
1853
4078
2899
278
2338
1247
1030
307
75
2358
900
2237
758
1354
1106
4740
761
171
249
3468
2203
472
997
1893
1826
5327
620
1804
2148
5038
688
7919
579
665
5309
6552
1311
2619
1398
4215
4523
787
3588
544
372
841
633
1312
282
2654
463
9590
277
876
4952
1386
7570
3771
442
1690
538
80
2544
3765
814
5
1775
571
1360
4157
254
546
4082
4174
1292
1722
399
5757
1880
2553
8206
2331
379
275
2144
1134
15
3459
353
1227
561
565
868
3378
120
11860
919
1336
1975
1194
1276
129
915
5561
312
1480
3379
3270
2433
7473
2767
310
2046
8663
4000
394
1761
3751
2131
2541
1292
198
365
707
769
4931
731
1706
731
1605
120
191
1455
4779
1859
668
987
1689
860
1029
1433
1728
2841
212
1138
535
879
612
499
7734
1234
2283
222
960
378
220
331
1867
536
6875
398
260
3233
894
6064
2373
6
678
2462
1780
438
1052
4087
480
229
2364
4458
4060
3813
393
1541
243
319
492
421
2273
548
2309
1235
970
4290
520
1009
951
2644
626
170
252
1433
6886
307
3815
288
1096
2410
1955
6212
1628
3765
383
3942
847
718
1395
4682
359
2754
1145
695
862
80
1836
751
680
1084
1189
2559
183
3773
2155
804
1368
2697
3159
4
387
179
6840
3158
2371
4641
5665
1747
898
3859
4933
5069
2274
1552
3317
682
317
1938
802
1633
4372
1250
628
732
703
459
830
404
2196
665
90
1652
3720
3573
1890
5584
8514
1563
4471
3390
2437
4330
6028
4136
1668
830
122
870
3962
1906
61
1469
825
2055
1730
812
974
248
725
3401
2289
3062
813
3414
4408
3447
3170
4781
1864
22
1116
196
596
2934
711
640
3469
1267
2099
4980
1557
5766
5997
106
8704
381
372
7483
2624
2417
434
208
646
1368
7550
1657
1375
1548
3041
2922
1752
591
8366
2841
1554
512
5292
3751
3834
1327
6706
3681
1917
1509
878
5066
435
2500
678
4820
2367
900
1810
3845
1024
4543
224
204
2409
9974
3131
2712
4772
2729
2816
537
7609
28
2432
1266
4093
3494
7431
3699
1818
1559
1523
2302
646
2151
4894
1190
2883
4555
342
1419
3285
1781
1182
261
1458
203
2363
76
1643
2592
2589
271
126
1175
3
29
4500
11
797
5233
1414
863
148
3623
488
1503
226
1563
493
4098
830
6982
1767
1575
5850
1356
976
388
1052
942
509
2315
411
2198
5338
4238
3080
2662
1018
1616
3480
8141
1937
7337
2488
436
20
1153
664
6049
1708
2066
1177
156
792
2220
5234
2793
3681
1578
1247
963
1711
2221
3104
4421
624
2761
1787
5665
1268
6470
1570
1722
1769
2154
2697
2776
2767
1354
1062
8489
3506
214
1002
1406
749
995
83
5189
969
4450
1940
1883
2738
1499
1634
2052
453
2415
1276
1928
630
4652
3640
261
2990
284
227
2627
1243
8153
17
4237
4422
1363
817
756
7484
463
1643
3204
163
2399
1292
614
1849
250
1124
15
358
101
1994
1661
1717
1513
579
3507
391
656
317
5332
697
1369
1047
4193
1199
7484
2421
4646
735
12090
2321
2
376
3425
1643
373
1875
5926
455
1251
7039
17
4714
1500
2982
4120
3392
827
166
8072
4670
12296
2465
1533
1632
632
2519
6325
3806
36
98
1399
7246
882
2750
25
3389
1734
861
1168
1841
3051
3868
1052
2659
1778
1579
1760
1322
1314
854
44
3338
3057
1840
2410
4069
992
1581
60
2429
610
334
146
840
1044
112
3612
1400
559
269
1177
4722
1306
4113
6988
374
5
9119
3639
590
1451
285
278
2712
2294
2706
2774
1711
430
962
2397
52
4825
800
1151
1583
123
30
635
1466
427
830
554
1368
332
1330
4587
1431
336
4181
3786
1023
929
1433
2989
2641
2850
4665
1077
5182
75
501
3106
600
41
2321
3853
4875
975
1501
38
3239
3397
1872
2099
8302
1177
326
3494
1031
847
144
2740
1688
3439
46
2302
306
5261
1410
3206
1467
3535
165
1213
6904
992
522
1796
1152
623
899
3087
1160
7
271
2090
1142
1129
444
4759
1987
93
1438
652
4032
160
1969
2284
732
1826
1161
2012
220
444
2148
1900
581
94
1339
521
405
2867
1137
1786
2618
2839
5359
796
1991
3490
419
558
378
2892
331
3863
1146
1255
6625
1819
2152
5050
1420
3715
115
969
2874
58
150
170
1281
1753
980
2191
3279
551
182
336
478
4070
121
5874
40
5
657
2009
1557
3308
1011
2271
1346
9976
372
1744
1896
6749
5566
6511
1934
850
287
698
7896
1781
2234
2170
7480
125
1327
1769
1932
87
2833
365
6586
99
421
940
1783
2059
592
2770
10
676
933
2023
1878
1689
638
737
2754
2434
4928
7763
121
420
6246
3854
2961
3023
580
3242
432
465
3092
1546
637
1512
2797
238
1863
2838
2226
1455
2369
1584
7241
7655
2126
4789
6923
1118
3722
2799
1538
2064
156
8222
1517
90
849
2914
2881
3231
1564
1468
921
189
196
6175
1956
441
2651
914
2924
1720
1514
1064
463
1209
120
711
1332
314
395
422
2005
134
6237
464
6403
3167
7789
8754
17
5150
125
13062
9124
3709
943
2727
1597
259
3538
1213
792
274
978
1914
1069
1808
2377
2804
8139
522
1648
990
546
863
370
5376
18
56
833
2728
9782
3016
955
4918
216
1200
3131
1131
2584
816
3374
1827
3113
1422
2061
3018
1534
2653
5000
1804
982
4174
2739
1126
1538
2494
7612
243
2924
3507
952
1031
676
5148
36
95
2272
879
432
2919
661
586
7411
476
2273
571
2497
2489
3848
1498
5040
3401
3713
3069
374
2615
747
1139
1655
4858
2066
434
2204
1153
750
970
396
2657
1579
2645
3789
8974
886
598
1844
161
1613
2108
437
385
2031
108
4568
637
1440
5058
1307
1215
407
592
2830
9540
4906
6313
3163
1757
3671
4459
733
863
1750
1559
399
1050
226
646
4421
1902
2022
2871
2947
24
2813
1298
97
1289
806
4404
5661
2466
1431
4289
1020
876
6240
7480
885
3393
1812
4323
1943
904
8617
690
2405
197
2552
5366
199
2302
2512
4449
2549
428
797
4782
3197
971
2370
233
418
218
889
359
397
2
5857
5785
2718
6407
3022
5998
432
8088
261
740
836
1374
1460
2540
259
5211
3170
4790
5127
481
1883
1345
1133
1567
1111
2891
6186
188
293
48
5143
1253
3040
5121
1076
4684
595
4225
3500
5061
919
3110
3311
1529
1319
6248
1013
556
6218
3644
1147
6568
1168
1167
259
837
1226
1617
13773
3142
449
1655
1291
1248
2612
485
143
922
2172
8709
147
754
1000
6009
7322
3267
4818
174
356
2838
301
1607
551
849
18
393
5746
842
81
762
2236
2986
1265
1137
5391
2574
15125
1010
775
734
2097
2221
10690
3139
171
400
1611
2431
1157
347
579
907
203
495
1584
718
1106
1330
2191
5720
1033
13094
1143
152
3245
635
579
3886
1600
605
3069
4962
722
1335
1152
36
1145
7
4991
4095
205
908
349
3916
3915
203
2877
4036
1153
2644
783
1116
1131
3000
852
2495
125
934
658
218
249
2029
315
24
1676
729
1690
2249
831
733
1788
407
2178
3261
915
4539
3919
80
1815
4167
1321
493
149
3056
255
11900
2445
196
1513
198
2220
715
122
3458
8006
714
286
2047
159
5041
8493
696
437
29
1445
3496
2380
538
545
5422
2097
1760
4138
20
1342
8082
905
1178
2833
3167
12
153
3255
68
93
718
3192
523
893
220
2267
3664
1381
2538
679
2239
2920
5054
4138
1971
659
1772
1118
1815
6611
9178
1194
3951
1846
4094
1144
2653
1089
2322
664
2699
773
1197
1436
682
994
120
5751
4485
396
536
396
1132
192
1140
1156
4873
1556
1168
1544
376
3715
1419
254
2650
273
766
98
6479
1105
4545
26
1247
4266
4592
1070
2088
2759
633
516
2822
6876
67
2200
896
2342
2263
1057
3943
3963
2528
856
519
5208
2450
1047
275
6617
4237
1586
1383
693
1051
526
947
4590
2523
1908
688
2091
172
1114
3148
844
4168
2967
442
1798
904
1341
3710
4629
1148
7848
855
1347
2981
874
757
2872
1995
903
732
2325
130
5418
1273
1230
6685
393
160
3849
2876
699
2972
1786
4203
60
4332
1825
181
2095
1359
47
1540
3247
2477
111
558
53
434
1940
378
1392
1771
5004
2198
1315
571
4182
1093
3890
107
3318
1190
810
740
2438
3894
1344
3072
8682
3091
1754
1698
4077
8094
1773
1614
15
2643
886
1003
2995
1262
1209
2390
315
1193
2321
166
4886
2583
2402
4200
3704
2767
1720
4036
235
203
2808
1349
2778
9117
6677
2003
4572
6
4457
3248
114
901
424
218
2494
965
2739
667
704
6371
44
2982
3324
3463
1119
278
3480
3434
1344
1156
2319
1193
717
1184
3900
255
2531
550
1830
956
2745
1252
1278
5534
2592
1423
1445
645
2363
6864
378
2430
1815
417
110
1723
565
2182
3424
153
1450
1037
4979
2145
1644
2803
950
731
545
982
1317
4354
1001
318
5106
542
2639
266
1654
16
2103
22
844
995
2949
1032
1749
6789
1503
3441
109
3957
430
2186
3193
2018
4642
4138
319
893
375
2206
835
2780
1048
2166
1820
4083
1647
2487
936
202
341
268
1938
108
2233
4833
834
494
3344
643
1393
766
245
3019
3232
2061
5900
2714
373
351
1217
146
1655
2670
1255
3014
2361
899
2367
4757
272
912
569
964
4588
5811
1241
2363
1448
947
252
1437
5483
3302
1563
572
10754
1843
2870
463
528
3426
5226
179
3313
9064
1653
4159
672
405
1330
5463
3009
540
9119
2426
14928
1568
1210
976
1206
472
1138
2722
691
1995
1951
1384
1125
474
3108
1317
1757
3945
5420
490
1262
6187
1984
1634
1538
578
2237
545
1819
819
2736
646
634
564
356
3394
4458
2601
2082
1409
2683
1733
1322
476
4180
854
614
882
3418
128
4925
3456
5
13416
10
4972
767
7485
2500
234
294
1398
2549
3864
5478
112
415
1475
2623
2767
764
2235
515
2823
4156
6358
1325
1114
1633
80
3128
201
1050
2314
2454
2375
1789
531
2574
647
82
2076
7916
1642
2789
459
227
633
1323
161
3671
50
326
3118
2612
12
4868
3874
1901
459
365
8416
8638
407
702
2097
1574
2960
1084
826
796
637
1245
1022
304
5464
504
1723
6953
289
4013
2869
450
963
5701
1554
1234
2931
3466
6794
645
4970
1580
9229
10583
136
3467
2502
5476
598
3076
195
4176
279
902
3955
1146
7378
2768
58
157
2172
4112
4312
1188
1940
2944
4515
827
293
3832
2143
3440
682
1056
377
3853
3813
1597
925
2271
3255
2582
2219
502
895
4180
3121
5539
3645
1995
405
3744
1149
1206
609
558
1481
698
2344
1579
1358
840
751
819
3669
1236
4335
1007
3898
468
1513
2617
248
180
6611
1084
956
474
7246
1056
2948
803
1735
1996
1262
3100
73
5151
918
323
6446
818
2114
1186
4137
5003
845
6828
118
272
129
782
4309
1599
664
565
714
264
7311
3250
57
4022
1408
152
1407
382
195
409
4399
538
211
1869
7451
7068
1547
3490
1576
249
9965
6067
1119
9257
2857
8754
318
2980
73
4954
772
5050
6616
3306
2412
4098
4
921
331
2158
3140
3583
3480
2952
4730
4814
1466
707
2498
5095
244
5637
2781
6126
8406
3387
3789
148
1805
4895
3433
6
2996
3527
249
1275
2882
5142
879
534
5206
5107
3031
2343
2269
1647
5172
4632
2157
1204
3386
2536
411
66
1111
3436
28
2304
1898
117
1762
2835
960
1199
2301
2852
431
1171
267
394
8427
445
377
259
2486
13
2029
2151
883
2991
225
3149
673
1114
5062
1423
391
381
638
966
1823
1356
518
6668
385
771
2395
56
1674
1264
411
4985
1828
4987
2542
1763
159
3276
7276
1529
15826
504
2497
1815
5087
4051
5173
701
756
40
4143
260
1327
438
1993
1208
2382
654
917
532
3861
1366
11648
14172
1171
2289
4642
1983
55
96
163
3814
1671
606
980
106
759
10259
744
629
3257
3262
1938
628
13667
711
672
648
769
377
7754
2379
2290
2154
6061
1722
383
2004
745
1777
1015
1141
321
2387
684
223
2777
3732
988
1693
2151
1314
5010
461
4850
7439
934
7798
3414
1036
3466
2962
1208
3076
2028
6267
15
682
1827
36
3124
1675
1079
137
4237
1464
1830
802
442
2533
2302
1612
717
4312
1272
2644
2873
2487
5900
474
3292
4096
7796
1544
146
142
2053
2854
5368
2089
73
333
3347
2212
2048
3537
2361
1407
1991
1425
2073
467
1277
367
3894
403
1489
4123
1889
5653
71
1072
3083
5125
1582
184
2539
1727
6023
1516
258
2290
360
997
907
3276
2932
1744
2832
387
327
3361
2119
880
381
4906
90
1465
2487
540
852
619
1069
525
406
1537
1223
1920
527
3107
2273
973
1293
1141
64
360
3014
3462
4844
979
524
3633
451
2482
189
3563
25
280
1838
4298
1533
6091
1000
69
2325
6779
716
191
5735
4362
3961
537
785
5809
91
219
5215
610
753
2030
3091
2239
1366
3506
183
231
1299
574
524
3012
1458
544
418
1031
1460
594
4635
796
6102
3831
1416
960
6230
2243
1492
265
2756
152
4584
4201
2000
52
276
2064
1887
5287
1022
191
2583
1115
285
19
298
1436
5307
1201
421
256
229
1899
2338
647
1915
969
10784
1751
1944
255
241
5253
205
128
153
127
2426
5453
622
1305
2837
4936
20
641
1458
2919
483
4070
1272
842
2529
1129
19
2203
1393
2522
651
3196
499
1267
1209
4977
1566
120
5172
1140
84
293
491
4348
2813
11215
4328
205
3148
121
1574
8523
432
2716
74
5887
929
5327
2297
967
10816
890
722
65
294
1485
584
202
570
922
2205
2835
485
435
9117
1299
457
1365
1124
2228
1850
6584
2137
887
1192
1489
1271
1576
1216
752
330
185
5428
3777
1290
813
317
450
7578
1043
470
809
7378
3442
3808
218
906
607
6024
2741
362
2562
894
6218
3640
1031
200
3077
2754
730
2559
4953
3663
239
1735
4728
656
5038
604
880
132
1226
384
1949
1396
6857
2037
238
280
2373
4478
4733
1316
607
3855
211
5309
6369
2623
1681
1508
4137
351
554
2955
1998
311
869
4051
4678
1093
6682
2453
2858
196
381
2001
434
2640
1885
2669
991
3075
270
265
397
1242
1034
65
747
884
3452
4199
3873
24
1000
918
1279
1845
1560
2348
2644
1402
4112
5787
1858
2712
5616
5432
2077
1112
5364
2746
2845
262
665
3656
3176
2407
37
2762
4403
139
1043
1576
392
1415
1766
1465
578
847
202
6344
2303
2262
4226
8628
1984
7678
924
431
523
1612
322
285
2444
4075
605
3760
1549
1064
1617
1526
232
308
473
1201
5019
2206
1029
753
632
222
580
3488
362
3423
4563
1300
1320
2165
1334
3203
3600
1077
161
2096
1471
4405
937
894
2810
5093
1911
342
2694
1085
7027
1278
1327
1169
254
1139
187
2317
3596
422
615
237
21
1219
793
96
678
681
9643
2852
4627
271
24
1449
1230
4949
1689
792
4040
1191
565
190
1720
4145
189
896
2155
2788
1486
4970
1075
3788
1114
3477
8012
549
10
1537
4545
3233
2056
3681
879
2559
8396
4975
13
569
1833
2192
3835
2868
8557
422
2560
634
1278
95
1179
3635
698
7425
412
669
2834
3809
1289
2470
2316
260
5541
1878
8610
1700
264
2217
280
1062
6442
1646
3273
1013
166
136
274
109
1652
2156
182
2828
3600
2575
16
446
2782
184
376
2263
973
455
427
73
839
75
3649
2164
1124
339
4998
2497
3513
9122
1576
712
3793
49
5075
641
3184
233
3542
4866
5574
366
193
3498
230
3600
118
3564
1824
2736
1462
1210
1406
558
338
1556
1503
2042
455
3264
606
403
2592
264
1953
1648
2135
1415
471
479
1532
247
999
3243
2076
3789
172
3868
1332
988
5673
3131
1315
742
3596
1398
1614
7851
649
1550
798
200
17511
1485
765
3
3757
123
1795
341
4534
280
98
732
1743
7295
1203
525
4202
2917
1109
5400
790
3220
2703
2225
2174
2472
2349
1421
1981
508
81
495
9133
2633
164
4828
5766
1054
1787
35
1549
1005
10958
219
820
3699
6535
268
6695
712
417
5864
927
1648
2636
3974
7084
970
2031
2791
140
739
714
9825
241
5057
6512
936
1724
826
1531
1241
2785
991
166
1094
5412
1085
43
8158
1647
3590
384
5954
5073
118
2707
2986
4418
1890
1832
4687
3634
8068
921
1379
457
301
1868
683
5248
3103
14
607
1563
285
3948
2460
5053
1523
1701
9148
3296
908
1693
735
9318
162
161
2493
2393
925
9301
715
1629
798
1022
4064
467
255
4014
1577
1225
5255
862
1951
796
4972
3816
3144
1995
2756
2087
1195
5468
573
194
1496
4357
749
7747
1889
1695
1217
337
1352
539
1059
5412
3679
617
446
1052
3626
1011
1695
338
442
383
32
1138
454
2038
23
1754
1090
874
2467
1190
979
1384
1774
697
1206
181
956
198
820
4592
907
2008
6396
7889
3694
2658
1815
117
1578
114
1764
2853
5289
2706
3442
1926
3147
2320
39
788
899
537
4452
8166
1834
545
1533
2499
1958
324
1699
8054
1634
2575
1182
2909
1585
5003
3235
3258
490
3905
1626
1203
1173
2955
4712
3696
801
3582
977
712
2514
500
4178
5665
877
2439
3728
2742
896
1141
1441
2083
1790
2730
733
536
75
3054
136
1527
275
2180
848
1284
768
1652
352
8302
426
186
3076
2453
2582
1525
2093
242
211
1561
2320
10406
3297
320
995
3351
2674
1486
3405
1941
581
2261
2429
5367
873
888
3168
6043
2070
588
6289
678
7244
608
4575
463
2489
963
4509
208
3689
1175
2154
654
773
470
1041
166
398
2469
347
1718
2182
794
3991
368
3586
394
6854
926
993
4235
210
1046
3187
3562
2877
253
1610
1056
1221
1325
8797
2364
1872
258
1970
1782
3303
775
1701
888
5
1799
269
16
2221
1146
1089
6139
5513
1915
61
3003
2010
167
895
491
790
611
1278
1693
3500
6254
390
349
1262
1051
5832
8743
2120
2059
2066
5627
1154
308
5403
70
2033
2272
5211
2075
1445
1244
3562
1145
2535
700
777
1840
90
4092
331
4
1073
4410
2845
1202
156
63
570
2991
2607
798
2656
1544
73
394
433
479
11454
6456
2508
295
399
1482
1120
2057
5131
2386
2048
768
18
372
5095
6299
1323
1303
1049
1742
2614
1629
744
2043
1771
2255
7780
3083
5324
1568
205
5720
1372
332
278
11045
2826
1218
206
4331
2261
6451
2178
2945
4235
853
3888
3791
3733
4941
2020
5636
1097
1250
3521
2560
585
42
1642
2609
1073
25
1112
94
8925
309
819
2891
3913
570
654
2833
1972
1850
3298
857
2567
343
36
1376
5431
350
991
2210
1631
2664
461
2155
1190
1000
295
187
296
5696
1780
678
354
354
1670
2530
693
1476
2124
1328
2833
2465
23
484
3870
1014
197
700
4125
2747
5850
2045
116
2862
4141
428
491
8136
508
1808
1499
821
4137
1416
2199
6030
205
2334
1864
4358
1274
10670
2136
2336
5219
1778
748
238
1746
110
1412
812
2233
33
516
641
6482
394
770
1099
611
1049
1158
2184
5587
362
858
4156
4912
156
2207
1114
7800
5756
2718
2442
1559
2718
3744
10928
1541
956
2859
2658
1087
1285
3348
145
1213
2596
8989
85
706
548
1785
2768
2064
571
1018
1662
10
2171
1009
2590
291
314
6415
882
4151
439
1646
569
45
1234
2382
339
901
868
3036
3768
682
1850
3158
3219
2790
25
2812
7550
1259
1201
4887
119
518
203
270
6185
117
3328
762
2653
4704
932
3031
874
243
3490
104
355
4311
143
2557
769
8437
3831
1005
365
530
3187
4514
1930
2932
802
3308
639
6453
8013
1196
3876
157
1699
681
2422
2211
3075
4316
1584
2735
4969
220
1929
1234
632
2562
390
5287
214
1478
927
3597
991
1846
5266
614
1757
3955
1020
3131
6194
2539
3537
709
42
2412
73
2447
4822
1846
68
914
3086
3286
684
2088
955
274
2024
6608
19
11
665
4041
112
2736
571
1503
1009
3192
811
603
4089
588
559
216
992
1194
3511
2012
2389
4605
1182
1584
2603
1053
1013
341
124
655
1623
1407
364
667
3329
4883
1912
1069
1116
2220
1686
4649
923
254
3762
156
788
2366
166
1777
1218
1455
4442
738
3594
388
949
4467
798
1322
2489
3721
520
3664
4181
1386
1879
6
56
4964
71
3894
2016
442
2358
3304
1728
7517
3242
899
3335
871
435
637
727
5587
2880
2472
459
2618
572
1946
1108
19
745
9090
1346
2947
1028
1941
511
775
9517
1127
2188
436
654
3038
164
8111
1354
36
2239
218
3849
1597
786
8467
2007
1584
1238
5475
1152
4675
2642
1177
1266
939
392
3603
467
763
7014
3260
1255
3777
3695
560
3431
3324
736
3911
3601
3911
1861
4472
58
1406
2980
631
371
1099
967
1877
1265
114
2134
510
439
124
7091
4296
249
2308
5596
1679
7807
2353
913
567
2454
18054
4175
1184
70
2314
2185
1677
4105
9701
1002
1259
1647
563
1536
1932
1605
9155
2441
302
1359
5209
5400
1902
513
1973
1341
139
3560
306
2541
4176
138
5510
841
200
8119
1664
1599
2766
325
3291
1031
357
418
226
2576
298
1843
4408
520
453
5054
3896
133
17
2145
1270
1895
2120
5658
1099
970
2834
345
706
2559
3368
1910
458
3701
1207
1716
5464
213
6005
784
8225
193
2861
712
410
15373
3962
1468
217
423
3703
1209
3643
135
1010
2194
1773
4552
1374
33
228
697
5779
3776
2226
2235
211
3715
1879
333
394
207
4539
1946
1375
5458
4531
1966
1945
3327
5570
5677
1891
738
2903
883
4250
726
5862
740
1193
1633
412
1676
2305
3262
7640
1200
218
1882
4012
1321
32
4370
2079
222
1476
7157
594
3645
378
6537
1585
1032
3813
7941
2152
2046
2552
1312
671
67
5194
3146
5409
568
864
446
33
246
1703
1449
494
479
593
2679
1199
1610
880
420
2730
1107
1687
1553
1135
2561
2680
4681
1548
2394
809
586
42
2841
78
339
1429
916
1830
5417
1505
3012
269
4242
8063
1175
1788
1042
2640
853
1644
1861
2600
121
456
90
1230
1829
3046
3758
6075
1376
619
4907
196
4144
3675
6070
1177
3006
324
94
4355
492
5573
1130
1897
930
3406
416
136
3869
451
6615
4562
211
1102
1577
499
143
441
14597
2825
7630
504
4535
7402
782
2596
83
1210
1103
592
5269
93
322
2429
2168
1144
349
3761
4022
3444
1184
607
2444
2356
84
5446
1612
434
2121
690
482
901
229
730
5330
553
1362
182
286
3449
149
633
1530
2803
5055
1561
1675
3434
780
4792
854
6393
859
1963
3591
548
369
5564
1436
325
693
1314
1056
764
787
2648
2177
831
3571
4005
394
269
2947
1509
772
182
8300
1329
468
4189
288
2565
1187
4267
1906
1286
4948
3985
1708
541
207
1712
3685
9250
764
4909
1654
175
5159
158
3451
873
2329
2522
213
492
4111
1448
27
1647
199
945
130
1708
2717
5326
3140
1258
4157
7474
2102
981
2059
12566
3887
