16
30
32
46
43
46
74
54
82
64
39
108
105
123
62
140
160
221
98
126
119
236
249
180
177
377
302
197
311
319
334
30
306
147
409
315
421
417
431
291
464
478
453
490
284
269
167
160
834
586
605
27
632
292
670
360
218
718
625
344
121
287
776
121
239
800
85
258
829
131
659
91
27
275
19
87
512
597
957
745
745
210
575
275
614
562
620
947
227
68
522
387
913
466
1187
204
1187
105
131
328
113
947
383
208
194
234
241
334
70
274
106
875
240
685
440
632
1017
23
1077
31
513
478
892
1100
187
19
17
81
1376
40
182
71
74
1492
242
92
128
1508
385
294
7
409
473
145
285
268
868
50
379
60
314
127
58
321
7
524
273
81
156
400
110
367
492
583
356
395
414
1611
204
254
44
328
1453
10
73
995
738
121
360
422
709
192
663
250
196
287
150
236
259
289
305
225
570
41
507
258
173
410
491
152
993
138
51
747
145
323
433
303
479
346
472
1214
445
1099
693
1495
665
494
730
2485
6
171
595
333
275
910
422
2142
50
924
685
45
217
385
108
196
1762
92
318
128
347
125
254
195
1487
693
679
113
295
133
344
7
519
1503
91
205
1283
185
623
533
845
61
262
60
34
2613
703
270
206
2286
839
702
23
747
204
123
223
478
19
765
674
352
69
969
248
155
923
516
187
228
69
290
237
987
64
25
1333
291
1401
410
60
190
1340
112
49
164
1089
1102
2125
600
163
78
752
217
47
410
213
917
1713
20
117
476
205
60
190
268
516
715
479
377
45
340
335
72
183
547
344
248
249
81
342
645
646
1269
332
50
80
229
359
15
353
337
254
490
218
269
395
111
744
186
973
106
1782
32
249
41
1257
275
682
1063
249
60
491
271
241
932
242
176
2369
89
949
331
768
666
51
3500
436
139
372
313
129
25
1092
479
74
656
332
146
567
594
1017
713
144
57
71
503
884
185
219
612
704
927
89
17
1669
87
434
100
595
176
696
185
204
831
437
233
218
702
30
160
700
116
210
302
1033
2225
455
865
2451
617
153
114
346
447
392
732
291
609
201
16
78
82
304
275
123
375
5
1178
620
102
678
725
3
630
283
52
10
635
743
594
1414
335
228
71
178
129
195
621
578
512
53
53
145
140
150
593
259
1040
662
360
93
243
361
131
734
54
959
310
141
437
752
912
396
589
405
1083
321
598
482
725
476
265
493
154
113
356
188
197
322
738
1434
58
792
410
1570
942
344
225
60
234
452
58
1645
231
605
440
66
832
92
639
368
651
399
452
375
25
451
2001
533
346
13
237
40
242
789
90
277
758
1484
19
175
263
30
656
1126
267
462
855
202
480
474
132
184
1591
47
828
622
129
1006
266
262
1330
1256
828
30
199
1421
1070
72
61
1044
55
3
555
80
814
972
367
39
409
295
372
1759
1003
141
352
118
32
299
530
29
416
126
186
468
139
975
748
402
384
118
1205
489
698
498
408
403
207
103
642
506
979
366
667
373
99
264
1095
49
1694
677
427
33
592
736
508
485
475
135
175
704
460
648
287
150
66
265
884
792
309
365
699
1191
382
651
324
846
525
152
496
219
464
826
314
578
197
1191
1163
95
61
1091
2349
90
388
863
499
136
14
473
353
336
225
583
18
52
510
1045
337
632
59
12
449
387
154
693
89
392
130
610
532
692
1392
734
253
281
861
751
501
341
416
585
636
525
144
229
87
209
399
68
319
579
939
33
255
426
28
929
854
472
55
52
385
65
118
515
747
683
1239
270
643
68
56
152
406
208
449
1415
637
458
309
105
2423
679
211
204
599
108
22
171
1341
505
702
1940
135
330
418
291
540
123
6
1083
289
183
424
186
98
283
471
658
631
120
477
208
64
66
128
405
383
8
13
551
940
93
164
79
894
27
156
248
13
671
188
168
169
300
51
474
1277
27
482
400
563
626
97
93
1032
556
22
113
263
112
120
315
696
120
149
37
87
28
343
241
537
75
955
128
84
335
488
975
424
1612
101
1336
52
1433
162
214
338
1073
258
104
61
464
71
621
2941
1049
1039
243
194
112
367
92
233
541
1261
194
507
435
695
1411
846
7
237
445
801
1051
636
649
535
94
346
809
126
469
55
1029
362
45
744
67
495
74
276
1012
351
18
260
987
844
1133
2097
55
2117
1099
35
1608
55
681
9
154
1556
873
215
131
43
24
252
77
434
1947
616
426
1642
1109
326
311
175
545
108
353
817
223
77
83
144
180
512
17
303
87
295
144
1178
846
303
645
73
235
187
37
50
719
194
2257
59
509
212
103
1114
695
172
1164
1280
471
271
616
159
498
1678
633
105
1640
254
440
606
212
114
13
281
349
71
1212
20
16
76
106
914
295
441
154
873
1020
320
52
725
996
430
193
41
338
194
67
199
46
47
523
53
442
27
10
628
348
225
240
404
1565
198
1205
440
144
366
1455
554
615
579
375
262
726
226
47
739
122
321
535
181
183
21
342
21
122
427
180
288
422
133
198
496
37
10
25
231
338
303
105
899
333
329
81
42
166
151
691
611
374
61
588
427
184
362
290
133
28
530
304
197
1002
37
342
226
56
201
20
286
797
2314
140
1355
207
665
376
196
26
189
143
1446
282
377
414
326
307
1743
16
1172
1202
378
140
749
456
144
13
28
1089
136
555
939
65
25
122
561
901
579
2111
506
322
351
156
18
676
100
2663
4
650
376
215
429
1048
47
219
198
6
307
284
217
737
137
288
284
1134
150
827
96
162
454
283
52
271
293
299
532
777
55
96
108
1456
1786
440
236
181
125
201
73
489
294
308
368
531
223
424
390
218
128
182
16
90
1093
188
121
1724
477
243
420
213
280
509
57
37
544
723
126
771
1764
248
736
192
3240
161
120
172
469
185
776
867
419
256
413
1889
481
182
162
125
104
841
426
907
114
63
1108
1222
173
169
153
296
311
1033
618
804
1056
492
188
133
444
61
477
833
532
373
513
196
496
884
330
720
2240
23
41
1079
625
104
8
372
424
137
975
383
214
343
10
46
101
114
187
45
1433
322
4152
1271
3348
58
441
187
41
74
1113
426
1547
17
87
909
295
130
448
64
218
311
509
747
1621
87
194
191
4
104
37
209
616
11
609
93
275
26
524
2770
944
119
306
335
1350
480
324
1479
110
103
265
218
278
1213
172
263
398
182
84
202
316
1778
1482
236
90
872
505
454
91
111
593
930
80
563
974
293
348
288
202
103
229
781
81
112
74
1118
339
2018
373
1203
1548
792
224
318
450
264
336
334
432
1119
94
337
294
235
1652
383
1046
210
891
140
325
220
452
341
48
334
399
191
393
239
107
210
454
365
391
152
266
568
325
92
17
1493
493
1640
228
28
661
428
436
389
353
4
832
364
1455
136
379
466
253
863
1391
464
678
102
505
347
1293
44
490
56
15
502
1015
491
164
1165
208
394
108
382
1101
526
155
153
141
145
391
113
883
774
147
182
317
164
954
1459
96
104
415
257
289
348
268
152
227
47
1199
16
1394
49
405
16
158
166
257
174
63
69
27
865
373
766
22
447
236
26
533
353
412
583
921
967
273
919
145
294
603
63
46
308
166
263
1489
2913
275
932
91
12
692
235
139
67
189
117
177
208
147
184
1201
824
68
681
1274
700
742
123
935
296
1031
254
33
257
807
670
8
275
338
62
1408
15
82
427
222
43
746
338
17
945
964
206
612
1338
269
551
426
275
38
298
566
32
645
413
108
113
357
375
162
143
45
99
1061
2713
681
171
828
713
130
613
234
419
223
1675
417
450
753
193
181
641
81
22
503
7
804
576
306
339
268
1323
283
374
958
1069
381
320
309
735
175
319
1592
208
458
175
319
555
490
83
87
154
225
603
262
930
207
594
310
421
401
672
1040
8
546
346
459
288
643
588
1008
443
112
40
1238
263
445
1806
467
359
128
5
534
1066
176
232
862
245
67
91
49
129
26
892
318
512
108
1034
735
302
132
460
369
806
270
948
706
58
263
297
233
239
596
251
532
492
18
298
871
341
1021
709
25
729
403
1021
1897
64
28
223
749
458
487
516
140
340
321
564
877
493
62
566
67
266
791
667
2235
1066
225
131
1697
213
216
527
337
313
282
286
488
403
91
314
137
51
775
40
264
2937
384
571
206
628
136
408
533
55
280
151
436
167
1320
286
298
2330
420
1224
575
279
441
221
657
110
333
780
140
527
586
730
53
247
24
191
198
32
734
89
85
1142
87
146
412
53
60
336
20
479
496
231
34
257
352
262
17
808
330
53
107
237
1161
51
126
551
396
74
227
124
267
2686
804
314
833
273
212
907
7
41
243
161
709
250
279
278
47
259
14
167
136
206
161
129
356
36
1022
288
156
12
309
726
2947
137
521
1261
21
1167
23
31
347
47
430
389
831
811
393
22
54
45
562
448
1645
268
271
646
264
770
502
248
657
358
79
118
1792
109
58
592
960
127
300
965
146
236
86
256
835
576
229
485
1810
371
111
338
1727
686
87
248
413
673
2754
803
10
512
276
468
88
146
253
2065
217
449
68
104
349
22
235
142
291
556
960
1461
458
38
97
643
366
131
311
261
543
344
294
84
47
246
741
213
242
262
603
2502
310
120
198
47
30
760
12
1714
147
407
451
301
866
31
89
841
808
11
360
336
5
163
968
959
390
233
265
164
29
214
246
283
617
741
224
186
152
537
1491
624
622
463
174
7
131
302
503
4
65
427
521
662
1112
68
912
550
16
2280
163
214
158
501
73
18
549
1356
167
49
73
50
840
935
43
11
1540
647
438
122
513
755
22
1231
49
504
510
154
1075
156
141
194
119
126
619
199
620
406
291
309
320
482
116
236
43
727
1239
123
64
408
830
81
191
704
70
396
6
1878
37
1543
124
256
95
130
787
5
115
651
122
270
117
184
1493
941
375
442
475
131
1746
240
39
843
938
241
979
1573
163
2736
38
320
607
682
434
540
1070
648
662
196
18
318
127
199
691
281
375
85
228
424
866
13
326
203
27
120
255
117
363
163
193
1187
22
55
347
1823
224
197
1129
199
255
176
508
169
753
231
341
130
12
482
172
461
555
41
70
671
421
704
468
567
59
191
108
626
138
653
420
131
530
220
108
55
606
101
326
1558
1415
20
792
1123
767
167
723
869
1255
981
40
330
1581
415
169
453
184
147
165
9
270
620
1082
28
446
160
580
606
101
983
922
382
644
50
151
929
1728
211
828
374
599
44
181
698
343
341
284
131
52
25
197
228
667
905
144
134
508
353
113
108
824
237
1109
357
2873
223
126
375
6
300
362
248
89
520
170
46
16
902
348
290
238
221
214
150
44
515
1685
231
271
561
140
240
456
499
206
1666
339
282
357
593
84
206
636
145
535
54
82
196
107
445
105
35
406
629
179
128
296
38
1068
272
897
410
366
89
1078
129
914
844
370
166
255
401
554
219
451
12
14
283
253
172
642
379
472
885
408
161
820
384
667
563
223
49
425
160
418
607
141
880
840
595
219
2041
1137
688
14
310
171
84
1724
337
179
343
322
597
737
299
359
168
1874
5
905
316
183
331
162
74
343
1377
738
357
179
48
55
265
815
926
101
129
31
189
119
110
3
169
164
238
516
140
244
282
573
261
554
159
237
228
554
395
1722
562
220
96
221
978
166
637
338
156
268
80
156
426
563
380
1101
272
396
789
1061
49
143
227
907
408
729
396
268
252
1004
95
1624
371
440
119
486
1275
956
4
491
365
379
369
825
429
144
1075
211
249
218
111
448
517
888
358
404
921
132
346
3598
8
132
160
1126
151
514
299
157
8
475
138
1181
409
178
82
1253
179
571
805
83
44
247
264
578
30
120
540
199
1988
260
107
1193
19
20
372
153
168
52
327
257
184
586
372
345
17
211
131
102
112
1350
283
217
739
1003
189
18
138
80
58
823
274
319
533
275
238
8
559
373
100
864
2980
662
388
1152
109
260
64
467
231
599
375
1273
49
350
69
34
11
360
127
36
621
577
506
565
100
630
215
571
719
311
584
33
109
952
1246
1056
24
359
80
616
170
523
1014
835
1100
325
12
347
225
248
505
701
537
284
193
413
905
165
379
202
902
103
1143
374
711
210
813
274
24
192
735
1115
156
67
1881
59
35
9
453
40
1278
445
206
544
107
238
1419
499
642
287
235
1535
932
688
322
226
1479
446
160
510
1375
11
800
678
76
29
222
662
1166
191
628
1611
1576
682
1379
40
146
1019
926
346
73
535
1292
732
684
264
142
51
945
9
44
339
138
93
1983
87
237
645
264
31
991
671
478
1614
677
32
912
53
1048
1408
1163
1439
369
367
262
373
614
16
100
341
63
668
75
716
271
174
430
97
234
311
1065
990
433
349
40
455
593
38
1311
171
72
990
1304
803
164
301
796
228
801
15
288
851
1015
520
2142
18
1041
1182
667
647
272
86
250
173
866
515
584
240
707
192
74
349
1301
37
243
47
162
544
263
724
874
237
345
89
1120
533
67
71
15
954
1043
835
80
181
441
173
845
1155
197
604
1185
623
13
279
806
105
252
14
663
116
196
410
888
889
207
1029
769
213
12
1169
782
86
271
1048
21
270
70
1043
56
76
357
345
75
333
360
13
147
778
34
409
509
626
305
279
34
106
669
1148
441
36
153
202
511
767
1566
853
71
134
430
256
213
385
4
1239
294
459
197
243
1894
910
1743
1168
1063
2001
223
238
28
2620
70
418
74
388
548
255
344
37
36
115
16
228
412
807
384
306
181
23
1156
1895
342
329
610
86
691
471
664
169
163
268
1036
1245
75
818
17
672
488
247
288
33
88
183
605
180
265
680
548
1560
505
260
95
352
87
2097
406
8
728
58
81
719
255
634
168
286
54
404
18
1162
176
352
211
355
2265
1385
2012
847
166
221
344
58
188
246
366
366
322
383
505
1994
219
228
136
212
368
429
49
773
159
890
126
277
800
138
2040
376
820
56
68
987
979
1158
29
273
112
66
1131
1065
305
941
1736
514
631
770
420
234
492
825
28
37
77
883
494
334
276
1352
482
140
462
419
719
239
108
97
520
180
64
19
702
955
1835
168
52
566
476
99
1463
140
811
209
118
4
137
238
311
526
233
432
387
65
25
350
456
297
50
32
980
284
490
49
165
20
251
150
47
423
504
112
545
266
319
209
473
526
134
312
414
592
1670
287
784
76
1156
235
157
179
645
88
472
278
636
1181
89
47
2442
571
864
149
804
810
54
491
186
538
11
2123
65
685
1667
453
954
2127
763
918
1287
983
678
392
449
337
157
206
115
206
15
221
57
764
561
553
194
117
136
40
416
573
122
518
237
131
169
17
893
444
1091
184
1535
12
709
1051
234
92
909
499
629
5
37
67
15
920
48
185
243
304
49
829
113
68
161
194
6
632
20
324
672
942
179
39
80
315
436
411
781
6
284
1067
64
526
1268
210
587
232
374
186
173
26
1661
225
184
91
803
538
302
116
1053
336
55
418
176
1120
458
231
132
20
581
338
764
1934
744
413
589
72
944
13
352
62
33
406
29
129
511
893
326
429
157
286
72
78
501
164
472
663
742
264
408
486
285
91
275
2410
948
177
40
1140
301
1422
527
1183
626
989
369
21
221
1161
383
240
254
127
359
601
375
136
245
1105
9
204
325
1312
16
410
82
38
440
1181
337
841
58
98
652
1361
545
127
549
1085
405
654
369
925
1417
899
29
467
1223
10
80
300
5
266
566
335
844
734
639
637
1257
851
405
604
1051
128
197
599
764
52
702
1275
420
2357
65
255
667
130
513
577
588
30
315
345
560
722
81
87
530
152
1749
14
196
359
74
661
283
209
1113
257
11
1458
361
410
348
587
511
622
707
620
2498
554
690
12
133
90
59
392
1197
399
311
836
243
1148
313
84
619
1576
356
318
208
409
823
441
1676
89
1216
122
117
647
887
533
127
265
141
538
37
363
248
1122
855
951
283
19
405
46
888
40
395
483
647
582
61
677
482
992
236
212
249
62
1291
514
276
162
472
2155
81
58
463
204
78
772
177
708
143
293
5
626
319
303
462
118
1219
441
106
391
121
453
69
254
390
839
77
243
546
80
345
50
232
364
1555
7
170
492
716
145
55
927
591
615
286
1200
220
300
138
241
397
628
800
585
554
142
220
222
704
258
65
303
1531
87
32
535
664
853
295
426
498
537
159
1175
88
749
18
448
1509
191
5
167
446
362
30
694
215
530
565
2615
206
462
423
492
128
64
21
739
70
592
9
788
4
121
811
892
183
46
711
345
1326
271
867
173
270
992
283
257
149
107
328
1653
154
133
236
927
996
1172
15
257
59
247
266
191
96
149
627
1353
625
172
218
1079
667
558
230
287
225
147
27
339
112
859
454
96
153
757
510
77
133
23
1859
652
150
79
68
333
166
381
106
64
437
92
1121
136
634
722
185
280
104
495
259
553
145
818
53
152
2535
31
206
665
495
60
2404
290
433
200
1976
1001
321
16
818
68
396
84
399
583
298
129
1421
220
336
43
783
265
854
219
170
752
246
48
41
672
529
200
1821
15
123
488
231
200
141
269
50
190
1115
513
286
521
384
778
380
102
420
986
153
864
733
61
431
119
789
323
511
219
354
344
464
216
189
946
1393
43
348
1201
215
144
282
755
242
47
405
410
257
116
52
1175
245
1332
65
149
75
91
905
1271
410
981
188
162
1269
67
419
131
48
793
1395
814
743
435
1412
1789
911
56
591
625
36
187
57
332
798
223
255
868
492
463
287
544
95
769
374
1617
671
553
236
803
81
140
1395
324
72
688
199
162
330
130
122
1101
867
108
479
109
1467
513
293
318
35
821
53
340
1662
684
1299
195
95
239
193
10
780
334
138
212
566
4
408
228
35
78
1219
1083
328
1084
571
623
344
292
260
179
168
35
240
59
185
2063
63
796
364
344
1026
46
97
116
29
211
706
1060
138
66
258
497
125
1411
655
88
38
497
248
639
80
26
838
101
1137
1336
256
19
444
1375
21
407
791
427
179
131
28
582
192
339
176
249
103
754
607
800
162
28
62
13
265
223
280
152
43
1740
39
99
726
301
2149
423
53
303
1241
452
293
34
516
562
178
581
190
912
539
1511
75
702
162
176
250
210
481
167
71
650
195
543
222
121
983
712
443
75
1235
549
84
25
138
264
384
161
225
30
427
383
244
1045
1080
274
59
431
285
103
1336
139
208
882
602
166
107
24
579
84
169
105
400
274
280
18
647
189
498
458
71
879
205
1976
142
193
146
420
303
478
312
381
951
64
82
623
1513
495
151
1174
313
104
1178
284
396
330
415
1322
59
116
486
236
343
651
17
150
834
6
116
641
11
103
374
75
12
774
35
287
443
5
96
77
2068
485
159
93
986
716
313
354
1239
43
365
203
359
44
25
153
301
71
140
192
558
72
966
433
91
957
2429
779
32
1318
27
471
48
691
726
213
226
1327
183
255
424
29
705
71
43
854
371
24
465
40
881
411
361
353
223
471
2077
139
44
260
632
87
588
527
104
1741
1024
661
248
1690
631
142
1674
339
106
1098
436
262
95
242
78
672
336
770
298
122
368
1319
605
60
51
97
41
7
375
553
420
594
314
135
23
116
778
315
1030
745
564
491
298
254
487
179
598
498
105
27
333
172
1334
642
736
102
1065
249
151
376
347
37
408
817
411
73
34
366
472
97
561
131
333
247
2037
318
2968
389
1182
548
1124
89
28
1426
12
561
1026
466
67
482
1613
1101
1009
61
424
663
24
1665
136
399
619
330
48
669
20
198
170
633
311
412
248
323
1341
374
434
371
724
11
43
234
483
1212
271
66
49
443
321
1018
174
991
230
139
221
342
87
267
212
295
234
407
2018
857
115
1890
306
191
146
125
390
386
81
571
429
169
526
152
222
832
613
207
174
129
2
376
111
84
1222
90
161
306
81
618
321
628
2
876
785
690
167
446
396
8
805
405
686
124
327
72
233
557
1119
431
781
572
73
227
363
504
63
182
551
330
27
444
209
838
131
409
503
225
327
44
538
1166
7
340
607
429
11
155
101
1570
244
141
687
105
499
202
313
767
132
502
55
14
19
423
625
369
518
225
1778
1123
1113
351
714
261
598
1187
40
1087
582
390
288
1626
35
223
1546
330
1141
89
360
682
294
188
237
1023
538
205
188
355
349
219
3
2701
48
49
405
279
495
1281
558
1057
143
13
88
76
454
486
109
753
574
43
695
535
1305
152
131
52
944
366
333
217
1645
313
1311
110
54
275
1446
267
903
2335
103
2034
782
595
16
924
559
13
483
402
526
5
145
168
60
86
392
704
280
212
1187
137
555
52
215
388
331
251
99
705
634
303
927
244
367
338
786
17
484
479
83
828
152
329
18
64
415
62
497
83
159
144
251
754
885
30
80
1345
58
128
353
582
224
999
218
4
170
84
86
322
1464
424
8
1036
439
37
265
201
67
1023
418
574
216
618
1920
673
548
9
236
479
70
144
422
750
117
17
64
115
33
417
515
39
352
1448
276
465
308
110
96
26
3
886
271
244
198
42
205
699
168
124
206
66
465
219
553
215
670
85
47
141
375
386
370
380
63
607
1298
269
556
240
722
231
234
471
170
203
564
51
60
205
828
75
509
145
723
201
350
310
317
245
172
676
50
632
275
739
11
151
9
192
68
180
359
457
373
1241
228
660
364
1108
27
295
457
27
1584
108
339
183
914
676
415
382
289
113
113
215
503
730
107
22
201
333
1611
698
1020
471
423
653
971
223
1237
685
238
774
11
16
6
258
239
284
90
749
698
48
6
428
559
40
88
42
382
1084
505
151
783
1902
942
23
1210
138
896
376
432
74
284
1151
953
6
32
199
1631
1345
254
247
3
381
270
399
350
225
15
95
771
416
243
436
24
17
790
272
1530
839
11
1160
306
641
537
157
1328
1393
202
91
1136
163
34
545
1126
72
856
275
196
264
744
701
122
256
543
136
734
714
42
367
304
468
361
1275
3951
360
98
142
614
589
40
599
49
218
211
180
240
451
41
224
15
849
473
602
169
338
52
70
385
534
1556
293
162
198
828
457
118
1053
429
453
438
762
110
658
77
517
820
137
29
342
37
207
818
188
1214
1430
570
83
519
165
308
739
720
1333
69
1681
632
243
1093
784
112
391
731
271
1419
501
178
599
874
805
301
360
1266
381
251
399
575
146
550
550
34
716
423
271
346
98
801
2
222
584
650
309
68
67
281
166
317
300
497
575
232
247
455
2514
169
330
2274
178
1675
92
581
168
427
694
84
168
588
549
111
353
27
209
1101
215
230
440
400
188
559
203
622
504
37
394
310
480
315
24
451
871
29
101
696
528
641
1019
69
613
12
83
485
540
130
354
1060
1312
268
23
533
541
86
168
223
293
604
65
78
307
11
321
356
784
295
653
45
426
443
158
214
139
335
815
301
2242
1013
2091
101
227
525
397
244
89
334
438
148
1074
36
1099
765
84
141
199
718
162
211
255
209
532
257
32
1350
388
1536
181
237
310
503
263
574
339
950
212
63
211
1031
735
696
784
257
444
192
1002
455
1008
178
308
518
204
82
11
268
1326
567
1116
239
772
350
285
333
483
236
380
2141
1007
114
17
719
5
932
834
337
658
325
881
15
1159
78
483
331
558
271
151
1493
395
499
529
451
181
793
377
424
137
511
139
577
789
91
162
263
205
9
1441
155
1107
281
1387
336
271
554
575
246
222
445
82
294
252
215
335
472
531
18
153
369
57
626
963
785
147
15
423
340
228
643
47
5
178
475
31
355
601
749
666
4
1709
1072
281
182
415
156
5
966
327
682
1797
1125
611
1522
1079
219
510
843
178
720
625
349
727
9
741
331
47
154
9
759
1373
483
663
232
257
575
1176
1302
690
358
152
733
140
170
155
211
268
181
326
342
261
124
2237
944
26
1111
854
12
294
224
265
269
531
18
13
11
1217
636
2534
83
428
360
1955
59
1668
846
324
11
551
369
1587
255
9
640
613
176
443
804
1854
338
259
1012
472
418
291
224
234
11
593
1148
814
229
472
355
89
141
86
723
375
379
148
29
52
187
356
955
291
237
382
439
1074
1072
466
541
353
938
52
488
806
133
480
510
215
1617
617
736
22
103
462
33
315
540
329
616
58
431
713
589
533
122
568
39
254
241
36
4
308
813
717
42
560
507
44
95
268
1009
1233
133
33
43
299
297
505
650
1054
899
551
572
74
971
688
27
379
161
1006
274
204
891
918
200
73
66
257
587
499
1404
421
784
880
202
229
989
111
548
278
181
34
61
150
137
121
248
124
732
2
516
545
689
1086
929
673
225
236
20
272
701
741
268
641
112
219
190
1682
23
186
1638
226
891
323
221
18
221
378
282
824
842
381
421
726
543
324
267
1040
244
19
211
953
997
426
38
57
387
648
490
773
22
12
227
110
572
136
243
413
1669
1149
101
404
325
761
81
272
128
483
78
340
325
272
806
809
1489
5
1329
182
190
198
185
130
253
928
444
109
286
873
1395
1541
102
257
688
562
97
12
1092
2352
196
182
1160
556
81
394
269
440
466
298
1014
827
1014
110
53
139
501
71
462
699
357
115
2357
53
41
52
170
1076
39
968
1648
302
102
7
457
72
23
485
51
225
212
1250
1136
137
152
1794
710
112
419
1537
526
18
484
79
1291
472
1544
6
713
170
210
3
338
868
5
245
296
407
165
90
201
121
832
690
423
415
1506
88
813
42
31
154
1045
621
601
970
1511
635
521
332
373
1005
704
547
225
24
364
231
11
333
512
241
1070
132
311
356
30
190
322
894
292
20
473
6
362
1225
1224
84
541
279
952
27
91
249
2334
396
172
307
304
693
88
427
322
227
332
232
202
346
952
311
416
237
141
281
119
287
72
965
73
204
1119
427
476
102
771
86
135
135
48
1258
163
718
632
981
198
1381
709
385
360
614
51
473
1018
448
705
125
865
954
1350
46
407
858
655
454
584
88
128
608
455
89
69
1340
646
662
291
57
19
119
551
276
496
398
35
318
578
221
342
502
96
1184
800
64
185
331
72
68
35
855
336
620
621
629
1497
297
253
760
28
42
208
165
98
257
571
1852
883
401
385
596
163
17
83
162
46
199
505
17
16
760
255
58
757
238
69
695
451
1593
26
661
2504
14
69
341
220
129
180
81
8
166
364
121
54
715
64
317
140
114
430
688
416
116
432
586
1788
146
33
489
505
633
67
92
120
370
83
174
352
810
1788
213
25
302
177
1041
1146
261
95
445
54
265
448
81
1076
11
2252
232
1555
374
35
99
1008
47
173
449
22
387
529
193
496
780
244
797
232
647
36
818
979
462
1999
429
299
748
250
26
72
545
18
406
796
1171
9
207
430
235
1001
95
806
46
462
288
101
220
495
922
409
177
805
84
846
191
387
521
331
753
316
145
296
210
235
480
421
368
199
433
317
406
435
603
452
1329
153
90
308
566
19
971
85
596
1904
787
499
347
374
668
726
124
1592
686
597
731
585
87
825
1629
446
676
56
459
333
231
433
182
381
70
205
524
287
420
148
1832
206
432
692
140
186
239
207
456
665
401
696
510
13
121
132
106
371
1030
72
74
171
884
10
20
188
647
433
593
42
84
2195
54
588
552
251
225
756
572
305
464
67
137
51
48
201
385
559
276
223
165
257
462
804
105
82
354
940
566
1482
257
304
746
298
1872
312
183
2219
176
129
10
47
414
1361
289
666
534
104
414
263
960
97
823
860
786
480
647
720
90
870
753
79
228
85
1395
1557
365
219
328
100
724
168
995
443
187
376
411
390
274
52
734
212
294
595
69
329
72
731
421
276
195
565
193
11
759
230
172
286
55
65
298
166
1002
1333
359
194
1053
33
234
422
324
557
1169
1084
140
1920
445
621
684
485
2350
112
446
437
584
724
13
513
402
766
52
325
220
1886
374
43
220
315
75
105
655
551
925
1157
127
256
978
681
808
188
157
359
908
163
26
180
6
665
662
221
29
43
279
523
80
21
235
994
17
242
386
620
247
246
189
641
84
330
187
2955
521
162
352
87
724
60
83
546
150
245
134
90
151
272
185
87
265
328
352
1091
575
155
378
1750
83
817
17
1574
508
526
6
376
1125
179
785
37
1298
321
96
722
115
242
416
606
188
235
375
162
384
718
519
101
115
531
88
32
943
1089
569
559
65
95
443
229
238
696
1030
390
133
66
8
528
1423
329
669
1536
29
2970
600
43
1006
1043
208
213
163
122
346
456
296
10
22
2459
694
147
1565
925
106
455
547
880
208
210
84
47
65
676
254
377
266
334
430
1427
169
1061
304
1274
405
1740
1545
107
109
1270
1619
187
235
132
667
269
273
1084
310
329
258
1057
753
461
112
356
169
1113
305
658
274
200
51
605
138
239
921
183
356
33
252
214
139
66
1756
1413
1537
755
13
231
486
337
263
171
1459
1075
609
903
206
77
109
474
658
279
280
82
8
541
239
68
19
152
38
343
1918
831
188
811
350
317
888
135
716
12
734
200
174
349
576
381
21
596
389
205
260
49
196
336
747
9
27
930
954
279
182
449
405
526
688
625
201
367
1134
46
1599
59
206
32
104
918
1461
687
93
577
470
925
69
836
322
334
1303
683
668
415
649
160
303
171
380
884
397
62
536
93
265
295
104
7
1060
4
458
8
211
422
221
168
516
578
138
121
329
131
1406
547
326
140
162
599
891
114
442
69
567
130
76
319
390
1029
590
639
1329
458
1436
106
108
1139
238
285
52
92
1308
16
879
1587
1683
1931
223
153
814
197
111
139
379
145
53
107
401
4
296
127
1411
1161
1388
172
860
533
1314
172
686
59
299
24
284
468
140
211
558
2114
117
382
1203
205
862
629
1519
397
1481
12
60
1708
403
474
268
294
60
636
307
388
199
82
9
188
715
90
2689
157
1174
516
441
536
321
287
156
29
387
850
151
24
495
689
177
31
87
68
908
188
369
1999
784
82
226
284
1160
34
816
662
908
469
540
167
188
103
389
692
1019
372
1249
390
762
68
127
401
1213
41
37
990
394
178
1434
102
414
2611
230
512
15
508
291
590
16
88
445
1185
404
39
526
66
778
77
568
1301
1057
48
506
58
533
17
192
585
259
195
1232
57
60
112
708
359
161
29
121
252
118
95
583
1226
99
1545
112
497
314
101
1563
223
102
1048
454
21
943
805
98
455
97
377
940
1122
174
495
499
737
80
234
919
291
439
893
83
335
1543
197
607
233
460
7
392
750
302
82
101
80
635
56
504
12
604
132
109
1284
950
20
322
686
297
1130
204
886
556
495
660
417
888
270
53
21
576
361
784
98
835
512
27
149
195
215
495
718
171
985
170
704
365
183
1395
158
1275
188
1276
128
219
334
53
299
465
1196
761
639
18
2
195
1240
826
471
527
154
171
400
236
448
624
105
254
157
127
490
337
214
236
1600
260
1129
1029
1626
104
802
287
176
385
1472
324
376
77
817
2992
143
597
353
117
555
1565
69
381
1472
452
21
219
556
439
826
228
157
995
1165
380
462
320
1209
76
120
89
502
392
100
739
428
401
286
87
153
1944
203
666
453
266
1173
156
414
143
396
405
364
553
58
270
540
849
219
212
1516
568
87
11
545
26
155
63
78
36
531
323
17
362
516
65
200
40
585
292
172
217
59
57
292
683
2312
538
370
17
303
172
444
792
12
398
1012
344
627
62
1117
204
185
247
407
857
17
682
439
1056
609
475
181
148
507
230
858
248
724
179
159
954
184
60
64
1019
36
209
329
198
758
842
1781
42
399
383
340
176
147
417
410
127
448
369
220
587
1248
170
519
43
285
625
1207
17
135
840
76
270
565
73
195
854
770
45
745
497
190
25
67
706
999
595
398
400
792
697
81
66
193
122
1842
738
230
632
65
129
553
750
576
21
845
507
161
1278
933
250
871
752
2291
178
163
380
658
279
2117
1074
294
105
70
901
375
533
1763
255
211
984
803
192
288
186
215
178
68
765
60
1215
1696
2069
402
770
48
830
594
871
244
60
502
374
704
483
269
1082
655
740
19
146
112
567
324
95
1345
176
2510
390
114
230
267
178
1054
226
522
314
270
137
743
530
979
50
730
222
505
604
273
171
454
406
242
67
1387
62
72
432
857
10
39
211
1272
67
259
265
53
14
88
166
404
186
442
63
170
252
94
61
562
251
236
487
1056
1129
64
169
162
243
703
754
785
240
346
155
301
400
506
126
107
573
296
503
447
229
294
470
69
1136
90
768
793
17
210
214
11
957
372
59
147
125
344
518
89
634
929
231
1791
983
486
117
70
616
333
1948
148
206
196
66
201
573
504
1046
354
71
250
675
166
409
563
196
1130
28
886
265
228
125
311
627
250
24
870
32
155
686
1451
91
38
998
1013
136
109
282
146
237
104
947
126
98
224
50
1121
392
93
867
778
1581
665
1024
429
525
99
344
792
192
96
56
942
66
438
59
13
1415
620
503
73
421
236
155
1399
96
102
228
83
193
401
178
89
253
143
158
429
205
13
188
255
200
852
962
250
60
3851
336
188
1124
2047
168
413
706
262
242
611
970
73
82
327
192
619
578
74
1636
125
125
120
165
653
921
177
244
364
245
557
252
11
215
31
200
2512
559
89
107
306
26
96
322
181
519
14
747
1641
209
759
433
46
540
382
410
43
402
192
172
275
671
62
406
530
670
266
70
683
492
638
306
442
312
653
161
397
829
668
329
653
2045
3
532
597
196
300
709
63
74
113
191
170
143
47
489
20
117
80
180
303
95
606
394
305
892
804
51
82
128
1908
82
296
68
112
257
188
310
193
583
937
832
507
430
832
20
419
992
1155
1546
615
87
26
19
903
1214
158
1194
118
160
125
347
32
107
691
44
50
729
1425
625
2121
440
524
571
124
266
767
1470
830
264
80
1389
369
154
231
986
26
671
2102
1529
177
79
98
506
1397
1144
595
300
867
1044
843
168
428
1037
465
1414
214
754
1010
519
115
635
579
365
259
409
151
176
386
44
113
14
634
735
679
227
48
155
1351
21
749
124
606
1081
244
490
923
414
478
10
687
191
247
372
1126
1229
675
254
852
616
279
287
219
499
87
220
319
38
597
435
357
478
451
188
107
87
286
82
329
119
962
763
162
10
55
636
87
241
519
929
58
842
1214
502
61
348
334
382
223
223
138
309
249
535
76
434
639
247
465
157
1570
1009
176
542
20
153
163
507
688
1336
629
62
21
403
239
1232
731
1386
74
24
338
444
79
437
376
827
327
61
964
202
292
420
238
917
48
908
326
480
475
42
576
471
201
1472
121
20
6
637
137
105
461
230
163
668
888
230
28
822
101
1006
63
28
97
631
493
190
1578
580
653
101
1509
115
169
560
130
273
344
443
106
695
248
789
49
422
63
21
253
353
1381
287
160
30
74
475
131
380
49
412
30
1358
16
1134
305
524
130
179
36
294
681
148
441
1087
373
584
1782
319
365
112
948
868
480
36
131
389
448
202
5
492
665
170
758
21
157
256
609
179
2201
162
585
77
1183
443
140
83
1383
1269
193
728
1418
470
429
322
1352
583
45
48
482
32
492
182
155
228
267
1060
422
1351
675
227
158
1173
607
23
748
251
1409
921
193
201
1438
235
250
603
464
397
697
116
963
81
29
531
191
17
281
1020
605
551
290
23
315
68
743
23
40
64
45
1015
38
29
212
387
321
326
463
91
777
112
587
438
47
910
659
389
166
41
804
1103
187
846
230
217
371
83
145
448
2435
32
874
1035
548
684
281
282
238
254
796
80
412
754
1108
253
201
271
1604
171
73
952
96
1543
158
5
1288
92
185
618
140
291
409
104
204
469
273
62
1033
173
6
1979
4
501
341
936
288
308
590
807
233
207
3850
384
938
1735
105
820
1114
494
668
470
121
680
1755
395
192
124
952
952
287
512
77
191
88
209
652
5
1248
494
152
643
46
301
626
138
90
308
2243
176
296
257
405
829
603
91
721
726
186
13
101
80
26
201
677
1147
150
567
354
425
272
1605
22
216
136
78
1153
636
42
682
142
33
644
879
1600
694
626
215
192
154
230
7
108
254
335
784
91
686
106
56
483
167
497
45
599
163
70
1046
184
91
634
133
379
148
900
375
16
1132
17
158
352
536
176
630
315
22
49
1124
269
567
40
420
187
888
635
717
443
124
497
140
350
57
690
15
358
278
169
60
35
589
29
89
17
153
219
118
63
416
88
80
307
798
170
991
154
655
1747
325
917
1221
868
598
968
1004
586
375
300
872
870
17
62
25
122
493
226
650
261
605
14
2326
1673
18
516
318
741
200
5
646
1911
445
238
146
771
849
600
387
543
731
120
665
18
211
1090
28
1887
99
4
152
194
305
742
963
2400
344
113
1818
463
12
142
1931
170
109
28
341
39
62
397
308
227
64
535
209
124
283
596
1097
182
287
446
216
162
94
668
385
328
433
139
23
1132
1052
1721
260
41
327
883
48
343
259
635
381
795
336
409
614
509
56
17
980
875
668
170
702
146
595
637
372
345
45
277
199
433
932
89
697
1413
179
328
493
123
1048
269
470
434
545
407
340
1333
49
968
438
317
257
195
59
805
242
723
315
508
107
549
174
733
73
877
382
992
42
408
244
93
357
1761
32
520
80
303
919
1078
1122
295
793
1201
259
1451
581
113
259
66
132
1411
2405
458
652
614
922
43
188
131
549
123
151
351
1326
1110
681
562
121
3376
50
11
423
328
554
323
590
890
624
242
446
33
1654
595
144
46
16
641
1455
41
90
260
224
1468
308
130
343
156
190
341
1110
881
363
743
186
474
902
377
528
45
426
978
88
758
259
436
363
305
152
146
766
207
80
394
101
403
444
1385
220
83
1364
1409
181
967
654
64
1179
1352
205
499
458
197
290
1108
23
478
380
573
103
467
150
116
417
1477
414
406
893
448
1084
294
169
52
500
104
678
282
438
44
32
126
10
94
663
344
426
301
229
917
72
470
116
22
10
57
407
84
1216
422
748
1439
31
88
906
712
414
678
623
62
611
238
948
156
563
40
181
186
270
7
157
291
353
1172
284
1188
34
66
359
866
439
106
68
1416
1434
161
69
46
165
195
997
333
40
656
336
96
408
181
335
47
371
1382
398
59
1077
159
1573
188
125
140
64
1084
555
429
1743
89
198
484
1868
104
616
352
973
363
1079
33
263
215
596
22
330
1256
423
237
347
67
501
575
56
1293
1094
245
73
238
1013
306
366
967
150
604
253
464
70
26
1103
66
204
1414
1315
158
999
559
564
30
226
1595
147
82
1010
585
411
71
77
588
114
165
101
72
324
497
131
113
329
794
26
422
25
74
110
20
81
83
111
194
672
1495
456
140
16
1168
62
288
286
263
892
40
309
2929
161
33
731
569
571
192
546
350
270
97
283
551
67
458
1244
111
725
451
232
212
763
147
59
265
622
162
619
309
1260
530
320
176
858
403
1360
1706
689
1224
763
232
178
60
244
2067
202
126
600
583
353
440
151
1175
111
236
329
344
915
573
589
460
879
120
933
279
106
814
7
474
154
943
202
240
533
310
139
39
7
251
35
537
475
128
864
286
162
590
280
206
395
163
214
808
1621
139
87
1533
426
474
561
105
430
1884
968
445
189
542
727
625
118
260
120
707
74
55
107
615
827
483
120
424
1292
1261
328
231
52
113
373
748
436
302
545
1218
674
245
1428
358
506
518
133
1171
190
13
151
1170
258
675
1070
1958
446
614
114
833
656
634
688
1425
926
419
469
76
222
83
587
1450
222
7
28
13
604
1468
367
1385
796
1640
134
471
112
1004
1346
332
1816
659
22
643
287
1234
337
169
557
844
558
815
36
241
216
59
109
302
719
1453
197
107
340
255
95
85
539
404
104
53
353
71
1413
1256
298
1264
804
107
591
269
298
494
15
372
224
199
328
357
184
683
737
243
98
439
116
381
446
337
661
316
368
465
787
809
128
450
216
333
915
635
699
222
158
29
476
600
510
184
380
442
575
525
11
501
480
295
523
135
546
1230
82
97
151
981
574
110
221
1945
1229
584
192
75
328
680
1084
252
262
2419
247
831
1579
29
402
283
2202
258
1080
400
206
684
242
45
564
75
153
484
107
408
756
220
377
1327
41
246
95
132
1022
287
51
656
33
765
165
446
1085
87
150
50
1372
10
1166
392
510
418
889
711
764
188
689
1661
516
427
340
30
2479
1141
178
891
761
191
582
1543
257
1398
364
315
19
172
284
82
249
1025
387
503
1585
524
914
22
1310
898
171
208
46
291
520
598
318
950
177
2185
221
820
30
402
1227
26
1503
113
57
659
557
65
522
1407
461
315
485
51
951
83
230
382
590
236
150
212
227
162
143
300
759
247
603
19
616
1033
238
90
1122
345
422
349
708
1861
28
219
340
808
1093
357
207
555
281
495
497
76
178
235
276
308
35
25
117
167
774
159
239
164
14
356
53
16
1642
247
492
493
335
844
688
727
103
2706
40
1382
44
508
397
415
16
253
772
179
453
764
422
818
117
490
179
61
298
613
250
569
518
920
428
954
435
226
73
177
914
451
163
375
428
1788
399
1197
468
20
1240
11
252
309
65
50
458
859
842
691
85
271
103
75
964
8
555
208
81
1039
229
488
270
668
390
75
849
43
135
164
166
422
194
118
1279
135
1201
194
557
1245
144
275
880
110
506
320
1524
18
619
1264
491
114
251
192
807
1103
250
703
420
1067
792
2086
181
115
925
485
9
11
26
270
1067
338
30
169
273
599
887
160
67
128
1442
238
408
303
91
874
154
174
113
534
732
70
589
24
89
589
532
135
71
44
197
1378
18
323
560
777
417
17
30
185
774
121
203
255
370
409
983
1148
1125
244
51
152
244
13
98
701
733
258
100
709
735
62
524
657
1177
1243
364
317
236
678
1288
997
1724
1131
751
165
865
761
232
358
859
1578
478
729
372
60
314
273
1207
386
261
245
479
904
324
85
365
224
659
99
112
893
693
1756
361
273
449
546
2359
1162
729
1667
138
107
104
254
81
502
256
1032
1015
1029
157
733
1611
424
408
68
331
35
178
199
203
494
480
92
169
437
307
183
398
1166
61
244
755
709
271
52
171
43
843
168
709
51
1177
32
331
924
198
350
521
262
1709
9
598
425
175
539
211
504
81
588
1721
301
422
3
85
283
222
34
324
54
10
786
1064
685
106
339
164
54
91
295
447
69
166
128
581
38
1099
247
1129
781
268
31
236
869
1168
730
464
99
153
172
265
190
605
559
1076
548
398
232
75
255
75
266
836
836
1283
686
420
182
91
1161
1675
172
53
815
237
808
112
289
215
267
56
243
1009
205
752
53
12
36
184
43
213
290
79
239
629
155
355
87
277
214
373
81
215
982
192
98
66
87
324
474
78
377
421
475
35
91
40
73
1319
2732
76
321
243
125
86
825
375
51
4
636
353
92
316
12
168
109
88
150
262
1015
472
530
212
67
712
410
127
92
1677
223
514
15
353
340
390
180
206
212
382
107
523
1825
278
269
79
218
456
550
123
61
627
454
51
1521
874
533
353
219
66
420
887
472
641
700
161
180
147
2257
87
1131
898
826
300
895
279
37
283
380
896
29
161
43
315
28
729
191
192
522
472
1859
179
1128
131
314
283
839
574
16
571
375
909
39
14
159
971
338
51
862
410
808
102
141
93
842
3084
760
356
436
127
280
180
1215
1138
204
336
96
385
572
693
986
270
69
77
478
394
383
1409
83
329
289
11
336
1087
1716
399
63
479
269
364
169
194
166
278
614
1013
128
250
274
175
414
850
378
386
1290
6
972
552
579
398
204
170
2284
549
363
376
199
684
1250
697
197
252
363
460
1291
30
710
91
610
1543
1367
120
475
307
8
791
80
303
122
112
417
52
979
500
1369
1036
520
216
453
109
204
728
1557
18
2382
489
1174
676
136
813
136
377
90
29
254
591
141
1575
1168
757
217
361
402
577
1095
207
34
656
835
72
378
42
332
460
293
492
101
1377
923
29
711
196
51
640
489
501
472
333
85
129
38
693
1072
583
16
21
791
325
1501
49
255
357
22
321
499
637
285
1407
47
599
454
490
385
106
338
427
494
392
43
93
494
1139
361
24
730
598
111
944
355
208
527
121
723
437
10
560
48
246
6
340
385
1886
725
532
25
420
620
371
1307
481
728
1207
14
40
100
70
1719
169
97
103
306
349
312
428
334
239
407
89
386
937
21
425
660
1510
194
335
1633
162
543
264
44
119
495
24
891
474
63
94
137
225
397
120
190
469
277
875
405
685
723
853
273
205
197
207
135
1064
149
248
989
313
792
18
28
2706
160
32
6
1613
489
972
522
1464
324
64
108
62
64
299
694
184
293
415
628
256
82
151
660
680
328
321
1153
38
390
92
76
663
66
46
548
370
173
296
362
103
62
559
315
63
1274
192
381
989
149
438
51
905
19
359
1165
686
255
520
330
27
756
315
603
419
971
816
229
928
26
980
430
110
454
664
906
261
886
18
31
266
548
19
766
189
1905
333
94
203
450
124
168
574
41
97
330
280
41
35
143
653
1561
28
1593
436
18
719
698
513
936
74
962
322
233
795
32
55
1034
471
790
335
496
722
689
50
54
548
1256
164
49
435
491
712
610
132
347
564
518
103
1790
220
1330
108
600
143
445
385
319
350
333
17
545
590
352
186
99
1089
622
306
370
1371
491
563
358
151
2659
705
100
140
1641
896
1038
940
78
44
366
363
641
986
10
378
179
66
1144
65
139
133
175
910
1430
225
875
1547
38
54
304
1575
36
659
22
444
102
267
793
118
31
110
639
165
502
1437
1153
24
422
142
1019
138
1774
1192
1247
111
230
41
162
708
244
530
858
30
83
429
555
1501
72
278
602
53
56
107
620
683
927
298
1075
912
751
150
271
210
693
86
291
147
178
1151
343
230
448
713
1166
586
379
915
45
93
1540
70
657
254
831
644
139
621
971
304
397
764
376
1669
597
394
152
874
743
150
219
31
137
603
429
1895
1057
1251
440
251
57
68
144
94
204
614
539
44
281
672
830
475
406
398
40
679
361
1105
1031
512
113
102
1197
571
987
320
155
497
141
249
138
1622
139
391
391
265
19
16
632
318
22
772
399
241
355
162
156
63
48
613
2118
819
562
30
314
472
1839
916
229
918
367
260
39
229
121
143
13
238
538
328
1170
184
39
68
348
565
213
278
1113
469
563
427
7
439
296
916
91
214
465
665
162
440
403
27
46
49
88
244
250
673
26
220
60
207
221
38
52
678
274
589
1133
790
55
182
394
340
137
318
347
308
377
124
45
750
733
968
1013
246
609
874
126
594
255
331
533
397
342
148
1483
568
187
629
1419
65
60
100
475
424
1257
521
75
779
80
43
1790
469
326
177
79
69
455
416
1041
919
253
19
469
633
320
163
65
336
361
283
129
199
306
300
185
384
301
103
324
406
496
1571
199
34
1088
1627
620
424
622
136
1396
601
694
893
972
137
173
487
501
67
16
429
966
13
174
114
136
161
163
84
173
264
259
196
461
185
284
446
1171
1067
433
378
69
506
163
281
529
472
112
684
636
615
1236
121
327
932
1198
391
299
1389
1054
361
351
141
34
333
7
289
314
195
408
367
730
186
338
43
296
424
961
409
38
615
327
1091
133
86
214
304
963
365
122
540
382
1351
1243
80
333
121
57
184
90
70
603
1494
281
507
