217726
225381
222084
206361
202558
199806
196170
199442
201333
198368
198528
198745
197108
204685
198450
195126
195565
202148
195979
197373
199071
196148
200198
199591
196648
197154
212734
200813
196154
195587
196656
201427
196725
195969
195666
201080
196663
195503
196608
195188
201608
198405
195966
196130
198021
196962
197921
195957
196290
200159
197039
196945
197960
194704
200739
194765
197788
196691
200198
197606
195726
194259
194634
210419
196789
196599
195616
200797
196441
196360
196216
194298
200950
196199
193820
195953
196024
201212
194838
195383
198030
201803
195574
197772
198047
213188
208864
199968
200445
198481
201982
197143
197332
198173
196646
201434
198675
195186
197517
208158
197656
197340
196576
195843
203023
196259
197007
199112
199817
197248
199311
195743
197837
201663
195745
196659
195331
194962
203731
197129
197397
194417
199604
196560
196440
197772
198632
207403
197815
198750
197183
199684
198576
195684
197503
198423
212121
197628
197237
197366
201872
196515
195980
194886
197181
201094
195618
197904
201804
206230
206072
216190
199724
196628
202443
198793
197154
198721
201355
199387
196106
195368
195453
203396
198309
195736
197476
195921
212721
201260
198918
198923
209679
198567
199442
193883
194107
199525
194321
194437
196302
201033
196419
194927
195071
194691
200297
196698
195110
195941
198573
194719
195403
198732
196114
199134
195062
196135
194039
196216
201779
194742
194780
202559
202045
196594
197009
195462
195332
211667
202672
201733
198969
203981
198944
198400
195589
197916
202918
197847
195305
196831
200547
196355
197904
195165
195759
200076
197840
198308
199297
195419
198393
197773
195103
197237
201669
196596
197435
195936
196320
203777
196272
197067
198049
208423
200121
196522
195317
196095
200258
207389
202354
197676
201800
197753
198084
196707
197410
202279
195106
195995
195577
199522
198558
193455
195455
196769
199566
198105
195478
193928
195622
196747
195201
195777
197564
200541
195998
194736
196655
194578
214073
196494
196535
195919
199397
194897
194342
195419
196723
200616
195418
200019
197863
202991
197634
197378
195178
195020
200418
197757
196269
196578
195200
202813
194366
196205
194941
201653
198275
197155
195686
196989
201245
196615
202944
202211
214556
217664
198300
198305
195202
201930
197525
196643
196069
199351
196159
196232
196405
195401
199211
194918
206888
201603
201532
198994
197236
196168
198967
202953
197118
194898
196519
199106
197892
196079
195286
196734
200478
196669
196389
195993
196255
209484
196640
196660
196939
202837
195880
194297
195957
194898
200173
195503
196412
197448
201406
197020
196672
196454
195935
200017
196517
195495
199782
200670
198875
197367
196019
198256
199325
197787
195968
196517
195678
201549
197963
196154
198147
209243
199923
196640
196731
195868
201946
197329
198353
197779
200802
195749
197751
196322
197728
200153
195375
196683
197332
200548
197388
195584
198550
196265
200316
195780
196690
209886
198858
201302
196800
198378
198125
200800
196491
198426
194341
196939
209499
197525
195963
195673
201019
196579
194042
194813
195591
202723
199057
195881
195624
199593
197557
193964
196403
194919
199270
196325
196760
195140
194940
200827
196461
194823
194807
199126
196010
196491
197403
200327
202898
198670
197209
196983
206636
198972
198008
198103
196429
202687
196582
197016
196877
201052
198582
196617
196579
196601
201063
197637
194265
197703
196950
205959
196968
195602
196832
201368
194909
193217
195766
195819
206063
195881
196017
198368
201074
195839
195522
197109
208659
213593
200009
196176
197082
200648
197324
195787
196995
195200
202552
197004
198038
194684
194196
200108
195588
195480
195110
199950
196168
196437
196674
197497
200892
196050
197801
196768
200266
198016
195005
196037
195019
200795
196207
194759
194064
205892
198018
194030
195025
195345
205172
198991
197339
196492
195167
200274
196350
195645
195661
201228
199151
195421
197295
195021
200749
195806
195528
195448
200261
196719
195873
193467
195662
202436
197672
209025
198802
196320
203975
200507
207791
218179
196092
197687
201043
195982
199718
198544
195653
198342
194401
210085
201535
203229
200709
197189
196680
196130
200772
195976
196352
196686
201502
198709
198619
200389
195400
200087
197878
198226
197332
199721
196725
194998
195319
195539
208202
195715
195135
196589
199644
197768
195833
195774
198622
200564
196512
196401
196971
195000
197838
195686
198523
200952
202084
199275
196894
198580
196836
202315
196927
198292
197469
199732
194661
197898
195437
198257
201462
196635
195637
196711
205018
196869
194220
198546
198825
200406
198367
194570
195447
197346
200238
195930
197123
196125
201551
195201
195967
195330
199647
199257
196096
195871
206727
205640
199781
195693
196713
197399
199209
196029
196209
195095
197761
197795
198405
196339
195967
208412
198292
195675
196317
194791
202989
195220
194013
196426
199985
197454
195284
196134
196133
200066
195971
196304
195302
197973
194937
196276
195250
196406
197618
195090
194624
197981
200348
205102
197801
195834
200639
199006
195858
196622
195214
195561
206706
196279
199975
195387
199476
196925
197766
198468
195026
201769
200215
196764
196888
203393
197464
198122
194347
197155
202133
197403
196211
196734
195944
202332
194570
196155
197894
199505
196966
196821
197254
207170
203805
196770
203248
201063
216894
216592
199370
195872
197101
202652
196189
194422
198568
199700
196630
194640
196878
196468
201359
195969
196291
195129
199367
195415
197392
195039
194879
198746
197077
198005
196984
197268
202179
198025
195481
195182
198747
197054
196568
195549
195955
214781
198387
197134
198269
202055
195402
196978
196207
195095
200243
197110
196802
197593
197909
197449
195431
197669
197784
199669
198894
197315
196921
196879
202833
195204
194741
194535
202452
197760
195189
195961
196784
199714
194374
194987
197415
209700
197722
194984
195125
193599
211950
202335
196421
195918
195008
200052
196153
195976
193737
200111
197099
196013
195114
195127
199714
195329
196033
196173
202223
198618
197616
197191
195956
204181
197382
199183
195987
200320
199270
195607
195701
195841
208239
196571
195447
195799
196480
201527
197503
194739
196364
201005
201776
198047
199270
196944
202758
197283
198785
196994
201847
197338
196709
196404
199929
201308
197605
196877
197694
200787
197594
196880
198296
196017
203857
199001
198528
196222
198770
198158
196741
198005
196420
200861
196843
197902
196829
196076
204003
198507
195370
195713
199639
206686
201907
199444
199238
203339
196507
197170
196153
198441
195711
196478
197801
197477
200341
195200
194775
195583
200470
196700
201455
196474
195401
208848
197052
195890
196688
196043
198833
196305
197172
196442
199710
199189
195879
194789
196402
199005
195464
193530
194784
198483
197323
198829
197873
197852
200531
197796
197392
197730
196554
198573
198971
196563
194434
200945
196310
196492
196987
197381
206635
197437
196326
198342
199989
197684
197756
198514
197751
200934
196258
200179
195992
199702
200043
197334
195187
195804
199522
199097
198511
195966
196322
198725
206507
200739
199555
202771
198154
198117
195362
198340
199601
196739
197103
195988
208670
200175
195339
197222
195295
202565
194692
196494
197245
200413
196334
194422
197951
196570
201207
196311
196325
198569
199626
198044
198049
195915
194332
201696
196310
197986
198167
194892
202505
198944
199797
199269
201814
195716
195446
194922
194057
208760
196395
195861
195685
202423
200123
196717
198082
195773
203975
196116
197962
199283
199862
197466
197348
197574
194007
201691
196312
194826
196685
196270
199029
196728
194602
197909
199637
195129
197390
196838
194692
199950
194842
207693
203347
208902
197985
196427
196245
196776
202758
197849
195426
195125
200457
197638
197860
194631
196785
199682
196512
195627
197728
194010
200027
196051
195979
195481
204874
196955
197678
197655
196668
200193
196754
196902
195016
199498
197832
198015
194422
197731
206822
198486
195510
200262
198120
202281
199046
197857
197174
201092
197144
195650
194497
194996
202480
197089
198396
197096
201493
196317
197381
196372
197598
205901
198065
196992
197345
200018
197994
196645
198037
197080
199989
195557
197829
198984
208053
197282
196253
199291
195162
203237
197429
197028
210011
201197
201542
199909
198797
198310
199464
201008
204410
196130
198000
200255
197886
204825
196784
197642
195728
201765
196229
197558
195908
198141
201760
196393
196876
198532
211311
197613
195825
197543
196872
201499
195374
195363
197685
196266
197560
203707
202741
202614
220965
201592
200534
198397
200047
199902
197444
195262
195713
200009
197846
195033
196555
196319
209195
198964
196454
198567
201119
194968
200147
197587
197276
208660
196972
198616
196622
201073
197331
198105
199807
196599
200657
195054
197141
195258
201766
195075
198633
196951
196128
201374
194211
207907
201691
201004
198103
198092
195981
194453
200970
195918
195096
197649
195660
202092
196882
195177
197229
205682
195295
197755
195839
196461
202933
195632
195978
195869
198431
199774
196991
194535
195662
199953
196690
196792
197219
194370
204026
197524
196911
195600
201410
195644
195774
200201
199011
203498
200338
197680
198547
199916
197637
196731
196267
195244
206540
198265
197389
197491
201999
197004
197139
196536
196399
202714
196693
197213
198675
194574
199099
198207
196373
197108
199265
196999
196831
196607
196662
201742
196204
199122
198468
200464
195061
196727
207629
198863
203390
197355
198310
195187
205424
199690
195262
195165
195920
200530
195017
195197
195900
195925
198970
196194
197119
196444
200293
195218
195957
195365
195092
202076
194770
195411
194790
201308
199765
198100
196808
194994
201998
196585
196376
196740
196804
199445
195349
196346
201239
211566
198041
198999
199235
198285
200265
197873
196756
195815
201281
196912
199210
197313
195637
208918
201530
207031
215598
203555
199161
196269
197094
198735
201593
198149
198418
197985
202050
196535
196846
198129
196776
201792
197556
197260
200308
208118
198238
196498
197450
210509
206971
201105
199307
197730
203377
198306
197326
198598
196751
204557
194481
195551
197166
202478
197035
198094
196568
195731
201546
196481
196346
194317
197737
200763
198253
196436
196088
201171
195114
193555
194015
197732
207208
196565
197503
196249
198697
197979
194821
198081
195559
206077
198540
198733
196360
196178
198031
195139
196790
194906
202579
197402
195326
197417
196259
202755
197484
197023
195056
198814
196763
195551
195775
197131
203033
197246
196367
199550
204255
200642
194916
196182
196137
200950
197073
195021
195605
197059
200042
199056
196214
196182
208725
201348
198342
196556
197081
202316
196812
196397
196512
198010
195533
195561
195303
197544
205572
195938
198323
200417
208190
201974
195899
197950
197472
209367
198201
195931
195615
201103
199433
197875
197142
195806
203176
196323
195899
195467
197299
199092
198146
198236
197755
199604
199854
199770
199129
198309
202853
200223
198863
195939
201380
197572
194992
199425
200097
201393
198033
198070
197271
206349
198212
198083
199036
196640
204917
199514
197290
198044
201220
198639
199699
198499
197817
201935
197276
198232
197832
200126
201959
199067
196646
197656
200625
208721
202995
199317
199519
198749
197291
196673
196256
199421
197807
196734
194953
194530
210151
197719
198117
196493
202180
197647
195849
195267
195808
201271
196271
195187
197695
202220
198492
195037
195254
195808
199279
195692
195668
194154
196369
201700
196409
196869
199216
201739
197714
203893
201182
200290
204248
199109
198216
197553
208572
197242
198995
198625
197246
206355
197972
197618
197056
201572
197974
198241
200379
201464
203592
198828
199276
196666
201377
198984
197867
199109
201285
202941
198191
198204
197695
201227
198840
199526
199835
198519
200898
197757
207867
202194
199232
199337
199095
196673
197594
201756
196109
196373
199178
196906
202803
197939
200325
197491
201560
198962
197821
197604
195000
202732
200908
196186
196430
202446
197587
202931
202271
205906
223397
197186
198575
197728
200045
198558
197098
194776
195534
209917
197221
198383
200696
202971
198560
196907
195603
198437
200645
196941
195979
198794
202299
198278
198746
196041
198368
201565
196911
197555
198072
196896
207523
196062
199353
198527
200462
198015
197180
196532
198202
201596
198072
199187
196191
207806
197817
197511
199626
197098
200078
198765
198825
209516
204004
199110
198271
199689
196368
201646
198955
197426
195389
200974
196320
196572
200910
196786
202074
195583
197696
198153
196544
199247
197047
196379
199220
202102
198920
196675
196109
196701
209964
197597
197570
197147
199377
196607
196681
196876
197308
200500
197994
197490
198991
204397
201959
200894
197495
197150
202688
196900
198377
197969
201672
197173
194367
201396
198921
203688
197487
200283
196985
196967
198683
196900
195862
198615
211639
197570
197241
195034
196307
204067
196665
197383
197493
199803
197089
195770
197021
199174
202717
197479
197669
196451
211200
201636
198692
197693
199487
202590
199477
198258
196012
202881
200401
196790
197022
199119
201787
196906
197432
196170
198150
202177
197468
197348
195996
200880
197558
198337
197158
197424
200520
196050
196677
197275
202166
198069
196954
197913
197070
201664
196924
197956
196219
199496
201458
200925
199241
197281
201689
197273
198049
198011
199812
198669
196142
196140
198967
208924
199471
197651
196954
198131
201501
197888
199758
197012
204182
198415
195668
198071
198775
202781
198744
196505
197549
202073
196914
197402
196505
197417
206618
197883
196500
197428
200834
207694
201344
199973
198204
203554
198149
198589
196665
209812
197841
198386
196511
195835
203295
196513
196848
198342
201304
199396
195995
198798
198135
201229
196680
198395
198027
195262
202626
198175
198616
196943
200477
196488
195609
195539
196659
202788
197430
196938
196350
199912
198626
200855
200435
199269
211948
198079
196328
199391
201005
200306
197408
197963
195741
203904
196684
197690
196631
196640
198643
196301
199572
198380
201357
196213
199084
197407
198680
201094
196515
197365
198355
200651
195894
196378
195691
194992
202292
201768
200091
197150
205668
199491
207755
206298
205755
212520
217484
201196
198423
205709
198211
196090
198580
196566
201519
197823
196576
197112
200618
198500
197032
198710
198221
203959
198110
196064
196945
202295
198902
197368
198205
196769
204951
195365
198127
199538
198314
200995
197233
197118
197116
202099
195339
197432
202696
198613
201300
198824
198192
196765
201451
198026
195820
198188
197259
202329
199919
198137
198735
201693
198683
197982
199297
198779
205535
199051
197838
198771
200920
197803
195463
195464
200425
208831
196501
198245
197145
200216
198695
199597
199428
199070
202144
197583
199180
211030
205498
201155
202812
198880
198948
201927
197432
197700
198680
199569
199433
197133
198886
196564
202015
198670
195332
197991
195230
202788
197505
197736
196842
208455
197143
196465
197790
196727
202424
196814
195496
196386
201524
196784
197788
197074
196671
200797
195731
196400
197599
201252
200130
199765
200118
198139
200420
196876
196667
197594
197668
203819
195984
198075
196823
201399
198210
195029
199260
197519
210931
197670
198943
197768
203763
198263
199711
198639
196567
204687
197898
196146
197668
202329
197269
196444
195635
200554
202851
197617
197897
198021
213611
200332
201327
200782
197995
203873
198725
201077
198629
200980
198339
196896
196773
197395
207285
198961
198390
198541
196985
199778
196746
198173
195878
203930
197358
197612
198505
195945
202126
197271
197754
197522
200582
195586
196675
201231
196583
202886
196532
198287
196980
200037
200841
201407
198264
197595
202431
197672
197317
196681
208535
199718
198436
196707
199376
202650
199298
197256
195966
198181
200394
196545
200770
195930
202255
199355
198054
197191
195777
203366
199641
197473
194207
201201
196378
196518
195952
195736
204465
197622
197224
196538
199740
209063
202398
200212
199528
208968
199749
198386
196389
199299
196489
196193
196424
197434
202317
198087
197138
199365
195946
200570
197967
198280
196995
199997
196278
196119
197592
197325
203308
197873
197803
196104
199859
196471
197761
195057
197508
205567
196731
198073
200483
206664
198333
201457
201567
202088
206320
198326
198533
199275
203094
197427
196780
197635
196947
202409
197723
198940
199806
197060
198038
197289
196282
198519
201801
197370
200993
196481
197821
203395
202137
202268
203032
207254
198373
197335
196430
197289
210599
200183
199459
200392
200479
198535
1970814
219125
207623
203954
211157
210842
219092
210425
219439
217804
208288
207273
229456
225111
228583
212004
209834
208677
220005
207469
216658
206386
212168
206800
214517
210549
213472
208492
232266
207163
205041
209826
208362
210835
225599
202898
197494
196775
197724
200848
206844
198921
206163
202115
203871
198582
198302
199930
201992
197162
198570
196826
198695
209595
199727
197684
197564
203584
200204
199802
197740
197143
204520
197621
198754
199646
201085
196768
195863
197156
199241
201438
195051
198240
196967
197850
198812
196821
198032
198231
201941
197516
197733
210722
202364
205948
197333
200749
203336
214285
205230
203883
217874
210331
197800
197536
198529
196929
201855
197783
198697
197549
197391
198480
197548
195970
198163
199474
198509
198918
197921
196108
203137
195449
196154
197790
199923
196454
197787
196084
201766
208894
202838
216388
197867
218348
199008
195685
198249
197251
202039
197380
196561
195336
200181
199631
196472
200127
196844
201228
195054
197838
197901
200089
198468
200687
195760
197056
203626
197329
196618
196510
197276
202589
196838
197150
195548
201844
196919
197207
196123
198677
212914
197499
196889
196890
214598
201846
198034
198591
197428
200557
197627
198330
198611
202142
198958
197324
198763
195672
203050
196865
195753
202554
206734
206142
217101
208167
198129
205210
202042
204056
216544
207856
195797
195838
196392
197071
207046
196386
195724
197297
202423
196217
196739
197335
197511
201287
202416
198849
198058
200914
196616
197352
197887
202315
207600
203342
218699
200583
201026
197701
197213
198127
198447
202380
195510
199138
196606
197029
199646
197649
196992
195443
209379
200042
199577
203210
200375
204511
217507
205133
197504
201552
202695
203587
201506
220827
210719
209936
202008
197567
202110
198913
200245
196969
203825
197884
195532
199659
197597
200854
199045
197491
195442
200915
198194
196486
198977
196300
210359
197949
198342
197386
203427
206401
202499
202380
201637
222399
203232
197159
196559
199562
198022
197296
194241
197830
201592
199339
198097
204201
199861
200105
197914
198027
199332
205968
199075
197582
196646
198790
198141
198773
197049
196223
205229
199446
195491
197281
196679
203574
195381
198144
196640
202038
196685
196861
197577
197759
199060
195086
196240
203658
205924
199588
217446
213898
198882
202573
196484
196831
209613
206837
198077
202966
202210
204390
222787
205361
196909
195025
207036
198286
196041
196241
197591
201529
196787
196561
196642
201843
197893
197275
196423
198525
199384
199003
194177
197186
195248
199832
197565
198390
198507
201091
197889
197168
196602
194955
202529
195897
195819
197191
204314
198801
200038
198496
195875
206216
197112
198319
198453
202556
196900
198117
197682
195786
202983
197461
197995
198470
199832
197315
198082
197325
198096
207629
201405
202488
216323
207831
197910
196671
195090
197270
202709
196884
198028
196195
198336
201799
195899
196775
199441
216055
203383
201082
200519
201144
200176
197286
198117
197877
202479
204068
203113
200721
206703
202104
197438
198200
198217
199492
198217
196986
194724
197238
202018
196073
199792
196717
200076
196886
194584
195234
196212
201263
195133
196708
198079
205529
199029
195789
196874
196289
204052
201969
198814
198814
202729
199142
197654
197240
196620
201627
198295
196183
195484
199486
202540
197046
195684
198802
200146
197132
197103
198925
195669
201170
196574
197284
197294
198795
194935
198790
196009
195451
212431
200138
201764
215270
208522
198665
197682
201720
202742
205882
228247
213275
201075
203957
198011
197146
196560
196510
201133
197446
196866
197400
200632
199360
197489
197674
195715
200995
197565
197720
198499
200979
197550
200961
201848
202217
227943
210371
196803
196890
200838
196151
197355
196720
197803
202137
198745
195271
196042
202354
196865
196993
201707
199676
203569
197281
198943
197121
196986
199792
200193
196915
199736
207994
206070
216491
206750
200885
196664
195899
196677
195626
211424
197488
197308
198125
196138
199169
194558
195881
196418
202884
201343
203636
201678
201600
203757
197636
198805
197784
202633
195747
196038
206926
199996
205813
196973
199250
198759
205156
198568
194898
197931
197195
198986
197329
195212
196939
204852
197905
198580
196519
196399
200865
196675
195578
200844
203098
202749
200918
198306
198531
201761
196480
195466
196833
196517
201358
194659
196874
198576
201170
200219
197979
196482
201747
204979
200729
199395
196835
201719
197875
197260
198133
196990
207808
198781
199785
197765
207966
205383
202772
205009
215539
204228
197181
197163
197484
201884
197906
195899
198429
195855
203835
195918
197134
198199
199837
198809
197044
195479
204471
207114
204984
217007
209185
218256
207582
205811
218527
202805
201627
196683
196577
198242
202304
197648
195654
195695
198022
201107
198338
197523
198338
201118
197002
195246
195301
197056
201042
195496
196780
196599
199757
198099
194721
195905
196860
199738
197297
197382
194514
199214
202779
197340
195894
196370
208407
203289
199878
198022
200178
202960
197525
196094
197382
201518
198590
197021
197014
199873
201346
197140
197430
195900
202242
197833
201925
201959
202610
207969
217280
205264
197145
202135
198193
199148
196387
196196
202023
197775
198607
195865
206614
199221
196453
195987
193942
202851
209087
201097
200845
201459
198669
197524
199127
198349
202537
198321
197592
196092
197810
204275
197109
198565
195137
201373
199393
197452
195057
197899
203911
197737
195703
197107
202008
196849
197241
197321
195059
206422
197746
198333
196670
201211
197945
196305
196527
196082
202240
197334
201100
200516
210343
205549
204563
218283
205975
202180
198690
196944
197257
203029
199241
198167
199642
197932
202354
199306
199421
198755
203288
199198
198423
197836
197195
207810
197517
197801
199030
199597
199167
196855
200127
200334
201995
197735
200780
197970
199693
202185
198414
209304
201924
202629
200287
197416
198620
194518
203114
194797
195819
197590
200333
196360
198609
197139
196441
201802
195848
197954
200388
208492
198131
195059
196660
195333
203999
197608
198698
198787
200020
200426
196894
196191
197626
201731
198583
196877
197439
197291
206522
195578
196492
200377
204235
200022
197932
198191
197036
201918
197704
198630
198574
200037
196541
199149
199034
197167
208856
199118
197215
197562
201532
198568
197430
195444
197756
201725
196377
198443
196020
202165
197293
195007
197702
197951
200777
199045
198092
200419
199278
202651
197712
199009
207170
206059
199675
197555
196740
200436
203487
197285
197773
198858
209968
197218
197690
199441
197512
200396
197468
198989
197334
202492
199203
199820
196680
197413
202093
197789
196715
196547
199935
197620
197641
197574
196990
201612
196977
199003
197291
196553
198871
198071
197964
196976
204869
196889
198673
196785
196367
210075
196849
196273
198391
200118
196326
194268
197160
196480
202793
196757
195635
196057
199208
200505
199701
196093
194728
202864
195654
196516
195158
195600
203374
198425
194982
197476
200461
198857
196289
198057
200136
201911
195374
196259
197075
218669
203185
198809
197216
197426
203102
197866
197078
197215
201600
198960
196428
197691
198012
202998
199173
198659
198172
199743
197333
197441
198572
197198
201979
198146
197158
197033
196947
203662
195964
198677
197379
200941
198665
196475
196626
198102
208523
197818
198325
199539
202186
202387
199185
197819
199498
201961
195993
197419
197521
201000
197783
197721
198782
199302
202241
198361
196002
198316
202643
196489
197322
198771
196427
202450
199168
196508
196748
201914
206507
204056
217421
203272
211215
197647
200161
201885
204458
219390
204815
196830
196858
202657
208848
200790
203744
208713
204212
217300
201934
202002
206812
202484
202416
205310
221579
199624
196696
196091
196184
198619
197481
198226
197202
198573
195647
195959
195333
197891
207206
197223
196861
196792
203291
197830
196644
196380
197769
202673
196415
196079
195736
195350
196383
197789
200392
198866
204358
196467
198831
195430
196992
203171
197106
198236
195678
201026
199416
197949
197165
196887
204899
197262
198562
203373
214767
211936
217125
198145
198790
205062
196867
196862
199710
198865
195665
196365
197779
197475
204379
196914
202929
199184
201217
195232
197002
208021
203382
203822
202818
204538
202741
222343
204421
194672
196461
196904
202654
197287
198162
199483
208593
198949
197053
196522
199326
201534
196451
196050
208006
197880
200426
197424
198831
204013
196642
197339
196580
200215
194792
196233
194855
197218
202117
198414
197034
198716
202155
202704
199727
200035
199103
204980
199107
195669
196229
207531
198345
195702
199372
197769
204795
197297
198087
196522
195136
200020
195881
197891
195789
200384
199137
196287
196992
196639
202478
197768
197216
195506
201442
196005
197937
195966
195649
202447
198212
197168
194705
198689
210626
202380
197633
196917
212869
197430
197026
197093
199906
198089
198796
196446
196093
199593
198118
197917
196253
198577
204085
197379
196732
196378
201249
195682
199047
197457
195402
204054
198424
195836
197914
201323
199648
197320
198112
198467
200002
197443
198150
196642
208865
199911
201443
199121
198118
204709
198406
198715
197296
199522
199302
197746
198570
195777
204024
200057
199843
197020
196113
201037
197952
197603
198375
202837
197234
199344
198389
198464
202902
195992
198792
195723
197878
199222
197339
195922
196770
208489
202100
199408
198625
200727
199738
207940
202341
199699
204400
198336
196239
198221
200150
196150
197430
198724
198321
202007
198328
196881
197559
200801
198215
196181
199414
195750
202312
198197
197749
195998
198797
203773
196698
194727
195869
207491
195822
196588
196932
197802
202754
198551
197161
197494
200753
196751
198172
202688
198790
204845
198438
197140
197596
199566
199600
195884
196256
196853
202895
198302
196194
196754
195944
204944
196615
198436
195498
200875
197136
196188
200077
197033
210282
200219
199889
199496
202396
196901
197549
197312
198555
202207
196853
200404
198093
201806
197851
197771
206795
202060
203541
198581
197480
197693
201392
198923
196780
196879
197156
201002
199069
196609
195912
198615
198110
197166
197915
196724
206698
196319
196657
196660
197652
204864
198238
197647
197348
205004
197166
197891
196140
196489
200582
198828
197375
196029
199214
197166
196405
193935
200828
204325
199727
197442
197438
200063
196565
196289
199873
197779
202779
198349
198130
197474
198404
200196
196105
198393
196774
202252
198036
197691
196660
198321
204104
196976
197935
195242
201542
194963
196259
196918
196684
203369
195645
196171
198486
205771
196429
196583
197285
209081
205144
199527
198568
198238
201988
195990
196452
195994
196975
208762
196974
195338
196749
195659
197106
195778
196653
197607
200599
197709
197484
197945
203032
206233
203385
217445
204755
200332
198767
197311
198195
197135
201426
197605
196814
197175
201627
197687
197812
198083
197096
206126
199741
198226
197281
209702
198022
198668
197807
197640
204484
199266
198519
201054
201910
197014
198510
199044
196959
202628
198649
198515
197479
200654
199191
198071
198291
199361
201470
201433
198154
196167
196272
199173
197904
195320
197811
201393
199621
197242
197075
197174
221857
201243
199552
199996
203895
197946
196794
194789
196613
203324
197133
196964
196102
203123
196784
198429
197101
196722
201988
197638
197179
196201
201174
197130
196586
197123
198280
201699
198702
195590
195730
195601
200829
199603
196856
195780
205743
196341
195854
197740
196840
203935
200786
199282
199509
201148
199113
198464
196559
197051
202668
196706
198632
197106
200410
198418
198395
197224
195663
203097
197141
197122
199684
195881
198067
198502
198245
198878
202972
197874
197342
198491
197944
208920
198578
197019
196251
201925
201302
199343
198003
195955
204202
208051
201161
200660
201821
198202
199660
198810
198439
201567
196442
198343
197385
200604
197443
198440
197474
198285
200443
197549
197650
197825
200906
198184
197577
198228
198384
210192
199053
197676
197677
196526
197596
197773
196023
197394
201706
194987
196172
196948
196999
204139
196620
203864
199499
205980
198906
196829
199554
198291
202051
198957
197722
197087
199377
198333
197115
197698
198857
201916
197146
198147
196569
209527
196713
197254
198517
198059
206746
197782
196917
197126
200356
197636
196789
195755
197335
200251
196532
197554
196775
196246
202166
198074
208090
203414
201322
199260
197552
196867
198105
205624
196790
197094
202273
202824
196278
197920
198488
197203
206843
200658
203358
202793
219629
208767
197270
196466
195773
201914
194667
199072
197268
201369
196583
196696
196769
197496
200989
198032
196101
196148
202083
196011
197763
198113
199429
204385
205515
199197
197180
202008
197685
196411
198048
198506
211532
197238
201397
196588
196507
201555
197577
195589
197442
202442
197245
198144
197756
198712
203042
196563
199211
195905
203664
197925
198146
198404
196093
200929
197437
199207
198850
203960
199590
196230
196044
208947
206424
200699
197727
196911
209223
199283
196045
195575
197540
201291
196885
196265
197357
200423
198027
200679
196444
194696
201841
197605
198155
195445
196254
200078
199161
197714
195216
199952
195251
196064
197149
196341
202262
195946
197239
195730
201755
195515
196956
197194
197367
212840
199726
198051
198455
200259
197820
196961
197445
197716
201705
196456
195562
199998
198265
199340
197734
196246
196931
202283
197668
196668
197286
197278
203685
197227
196003
197324
199954
199623
196518
195335
197106
201550
197832
197888
196386
210258
199866
198831
198161
197242
215762
201702
200442
200009
203604
197123
198687
197505
196306
202148
197137
196447
199252
201426
199044
199136
197628
196095
201404
197448
197930
195646
198200
199411
196531
197235
196338
201819
197766
196471
195139
198837
208153
197041
196778
198384
200526
196668
195699
198667
196735
203915
201379
200866
200778
202707
197492
195456
196058
196557
202396
196747
198096
196524
203039
199248
197049
196892
199261
201210
198729
197896
204905
202420
205937
219262
203046
197004
209929
198064
199778
197492
199821
198938
197945
198697
196329
200938
200725
198104
198514
196197
201037
209057
207061
204552
209327
217057
205245
199245
202602
197441
196396
195571
201498
207180
201986
218444
206233
201223
196893
197101
198511
196070
211881
196553
197211
195683
201678
197074
196554
195779
196681
202600
196150
196460
196432
198375
201066
196645
195884
196735
201010
196229
198927
202998
200105
205294
198563
198208
198550
200094
196691
196714
198293
198074
202245
199050
198116
199786
208646
198495
199376
196030
197339
202772
198251
197857
199302
200007
199345
197987
196831
198024
203157
197131
197496
198339
200674
198655
196968
200534
198465
201746
197651
196852
210058
202130
202797
199014
201024
197108
201811
198920
196854
199215
196690
199414
197794
197774
198078
203243
195889
197264
196401
196557
202464
196785
196679
195956
200562
198455
195369
196271
195719
202828
196391
195653
198405
205889
204841
208840
217321
197400
201297
196833
198591
199119
206120
200800
200371
197109
196276
211033
196717
197834
196713
200512
196663
196553
198274
197033
203201
196763
197164
197810
197232
200467
197576
198618
196365
203876
194257
198074
199106
195966
204978
197286
203229
202082
208012
216277
201138
197448
197163
203451
197254
196106
196388
217486
201920
200759
199515
199357
205243
199455
198696
195078
202058
197735
196590
199523
196931
203485
199806
197502
195529
203171
199946
196719
198759
196529
201441
198942
198542
196108
202965
198466
198458
196887
198103
200617
196543
198101
195219
198242
200616
196474
198133
196739
201579
202258
199001
200792
199910
199027
197633
197797
197159
203360
199679
198225
198443
198809
201850
199865
198560
196982
201284
197215
198468
199967
196691
203915
200186
195979
197950
200996
196126
196721
196787
196023
209167
197518
197003
198327
201531
199282
198141
197249
198952
201217
207955
201042
199541
201132
200000
199760
198029
199619
202438
196258
197619
196206
196637
205694
196998
197985
196921
200780
197277
196341
196635
197741
201827
198178
196127
197431
207551
200171
195845
198906
194898
201134
197388
198399
195556
201237
198445
197401
197820
197114
199931
197624
201834
201258
198950
200266
196998
197790
197656
202289
196303
198503
198395
197194
205119
199485
199476
199468
204618
197868
196414
196697
197723
210198
196567
198375
195879
200084
197219
197744
199748
197604
202233
196808
196261
198622
201928
195729
197995
195757
197292
201134
196853
211670
203888
205027
201811
199969
198265
196716
203427
197580
197751
201404
200854
198495
197584
196280
198564
210591
196128
197710
195907
195805
199617
197725
199449
196119
203662
197158
197164
194930
196709
199673
199013
202934
204718
198167
196548
199300
195858
203528
198452
197340
197059
209107
200738
199166
197772
196381
201639
196936
197968
194669
206100
198806
194858
200665
196809
201446
197894
198075
197501
200586
197036
199985
195644
198051
202408
198052
196017
197881
199027
206297
201531
215784
216988
202819
196605
202056
196193
203438
199329
196762
196685
198840
210216
200916
198355
198789
209763
199259
197123
195835
197295
203666
197041
197033
197481
196164
199881
197859
197654
195082
200439
196171
196537
197590
196649
203794
197029
197484
197034
202775
196498
195512
199538
197388
203296
197020
197409
198709
199716
196945
196263
197205
197083
209204
201187
200460
199527
200972
198046
198403
197862
197835
202710
196375
195894
197098
199120
198393
198338
198603
198027
200831
196932
197382
198002
199358
203467
198654
197908
198747
201542
197827
199969
197378
196727
200217
197259
197083
194889
210204
199743
196339
199943
196147
202544
208813
201090
199066
202879
198064
197309
198683
196218
200408
196504
197128
195016
197333
198009
197392
196762
196457
201090
196330
196915
197857
196253
200575
194571
196116
196702
200553
198400
200861
196979
197202
209562
197294
196679
195795
199433
198963
197006
195315
197097
202853
195029
200730
198556
197844
198424
196741
195845
197980
200458
198402
197643
196028
195356
204357
198599
197647
198022
202057
199330
196947
196835
198895
202148
198075
200549
196446
209033
196028
196325
201193
196808
201676
198390
198326
197586
201981
195851
198633
197025
197943
202515
198902
209875
202792
203666
199542
198268
199239
196529
201643
198955
196517
197053
198441
198040
198794
196602
196329
200802
199388
196663
197154
196254
210150
197894
197677
196954
203430
198132
198311
195827
196224
202840
197395
197178
196920
199550
197520
197541
196036
198261
201330
196792
197011
202459
203428
199868
197597
195289
198396
204501
197820
200118
197556
202748
198115
200237
196805
197468
208390
197024
196246
197307
197428
205485
197471
197941
199411
202144
197652
198668
196327
197723
202199
197090
198959
196624
200470
196734
198391
198820
199115
200558
197240
199731
206850
205801
200306
197320
196965
197469
201665
200460
196637
196972
209167
197740
197760
196239
196813
202475
196911
197583
197161
197756
201302
198986
196425
199313
198872
198646
196914
197882
196937
202600
198190
197032
196358
202814
197655
197669
195969
196895
201054
196177
197807
198091
203602
199964
200936
199070
197493
208616
197034
196612
198257
202068
199403
198465
200273
199079
204838
198430
198183
197808
196391
198839
199857
198237
199328
203042
197025
197697
198611
197307
198858
196142
197202
199014
201214
197266
195123
197422
200135
204580
196791
197523
198422
218473
201376
199517
198174
198923
202381
197046
196263
195698
200884
197560
194493
195602
196762
200469
196797
196697
195936
201688
197733
197287
202457
202282
209366
203086
197298
195838
200976
196808
195099
199180
196691
200856
195330
195249
198434
197011
209311
197645
197353
197498
201644
201913
198236
197873
197646
202228
197380
196700
196321
201823
196765
197076
196215
198154
201206
197556
197953
199025
202228
198594
196363
197733
197205
201867
197144
198869
199992
196216
197202
198221
198323
195652
206589
197349
197983
197727
198783
205947
198329
198414
197471
201744
207438
201209
199692
199768
204503
196943
198516
197011
200791
197445
198277
196569
195569
200353
197252
198012
198341
199043
198180
198217
199481
196759
200959
196169
198732
198513
196951
198922
196487
196713
198639
202368
196132
198162
197109
197268
200371
196621
196109
196895
202417
197336
199256
199825
198970
202906
197866
195924
198180
204179
198145
195454
195511
196211
207061
196171
195972
198219
198814
200438
197960
197680
196568
207966
198357
199681
198388
199016
199436
196555
196923
195670
199880
196506
195626
197402
196564
199939
199577
198727
198338
200038
196943
206252
202115
199632
201498
197723
196576
198972
201876
196315
197359
197997
196650
200687
195908
197526
194676
195876
199484
197130
194235
195673
202415
197923
196533
198287
198396
201839
196067
197775
197349
200384
197179
198358
195008
194740
201911
196432
195731
196406
200602
199170
197429
203222
199635
203182
199072
198821
197876
202191
199801
197042
197258
197460
208302
200138
197560
198177
200642
200502
198241
198395
197453
203074
196697
197129
197727
196938
197951
196664
197203
199704
202450
195858
198973
198024
196148
201274
196616
199632
198463
201422
197893
197450
209222
201955
203168
200395
197371
196283
207781
200006
197247
196129
197695
201227
197704
198072
197063
201519
198869
197561
196896
197385
203008
196811
199342
196474
196362
201071
197854
197563
197432
201643
194653
195951
196547
197100
202582
196440
196448
196817
200446
195659
197852
198281
200564
210199
198703
199533
196313
201077
197668
197591
198036
196025
200742
196645
199080
195489
196742
198015
198457
198131
195748
200070
198324
196932
199122
198988
201046
196696
198096
197251
203401
197779
195934
197099
196110
202491
196684
198221
199874
208478
197985
196535
196431
207054
207787
200501
197665
197628
200364
200159
197480
197902
196451
201141
195525
196381
198849
196728
198726
198460
197615
198029
200447
196083
198686
196547
196795
202270
198662
200250
198308
199280
196337
196598
197017
197100
210870
198528
197086
195354
202362
204711
202130
202557
204116
206783
198837
201530
198090
201797
196345
198205
198109
197444
202460
196711
198262
199311
199870
199299
198477
198250
197156
203271
197945
197961
197471
201202
200199
196482
197861
199069
208302
197988
197955
196016
196282
199512
198462
196390
196655
204281
198742
197119
195512
196151
212697
201198
199143
198780
204544
196904
196655
196534
195087
206134
201113
200992
218875
202112
196309
197303
196194
197383
202455
196992
196134
197258
205527
197794
195078
199578
196745
204265
195196
196785
196367
197638
199288
198010
197455
198863
201619
198043
196784
199652
196632
204730
201777
200013
198706
202745
199495
197448
197581
198370
203558
197710
195850
199317
204322
197157
197216
197047
195984
209412
196815
199229
198666
202804
199018
197522
196791
196781
201233
197588
198979
197335
200211
199086
199605
197067
196941
201396
198157
196880
199650
195838
201017
208500
200856
199564
205181
198860
197431
196053
195944
200100
196393
198800
196622
207540
199851
198806
196537
194851
201874
198223
198138
195772
202403
195054
197125
195294
196280
202503
196354
197160
197039
200919
198660
198246
198733
197054
200422
198502
195580
196998
196775
198873
198308
201630
199857
204939
198826
196406
196353
198188
209954
197975
197595
195635
198993
195634
196016
198172
197549
201119
196453
196220
196734
201536
198131
195752
197622
195398
202276
195126
196913
198149
193927
198811
196507
194394
198030
199212
196542
199320
195321
195275
204258
199477
207401
200627
210405
198754
197951
197571
196812
203756
198826
197419
199233
199558
198981
199142
196762
196330
202807
195618
196682
198279
199974
199221
196964
196859
197823
202690
196236
197627
199589
198888
197887
197568
197815
200689
200609
197488
196692
197781
196119
209021
197045
200043
200163
206972
201388
198722
200035
198268
203620
198385
195893
197953
198505
195821
199140
196519
197163
201442
195689
197200
198668
199682
196839
195597
197833
199444
200150
198902
195733
196885
202910
196839
197143
197948
195453
208714
198274
196436
199696
198653
201256
196247
197388
207864
208279
199183
198702
195306
194815
202654
197483
197869
197729
199854
197327
196021
197922
196584
201247
196330
195051
195993
200243
198514
196706
198208
197918
200254
197556
197126
197134
198062
199861
195248
196370
196601
199896
197172
199244
197243
197498
201883
195779
196921
198189
208971
201476
198620
198103
197413
201395
197074
198129
197623
202381
197178
199130
201844
199019
204323
196972
199504
198094
201396
200300
198264
196877
198296
212823
198278
199526
202529
207837
219668
215736
198149
197748
200097
197526
198501
198081
204344
197980
194519
196577
198195
213269
201647
198737
198516
200798
198356
198749
195390
197771
200902
199063
196757
195679
199501
197239
196502
197244
197391
207867
195215
196421
196696
197157
204209
198111
199676
197626
199768
197210
195878
196324
196825
201346
199631
197031
197284
198978
197369
197671
193846
205742
197977
201196
200001
207964
198075
196635
197049
198904
200837
197674
197468
197469
207889
202424
196156
199081
199551
203293
197478
197404
197507
203250
197348
197125
197936
196732
202119
196321
197651
200392
216423
210108
197244
196325
196774
208584
197034
200349
198438
205141
199792
196230
213439
201857
206588
198586
198997
198231
210823
197591
196527
197318
197055
207671
199376
199663
198243
203844
198212
196419
197450
196987
204115
199209
195684
196876
204820
200340
196859
198135
198261
205633
198620
195680
198207
197558
197535
196801
198309
195752
206064
196141
197894
197556
200693
211899
199483
198642
197256
206676
197511
197163
197114
197404
204425
196365
199203
199148
205563
196753
197847
197565
195601
204704
199060
195124
196993
205162
196119
196185
197072
195385
206332
197181
196144
196268
202670
196394
196500
196643
196377
209258
197074
197850
198484
214317
202049
199586
195788
197978
206723
198127
196895
196443
197577
198636
196369
196000
197749
206800
195695
196379
194748
197123
205429
195301
196497
197231
202472
194757
196847
196022
197329
202228
197238
196160
196945
208767
197254
194766
197167
195426
202612
197389
197835
198679
197598
206805
201872
198870
201058
204439
198915
197241
197111
197122
197563
197070
199309
198491
199766
197656
197025
197590
195626
199943
198285
198562
196357
201608
198740
196726
195211
197672
208034
198871
194969
197754
199110
198892
196326
195836
197823
203731
197830
196734
196636
196273
1983681
241814
222098
219420
222985
217061
229129
209468
209388
213381
219633
218047
210167
228351
215809
207756
225251
215057
217312
209137
220595
222802
216244
228418
209523
213668
208549
210714
210442
212052
209921
216952
215299
202040
205196
196149
197167
196790
200920
198292
197663
196646
215271
210806
201338
202584
201437
211805
203821
201544
201831
198016
202342
198256
200294
197143
204374
197984
198787
197775
196871
200790
199250
197545
198516
203868
199515
198523
198378
196629
203114
196030
199219
199114
200771
198904
197585
201910
199423
206304
198059
196633
198716
221071
207081
200087
198030
198465
205255
198117
198016
198273
199872
198406
197304
195723
196902
200814
194795
197902
195126
197619
202932
198022
195448
198034
201908
196503
198383
198463
196825
202709
197713
196208
199020
200338
196012
199827
200137
197098
210893
198132
197609
196691
200993
203504
197568
197645
198239
203109
196902
198268
198007
201927
198755
197038
196962
200758
205538
199973
197876
197854
197500
197435
198464
199216
197135
199526
200197
196847
197482
196303
201541
196481
196116
196042
208883
198919
198279
198987
198120
203653
198349
196869
198145
200686
210707
201831
199367
199674
202594
197312
196539
197181
200900
196998
195289
196117
196891
201786
195430
196843
195120
196038
200044
196811
197231
196970
201040
197750
195813
197473
195659
211413
198509
197114
196585
200126
198088
196712
197565
198362
202595
195859
195641
195259
199911
195614
202075
199257
199456
201864
195524
196893
196237
196914
196569
197411
198898
195006
202410
194795
195961
196834
195008
200545
200213
196166
198369
205678
197501
196352
195492
196457
202510
197425
198452
196467
203020
196476
196409
196472
195671
199990
199540
199676
195186
194896
201233
214007
202897
199884
204122
197633
196679
196949
195357
200258
199054
198346
198313
203631
198259
196978
198941
197145
209556
196567
199147
197813
202643
197786
197371
193485
197171
202076
197351
196939
197664
201843
199735
196844
197779
196507
200290
195258
197170
197400
196008
202298
199016
200470
199549
203199
198488
198080
196759
196265
202539
195694
195732
196231
207846
198232
194406
197955
195592
200977
197355
197009
195358
203344
196954
197491
200943
197757
201431
198511
197272
199464
195528
198713
196673
197981
197959
200662
198193
199884
198205
195355
202249
196326
207317
202615
205904
197354
197258
197365
197977
210495
197763
197205
196582
199734
198050
197634
196552
198726
201296
196964
196970
196514
199769
198467
196144
195699
195620
202317
196766
195777
195524
197332
203539
196959
198564
199706
200490
197461
198418
195879
196392
201863
196872
197548
202396
211163
202058
199103
198862
198974
203392
199309
198703
197869
201412
197382
200264
198252
199425
203126
197009
198357
198954
202982
200701
198875
195997
197665
205008
196974
197321
198409
203263
197590
198281
196811
196864
202825
198299
195189
199284
197019
201530
196693
196499
207005
206423
198626
199665
197409
199609
200216
197396
197238
197548
202053
196645
197414
196279
196947
204997
198804
196324
197605
201038
198327
196406
197500
196372
202278
199267
196837
198364
200473
198105
196038
197713
196351
209270
197488
198124
199268
200025
197773
196123
197257
195356
204004
199800
200742
197545
197774
200082
198375
197509
196472
203262
197406
197759
200288
196232
201827
198382
196274
198183
201609
198429
199798
197295
200248
202871
196884
198695
196528
207893
199160
197822
196037
198129
201471
196557
196425
198012
203775
199933
196532
197215
197496
212038
202861
198950
198794
198391
200654
199413
198718
196634
200520
196042
197445
195725
197231
202492
196129
196854
195729
201783
198157
195791
196642
196907
207442
196133
197405
196078
203456
198450
196558
197648
196923
203808
196597
196607
198040
200779
198777
196352
196637
197764
200084
203731
200425
201026
199700
200176
199020
198248
198969
204143
196881
200123
203004
205041
217839
209517
195687
198830
208922
197348
196974
198037
201996
197312
200106
197261
198626
201555
201792
204853
207936
219450
198949
199436
196527
195000
203082
199104
199044
198518
196403
201072
209077
201107
197957
202598
200145
200823
198024
196008
198070
198704
197149
197558
206996
197701
197187
195488
196885
201487
198036
198903
198037
200009
195799
194441
195806
196793
202672
198703
195544
198723
204902
202141
203348
215391
197383
203303
196781
198149
196756
198076
197756
197762
201709
199056
204003
197492
196381
197149
208558
197624
198404
197558
197336
203841
200473
199464
200186
203401
198831
196514
198856
199629
201561
197268
198735
200255
196807
199996
198037
197018
200360
201170
197141
198082
196132
198509
202647
197135
200268
200388
202051
195999
198598
211011
203678
209944
198760
203213
198719
201197
196426
195521
195076
196269
200976
197264
195733
196213
200226
197616
196032
197070
197043
199949
195932
198014
198414
195135
198975
196396
197225
196250
200373
197449
197122
194819
195673
202876
197635
194929
197167
206618
198036
197915
197932
202859
205013
199389
197577
198968
200150
199948
196662
198022
198284
203532
197473
198307
197254
202016
197457
198420
196751
195368
201934
197525
197626
197971
199517
200566
196533
196853
198508
202331
198004
195969
196851
198309
208927
195692
198936
197996
203291
199271
195360
197244
207331
206408
199187
198383
197869
200276
197579
196945
196292
195444
201737
196897
197530
196516
201397
198694
196538
196308
196925
201897
196904
199573
196469
196199
197064
195965
195772
199304
214090
201679
215784
216629
198886
197144
195885
196044
195608
200239
198929
198732
196038
196649
205499
201313
199381
198382
203907
196726
200003
198569
198154
201786
197866
197821
200489
201295
198509
198189
199247
200257
203983
197980
199174
198361
210762
197359
195674
196767
198370
200752
199206
198363
197817
200285
198992
198301
200588
197859
205830
199205
196858
197583
201047
209603
202487
200141
199663
202670
197327
196833
196477
201398
196365
196414
195391
195892
199170
194702
194827
197114
197069
209117
197639
195598
197738
200327
198086
196147
198354
196885
202214
194365
195592
196241
199915
197992
197438
194557
196676
200617
196734
196095
196147
196664
203998
202758
201034
201520
201958
197645
198590
195664
197841
203522
198411
198615
196835
210591
198912
198521
198751
198955
203228
199074
198401
200115
202997
198805
199683
199040
197485
203063
199145
196789
196475
202122
199006
198648
199968
199534
201356
198525
200129
199154
201011
198689
213681
207822
206432
209302
205897
218338
201402
209475
196339
197194
196780
196722
200975
195519
196905
195790
200903
197843
196932
198164
196123
200653
194697
196819
198002
201292
197752
198609
197906
196437
201900
198320
196943
196067
197620
196277
198067
196466
198210
201527
197690
196282
201946
199823
209930
198456
196790
197631
205559
199719
203426
198452
198602
197930
199893
203877
198558
199514
199824
202737
198259
198985
199164
198038
203358
199298
197211
195774
201750
197672
199426
197470
194170
205071
198198
197992
194663
205841
201031
198243
196440
195801
201704
209102
203224
198825
203418
198565
196951
197415
199321
203506
197422
198629
198316
197123
200671
196476
196693
196773
199506
197715
197473
197886
196588
202889
198617
196205
198943
202609
199031
197396
197230
196737
209313
198795
196845
197673
208238
200770
195670
199096
196988
203832
199165
203709
202034
203408
199516
197197
197968
198436
201832
197973
200573
196678
201561
199940
198354
199934
199417
202715
199533
199751
197315
203424
198830
199331
200149
196431
210287
200967
198917
200117
197739
198886
197975
197626
197455
203105
198413
200481
199781
205459
206709
216947
208941
202133
205597
200006
198946
198563
200788
199130
197758
197752
197745
200500
198343
197367
195368
197370
200781
197520
195491
196332
207535
197369
197216
199036
196791
204016
198463
197319
197281
201419
197933
195992
196857
196707
201117
198082
197312
197672
202258
198561
196993
196598
199936
204124
201159
198390
198608
199873
197269
197285
197491
196901
200655
195713
200964
197753
198973
211619
197925
199436
199765
202274
198170
198383
197570
198403
203320
197711
198775
196214
202836
197996
196223
196142
199366
203133
197269
198519
201221
201924
197272
197934
205194
215565
214910
210719
199294
196538
202215
197772
197462
197748
195941
208311
197816
197459
198278
200581
197854
196943
196800
195705
203717
196936
198678
197157
202468
197437
198670
196437
198852
201304
197751
196973
195357
196409
199210
196845
197792
196885
200779
196465
195639
198218
198249
208078
201528
198804
197791
208017
199151
197297
196801
199041
203962
197962
197836
201106
201902
200752
199239
198870
198080
201502
198436
198500
198447
200610
199876
198450
196443
198748
202940
199110
197294
196984
200546
195985
196916
194490
196072
204134
197632
196221
198085
198268
222110
201236
200435
199209
203289
196062
197185
197394
198035
202675
197226
195979
196156
202488
196888
197147
198464
198253
201598
198635
198326
199844
201844
197882
197840
197160
195343
202782
198939
197524
196442
202407
198964
197350
197269
197725
208507
197197
197375
198917
197640
199674
202004
200749
200502
204804
199321
199455
197422
197667
200445
198426
195798
198495
203618
197964
199522
198763
200129
204011
197660
198548
198943
201962
198636
199517
197977
198226
203984
198445
198631
197681
207279
198680
198801
197016
195982
200727
200536
197813
198904
200238
200005
210059
200716
200113
204492
199983
196239
196683
202710
199137
197359
197849
195469
201817
197782
196914
197745
197265
195682
198107
198241
197131
201499
198450
197709
197569
200250
211176
198000
196586
195936
201378
197366
203043
203728
205936
220062
198642
196574
197671
200842
194652
198618
200780
200594
203631
198311
196142
196917
202958
198893
196874
196155
196790
201319
201053
196839
197538
201689
199449
197777
197305
199072
211430
199023
198046
198752
201622
199243
198890
197297
197897
203488
198949
198061
198656
201843
199220
198648
200092
198528
201409
197269
201321
208585
205960
199856
198349
198649
200009
208645
204469
206134
217388
203639
198814
197705
198911
198390
211542
198547
198274
198750
202009
198986
198149
197709
195366
202589
199993
199242
197398
202294
200121
199430
197319
198422
201957
196963
196535
196553
198141
199166
198260
198134
199423
205642
199673
201134
199712
197897
201899
198639
197771
195941
212255
196223
196255
197509
196162
202379
198589
196328
196710
201416
197899
196499
196036
195979
204158
198008
196564
197548
199843
198138
196593
197546
198084
201395
196324
197342
195418
199629
200923
197821
197533
196887
214061
203391
199282
196973
199023
199699
196727
196870
195431
202003
198764
197245
195086
198363
200495
195481
198766
197732
201404
198205
196964
198484
197012
204265
197281
197520
198594
202170
198970
196450
197719
197369
203319
197701
197586
195666
201611
197649
196817
197475
195916
208688
204173
200612
201705
199099
199762
200941
199548
199937
204260
199686
199625
199622
198980
202353
198504
198130
200012
202182
198878
200583
199011
196113
199820
199969
198419
197998
202814
198270
200605
196145
196867
200594
200474
198036
196250
213336
198963
198686
197149
197579
202996
209256
200896
198430
204692
198829
198275
198219
197430
200925
198206
197276
197579
202194
198568
198159
196028
196677
203668
195661
197813
197439
198883
198630
197737
195444
197578
200262
198852
197549
197444
198338
201694
197381
197337
197211
201003
195282
196623
197140
197670
202052
196802
203410
200415
202509
199401
197848
197211
196255
202262
197377
197860
197457
201147
200647
197312
199508
201808
209162
206180
217854
201975
201955
198820
196091
197944
197221
211793
198497
198237
199161
202757
197665
197596
198756
198458
201441
197911
200303
198848
201152
199104
196960
209075
202513
204037
198670
199100
197723
201728
199445
199161
196052
197628
203035
196585
198106
197107
195779
201609
197267
197458
198638
209313
195447
197580
196947
197871
204098
199355
198547
197997
200794
196939
196648
197859
197700
201712
196620
199439
197232
199599
197602
197130
198034
200473
205153
199100
197566
195621
201676
199166
198245
199013
198826
202220
195916
200158
197195
198070
199467
198303
198174
196899
200931
199955
198283
198877
199798
199676
197030
200973
196431
205949
196466
197591
197024
197950
204467
198207
198109
200244
201914
196018
197780
198268
209063
204887
200400
199358
198873
201168
198436
201164
198262
195181
212060
196098
196538
198308
201002
198359
197681
195842
197291
204266
197487
197607
196713
201296
196791
197788
196298
198724
202774
196779
198348
195453
197266
203027
196059
199523
198261
204206
197604
198255
198835
199486
206140
199765
200236
199740
210364
197475
197666
197497
198843
204923
197035
197535
201126
203922
197235
198456
197969
198019
201516
199971
200569
198227
204892
199082
198844
200459
197118
201233
198622
199077
196581
207022
197385
198446
198741
196648
205417
198784
198161
199662
209805
207094
201521
198516
197904
205110
199337
197891
197649
199938
199486
197668
194912
197099
201981
197386
195075
197112
196608
202409
197827
198671
198006
199502
198296
200217
198803
196344
203522
196435
196779
197797
201395
197253
197525
198131
197382
210246
199068
197577
197476
200619
198427
203391
199053
202438
204913
197200
198747
198023
199173
197631
197734
198134
197264
204249
198533
196242
198462
200147
200479
197745
195341
198828
198759
198589
198904
196375
198739
202775
197081
198684
196240
208377
197353
198177
196589
195234
202084
199023
197447
198602
198626
201797
208877
202709
202077
204280
198846
198319
204736
206323
202956
220308
206279
196096
202650
197925
196725
196027
200487
197712
198934
197069
198268
201986
198257
197002
198107
212462
199498
197780
198593
197237
201133
197143
196447
197744
199055
198942
197786
196333
197054
201296
198296
198880
203815
205363
202271
200508
196772
200096
201039
198116
200326
197906
198389
199435
200933
198702
198734
201653
198558
197284
198635
197683
212875
199465
197450
200779
201524
196655
198240
195786
197627
200635
196602
197259
197163
202338
196174
196163
198437
199188
201527
197382
197275
208716
204821
200922
197284
198169
197080
203567
195856
198794
200531
207874
208154
216013
201811
196911
209797
197611
196022
199417
201866
198705
195654
196506
196055
201471
196502
197648
198424
200677
197817
196791
197866
196979
201225
196766
197485
196386
198632
203060
197828
199170
201283
207415
201115
195604
198909
196273
203317
198838
196788
199233
208936
198452
198033
199819
197863
204326
201049
199388
198029
201760
198726
199705
197158
197809
205586
197244
200325
198751
202803
200899
198636
196049
198729
203354
198024
196489
197396
203144
203665
202930
206377
218066
213012
201787
199383
200309
208603
199446
196599
196672
197580
203945
199100
197700
197491
200625
197987
195883
198596
198137
204394
198376
197839
197573
199927
197553
196313
196759
195363
207420
196557
196335
199396
197176
198922
196558
196502
198416
203759
199084
196673
195803
195597
212582
201449
202918
204247
209806
205965
217312
198508
200543
198231
198546
197406
195407
202068
196026
211052
199703
197911
197898
202227
198530
197164
199218
199674
205432
197891
197073
195931
201060
199369
196336
197529
196207
210715
197476
196875
195876
202922
199204
198446
197143
197514
213111
201295
198853
198914
201104
197392
197896
198091
195248
202385
198911
195252
197422
196955
198611
200006
195895
195868
199909
196487
194973
197932
196881
202361
197434
196026
196456
207594
198982
196566
197084
194952
200749
197944
197708
197307
200205
197978
197918
196858
197176
202448
201484
199170
199225
201460
199362
198946
198958
199803
202065
198093
197091
202461
200009
198500
197244
198172
199394
201282
197261
200555
200613
194848
212154
199518
197441
196879
200519
197891
200736
198274
196335
200632
196055
196753
194571
201654
201961
197008
197243
197171
200661
207702
203267
204668
208180
205479
218474
205359
198310
200724
195868
195474
195448
199686
197388
196003
195257
196288
214712
196377
196194
195648
202504
198590
195917
198500
197823
201558
198339
196013
197018
195150
198838
196232
194931
195548
199754
196362
196961
197492
198221
202005
197122
200826
199777
203823
198952
197578
197667
197563
199972
199800
198034
196432
205901
198631
198157
197291
197873
201951
198236
201166
197501
203798
197529
197603
200507
197577
202008
197203
198182
200335
197075
200643
198415
197605
197946
202366
196731
198339
198740
197609
200444
198348
208188
200690
204278
198024
200509
198864
198105
210874
196652
198137
197991
201018
199316
198110
196663
198616
202004
194739
196993
197827
200867
199824
198001
198584
195076
202377
198124
199527
201815
205215
206944
219115
201569
199264
201790
195664
195548
198111
201141
196335
197116
196139
201233
210305
201006
199588
197211
200219
196961
196518
196669
196471
200970
196497
198881
199031
198285
200941
197281
197408
197429
202892
198598
196962
197730
198951
202369
198167
197165
198548
202632
197440
195377
195831
196938
201476
197233
196611
196509
208541
197867
198363
197739
208906
207018
198283
198889
197378
201181
199106
197273
197203
197901
201145
196736
196106
197660
197581
198101
197413
200470
197234
200585
196622
196832
198531
198660
202517
198290
198000
197412
199976
196184
198541
195832
198789
207458
196647
197807
195407
201208
198048
197246
195569
197909
206680
200540
200488
200740
202199
199550
198864
196781
196668
203276
199477
197306
200856
202508
202109
198506
199210
197056
203967
199351
200357
199195
201896
199163
197909
198338
198636
209347
200112
198840
197022
196328
198818
198088
198297
195823
204676
199597
199610
194984
197349
214280
202260
199937
198166
201028
200526
197292
201004
197964
201517
197208
196151
198333
200531
197301
195617
198427
199346
201237
195858
196692
198408
205299
197988
196571
197304
196836
201879
197006
196304
196492
196997
197053
196938
197089
197151
201299
195774
196402
196120
196396
202227
201036
200282
199320
203949
196472
195770
197302
197674
201498
197100
201182
202383
208096
206926
200388
198881
196855
210864
195461
198300
197736
200110
198957
199127
200988
198099
202487
196474
200871
197985
197861
197664
195820
197931
197728
200404
198908
197219
197332
197421
201060
210248
202057
198107
202848
198329
198835
196754
197280
201587
197492
196787
197521
207108
198326
197948
196800
197890
201142
196639
198655
195193
200858
197013
197821
198119
196940
201092
197337
195450
195281
200623
195911
197140
195303
195556
199410
196393
196432
197679
197780
202839
198171
201904
201568
204536
199905
197196
197515
197335
209727
198109
196809
197612
201081
199385
197523
197695
198654
201667
198001
194692
198713
200534
198282
197448
197311
196645
202016
201867
199941
203080
201464
197889
199173
198468
197217
202406
199582
196906
197938
196639
197652
197104
207966
200851
207910
201634
196041
197169
194305
202598
194962
197584
198287
200943
196505
196745
197862
196823
208424
199415
197914
198399
200821
196737
197371
196914
198075
203716
198876
196793
196801
200857
197907
197129
196872
196595
202331
195775
198552
196520
198801
199371
195343
197950
202721
205256
199973
199166
198526
196672
202439
200064
198703
196712
204121
195642
198999
197480
196200
203892
198471
198351
202857
202854
198134
197837
199390
198798
205534
198423
198975
198878
203683
198329
197278
198215
198850
211595
198782
196420
199898
204005
197136
197378
197763
207688
205988
197747
198014
199289
202260
198335
198175
197151
197285
202872
199310
195336
199862
200135
198526
197446
196214
199368
203401
196025
199977
196945
198915
198574
197317
195942
196551
208106
196930
197068
198521
197163
203756
195799
200528
201220
207442
216417
200631
196304
196201
208124
198408
199234
198577
203211
197571
197749
200870
197706
201776
197474
196013
198578
201389
199828
198057
198175
196607
199916
196266
200315
197501
208280
202884
198529
197499
196203
202090
201852
198550
194824
202047
200289
195963
199151
196056
205423
199899
195204
198065
196824
211637
201568
200710
200520
204718
200244
198538
198803
200305
198805
198458
197251
196313
203864
198294
196459
196929
197069
213088
198900
199262
198014
199907
196967
195800
197955
198198
203685
197724
198176
198333
200963
197540
200656
198530
198974
203232
198387
198662
196260
200352
197832
199663
197981
198960
202474
198307
197502
198947
203099
198080
198019
198568
195878
210013
198593
198547
198512
203081
197653
198877
198027
200905
201743
198176
199129
198258
196867
199159
195757
198010
197331
199889
197505
196427
197488
195203
203033
198377
197038
198365
203915
197131
209459
199623
197272
202491
196966
195563
197465
206208
199785
196564
196030
194679
201689
198165
194598
193910
193811
198590
197144
196057
198119
200915
197915
197986
194816
198032
203761
197998
198892
199202
201396
198229
199819
197355
197345
204705
198209
198963
198269
202389
199292
196201
200297
200328
212439
200283
199803
197240
202085
200111
197672
197373
196978
205519
199475
198140
199552
200320
202230
200372
199990
198673
206201
202924
203418
217246
222540
197818
200367
200465
200193
202244
196786
199378
197663
201368
196791
196626
198118
199493
209342
198773
197543
209271
207023
197614
198617
196244
196143
202119
198967
196913
197331
199149
198955
195464
198244
197883
201373
197134
196595
196077
195704
203744
196819
195638
198478
199559
197741
193594
198634
194781
199998
196226
196747
196528
207325
197076
196179
194673
194929
201930
196474
195187
194864
199433
202858
197714
197993
198351
201340
198515
197977
196770
197413
203537
198441
202730
196974
201619
197959
197062
198882
196485
201180
198425
198383
197938
203978
199841
196527
198160
196588
213276
198022
195702
198266
202175
197962
197281
196929
199268
201644
196630
196734
197398
211731
201192
197857
199606
195717
201841
196761
196213
201222
197820
199621
197569
197929
198430
200967
197225
197266
198034
199366
203838
198909
198883
197408
208974
200492
197780
197907
197377
202655
197972
198619
198100
200962
198399
197607
198307
196002
201301
195396
197796
197907
198925
200552
199391
198821
199117
200784
197742
196454
199426
201253
200142
200675
200621
198154
202105
200991
198744
199105
199156
200992
197093
199863
196047
202834
197273
196799
196311
197292
204373
198078
199007
194830
200581
198214
196184
195024
197076
204064
199227
197074
198111
203636
208734
200652
199557
197925
207861
199170
197613
196852
200743
197648
197383
197250
196018
209363
196158
196731
195725
201335
198051
197372
198252
196768
201892
195543
197314
196829
197604
201620
197642
198624
196115
201226
196391
197338
196778
197124
203191
196910
197820
200308
201697
198817
202382
199622
199292
202017
198162
196731
198979
209222
199480
199270
198718
198739
206993
198766
199683
198566
202052
198850
198455
198607
199254
200692
198357
200987
199226
202744
198575
195474
200100
197181
202382
196628
198709
198418
196146
201560
199233
199039
200022
202441
197563
208855
201284
199127
202044
198029
198349
200351
206384
197573
196051
194957
196235
201369
197021
197160
197250
201092
196873
199088
196200
196530
203735
197632
198419
194823
200888
201507
197416
195893
197504
202139
196973
198908
198472
201377
198272
197231
196624
195551
207219
197345
196044
200711
199630
200014
198255
196690
195459
200653
198976
197538
196438
195659
200199
196742
196397
197040
199689
201555
194606
197384
197258
201112
197860
198139
209106
198592
196538
196296
198265
203732
196816
198160
198229
211703
197909
196790
195242
198741
202337
196732
196709
198329
210374
201027
199544
198889
197996
202181
198894
198100
197851
200962
199972
199311
198772
197934
208346
200691
206147
217675
201373
197652
195992
197077
196187
203890
200115
202527
198067
208595
196970
197096
196891
196667
203871
196233
196036
196491
198449
198578
198083
197477
197227
202871
204788
200024
201671
201210
200817
198701
201306
199955
209423
201980
206827
218094
204178
199106
198061
196615
197385
199942
197377
196246
200320
197911
200517
198240
198274
196561
201264
196768
199030
197897
198669
201323
199140
198059
196761
199544
199588
199002
196783
195757
202634
208698
201477
199234
202506
197426
198183
195600
197195
200315
197639
199130
195299
200647
198793
197125
197098
195226
208191
197798
198442
194763
197144
200372
197453
198554
198442
201319
197751
195873
195809
195738
204004
197897
197325
197545
201636
195643
195718
197181
197333
202901
198068
202175
199185
207285
198966
199190
197551
198797
202543
199588
195976
196947
206593
201849
197817
198454
199179
206874
197581
197652
200001
203018
197685
200196
200667
198301
203984
195748
197104
200501
202038
198551
199167
197155
197085
200410
195887
201031
197149
198282
202213
197700
208435
202097
203148
198205
197595
198488
197668
209250
196807
195857
197591
201010
198866
199083
195982
197550
202166
197240
196177
197239
200460
198063
196116
197461
197888
205407
197288
196781
196090
200104
196914
195634
197583
198420
201372
198498
196545
197713
197483
197282
198139
197401
200720
213996
200984
196262
196569
198067
203251
198030
199169
197328
200741
197551
197152
197812
197886
201571
199422
196785
197706
201842
197103
196323
198089
198434
202750
198118
196114
195685
201939
200380
194988
197536
198279
201907
197930
195341
199837
199693
202104
195948
196903
207630
207699
198474
197123
198658
209691
203339
204493
202073
198233
201609
196372
196491
198433
199146
200715
197698
195478
197551
201593
197382
197663
197236
197966
202909
199277
198940
198134
201895
197530
194686
199668
199444
208107
197546
196994
196566
201178
196979
197677
197336
198253
204760
199003
198086
198580
201689
199669
198735
198150
197070
202616
197830
196019
199337
201136
197583
198990
199791
198231
201366
198382
200994
198420
198514
202538
196073
196185
195215
209330
199156
197630
195200
196934
201693
196287
196977
196118
202612
196409
196707
197096
198320
212753
202079
199164
200170
202836
198406
197976
198158
197422
203103
199955
196194
197614
199852
196388
196951
199368
197284
203194
197899
196272
196758
208824
197410
196859
197280
197221
200777
195234
195991
196171
194977
203023
198087
196031
197901
200313
195935
197573
195393
195217
202178
201287
200801
199329
208185
204444
205717
218488
202068
207186
196450
199033
197310
205242
197933
199443
198019
200621
211342
197884
198927
198086
202056
196432
199658
196855
198333
203010
197255
199230
197445
203931
195969
196589
196109
195110
202882
199542
197253
197739
202629
200777
1948589
228454
218944
228426
229412
222317
219525
217307
231151
231318
252369
209087
211482
220499
233093
208719
214108
209133
218497
208395
220877
214547
211573
215962
218321
221124
227091
210440
214156
206867
227744
208347
213691
201890
198283
197615
201179
209384
196627
197975
199425
201773
210080
203226
202700
200889
204727
199090
198922
205071
208584
205868
217088
197283
198891
202502
197684
198015
197983
204231
198962
197762
199152
196910
203966
199861
199671
197498
201337
199780
200427
196773
197066
210923
199619
199953
199122
200465
199545
198606
197664
199969
203686
210254
203505
197963
201707
199490
198213
197595
198043
203567
197307
198589
197999
197089
201420
195619
205601
203126
205734
217053
214665
195825
202439
199378
196888
196981
197429
213665
200624
198765
196773
201731
199039
197820
198303
197829
202190
196977
197181
197806
197550
204532
197581
202887
202580
205361
199336
200200
199603
198185
204680
200292
197285
200125
202598
199972
198926
197462
198530
203374
199198
199384
200503
210906
197523
198648
199179
198084
202422
196993
197469
200255
202725
198291
197966
198011
196910
202478
196675
200237
199174
202730
198663
196194
208492
201283
204613
197634
198627
198003
200773
198707
198246
196370
198700
200843
197664
198415
197077
197341
199856
197087
198552
198174
200395
199397
196937
197145
197965
203397
195488
198283
197873
200471
198131
195557
196982
196645
202333
198692
196400
195640
